1.500421705698359753e+00 -7.814847226528948143e-05 -1.389206239762589320e-04
1.500551170584141447e+00 -1.076060127189203580e-04 -1.835482995216539104e-04
1.500578123096658389e+00 -1.134593678997231634e-04 -1.425636031605937196e-04
1.500623169232982557e+00 -1.204706026687197423e-04 1.089989501471549943e-04
1.500669542743416685e+00 -1.273495746177594516e-04 7.042969893121825030e-04
1.500734692017320793e+00 -1.248967867503385340e-04 1.536920530487612385e-03
1.500754202969363016e+00 -1.231192091463561970e-04 2.783528809925855507e-03
1.500884160046807470e+00 -1.214712907943768354e-04 4.294359894992830044e-03
1.500999280962761917e+00 -1.276922456952917992e-04 5.963710994145651756e-03
1.501053859214928954e+00 -1.376686652816780788e-04 8.334721431509197961e-03
1.501116837753908140e+00 -1.292500959951413311e-04 1.119451262118284669e-02
1.501212667081161856e+00 -1.245976823037477348e-04 1.458018316412240320e-02
1.501365280327775942e+00 -1.259789260208121200e-04 1.804242852354457499e-02
1.501468206388159476e+00 -1.286740302547508073e-04 2.157767447785878534e-02
1.501580996777044597e+00 -1.281456510632481005e-04 2.552317864490000893e-02
1.501720988154221503e+00 -1.253781218915799370e-04 2.961643637010251406e-02
1.501846578164377943e+00 -1.255168701809119148e-04 3.464361768781985124e-02
1.501904624760384888e+00 -1.232975932278553705e-04 3.994032674262196214e-02
1.502055963831149477e+00 -1.103254716361854945e-04 4.541179478505309730e-02
1.502097749104084556e+00 -1.063581356705502884e-04 5.179705358662747838e-02
1.502198958810210039e+00 -1.096459332460626886e-04 5.842477289189672990e-02
1.502319096919874530e+00 -9.187618920195386729e-05 6.478832971206972824e-02
1.502404268568557466e+00 -7.494771537860413224e-05 7.140336005181299739e-02
1.502578881144307266e+00 -6.789456794705807374e-05 7.828243806305856811e-02
1.502688741974166575e+00 -6.182535241079124833e-05 8.591986904199384878e-02
1.502792652312372024e+00 -5.501502182703524313e-05 9.425210702151833042e-02
1.502912688549517206e+00 -4.022284189774631008e-05 1.021776393903592178e-01
1.503011144038471025e+00 -3.866624765235752298e-05 1.108372992105217392e-01
1.503082504710702816e+00 -2.861762355960747323e-05 1.197057249985619271e-01
1.503192620319771633e+00 -1.960792478380296577e-05 1.303842923097751905e-01
1.503255093642092755e+00 -1.456563210493547200e-05 1.410932469093273411e-01
1.503255328604316210e+00 -1.440853608683338727e-05 1.413678433701844317e-01
1.503295843711972557e+00 -6.680496901606894355e-06 1.504088430410574218e-01
1.503365291462382736e+00 5.950076532331913248e-06 1.615913196194883605e-01
1.503447797663860053e+00 1.622526899238731224e-05 1.724803643905126471e-01
1.503504972795569605e+00 2.691214422978829846e-05 1.823166999047561576e-01
1.503594831495232542e+00 4.392040201412449052e-05 1.921101137952259397e-01
1.503686220498337889e+00 6.074178241140086587e-05 2.018789942457502873e-01
1.503753579147179220e+00 7.700749828567880761e-05 2.128472899163198484e-01
1.503816763181336169e+00 8.763667747613626546e-05 2.227098635276804905e-01
1.503864738441353710e+00 1.018716045965879780e-04 2.326414991650240793e-01
1.503934464380767055e+00 1.182951060144481203e-04 2.422742692989013347e-01
1.504008348123286876e+00 1.385931564673401756e-04 2.532625825594211899e-01
1.504097866625643265e+00 1.591226653566979454e-04 2.628331886621456115e-01
1.504175825282661361e+00 1.887625178756471844e-04 2.721327954996778931e-01
1.504304438238894148e+00 2.279550927018376971e-04 2.816108453501301456e-01
1.504438095192496938e+00 2.674512948954883840e-04 2.916988477667882274e-01
1.504548886897658422e+00 3.095560116891347968e-04 3.018815059847535509e-01
1.504644417455240024e+00 3.392772336534323474e-04 3.121594318136942658e-01
1.504777984749599229e+00 3.923027223671528285e-04 3.220478390397636392e-01
1.504908310519312176e+00 4.338080793446844052e-04 3.313388477078501038e-01
1.505215180858084922e+00 5.628908740700176716e-04 3.593483542845336554e-01
1.505365269548758933e+00 6.223312007332081064e-04 3.700946961202855046e-01
1.505480626460741211e+00 6.776129215006441997e-04 3.802350597288454703e-01
1.505581485867599767e+00 7.232166313844608230e-04 3.898309133509462177e-01
1.505711896672506045e+00 7.979285440778416394e-04 4.011097188921369239e-01
1.505842938665190367e+00 8.556957404375446774e-04 4.113412861785444297e-01
1.505989003045835384e+00 9.311533318116238522e-04 4.221080592180561086e-01
1.505992025383860566e+00 9.333802742029564947e-04 4.223762990834964426e-01
1.506100441636909260e+00 9.945548638151391341e-04 4.341829981352141599e-01
1.506247196657862997e+00 1.079337926782428236e-03 4.460539980519760417e-01
1.506342000987562768e+00 1.145273344988446268e-03 4.554526355979659491e-01
1.506451549453771133e+00 1.214724322801556677e-03 4.656146527026327475e-01
1.506570106628908112e+00 1.272196854076004108e-03 4.764588980775952276e-01
1.506571408825360558e+00 1.274233410132056404e-03 4.767383268715773559e-01
1.506685780816113152e+00 1.344865166340056956e-03 4.877596501853144750e-01
1.506805068550613580e+00 1.408350123843112034e-03 4.985696595160653000e-01
1.506870604659909185e+00 1.455755894410642320e-03 5.077071959555767844e-01
1.507013244674571428e+00 1.544268538143721975e-03 5.180737510766145748e-01
1.507167649310189095e+00 1.626125438063300011e-03 5.293522439083779840e-01
1.507298216580192474e+00 1.712921618823588787e-03 5.395240008209769567e-01
1.507377650446560802e+00 1.774173021068345402e-03 5.508095786394173743e-01
1.507486165607069273e+00 1.855276737234720641e-03 5.610016926963173889e-01
1.507609554077325331e+00 1.923550958458926374e-03 5.716413542585006002e-01
1.507700615681721423e+00 1.996590100368671183e-03 5.820432879351679079e-01
1.507783652397950869e+00 2.059435261682417140e-03 5.922448624457338218e-01
1.507896597149885665e+00 2.138399319426241563e-03 6.027540757424386664e-01
1.508007898081183296e+00 2.222955047902562542e-03 6.127096633611843757e-01
1.508109642785355753e+00 2.305800334736166080e-03 6.238494721973365520e-01
1.508213912689754244e+00 2.411037752067572704e-03 6.337829086446907789e-01
1.508294398432968642e+00 2.485678591956898276e-03 6.441180682066460772e-01
1.508418012649392015e+00 2.602692387084375170e-03 6.560444985778152160e-01
1.508535515447088304e+00 2.709693170530123874e-03 6.671391482696297226e-01
1.508624048539486839e+00 2.799598357142440985e-03 6.788133589091338571e-01
1.508720834158903790e+00 2.877711329403488671e-03 6.880508811866775654e-01
1.508806861670978661e+00 2.957611727429892978e-03 6.980291478299608388e-01
1.508903000500246394e+00 3.056827024817916627e-03 7.083145593053152833e-01
1.508980030278044060e+00 3.130425363450206611e-03 7.175240678026734154e-01
1.509059559703237685e+00 3.203155955842452995e-03 7.282179843331987312e-01
1.509154353842056429e+00 3.302107232613524235e-03 7.390597891711163658e-01
1.509257294974427177e+00 3.401742425352398402e-03 7.495992600574473697e-01
1.509252480986641443e+00 3.404422404108840838e-03 7.498840945331423091e-01
1.509339560337272568e+00 3.484085404413451992e-03 7.605123877731081450e-01
1.509395970976255441e+00 3.546204300778565965e-03 7.705684697875889722e-01
1.509479915462285105e+00 3.648811415932616542e-03 7.808179908958237103e-01
1.509551703916885090e+00 3.732048691260689277e-03 7.916943003076991614e-01
1.509555690991212451e+00 3.732157501315780390e-03 7.919693836470057535e-01
1.509653746354430170e+00 3.825367730953842249e-03 8.034325909337698413e-01
1.509726166999078689e+00 3.918584760727539251e-03 8.135183517954421850e-01
1.509812111550744351e+00 4.017147778961012439e-03 8.238663888609583097e-01
1.509878509438678851e+00 4.092998307054188101e-03 8.349078174811579434e-01
1.509965685858898121e+00 4.186075024972667202e-03 8.453247406599212477e-01
1.510055856754387360e+00 4.284128047144758478e-03 8.560504211960037191e-01
1.510058732056335229e+00 4.290398386263154229e-03 8.563326095953301964e-01
1.510127930719227907e+00 4.371059636375081159e-03 8.675946808355482487e-01
1.510127569878155773e+00 4.371059395987385299e-03 8.678780280670921332e-01
1.510198057725767873e+00 4.467137435916521127e-03 8.791598331546502942e-01
1.510273578142772966e+00 4.563214193804406016e-03 8.903604282292281180e-01
1.510274592331291243e+00 4.566035920265248960e-03 8.906379382707787506e-01
1.510365498383190452e+00 4.679690502387409690e-03 9.015531687120377224e-01
1.510422422209817261e+00 4.765047793512874885e-03 9.123127117059300906e-01
1.510465341525474514e+00 4.839415544818835568e-03 9.231017793958746775e-01
1.510530221910122428e+00 4.944131514973693076e-03 9.343305377155267655e-01
1.510624693925385564e+00 5.070610324439978056e-03 9.461658627113568309e-01
1.510700558076317090e+00 5.180822825880233851e-03 9.562199258848969041e-01
1.510874184316438384e+00 5.473736982080375235e-03 9.845429105350662624e-01
1.510921654998402808e+00 5.572435469180743450e-03 9.942180859217795152e-01
1.510985840256776402e+00 5.692922195826143061e-03 1.005012596711804429e+00
1.511033152847670813e+00 5.770342338483176736e-03 1.015073162984775790e+00
1.511089626436749267e+00 5.885738498941257835e-03 1.025739178833057208e+00
1.511091745344410819e+00 5.889701710530742540e-03 1.026017678656267140e+00
1.511143783601274659e+00 5.985755790826850775e-03 1.035794618791159527e+00
1.511183654196472492e+00 6.080155470423488639e-03 1.045784129544215180e+00
1.511230252025769882e+00 6.171807146557982404e-03 1.056072355727937007e+00
1.511286145269094217e+00 6.276146681128025318e-03 1.066055471398275056e+00
1.511338156221427864e+00 6.371336847600210518e-03 1.075807852878089887e+00
1.511376011897648475e+00 6.465841452574859483e-03 1.085767937928818538e+00
1.511420007666195442e+00 6.552686761193644849e-03 1.097251978954621121e+00
1.511488214432755939e+00 6.678819571697636182e-03 1.107427148101091108e+00
1.511554745292268187e+00 6.815514693677679481e-03 1.118323804441624159e+00
1.511592984568687736e+00 6.950254453597072557e-03 1.128854119365062747e+00
1.511629365317823881e+00 7.048664944984128766e-03 1.139321908280603646e+00
1.511661052031696206e+00 7.147927237367249220e-03 1.149938348571935665e+00
1.511700105195906252e+00 7.263749160196467103e-03 1.161014488968010516e+00
1.511746670250578184e+00 7.405475539214619041e-03 1.171320452207098350e+00
1.511789625093583167e+00 7.534358213294609086e-03 1.183026926755922803e+00
1.511808516440533268e+00 7.612984564764328776e-03 1.193779299787949055e+00
1.511816615287360666e+00 7.673650421480694706e-03 1.204130243346783979e+00
1.511833881899685927e+00 7.755103191683120067e-03 1.213997190533910198e+00
1.511875173524752425e+00 7.879801114183737631e-03 1.225780432950291043e+00
1.511874501815991811e+00 7.882147477946369052e-03 1.226061214862419479e+00
1.511904940135576858e+00 8.001842073954407164e-03 1.235771513963951795e+00
1.511906253790851862e+00 8.004861996853546158e-03 1.236048779785904994e+00
1.511944745988475391e+00 8.149398050245629244e-03 1.246295849379044585e+00
1.511971212800638620e+00 8.262187766636869268e-03 1.257735626830450038e+00
1.511997858491260338e+00 8.356767182932663129e-03 1.268014660990237630e+00
1.512023780173822995e+00 8.445987416378419876e-03 1.278998582308844334e+00
1.512039324576924137e+00 8.543946942614656648e-03 1.289434651859306280e+00
1.512040466027298136e+00 8.546296219089699608e-03 1.289721409821884546e+00
1.512071168495465079e+00 8.673160000933675950e-03 1.300062844474436208e+00
1.512073120721142416e+00 8.732005542245888097e-03 1.310958192756223495e+00
1.512084034287378698e+00 8.838467726853455053e-03 1.321004848883046146e+00
1.512087865792533847e+00 8.841322388253164410e-03 1.321285963571060096e+00
1.512108620670748360e+00 8.952509085812160317e-03 1.333049512641218737e+00
1.512120279280689150e+00 9.074511235134252729e-03 1.343107219004175734e+00
1.512129110959740119e+00 9.186934696182279259e-03 1.354760570301239753e+00
1.512139241985280824e+00 9.275225445787918521e-03 1.366107023909381546e+00
1.512149950813930221e+00 9.375623620067177755e-03 1.376232848526477648e+00
1.512161962684817063e+00 9.514587808412300340e-03 1.387529973356531388e+00
1.512165356323372123e+00 9.635183305021194355e-03 1.398018297042516123e+00
1.512157384408928440e+00 9.712157821231706678e-03 1.409640211272810140e+00
1.512157817413482874e+00 9.829145675515342517e-03 1.420787527371832670e+00
1.512181471319052450e+00 9.968740382127506960e-03 1.431989027020966754e+00
1.512182707214864585e+00 9.974786744136238115e-03 1.432270960521833558e+00
1.512193492924948313e+00 1.009832499460386335e-02 1.442610992210399568e+00
1.512196558743799768e+00 1.020121166918541711e-02 1.454221896180642348e+00
1.512197393547577207e+00 1.031354243090340517e-02 1.464832609411633957e+00
1.512201678579817798e+00 1.033448691511595907e-02 1.466225412721930521e+00
1.512202815618180152e+00 1.047357344148109465e-02 1.477050682024223294e+00
1.512199553115426420e+00 1.060079431992002469e-02 1.487368883631488226e+00
1.512189180762204321e+00 1.069179447419794926e-02 1.497754205649755255e+00
1.512189902731978508e+00 1.081533622744525192e-02 1.509262723544886331e+00
1.512190143423294941e+00 1.093814476145558989e-02 1.519053512426613572e+00
1.512187649591579586e+00 1.107109381273480020e-02 1.529386055136987332e+00
1.512181926127932341e+00 1.120193462959860609e-02 1.539639967769089512e+00
1.512176133701984115e+00 1.132318222162462251e-02 1.549654231929514570e+00
1.512159017210433332e+00 1.146894819315789904e-02 1.560790223684653366e+00
1.512133567711813731e+00 1.179896023907688052e-02 1.585449006345693412e+00
1.512132429003204992e+00 1.193700120472139525e-02 1.595417009989938517e+00
1.512116191626166728e+00 1.206144253430801311e-02 1.605664800158798089e+00
1.512101389377132676e+00 1.221143511780427987e-02 1.616405066684739822e+00
1.512101223547656526e+00 1.221298081878870179e-02 1.616680417663679536e+00
1.512082484213331357e+00 1.235419798820269754e-02 1.626957466239921768e+00
1.512070602976165912e+00 1.248036512004917220e-02 1.637753324960145473e+00
1.512056943308461410e+00 1.260565726268764175e-02 1.649149184944210367e+00
1.512022363184251095e+00 1.275805149246352077e-02 1.659823177640019853e+00
1.512002473288809101e+00 1.290495539967186772e-02 1.670061262693581128e+00
1.511979237104254414e+00 1.304434223692942096e-02 1.681125634108934896e+00
1.511945846189995057e+00 1.317010652511629853e-02 1.691345455398303832e+00
1.511923631810488500e+00 1.330039352033561550e-02 1.702369260756458447e+00
1.511899267527484936e+00 1.343753418125299970e-02 1.712538504006514195e+00
1.511877455255105529e+00 1.355759611221007965e-02 1.723398610853132951e+00
1.511852300691542306e+00 1.364766771729067352e-02 1.733991280791762568e+00
1.511817395909587525e+00 1.380975316447959067e-02 1.746193327460891176e+00
1.511794801641428210e+00 1.392916763536348329e-02 1.755962098915723635e+00
1.511757495342634927e+00 1.404749000652905089e-02 1.766675750581285342e+00
1.511721145168619440e+00 1.417993429352414764e-02 1.778557176008993768e+00
1.511682915485175416e+00 1.430410489669745044e-02 1.789554811545390978e+00
1.511683162871670039e+00 1.430606007373919075e-02 1.789830964426474269e+00
1.511644043287760919e+00 1.440642611637750481e-02 1.800027818119942946e+00
1.511611437411617409e+00 1.454125049833105560e-02 1.811380750627294534e+00
1.511578228309908623e+00 1.467600645746217070e-02 1.821192745522863810e+00
1.511538516445264602e+00 1.479089475015592237e-02 1.830648902401315059e+00
1.511494365812061424e+00 1.491233361561431631e-02 1.839893034952411410e+00
1.511461119522263807e+00 1.503147998048767059e-02 1.851780235415790177e+00
1.511401937879066848e+00 1.517685514575200373e-02 1.862810100504566302e+00
1.511340320242089419e+00 1.534165841109616513e-02 1.873970274612065223e+00
1.511288873477110606e+00 1.547942914936967229e-02 1.883496028539684453e+00
1.511249747927636333e+00 1.560034041731318127e-02 1.893158185654223225e+00
1.511198645451174105e+00 1.571618432743933369e-02 1.904538102687228118e+00
1.511149913373736720e+00 1.583308661152896257e-02 1.914169750042205687e+00
1.511085867363035629e+00 1.596092287154575462e-02 1.924093815497141202e+00
1.511028124269052197e+00 1.608507410103902913e-02 1.934925592285752227e+00
1.510829542024988426e+00 1.658086099559517856e-02 1.944851865908707067e+00
1.509572168943265735e+00 1.965610030981616158e-02 1.956627326925423294e+00
1.507509209002324324e+00 2.464704342886971100e-02 1.966160903520237202e+00
1.504577406477328516e+00 3.149961656830667367e-02 1.977195069772365921e+00
1.501806037679181305e+00 3.775171917648238035e-02 1.987583535974512650e+00
1.498746643893328567e+00 4.443398626029937404e-02 1.999170050248584074e+00
1.495657980979954615e+00 5.092392241445201778e-02 2.010489845771441519e+00
1.492762814260209403e+00 5.683102044081091847e-02 2.020067333034697654e+00
1.490106818601278915e+00 6.208159111299188515e-02 2.028343119522538540e+00
1.487021855517490776e+00 6.789688107411270823e-02 2.035097448014752786e+00
1.486952737062826380e+00 6.802412034212268477e-02 2.035291523588281581e+00
1.484062178745622962e+00 7.337513105958304305e-02 2.039524008152713286e+00
1.481021322582509292e+00 7.886057709766013113e-02 2.039487055748392397e+00
1.478382761869510231e+00 8.360960888289403758e-02 2.036424935108693823e+00
1.475455381732801552e+00 8.930588249702485493e-02 2.030371325083234701e+00
1.472435750665264553e+00 9.516062627237083238e-02 2.022664225770642865e+00
1.469828143553344457e+00 1.005270047997266214e-01 2.014674754310097349e+00
1.466863291051383023e+00 1.066256768151596923e-01 2.005028156779862680e+00
1.464163967295952107e+00 1.123917469186572204e-01 1.995948803295049423e+00
1.461545704661592948e+00 1.180589787281049463e-01 1.987014574650876941e+00
1.458890025440635174e+00 1.239752912743722901e-01 1.977675773702705309e+00
1.456436305660878228e+00 1.296668010789777115e-01 1.969391014762122749e+00
1.453947153978551343e+00 1.354560177488296491e-01 1.962633166676681862e+00
1.447366148987081935e+00 1.514847320240642059e-01 1.951503116707110630e+00
1.444782760987983972e+00 1.579937282822851397e-01 1.948390685490247298e+00
1.441990361276574761e+00 1.650502376294402107e-01 1.945432396236015826e+00
1.441922038748859158e+00 1.652156389721203822e-01 1.945375367859570881e+00
1.439618276545461484e+00 1.710860257135175533e-01 1.943042532189759308e+00
1.437324650330255693e+00 1.769348176612594026e-01 1.940077863881129350e+00
1.434938145685672461e+00 1.830462228129083602e-01 1.936677577400295558e+00
1.432512402601025414e+00 1.893311458748641596e-01 1.933332459725278119e+00
1.430180289740212718e+00 1.954264382999403582e-01 1.930309763041513138e+00
1.428047576529770213e+00 2.010004255750387769e-01 1.927394741961867553e+00
1.425680860513105497e+00 2.072169811361717351e-01 1.923690744949532183e+00
1.423277714895856194e+00 2.136723912105052414e-01 1.920144614138633576e+00
1.423220928353406745e+00 2.138292648099471838e-01 1.920061882278877086e+00
1.421094905787037899e+00 2.195935153308749832e-01 1.916852632835452264e+00
1.418788908822202544e+00 2.258564139873178445e-01 1.912611638133791869e+00
1.416692282323752439e+00 2.315428986015360124e-01 1.908256010594878704e+00
1.414382509653719033e+00 2.379990677822984013e-01 1.903559707556074621e+00
1.412423898104011588e+00 2.435471019971817142e-01 1.900110602836166063e+00
1.410487678408679724e+00 2.490464422971583880e-01 1.896563210597733695e+00
1.408656104556825328e+00 2.543198523325992388e-01 1.892956696199843192e+00
1.406980363784596122e+00 2.592957812015880270e-01 1.889238585930678171e+00
1.405074546127613955e+00 2.650348724861634198e-01 1.885475617715122620e+00
1.405026409141075128e+00 2.651865433756588897e-01 1.885382160864865986e+00
1.403033989695078088e+00 2.712053365809213301e-01 1.881627878749170923e+00
1.401189229403751790e+00 2.768926867443314288e-01 1.877940513768354469e+00
1.399259903449745490e+00 2.828454450757516558e-01 1.873977810395800470e+00
1.397443228208876453e+00 2.885006492483659368e-01 1.870274786496323172e+00
1.395689615721713794e+00 2.941375382084921997e-01 1.866701248552347980e+00
1.394060177317818283e+00 2.993444927152921764e-01 1.862878137380563848e+00
1.392340460958720438e+00 3.048696354772390538e-01 1.858415760629769986e+00
1.392295407697773824e+00 3.050133828044166995e-01 1.858289521150169321e+00
1.390718883399536088e+00 3.102570160889547290e-01 1.853983907000519071e+00
1.389232849357274979e+00 3.152112882327551269e-01 1.850493882741179208e+00
1.387838288543169707e+00 3.200027524073804641e-01 1.846970280911942819e+00
1.386125733953722960e+00 3.258780712825014025e-01 1.842541465740641371e+00
1.384567203661174251e+00 3.313022401265030004e-01 1.838469968267096633e+00
1.382953521948623088e+00 3.370470462385409816e-01 1.834314206036601114e+00
1.381300550355231360e+00 3.430702142414218114e-01 1.830390160228252405e+00
1.379841878108115427e+00 3.484648078738508681e-01 1.826599774920781405e+00
1.378517483485443229e+00 3.533758264076070632e-01 1.822929191460174181e+00
1.377027404981869152e+00 3.589234161964465764e-01 1.818447054933340468e+00
1.375691932548707364e+00 3.641267784008418995e-01 1.814567489532497913e+00
1.374232827407406710e+00 3.698584869782767237e-01 1.810470239598593656e+00
1.372948618754998629e+00 3.749706849682705734e-01 1.806585783503477538e+00
1.371740360459140717e+00 3.798093058014972989e-01 1.802577463573814764e+00
1.370586167567400704e+00 3.844653461507300252e-01 1.798064143710227603e+00
1.369346205196766642e+00 3.897026495095098908e-01 1.793327237318319778e+00
1.368073952170701491e+00 3.951922830998413350e-01 1.788864960223472300e+00
1.366975511987313929e+00 4.000013454388255396e-01 1.785012828041155464e+00
1.365826809997823021e+00 4.051664540532080583e-01 1.780778259862833224e+00
1.364655147620399189e+00 4.105196289172546864e-01 1.776613089618048980e+00
1.363570756004891305e+00 4.155466255257479480e-01 1.773000048470224188e+00
1.362452138852854766e+00 4.208158372418208670e-01 1.769131074946070470e+00
1.361369159170449539e+00 4.260458785949525207e-01 1.765081864426132352e+00
1.358757509701301824e+00 4.389638577776086570e-01 1.753662557834081648e+00
1.357843869784350233e+00 4.437830977124235798e-01 1.749770723873876221e+00
1.357021730539032411e+00 4.481549676549645422e-01 1.746302133878782747e+00
1.356146015661681359e+00 4.528817095219981326e-01 1.742342295935774610e+00
1.355274651189929624e+00 4.577132840626491062e-01 1.738096641359198724e+00
1.354509928575733380e+00 4.620532515173626509e-01 1.734598051238174898e+00
1.353719879246363611e+00 4.666423317835788342e-01 1.731138357267737904e+00
1.352910204107557801e+00 4.714541799699843994e-01 1.727321713331160025e+00
1.352101900246478028e+00 4.763409462292993446e-01 1.723189397634255826e+00
1.351259820681954160e+00 4.816017382746928810e-01 1.718452544299568396e+00
1.350414760569063954e+00 4.871631911219216349e-01 1.713660942509550145e+00
1.349631918617270721e+00 4.924621824020010696e-01 1.709472644942293451e+00
1.348788326048512287e+00 4.982019726964965201e-01 1.704842865746038161e+00
1.348090368441813292e+00 5.031220658787443067e-01 1.700442609970949537e+00
1.347408234894853951e+00 5.080362228747348219e-01 1.695270790648023329e+00
1.346860790823444898e+00 5.123437622115012413e-01 1.690817567453324788e+00
1.346196263320245778e+00 5.175412751596562000e-01 1.686311333404166835e+00
1.346178821693023719e+00 5.176665196239617073e-01 1.686205410911533198e+00
1.345511964799055882e+00 5.231777873080252217e-01 1.681432812977761593e+00
1.344923633907934679e+00 5.283157307564354532e-01 1.676963500529596640e+00
1.344385505829350791e+00 5.329368678722188335e-01 1.672744991913559076e+00
1.343933172227983919e+00 5.373146226301751538e-01 1.668914780783535612e+00
1.343451091912825968e+00 5.421859206517709584e-01 1.664980270221802394e+00
1.342963873880938852e+00 5.471440417983636229e-01 1.660917550060120762e+00
1.342453742052501564e+00 5.523250485667984266e-01 1.656581822190045905e+00
1.341985879791124159e+00 5.573340320887075761e-01 1.652125678179732438e+00
1.341972995784775247e+00 5.574570890425101233e-01 1.652017067073421774e+00
1.341560972732546375e+00 5.622353505035018184e-01 1.647896817954525694e+00
1.341193367163668659e+00 5.667594965501377979e-01 1.644178635224968321e+00
1.340806083810956784e+00 5.717619364574020313e-01 1.640077922825581069e+00
1.340797733786182278e+00 5.718822720027781914e-01 1.639974527387129122e+00
1.340452185234028537e+00 5.765556768013877509e-01 1.635776375511958092e+00
1.340107287937384761e+00 5.812493950555471800e-01 1.631416775413587317e+00
1.339763491529647910e+00 5.863522997534564851e-01 1.627110725306091910e+00
1.339757746366978974e+00 5.864713633139952975e-01 1.627011593506584086e+00
1.339453536309682224e+00 5.916482856470339780e-01 1.622622791384487506e+00
1.339174618041958142e+00 5.962068292116508017e-01 1.618688303685644980e+00
1.338928820492950367e+00 6.011185453536578294e-01 1.614392209935885614e+00
1.338922002152537871e+00 6.012378427784603740e-01 1.614287978340461338e+00
1.338674214595682255e+00 6.067225904185995500e-01 1.609646764850393597e+00
1.338492437761637177e+00 6.107697606659128198e-01 1.606459772905807881e+00
1.338305107801770033e+00 6.151685869702079312e-01 1.602866069708579255e+00
1.338109907060877068e+00 6.200148410230141849e-01 1.598744193110067213e+00
1.338104476033530554e+00 6.201327622054086941e-01 1.598641318694337343e+00
1.337950046361632506e+00 6.243292598062191168e-01 1.594771432529561883e+00
1.337804336617704593e+00 6.288928184408785205e-01 1.590508663672152379e+00
1.337680759737668978e+00 6.331017005193020353e-01 1.586501000918983939e+00
1.337677297440126756e+00 6.332195763263269717e-01 1.586387855183410078e+00
1.337585335976114287e+00 6.375358097824821435e-01 1.582471625301480778e+00
1.337490882312032170e+00 6.421946574913430794e-01 1.578595024940090408e+00
1.337448970537349346e+00 6.462655973900781614e-01 1.575209674952262828e+00
1.337407875290794301e+00 6.506838310320993690e-01 1.571394443612140535e+00
1.337386107275333691e+00 6.554159378253680002e-01 1.567174392882674683e+00
1.337391687029576559e+00 6.602903057802431697e-01 1.563094511638815298e+00
1.337393220465092236e+00 6.604054506167597038e-01 1.563003737051138931e+00
1.337399928607489352e+00 6.648909214452241034e-01 1.559441322464111046e+00
1.337421277279288834e+00 6.694710269362939004e-01 1.555753270569585345e+00
1.337449733505609917e+00 6.736817757306262644e-01 1.552237947870643175e+00
1.337592487405390607e+00 6.840120269019051014e-01 1.543120015248448773e+00
1.337683285158234314e+00 6.879686710417086681e-01 1.539602223807425174e+00
1.337796583042798471e+00 6.919508997554509877e-01 1.536288935642973863e+00
1.337922637317540797e+00 6.959084276356903853e-01 1.533090765403096301e+00
1.338065492845749382e+00 7.004285251755246744e-01 1.529431311170263097e+00
1.338225653693296380e+00 7.046958136513178372e-01 1.525837665814392619e+00
1.338400814067237654e+00 7.091991698035249314e-01 1.522346567109695181e+00
1.338406178461213347e+00 7.093110829550184349e-01 1.522259525917688983e+00
1.338573720565754410e+00 7.131139825189429793e-01 1.519333216947231779e+00
1.338776158194798560e+00 7.175859695626646273e-01 1.515802856566867973e+00
1.338987318404864624e+00 7.220630941772867573e-01 1.512224349844593974e+00
1.339236915569219866e+00 7.263886514029100905e-01 1.508666859311088793e+00
1.339479348310939733e+00 7.305793102636375380e-01 1.505095217846236455e+00
1.339693040988069406e+00 7.342357984424561224e-01 1.502037733585390056e+00
1.339988887497377545e+00 7.385739519293033073e-01 1.498639708898518386e+00
1.340280089323199642e+00 7.428922993207998093e-01 1.495264450129591527e+00
1.340553980967412961e+00 7.467563021083454267e-01 1.492254848824475122e+00
1.340853212006852146e+00 7.508331228660503065e-01 1.489000292262640635e+00
1.341201355358726754e+00 7.554390502788926876e-01 1.485293831678966558e+00
1.341581150475951389e+00 7.600639930761190488e-01 1.481810748865416416e+00
1.341945525872956235e+00 7.643508163523675680e-01 1.478627200024720034e+00
1.342323365935371715e+00 7.687206209219848985e-01 1.475340935193919734e+00
1.342665463464450371e+00 7.725288482755201525e-01 1.472387351399672584e+00
1.343043671936644090e+00 7.765304932637028257e-01 1.469270042217285077e+00
1.343381685353259858e+00 7.801104829786247308e-01 1.466421284288757398e+00
1.343752291545442068e+00 7.839284064211420322e-01 1.463530002295721166e+00
1.344160718100760210e+00 7.878483104671538673e-01 1.460687168735104624e+00
1.344552622591078883e+00 7.916347014323807940e-01 1.457889932615464401e+00
1.344965145786843452e+00 7.952883489925022253e-01 1.455198518031089350e+00
1.345415727069396050e+00 7.993774795401831224e-01 1.452122480629295387e+00
1.345852682596744954e+00 8.031436261562555634e-01 1.449247589524890856e+00
1.346363470265236062e+00 8.074458677966631637e-01 1.445928909074920998e+00
1.346790188189087800e+00 8.109805033227419635e-01 1.443442427856898247e+00
1.347321372936424844e+00 8.152838150665362438e-01 1.440441635167822199e+00
1.347865141359434693e+00 8.195658029797566746e-01 1.437471497272858834e+00
1.348373819434474985e+00 8.234967025325573564e-01 1.434760565908131724e+00
1.348914652942123649e+00 8.276426610615098545e-01 1.431823084861865159e+00
1.349455360538562188e+00 8.317934058867946234e-01 1.428803736347660003e+00
1.350045917771858006e+00 8.360312087413757087e-01 1.425952795455737609e+00
1.350525444309505385e+00 8.394160279293091387e-01 1.423648599523159808e+00
1.351079392542486879e+00 8.432147547426621648e-01 1.421169329391890779e+00
1.351617093959930127e+00 8.469030708236032767e-01 1.418755598698841824e+00
1.352133409005617404e+00 8.503881662901050520e-01 1.416415783771368453e+00
1.352799249142042859e+00 8.548040996064787400e-01 1.413447487662733648e+00
1.353431448552718130e+00 8.589114209412608281e-01 1.410757138304540748e+00
1.354071585392256694e+00 8.629006082815968703e-01 1.408252953231810878e+00
1.354734298847433571e+00 8.669943185327827484e-01 1.405609564031415681e+00
1.355348524374303087e+00 8.707801191937745156e-01 1.403173401480079630e+00
1.356016147689902640e+00 8.748409612312808559e-01 1.400534053837193982e+00
1.356628939089833397e+00 8.784806736206278721e-01 1.398100850726317512e+00
1.357233600401592355e+00 8.820140353955607804e-01 1.395750934804663057e+00
1.357868327939690367e+00 8.857508261543933781e-01 1.393469794213370250e+00
1.358599345280395276e+00 8.897957362085878730e-01 1.391011649865989908e+00
1.358618392897950500e+00 8.899004212629485489e-01 1.390949854760399784e+00
1.359315881960491135e+00 8.937311555591599399e-01 1.388580951616190884e+00
1.360000716759730777e+00 8.975441084986782725e-01 1.386237300392034522e+00
1.360793212549952447e+00 9.018788894044907911e-01 1.383582293320623657e+00
1.361488345344710194e+00 9.057054375370954258e-01 1.381176913053169475e+00
1.362177916679373268e+00 9.093162216293048106e-01 1.379002951823036671e+00
1.362868936329731273e+00 9.129259066294991287e-01 1.376878892516320674e+00
1.363537655484240663e+00 9.164279995744502028e-01 1.374859032701782668e+00
1.364306044795183803e+00 9.203269333924862794e-01 1.372583801027726036e+00
1.365014162428261235e+00 9.239229345133189719e-01 1.370464190652812553e+00
1.365745975801835543e+00 9.276029503294569434e-01 1.368290108700382701e+00
1.366553418381678320e+00 9.315910968469819364e-01 1.365932272703250572e+00
1.367307608566024957e+00 9.352907480231581472e-01 1.363807626815177976e+00
1.368044873688297081e+00 9.388679168912820172e-01 1.361823685564520270e+00
1.368866534477197527e+00 9.428417064973559913e-01 1.359618125866698168e+00
1.370791148588931252e+00 9.518144587603089013e-01 1.354661171445424195e+00
1.371674599153877683e+00 9.558807729425621291e-01 1.352386326488673740e+00
1.372453875651147515e+00 9.594400588571154742e-01 1.350458637201100709e+00
1.373331906194972252e+00 9.634034005979409399e-01 1.348394377139412237e+00
1.374308797450454867e+00 9.677642871938026969e-01 1.346135133283972829e+00
1.375236753096120257e+00 9.719202014642159826e-01 1.343993919574826723e+00
1.376055016651626772e+00 9.755556303954953101e-01 1.342067584454620821e+00
1.376946071646840242e+00 9.794004862809854162e-01 1.340112710244584449e+00
1.377830616913050532e+00 9.832343558218998858e-01 1.338258095852354890e+00
1.378697947909528043e+00 9.869664066196360830e-01 1.336477039838371406e+00
1.379550894872978661e+00 9.906115044034591310e-01 1.334712480803408319e+00
1.380478493674488716e+00 9.945382757766515480e-01 1.332741550411834064e+00
1.381480615181563953e+00 9.987627265425300660e-01 1.330619925812196236e+00
1.382435356924328840e+00 1.002784131001915435e+00 1.328584048705456100e+00
1.383312447355816044e+00 1.006406877320691340e+00 1.326754027692354843e+00
1.384238970419919612e+00 1.010121654004474179e+00 1.324974772781943644e+00
1.385204249813958288e+00 1.014029509927226291e+00 1.323160155801137217e+00
1.386169278609606259e+00 1.017953603141643182e+00 1.321298933700461919e+00
1.386998087622336451e+00 1.021253466893683681e+00 1.319739015498934798e+00
1.387953090126233580e+00 1.025044057463919911e+00 1.317983002737250775e+00
1.388908962712271489e+00 1.028745434475211828e+00 1.316294055808608032e+00
1.389828280040353414e+00 1.032334328079687280e+00 1.314706633868344632e+00
1.390772612462078728e+00 1.035913070782666257e+00 1.313132845566247653e+00
1.391735829120499313e+00 1.039602291809799572e+00 1.311510160284464765e+00
1.392743018068521188e+00 1.043385888137402517e+00 1.309824754385584322e+00
1.392769464577605643e+00 1.043484317679324258e+00 1.309781319732669314e+00
1.393779344853597779e+00 1.047274383680867116e+00 1.308071339938952971e+00
1.394835257421172869e+00 1.051140672310908242e+00 1.306380562419596325e+00
1.395970422696237057e+00 1.055306219195332629e+00 1.304592628861864556e+00
1.396969126417147544e+00 1.058989121537350808e+00 1.303032021387109829e+00
1.397936544788559665e+00 1.062459556080707967e+00 1.301616604053628112e+00
1.399021778224227797e+00 1.066415740098508591e+00 1.300030323843662572e+00
1.400021008430055947e+00 1.070090677983791094e+00 1.298546848707417878e+00
1.400974966717951187e+00 1.073548129439764853e+00 1.297172310183563715e+00
1.402002298039081163e+00 1.077211831333224623e+00 1.295732327031475783e+00
1.403000678502718257e+00 1.080772941697607514e+00 1.294381971545410792e+00
1.403989000170952073e+00 1.084219336305008996e+00 1.293090189800958800e+00
1.405034012681909195e+00 1.087890637722009668e+00 1.291712526586139997e+00
1.406204961591739355e+00 1.092033630591327853e+00 1.290164773085619609e+00
1.407243263466863237e+00 1.095659407487795889e+00 1.288838758812475005e+00
1.408242999466814638e+00 1.099201783099550411e+00 1.287553617713984133e+00
1.409290002133281261e+00 1.102834259099038539e+00 1.286198429111393926e+00
1.410412789596038996e+00 1.106778665563820985e+00 1.284672345290892581e+00
1.411494749509478286e+00 1.110499682175367875e+00 1.283350892829412837e+00
1.412580359606307123e+00 1.114118372898821763e+00 1.282020095728444664e+00
1.413705590617058139e+00 1.117952313942595088e+00 1.280575025646328191e+00
1.414968441202011817e+00 1.122175737262360862e+00 1.278994183621600556e+00
1.416039867201227320e+00 1.125688790257095562e+00 1.277726497090646562e+00
1.417060589858945230e+00 1.129105370250714557e+00 1.276517591791699102e+00
1.418229105969329495e+00 1.133009677138038462e+00 1.275202087643233728e+00
1.419311472937081486e+00 1.136615959767549811e+00 1.274009251253710007e+00
1.420479935782758885e+00 1.140422240139124410e+00 1.272733262848269264e+00
1.420509765944750091e+00 1.140518288956250847e+00 1.272700853493164308e+00
1.421719871608551733e+00 1.144413895232758049e+00 1.271389378216866373e+00
1.422847597841013778e+00 1.148107927986728338e+00 1.270138045775378588e+00
1.423975801978108358e+00 1.151810962502356483e+00 1.268900488997942944e+00
1.425082387054168898e+00 1.155399951185593688e+00 1.267719870554682604e+00
1.426250598679446702e+00 1.159194296665973178e+00 1.266433965889994129e+00
1.427357718168482670e+00 1.162782127936495158e+00 1.265350254409666197e+00
1.428480460297923305e+00 1.166370832841822747e+00 1.264262052797668456e+00
1.431179387879792708e+00 1.175012831841216965e+00 1.261591778298972288e+00
1.432248523548335983e+00 1.178407465783907870e+00 1.260545237837630728e+00
1.433528812538413355e+00 1.182367205538946919e+00 1.259323334775406700e+00
1.434689373311820004e+00 1.185938851133492511e+00 1.258253434150633954e+00
1.435796850046930917e+00 1.189315876176423981e+00 1.257213799214227823e+00
1.437052212625305581e+00 1.193283430990311311e+00 1.256022624805778642e+00
1.437085536578161626e+00 1.193377952192330893e+00 1.255992178698672079e+00
1.438292010923004405e+00 1.197137164410727816e+00 1.254871496366526618e+00
1.439411902922193676e+00 1.200618953706705572e+00 1.253816995617041297e+00
1.440562520338760644e+00 1.204197390523392697e+00 1.252756912564134684e+00
1.441751985340171238e+00 1.207862182197372070e+00 1.251653919997480768e+00
1.443055499905717909e+00 1.211807571567783404e+00 1.250500546789287348e+00
1.444332975822864462e+00 1.215652459593445256e+00 1.249373831332682316e+00
1.445534994786409344e+00 1.219312932588364484e+00 1.248295466105979301e+00
1.446798174617851540e+00 1.223155012735348324e+00 1.247193085401814505e+00
1.448040017991680584e+00 1.226915708354258783e+00 1.246112252738392989e+00
1.449241090178875702e+00 1.230468221212466018e+00 1.245095831615795623e+00
1.450511538718533222e+00 1.234309176303425293e+00 1.243993296824211114e+00
1.451823761368852050e+00 1.238250388859658102e+00 1.242762909714823838e+00
1.451852777569058839e+00 1.238346555657032555e+00 1.242734986924944218e+00
1.453283970732387465e+00 1.242593691603282480e+00 1.241636112923671709e+00
1.454591993353763657e+00 1.246442983176838881e+00 1.240683641862299513e+00
1.455879349055656302e+00 1.250186516802794356e+00 1.239779814044257300e+00
1.457109870167415222e+00 1.253727331847753312e+00 1.238917695244316386e+00
1.458354336843725063e+00 1.257381826105157030e+00 1.237997589040051638e+00
1.459556818849728321e+00 1.260930069434900380e+00 1.237094608377312221e+00
1.460917304348631873e+00 1.264873339095750948e+00 1.236093874749515154e+00
1.462135807868659931e+00 1.268406473779941646e+00 1.235214171335048627e+00
1.463373757697266964e+00 1.271963824058697456e+00 1.234288834483560748e+00
1.464532202012282847e+00 1.275305274049958415e+00 1.233462298269209390e+00
1.465952944244666600e+00 1.279413544709099293e+00 1.232445781916793770e+00
1.467209828711069308e+00 1.283061708851652050e+00 1.231508839738342687e+00
1.468589959756697594e+00 1.286972229652264765e+00 1.230459156069734439e+00
1.468624984066066341e+00 1.287066476382441094e+00 1.230431984197806194e+00
1.469885565088419055e+00 1.290693863875696179e+00 1.229495510398572078e+00
1.471209320315710833e+00 1.294510091924926165e+00 1.228539209927333342e+00
1.471242927232009556e+00 1.294605095742183520e+00 1.228515185366695350e+00
1.472671146193719416e+00 1.298603702709132834e+00 1.227549698338570083e+00
1.473876300868246281e+00 1.302027750963637542e+00 1.226709049215509051e+00
1.475098074599108466e+00 1.305472312954951253e+00 1.225869450957130180e+00
1.476401761090683884e+00 1.309169387926005124e+00 1.224688039765785552e+00
1.477709777256627666e+00 1.312814474204148096e+00 1.223730959735794377e+00
1.479088376981307462e+00 1.316632299523742944e+00 1.222945032305222224e+00
1.479119745258144158e+00 1.316729835778923663e+00 1.222925844611603141e+00
1.480385228182502289e+00 1.320260961764435637e+00 1.222257383341683434e+00
1.481756967878175679e+00 1.324076587072076316e+00 1.221551446400401142e+00
1.482951248941701827e+00 1.327402263775692370e+00 1.220925172413756199e+00
1.484223336922255720e+00 1.330944677296174605e+00 1.220229116239644584e+00
1.485349426670395268e+00 1.334092042191441063e+00 1.219525631889449624e+00
1.486519283373868738e+00 1.337320325818071254e+00 1.218785200324416396e+00
1.487910077750700610e+00 1.341126054317125504e+00 1.217925666256856720e+00
1.487943621943401462e+00 1.341218441458231547e+00 1.217905547727316407e+00
1.489216594005675853e+00 1.344723137785975631e+00 1.217133237678751367e+00
1.490609588672877628e+00 1.348522247530784535e+00 1.216301803657354297e+00
1.491754702620044837e+00 1.351658679638801264e+00 1.215583218923542930e+00
1.493242525462523895e+00 1.355744361515164753e+00 1.214693092237284056e+00
1.494417916458599338e+00 1.358970845765651081e+00 1.213890277242781535e+00
1.495797485072850819e+00 1.362743270472259738e+00 1.212845170150630203e+00
1.495829055038681465e+00 1.362838824432571316e+00 1.212822790277667151e+00
1.497261352790991928e+00 1.366707413354265377e+00 1.211801474183841876e+00
1.498607569442168996e+00 1.370390732467444028e+00 1.210891220101831811e+00
1.501806790592717933e+00 1.378968158583607106e+00 1.208872626643056281e+00
1.503029424463547592e+00 1.382259248512155869e+00 1.208127157688187570e+00
1.504280345430624388e+00 1.385576624097334175e+00 1.207592095662227916e+00
1.505571230758125711e+00 1.388981069064619822e+00 1.207169611643581719e+00
1.506885725138980003e+00 1.392471241748430844e+00 1.206725945489779406e+00
1.508311910060408101e+00 1.396238737885628689e+00 1.206217110133001258e+00
1.509739053872489523e+00 1.400020523304356779e+00 1.205612885509969479e+00
1.511135559125712957e+00 1.403697799298440296e+00 1.204938214848924272e+00
1.512433143303532734e+00 1.407179290382336134e+00 1.204167672983359472e+00
1.513783099751752736e+00 1.410762032965934054e+00 1.203314947595142792e+00
1.515105619547507221e+00 1.414235984757221676e+00 1.202496298411637854e+00
1.516436790786940048e+00 1.417709296287942733e+00 1.201738336387879302e+00
1.517959296532358726e+00 1.421644526233108108e+00 1.200901187141133253e+00
1.519428406195286074e+00 1.425505493494532150e+00 1.200088660847998590e+00
1.519462399773067629e+00 1.425600958545796715e+00 1.200070802376588253e+00
1.520774320254729250e+00 1.429067033243854867e+00 1.199014676576564575e+00
1.522130841333468654e+00 1.432624327428822397e+00 1.196488946390042107e+00
1.523377252660333525e+00 1.435897390906090587e+00 1.194143358399328170e+00
1.524829390313782840e+00 1.439653006538561097e+00 1.191943697601359098e+00
1.526217346777964279e+00 1.443251442549693619e+00 1.190371186607025900e+00
1.527597920435581624e+00 1.446771687277154772e+00 1.189223099830052144e+00
1.529054249940487331e+00 1.450402997712974651e+00 1.189026144709196986e+00
1.530771433845697915e+00 1.454658609637107913e+00 1.190710329450947791e+00
1.532204841056931111e+00 1.458258165833278275e+00 1.192053656623444313e+00
1.533659799621997610e+00 1.461918561756685664e+00 1.192840160307010455e+00
1.534879284816351497e+00 1.465005579545152870e+00 1.192967924445123229e+00
1.536153492647726049e+00 1.468284649806276487e+00 1.192689395800992758e+00
1.537473622404714524e+00 1.471655982046404354e+00 1.192187161814802554e+00
1.538891030108509694e+00 1.475301880536495469e+00 1.191532715873323767e+00
1.540174343413308611e+00 1.478580009273781526e+00 1.190903544948545445e+00
1.541417759635297369e+00 1.481818948734480390e+00 1.189781931744028132e+00
1.542838262496628809e+00 1.485485509866110165e+00 1.187851379900918936e+00
1.542868763985316027e+00 1.485578685212851635e+00 1.187807725167762563e+00
1.544050337610053614e+00 1.488616611466930140e+00 1.186501850419795279e+00
1.545399418066257358e+00 1.492038650837619551e+00 1.185219576471764347e+00
1.546830222917728648e+00 1.495650224756182922e+00 1.184013455500860124e+00
1.548190634057969639e+00 1.499070854160322597e+00 1.183052554585794613e+00
1.549503743507526288e+00 1.502321438005886689e+00 1.182261117666206118e+00
1.550772097894004720e+00 1.505470186347663608e+00 1.181541063709647510e+00
1.552072745075616433e+00 1.508777186191997632e+00 1.180239093886280344e+00
1.553298185544980559e+00 1.511810811169013835e+00 1.178394741734491324e+00
1.554870382917217464e+00 1.515616082789891239e+00 1.177975150830717022e+00
1.554911069808476487e+00 1.515711006799508986e+00 1.177979442227360840e+00
1.556272308266269722e+00 1.518999818174611605e+00 1.178810314192366482e+00
1.557759202722172498e+00 1.522590743074490272e+00 1.179756915911677195e+00
1.559140756245064097e+00 1.525980209798256437e+00 1.180503412183753209e+00
1.560726306900467542e+00 1.529806333954642605e+00 1.180792776108118503e+00
1.562127903012230146e+00 1.533245830365781659e+00 1.180691913706355400e+00
1.563426128509816326e+00 1.536467800966724306e+00 1.179865119548069385e+00
1.564892075567051233e+00 1.540156614317146566e+00 1.178750362373197191e+00
1.566541946566337717e+00 1.544219144391300036e+00 1.177497968630062175e+00
1.567916353016674869e+00 1.547633662179155323e+00 1.176543786031942984e+00
1.569436024311180455e+00 1.551331209755059337e+00 1.175676034063770414e+00
1.569476285798951265e+00 1.551420250346385421e+00 1.175650642940382573e+00
1.570833510584037862e+00 1.554784597536809976e+00 1.174497075639651777e+00
1.572061475444960665e+00 1.557847254709933349e+00 1.171632289222880319e+00
1.573521592373702038e+00 1.561474242041954286e+00 1.166865540583072569e+00
1.574914822317010632e+00 1.564858637985518497e+00 1.162844700286517430e+00
1.576324142304375453e+00 1.568178943927436730e+00 1.159884238496350362e+00
1.577744603838323822e+00 1.571520427968217559e+00 1.157879344560132528e+00
1.581629308617155116e+00 1.580355668472369413e+00 1.160928272383976001e+00
1.583287313935894280e+00 1.584171100670421772e+00 1.165128946010597577e+00
1.584831783683004147e+00 1.587775619387756132e+00 1.168839306428708813e+00
1.586285053411323531e+00 1.591218398785497978e+00 1.170506280444482128e+00
1.587682525586715521e+00 1.594549871799825658e+00 1.170823160513201566e+00
1.589199517049737720e+00 1.598231188388333557e+00 1.170488759852793992e+00
1.589234461937311327e+00 1.598322574736717128e+00 1.170474845775525852e+00
1.590617098543239960e+00 1.601692452677051959e+00 1.169767083950270958e+00
1.592073846753530031e+00 1.605239909874881965e+00 1.168842849796302374e+00
1.593527839846526684e+00 1.608769499440805717e+00 1.167411192831741218e+00
1.593567442494340014e+00 1.608850978214022120e+00 1.167345220968941444e+00
1.594960560006109862e+00 1.612268442431215032e+00 1.164240916314246199e+00
1.594997971682934335e+00 1.612354639390943589e+00 1.164142926178193926e+00
1.596401744230921516e+00 1.615709085058739447e+00 1.160833916145968203e+00
1.597981756697845812e+00 1.619465008266769201e+00 1.157500155219276516e+00
1.599313651091260002e+00 1.622604365925677694e+00 1.155300647319931429e+00
1.600688121402223496e+00 1.625777087990370795e+00 1.153777995732351513e+00
1.602106527361167432e+00 1.629039917648900104e+00 1.152760644141482604e+00
1.603657979087190544e+00 1.632496935686712725e+00 1.152627120201655364e+00
1.605414962178917770e+00 1.636471601020650368e+00 1.154724227168070438e+00
1.606976802218158307e+00 1.640018690843307203e+00 1.157126700794634644e+00
1.608748104622093500e+00 1.644052129731475853e+00 1.159254233688656655e+00
1.610234856864441566e+00 1.647479603633690282e+00 1.160290325939555611e+00
1.611734935457011186e+00 1.650974607423518092e+00 1.160568086540964217e+00
1.613264239110181908e+00 1.654559812741549285e+00 1.160260627315052639e+00
1.614662414542399116e+00 1.657882677474513899e+00 1.158931523476382175e+00
1.615945294210965333e+00 1.660942636259502336e+00 1.156414984655560030e+00
1.617415343410148365e+00 1.664333391526965578e+00 1.153375548083723778e+00
1.618728787759783572e+00 1.667409905471877618e+00 1.151009637437916400e+00
1.620262613711489275e+00 1.670927071586426838e+00 1.149003747077538939e+00
1.621624692302956916e+00 1.673993208417873912e+00 1.147804236093696639e+00
1.623127484647419294e+00 1.677354847845440311e+00 1.146871825666388123e+00
1.624640803541814726e+00 1.680728070764047066e+00 1.146109047160895456e+00
1.626151747002524184e+00 1.684124854592040421e+00 1.144799081723377743e+00
1.627655118096130948e+00 1.687593097741499903e+00 1.141026917331914081e+00
1.628967022091735828e+00 1.690498172399386156e+00 1.137241976382211028e+00
1.630445402679200129e+00 1.693766212229948165e+00 1.135177402393295010e+00
1.632343562533036030e+00 1.697828508500647260e+00 1.135860814950367725e+00
1.633958178038614317e+00 1.701313494493882361e+00 1.138997810834662561e+00
1.635407021472283562e+00 1.704477754623832997e+00 1.142909906468241976e+00
1.636930921599574651e+00 1.707839336076084180e+00 1.146073258735958778e+00
1.638685542429556552e+00 1.711739761804456972e+00 1.146579096156512545e+00
1.640262211645567625e+00 1.715270765985149826e+00 1.146078120264881317e+00
1.641590485086106721e+00 1.718342780184554552e+00 1.144981045489564364e+00
1.643115111947051510e+00 1.721834072657629777e+00 1.143450815844728741e+00
1.644624643171023637e+00 1.725230535787661390e+00 1.142087395084673718e+00
1.646277307534457002e+00 1.728917217719385224e+00 1.140737719568456487e+00
1.647835058861709667e+00 1.732422921266942861e+00 1.138609511688578380e+00
1.649261952806510667e+00 1.735679800711908083e+00 1.134392110808245313e+00
1.650641242616246229e+00 1.738718962537399104e+00 1.130401718376663922e+00
1.652258731784931767e+00 1.742235713999412239e+00 1.126454496566265506e+00
1.654000428030766301e+00 1.745969726270558020e+00 1.123912984474673582e+00
1.655791451320753005e+00 1.749718399943809066e+00 1.124204468512526534e+00
1.657634035630783931e+00 1.753579170300465284e+00 1.127462496920396129e+00
1.659337788651935597e+00 1.757179579394107849e+00 1.132417531414300793e+00
1.660818409463748591e+00 1.760366429012489187e+00 1.136665552821267910e+00
1.662494631193927486e+00 1.763979005134537426e+00 1.138713278699717613e+00
1.664101928899311966e+00 1.767559786684161249e+00 1.138347783433250049e+00
1.665818089802767910e+00 1.771345125782647800e+00 1.136725991811563308e+00
1.665858405774553797e+00 1.771432593639896469e+00 1.136675568447794493e+00
1.667333603018482879e+00 1.774759281241155673e+00 1.134890438712114813e+00
1.667373732857851509e+00 1.774845061947874614e+00 1.134847701831109390e+00
1.668956655973868219e+00 1.778326569123158896e+00 1.133244570488871172e+00
1.668995625796964033e+00 1.778414456779784381e+00 1.133208485502478435e+00
1.670480025292365056e+00 1.781648727804721499e+00 1.131567137411586099e+00
1.671952362500109146e+00 1.784883965996418187e+00 1.127992996287686678e+00
1.675845049480739979e+00 1.793275318811545338e+00 1.116448295256772028e+00
1.677398092721513745e+00 1.796561601463476654e+00 1.112577059394406875e+00
1.678895873476570655e+00 1.799677140116956675e+00 1.109642980613607000e+00
1.680630746372276274e+00 1.803173067439378441e+00 1.108451704813305794e+00
1.682328703524563984e+00 1.806592314227463358e+00 1.109769792044063008e+00
1.684008024630644584e+00 1.809978807902139497e+00 1.113479278770159953e+00
1.685550242499298079e+00 1.813125639426545588e+00 1.117925134762576489e+00
1.687164572828786513e+00 1.816462355100092463e+00 1.121618378057243515e+00
1.688781071804137612e+00 1.819807883582812424e+00 1.123670802892144271e+00
1.690464612043486525e+00 1.823335418728619040e+00 1.124261430321015220e+00
1.691908472627709825e+00 1.826370305406934014e+00 1.124026888532164703e+00
1.693522788246314636e+00 1.829838419661142801e+00 1.123285315951063179e+00
1.695036983380979301e+00 1.833021607246378970e+00 1.121536756761875697e+00
1.696650089418139329e+00 1.836441491313427932e+00 1.117409373170207942e+00
1.698230542844302748e+00 1.839776602165011488e+00 1.113004878895692551e+00
1.699805779821983442e+00 1.843049927407667488e+00 1.109123450378787457e+00
1.701583272799572999e+00 1.846728497554605664e+00 1.106501113075655907e+00
1.703239293736479754e+00 1.850031500209070146e+00 1.105279802015526780e+00
1.705154730997001433e+00 1.853836116882787710e+00 1.104630142745786747e+00
1.706997977645917430e+00 1.857506552039783765e+00 1.106530135174070617e+00
1.708638728049180822e+00 1.860759474265529123e+00 1.109122199048364399e+00
1.710520784658238647e+00 1.864560606073824456e+00 1.111447563580370668e+00
1.712201766935069980e+00 1.867981095280371484e+00 1.112616898457961856e+00
1.712246375620763317e+00 1.868070654255279628e+00 1.112642284767428658e+00
1.713938335086071296e+00 1.871550880189239763e+00 1.112637395954664932e+00
1.715716430763710942e+00 1.875239357586912181e+00 1.112012600725526212e+00
1.717437986892797586e+00 1.878811835888628767e+00 1.111247724272999005e+00
1.718969928935900171e+00 1.882050968647545730e+00 1.109707372590220453e+00
1.720584941656789102e+00 1.885337777700740070e+00 1.106310812330072890e+00
1.722288197556343547e+00 1.888852170623358750e+00 1.102302394949334463e+00
1.722331737896555692e+00 1.888940147392860647e+00 1.102206170638273308e+00
1.723914191344095403e+00 1.892146441179807015e+00 1.099581226934055911e+00
1.725569396769983443e+00 1.895430097042908102e+00 1.097878581039150037e+00
1.727508138382350511e+00 1.899253239929425519e+00 1.096392307680906120e+00
1.729176127979589639e+00 1.902484131328278094e+00 1.095535530076647390e+00
1.731156845184176563e+00 1.906319920955051428e+00 1.097249187263712455e+00
1.733006452975043077e+00 1.909930348028959557e+00 1.099885592328407213e+00
1.734852816991645952e+00 1.913585934272222566e+00 1.101378268376353775e+00
1.736612017424033816e+00 1.917066735784870746e+00 1.101670172282447124e+00
1.738385926288461558e+00 1.920624722886395519e+00 1.101248193057658753e+00
1.739988967840471634e+00 1.923814059553839995e+00 1.100470511931405992e+00
1.741718008960891240e+00 1.927279264486498001e+00 1.099357054697452485e+00
1.743346792871927065e+00 1.930555143176563071e+00 1.098358258044773939e+00
1.744955842092368759e+00 1.933801125919379027e+00 1.096914429605977848e+00
1.746614296203696570e+00 1.937057324722047058e+00 1.093801696329569584e+00
1.748143052077640647e+00 1.940080527122916232e+00 1.090540562350819309e+00
1.750146088199031169e+00 1.944042713218798513e+00 1.086991800956125021e+00
1.752030748103701407e+00 1.947721317041851918e+00 1.084381228123796115e+00
1.752075249189042339e+00 1.947813345608845781e+00 1.084331443389324301e+00
1.753787035860032262e+00 1.951104867487274630e+00 1.082765105476871659e+00
1.755611329504497276e+00 1.954512429458890921e+00 1.083180675869099163e+00
1.755658572717582633e+00 1.954605752116898021e+00 1.083227156994558182e+00
1.757411015196668647e+00 1.957923107658605888e+00 1.084728286236859240e+00
1.759475566322036055e+00 1.961834096987898901e+00 1.086101750519909759e+00
1.761373143483374371e+00 1.965447234229583007e+00 1.086750821888108343e+00
1.763105714609576768e+00 1.968752648760278445e+00 1.086812214815221944e+00
1.765196766337322698e+00 1.972738639662682480e+00 1.086102730467338962e+00
1.766940861498205839e+00 1.976100926287912785e+00 1.085286861395716951e+00
1.768441443925253154e+00 1.979006566059754224e+00 1.084452704823640978e+00
1.769962595971685371e+00 1.981982853775010378e+00 1.082926222751902090e+00
1.771696234446576312e+00 1.985291145301569804e+00 1.079935952124942089e+00
1.773358401856292454e+00 1.988511081131774549e+00 1.076747089767371657e+00
1.777739824866133578e+00 1.996771207609616905e+00 1.069951377040504914e+00
1.779371747723805797e+00 1.999832817911727068e+00 1.067952968537761116e+00
1.781319024633395420e+00 2.003405261860294662e+00 1.066742861780946239e+00
1.783382013320442994e+00 2.007120732157509302e+00 1.067898256463482243e+00
1.785056620299418917e+00 2.010193528799290696e+00 1.069969384828895587e+00
1.786909722250847210e+00 2.013560572931579529e+00 1.071052403993986823e+00
1.788836458167135435e+00 2.017099702798577532e+00 1.071490527563759843e+00
1.788884552728472688e+00 2.017188323626420754e+00 1.071486585202651831e+00
1.790557286578104979e+00 2.020274644690390087e+00 1.071190091557740587e+00
1.792360046724035705e+00 2.023620152952759543e+00 1.070265110105158568e+00
1.794353410510491909e+00 2.027304429492355009e+00 1.069136600832435446e+00
1.795964152482965037e+00 2.030271355887475426e+00 1.068164548053904594e+00
1.797732841932048853e+00 2.033602134394730587e+00 1.066276154131866605e+00
1.799596754278415034e+00 2.037050003731677883e+00 1.062835416198349536e+00
1.801322038253545754e+00 2.040258049397201567e+00 1.059771936130980086e+00
1.802997714777443861e+00 2.043303080407437022e+00 1.057287505566663288e+00
1.805134785904068506e+00 2.047097800202160922e+00 1.055711020253898846e+00
1.807062218254934738e+00 2.050507644780994010e+00 1.056651697429697778e+00
1.809160339301403075e+00 2.054229845859687931e+00 1.058540940258325236e+00
1.811072593484492677e+00 2.057635612269874237e+00 1.059375390664051064e+00
1.811120376852874969e+00 2.057723882779636693e+00 1.059372978909727481e+00
1.813114114602561777e+00 2.061364304528923164e+00 1.058397606957760528e+00
1.815071336510825972e+00 2.064923909842032668e+00 1.056746700698246277e+00
1.815119899454210817e+00 2.065009272694128928e+00 1.056702623715496170e+00
1.817036287013791718e+00 2.068479241795325052e+00 1.055130678915281006e+00
1.817084710797807423e+00 2.068565468162975041e+00 1.055090208612396108e+00
1.818973844740358947e+00 2.071950848430447412e+00 1.053603545254507390e+00
1.820702672473694106e+00 2.075072227353300214e+00 1.052268769619472355e+00
1.822490044804085718e+00 2.078291330446145668e+00 1.050974027564870017e+00
1.824283463538383332e+00 2.081529320849623499e+00 1.048891648806145271e+00
1.826179145625901779e+00 2.084938839221670559e+00 1.045790664935975833e+00
1.828038557118935037e+00 2.088220506272351784e+00 1.042885855853287858e+00
1.829852494037641497e+00 2.091440110965022026e+00 1.040554846175458570e+00
1.832042406207382346e+00 2.095150755613222060e+00 1.040289548129412989e+00
1.834111680276642842e+00 2.098671352793743949e+00 1.041241340467017107e+00
1.836307962472161659e+00 2.102426320299623175e+00 1.042430155339862496e+00
1.838135263891176319e+00 2.105566967951291169e+00 1.043033328678297122e+00
1.839981789719599803e+00 2.108776610008321839e+00 1.042481020389598667e+00
1.841961668320149181e+00 2.112214358983906415e+00 1.040537388854902323e+00
1.842006491943018132e+00 2.112299355921270827e+00 1.040491392341888588e+00
1.843986851548283568e+00 2.115817089983742960e+00 1.038291837211513746e+00
1.845877414932912464e+00 2.119141901185916943e+00 1.036211649620452757e+00
1.847610876906453869e+00 2.122102995349702592e+00 1.034363483230917868e+00
1.849700809006306734e+00 2.125705246196126552e+00 1.032376325639573267e+00
1.851565300715162010e+00 2.128892897626311953e+00 1.030859751600586405e+00
1.853672564594647243e+00 2.132463898479347808e+00 1.028753930779982673e+00
1.855580480891042106e+00 2.135646706457207333e+00 1.026901689376635396e+00
1.857739535810639220e+00 2.139204134827526804e+00 1.026252485940140291e+00
1.857791729728895058e+00 2.139288838619758160e+00 1.026240567953889515e+00
1.859816034679320440e+00 2.142654257601175782e+00 1.025868701493660939e+00
1.859867142369124426e+00 2.142739137102656954e+00 1.025858995252274308e+00
1.861736444817454483e+00 2.145831547988813259e+00 1.025323948524774709e+00
1.863813890307982613e+00 2.149279680141429338e+00 1.024664548408029230e+00
1.863866200784110694e+00 2.149365413590519580e+00 1.024649143360260917e+00
1.865987894184224283e+00 2.152885394079451231e+00 1.023689778451030374e+00
1.866040157765595620e+00 2.152975402064914778e+00 1.023664257574432357e+00
1.867919308715369597e+00 2.156126189467935994e+00 1.022355907276838449e+00
1.869707234943255525e+00 2.159204215749879197e+00 1.020252619809719929e+00
1.871498301982325696e+00 2.162168884787568857e+00 1.018086440594042408e+00
1.873766230283056888e+00 2.165900160120901585e+00 1.015595035005965041e+00
1.875638515690781549e+00 2.168957634704662851e+00 1.013809267210338705e+00
1.877619567750911322e+00 2.172201300716441352e+00 1.012160000236166812e+00
1.879541547568816195e+00 2.175272463542380574e+00 1.010922870442380272e+00
1.881483345248444516e+00 2.178371971672755869e+00 1.010848689309969295e+00
1.881538450443831945e+00 2.178455866686238807e+00 1.010853190303981908e+00
1.883711216446037229e+00 2.181939649944931059e+00 1.010111062058350662e+00
1.885585491612967068e+00 2.184925018263992769e+00 1.009107439324134381e+00
1.887451860238378742e+00 2.187889852898092791e+00 1.007988936486738485e+00
1.889341845392839225e+00 2.190952734767158017e+00 1.006723901897490503e+00
1.891491317278549689e+00 2.194346205311746623e+00 1.005268557852461386e+00
1.893400510098195655e+00 2.197408178822562341e+00 1.003899010677679060e+00
1.895521857987231273e+00 2.200801564702780322e+00 1.002391934268166418e+00
1.897624552583496715e+00 2.204095953304723743e+00 1.000943741962982969e+00
1.902440027705037950e+00 2.211697652636883227e+00 9.954962500928393743e-01
1.904415055334273799e+00 2.214787724524486467e+00 9.930265031883561688e-01
1.906186142517108273e+00 2.217578960060659465e+00 9.911071339427224292e-01
1.908428488694723146e+00 2.221007332706109505e+00 9.902882658881334565e-01
1.910489645732820874e+00 2.224155986881705793e+00 9.899795783631577528e-01
1.912708841622537070e+00 2.227552709269876807e+00 9.896322892316260500e-01
1.914920080647680267e+00 2.230930560861569933e+00 9.890010227730722248e-01
1.916771258864318872e+00 2.233783394368980435e+00 9.880828444432747659e-01
1.918650004036022816e+00 2.236690752132485471e+00 9.863624976902697350e-01
1.920813301695146968e+00 2.240028568096905204e+00 9.841228059977494835e-01
1.922610788940968485e+00 2.242758590291728193e+00 9.823002253852979315e-01
1.924806806881950383e+00 2.246093004225762080e+00 9.802475921314617313e-01
1.926864778612866536e+00 2.249170269956347390e+00 9.784740732734088509e-01
1.928806446028043853e+00 2.252083295421592801e+00 9.769202593019082892e-01
1.931018950387960675e+00 2.255358933193029269e+00 9.757008368302045875e-01
1.933100988074223148e+00 2.258442684016984003e+00 9.745746337908426371e-01
1.935523917871063704e+00 2.262035843910807476e+00 9.730081547509431550e-01
1.937585405886840473e+00 2.265106611646755308e+00 9.716135853961503921e-01
1.939765712693682698e+00 2.268339796630148175e+00 9.700087850502544518e-01
1.941971360531144608e+00 2.271573721388866929e+00 9.683288321956454725e-01
1.943920775770361598e+00 2.274479271141196968e+00 9.667593917552205207e-01
1.945970622600890376e+00 2.277451932006264279e+00 9.651976306660869920e-01
1.948137781115790723e+00 2.280585686372465393e+00 9.635260071520845848e-01
1.950274277562696890e+00 2.283727433794091155e+00 9.615667246861655526e-01
1.952461973960011754e+00 2.286945591242103060e+00 9.592773232978475395e-01
1.954691430906940752e+00 2.290162769498208295e+00 9.572403965077826982e-01
1.956932793315093289e+00 2.293373464354544922e+00 9.557894315624910764e-01
1.959069972677228932e+00 2.296435625671344738e+00 9.544299542732408437e-01
1.961329802735112704e+00 2.299650825060098658e+00 9.530340580750918944e-01
1.963638965517129353e+00 2.302942037782873985e+00 9.514498848594157288e-01
1.963698506347985040e+00 2.303021925265926306e+00 9.514040093724682734e-01
1.965641644724809733e+00 2.305808291049458170e+00 9.499064891308207637e-01
1.967644921332543761e+00 2.308660527927358430e+00 9.480434084444775422e-01
1.969770865557293194e+00 2.311683134404032280e+00 9.460463805538419368e-01
1.972144063813928039e+00 2.315039540497024095e+00 9.438327723643004097e-01
1.974557235270141708e+00 2.318461028389487755e+00 9.417006886314680525e-01
1.976657066708435107e+00 2.321386313312789884e+00 9.399169900373234299e-01
1.978889572914341644e+00 2.324468845207382284e+00 9.380970730161025672e-01
1.981027728858808290e+00 2.327400289546206924e+00 9.367169626956871609e-01
1.983171976076988363e+00 2.330324132694967521e+00 9.353166810980723112e-01
1.985341250916868416e+00 2.333325807408831221e+00 9.336073840662711953e-01
1.987642289114987193e+00 2.336505164888003971e+00 9.316227218314546699e-01
1.990006506326144731e+00 2.339747794077347898e+00 9.296038659160114070e-01
1.992493075235320710e+00 2.343139603415482330e+00 9.274478287186808112e-01
1.994933800444778527e+00 2.346444902135080834e+00 9.253717775497590781e-01
1.997437584520431075e+00 2.349818510655811821e+00 9.232765390026188568e-01
1.999786934284154771e+00 2.352988145209155224e+00 9.212636141461753025e-01
1.999843667286467230e+00 2.353069383159965611e+00 9.212152967632938338e-01
2.002151680496586650e+00 2.356199119708602741e+00 9.190924475977086949e-01
2.004498917151104287e+00 2.359311603492604270e+00 9.168963060627329797e-01
2.004558733438818852e+00 2.359391856333417081e+00 9.168383740132971527e-01
2.006821495868556404e+00 2.362350671585108586e+00 9.149965201876891774e-01
2.009263167179300424e+00 2.365560902055825920e+00 9.130520713715678527e-01
2.011652528564713105e+00 2.368682352579199346e+00 9.112064338511577377e-01
2.014001406123697713e+00 2.371710414821816215e+00 9.094199628742843933e-01
2.016394121678279472e+00 2.374815018854826931e+00 9.074822637163185712e-01
2.018591440697455663e+00 2.377678323370524982e+00 9.057078026064947496e-01
2.020737327249892523e+00 2.380451840783679884e+00 9.039316482964062649e-01
2.023058270787978508e+00 2.383448087028086970e+00 9.016589508654042628e-01
2.025574137086981086e+00 2.386688095805333809e+00 8.990876459433357892e-01
2.027860113668737974e+00 2.389596242569526297e+00 8.967064237657006442e-01
2.033937698532729321e+00 2.397239195097298659e+00 8.918611831600946616e-01
2.036263446342929662e+00 2.400143927261221055e+00 8.901569445936501346e-01
2.038455661306456168e+00 2.402893574661342679e+00 8.885526411419497617e-01
2.040938156896527467e+00 2.406016260651491656e+00 8.863167557237167093e-01
2.043367538894939273e+00 2.409037767169033728e+00 8.839585211368161666e-01
2.043431165212587608e+00 2.409115974828501372e+00 8.838985285522612534e-01
2.045753685248252296e+00 2.411974515323810131e+00 8.816561708830719102e-01
2.048023059853679051e+00 2.414778186459776155e+00 8.794244026870629005e-01
2.050174584830214197e+00 2.417406276956775013e+00 8.773104921779854015e-01
2.052265635012618272e+00 2.419953633546294114e+00 8.753270274178001076e-01
2.054777350700835115e+00 2.422994334185609944e+00 8.733753308754640399e-01
2.057284648090365931e+00 2.426018263658713980e+00 8.716678346512930498e-01
2.059541717800346561e+00 2.428733531260300449e+00 8.701427095552859425e-01
2.062121821331883709e+00 2.431802540816945690e+00 8.679018747718896254e-01
2.064370247460314722e+00 2.434545339145527176e+00 8.656214446614025615e-01
2.066983278932663648e+00 2.437657614141211848e+00 8.628664555391585278e-01
2.069428092765252192e+00 2.440546491418726927e+00 8.603209181068670608e-01
2.071676262474508867e+00 2.443221839446549026e+00 8.579481372070892897e-01
2.074187218504082608e+00 2.446192178794134087e+00 8.554426033077395797e-01
2.074316700694651239e+00 2.446346828105868010e+00 8.553166435963294179e-01
2.076532281617063269e+00 2.448943121874400219e+00 8.532232836379832763e-01
2.079126148486510672e+00 2.451984482148627187e+00 8.507895220498200572e-01
2.081581728178418356e+00 2.454784256764746431e+00 8.490863047259969987e-01
2.084105057607941625e+00 2.457651060859116221e+00 8.471743592218375918e-01
2.086859893316005632e+00 2.460810488689734843e+00 8.446160208154888105e-01
2.089599076805633615e+00 2.463969880431752912e+00 8.419785750544487302e-01
2.091985574238081735e+00 2.466664403118505877e+00 8.396410587049226715e-01
2.094447009773809931e+00 2.469434116744943175e+00 8.372168949177883901e-01
2.096886343272890141e+00 2.472203282523822931e+00 8.347919740552622869e-01
2.099522166379513166e+00 2.475168985772739916e+00 8.322372214610453955e-01
2.102051208566202867e+00 2.478003978826219811e+00 8.297995366577318732e-01
2.104572026368765503e+00 2.480789619841023086e+00 8.270784841904932350e-01
2.107240873284688121e+00 2.483728986406272377e+00 8.242318256270361188e-01
2.110076967260475556e+00 2.486835182804298938e+00 8.216439434042055456e-01
2.112940321726008541e+00 2.489923084228872430e+00 8.191312421803519372e-01
2.115653843755581853e+00 2.492878234837437645e+00 8.167187123503593105e-01
2.118033309251516449e+00 2.495452014068014535e+00 8.146090466320734524e-01
2.120418979527352032e+00 2.498008900740297022e+00 8.124233519033562390e-01
2.122891474893323860e+00 2.500624848895840469e+00 8.101327628696926020e-01
2.125619428108325160e+00 2.503531552456499387e+00 8.075726850006230695e-01
2.127906384131455830e+00 2.506001452972425714e+00 8.048667815235294176e-01
2.130378721022389676e+00 2.508628129282241215e+00 8.019959824396246661e-01
2.133227338920586469e+00 2.511606825017837163e+00 7.993347397703589596e-01
2.135728158643310781e+00 2.514195846819987423e+00 7.971075826367385320e-01
2.138218212246802530e+00 2.516796023528277360e+00 7.948744015242743544e-01
2.140712630689995954e+00 2.519397393374910088e+00 7.925890700367096420e-01
2.143285740120236316e+00 2.522044994984387500e+00 7.902330086326138092e-01
2.145862318507160804e+00 2.524691181421753861e+00 7.878248147114452760e-01
2.148574454424982072e+00 2.527474708022675376e+00 7.852230377402509287e-01
2.151214752804333052e+00 2.530178798674532548e+00 7.826796984732599105e-01
2.153823788368235181e+00 2.532819515875444960e+00 7.797526502768673540e-01
2.156613546504987156e+00 2.535605946447631709e+00 7.763733790018156888e-01
2.159392564658234814e+00 2.538349041736372325e+00 7.736210852528241366e-01
2.162100038140315039e+00 2.540998629513156359e+00 7.711092129894683289e-01
2.164747569906038560e+00 2.543583182409545174e+00 7.686820737834278994e-01
2.171391338539810700e+00 2.550076323153374958e+00 7.624084138777277309e-01
2.171461823886561060e+00 2.550143939023144846e+00 7.623396144501844995e-01
2.174209114542573484e+00 2.552814362183083219e+00 7.594273671992175512e-01
2.174346542964472828e+00 2.552950824954229869e+00 7.592309271503235868e-01
2.176842811072476458e+00 2.555331859353006330e+00 7.553294906179958135e-01
2.179711541079801584e+00 2.558102606575169080e+00 7.504852372804251548e-01
2.182463544507064146e+00 2.560720478412179091e+00 7.463815357309085963e-01
2.185216039212792616e+00 2.563280717979671497e+00 7.439920333718953449e-01
2.187743845912129004e+00 2.565608070768816251e+00 7.421847613942678112e-01
2.190702641330951828e+00 2.568331517039259992e+00 7.402612459040223136e-01
2.193740695805468821e+00 2.571121514765496219e+00 7.381661983617922029e-01
2.196553130446163848e+00 2.573675743555841056e+00 7.360569683071177538e-01
2.199369427824525491e+00 2.576242162607651487e+00 7.336487356139057558e-01
2.202155589811397363e+00 2.578796280849428246e+00 7.309915763637023778e-01
2.204694153514332289e+00 2.581084718774035558e+00 7.283190830288276407e-01
2.207421631349047786e+00 2.583582442829225112e+00 7.249828155003181784e-01
2.210135540295251388e+00 2.586049292024460211e+00 7.219501700016131007e-01
2.212895603301329395e+00 2.588523765781483466e+00 7.189286493028302916e-01
2.215748556315869422e+00 2.591029210379944381e+00 7.159102074637180291e-01
2.218523703866167818e+00 2.593455557683438162e+00 7.130326308982669614e-01
2.221598901814105798e+00 2.596128742034342185e+00 7.098583287432512767e-01
2.224603407627995022e+00 2.598754734078923434e+00 7.067443525726045950e-01
2.227254178836525433e+00 2.601027851779020406e+00 7.040102876706072488e-01
2.230263898659609723e+00 2.603621211389415713e+00 7.009052677358046379e-01
2.233242181209083022e+00 2.606196737593781343e+00 6.976129686390120099e-01
2.235852337867954454e+00 2.608450497828588510e+00 6.946652839099998200e-01
2.238635364721788257e+00 2.610804076371166627e+00 6.915279600048805930e-01
2.241516736483729844e+00 2.613248387305863396e+00 6.882334767679642029e-01
2.244417603355778112e+00 2.615650321050272620e+00 6.849870139746806474e-01
2.247334464920056174e+00 2.618065621376421959e+00 6.817722501986253070e-01
2.250497528060090513e+00 2.620651710804402068e+00 6.783478941452361077e-01
2.253359870244864727e+00 2.622980684758612124e+00 6.752528172408963636e-01
2.256352999757016420e+00 2.625373705440680716e+00 6.723982689840577454e-01
2.259395005055683470e+00 2.627789963878797153e+00 6.711100481268849061e-01
2.262209585193455830e+00 2.630024533450115776e+00 6.693625788853619918e-01
2.264830983198944381e+00 2.632164876352919070e+00 6.661847118806083490e-01
2.267879500102229606e+00 2.634643513210189969e+00 6.615048932454529185e-01
2.270561793626704628e+00 2.636750561126525838e+00 6.572333129810550290e-01
2.273330380415383267e+00 2.638898238221205172e+00 6.532144222039601988e-01
2.276297236934717194e+00 2.641216253839043571e+00 6.493251088987195274e-01
2.279124653142588386e+00 2.643398951880459702e+00 6.459793013697000541e-01
2.281950740949675982e+00 2.645522866476155421e+00 6.434783655683207204e-01
2.284970341362867252e+00 2.647775450559408217e+00 6.421995172617116499e-01
2.287947689400339435e+00 2.650017101949332599e+00 6.410705628936328448e-01
2.291167450643694536e+00 2.652421015705122898e+00 6.395568165397894633e-01
2.293869782012224690e+00 2.654462653789698479e+00 6.372920288419720025e-01
2.296509964805131698e+00 2.656479326922178696e+00 6.334237543109164648e-01
2.299433878542257226e+00 2.658620163921082913e+00 6.274688931187760721e-01
2.302122476427312048e+00 2.660608105548970315e+00 6.220865628132717928e-01
2.305642336651975377e+00 2.663174013793143668e+00 6.159711314990430342e-01
2.308648985632661965e+00 2.665319681806818775e+00 6.120153984077492115e-01
2.311735839482116805e+00 2.667480421815760838e+00 6.097856860505258547e-01
2.314879476728111563e+00 2.669668797345910338e+00 6.082761276150072671e-01
2.317926711356580238e+00 2.671780954146059095e+00 6.067804992855195811e-01
2.325500032009481632e+00 2.677024236051250394e+00 6.015738219034921785e-01
2.325913268511299314e+00 2.677304903834370808e+00 6.012753232732247488e-01
2.328920433699181114e+00 2.679401030874709821e+00 5.987552799252605640e-01
2.331865844800173893e+00 2.681483906296419750e+00 5.949682095918800151e-01
2.334928620312323400e+00 2.683606768333481885e+00 5.902407481132522227e-01
2.337922230655536282e+00 2.685668586128891810e+00 5.857665398519145139e-01
2.341272242230834966e+00 2.687938856807812638e+00 5.811047013681137630e-01
2.344574835345941910e+00 2.690167365109996656e+00 5.768610199053760823e-01
2.347818846258391989e+00 2.692303071476742193e+00 5.730263268856768955e-01
2.350830557846025570e+00 2.694271140777389384e+00 5.696735690958383280e-01
2.353677077950807384e+00 2.696110406151206895e+00 5.666122039974117452e-01
2.357142608977132792e+00 2.698307817210038984e+00 5.638588526334763484e-01
2.360661149981234885e+00 2.700527923486605086e+00 5.627179412893689170e-01
2.363556967661198271e+00 2.702359025813955373e+00 5.617301511401681102e-01
2.366846286772367858e+00 2.704448587237024082e+00 5.595613856658386842e-01
2.366930458496127265e+00 2.704503876353780090e+00 5.594851790957743320e-01
2.369845553728727072e+00 2.706371082445888643e+00 5.551015049013097169e-01
2.372499186071929334e+00 2.708030790442800040e+00 5.498264772460497163e-01
2.375557630519697039e+00 2.709936971604658407e+00 5.437569166463829262e-01
2.378613924375128086e+00 2.711818237364430395e+00 5.379229844988010489e-01
2.381814277857461359e+00 2.713762541021685237e+00 5.332679215985282051e-01
2.384785601989161119e+00 2.715510293801347785e+00 5.308128509742627843e-01
2.387671270911298826e+00 2.717201784755077121e+00 5.290163781785518493e-01
2.390696273317865383e+00 2.718961305552801910e+00 5.271466533912672059e-01
2.393647480691402762e+00 2.720675730971869655e+00 5.250129902606048837e-01
2.397271993436888682e+00 2.722781799055823626e+00 5.220299823956017216e-01
2.400131206582680310e+00 2.724427406730775658e+00 5.193949399715586113e-01
2.403486547052426925e+00 2.726371958797203732e+00 5.160544597953409252e-01
2.406521827695435434e+00 2.728091089409065528e+00 5.135008451375678851e-01
2.409938049127609005e+00 2.730017251995119132e+00 5.113883528002800549e-01
2.413338790865254158e+00 2.731961260471910791e+00 5.070567629063871262e-01
2.416246385160210064e+00 2.733602745604265305e+00 5.022747236275316718e-01
2.419332615150474375e+00 2.735331641215809739e+00 4.968742804951566949e-01
2.422510800629871230e+00 2.737100511246669754e+00 4.916850071042463965e-01
2.425994168254949734e+00 2.739006834875929552e+00 4.866706947003204276e-01
2.429232346086883432e+00 2.740770747536733776e+00 4.825965452505782127e-01
2.432368132446763198e+00 2.742403682030199352e+00 4.795669082400773053e-01
2.435774344648665490e+00 2.744168535246050311e+00 4.779004033359606218e-01
2.439060818067393832e+00 2.745867270761279233e+00 4.764201505460977648e-01
2.442432995441328636e+00 2.747608501256741054e+00 4.743565490873686286e-01
2.446174608246487026e+00 2.749523229361415577e+00 4.715932609660938302e-01
2.446264963149074045e+00 2.749566914064762724e+00 4.715150567433100681e-01
2.449284448393050262e+00 2.751112981860015516e+00 4.687281620772748014e-01
2.452645856057579454e+00 2.752848045396890875e+00 4.651917837278772283e-01
2.455775297026933313e+00 2.754468330667584564e+00 4.612217123216204584e-01
2.458792997565740546e+00 2.756013406254590237e+00 4.562334491694587935e-01
2.461817972704170465e+00 2.757532887188544724e+00 4.511091540605343120e-01
2.465718602632097411e+00 2.759466412850386074e+00 4.449205897522595099e-01
2.469117702614546328e+00 2.761141440608304354e+00 4.401273071400934600e-01
2.472558842653032940e+00 2.762794540000900856e+00 4.358409118083597655e-01
2.476458522541254759e+00 2.764627110506477692e+00 4.314065528353788759e-01
2.480008146383625434e+00 2.766290196738748985e+00 4.276502808228687669e-01
2.483349426158772744e+00 2.767791776735088138e+00 4.249471594812215813e-01
2.486595547190215250e+00 2.769267126265972934e+00 4.232877344973345890e-01
2.490169129808177395e+00 2.770884712078743650e+00 4.215303333606625347e-01
2.493466834864419113e+00 2.772358702710975287e+00 4.194012816706237379e-01
2.496945551507757433e+00 2.773907075025560331e+00 4.167431221115442397e-01
2.500409165726199312e+00 2.775469896201422593e+00 4.135723029828095587e-01
2.508967868910113808e+00 2.779291797279096254e+00 4.048828937014705698e-01
2.512099548554397543e+00 2.780663028969856398e+00 4.014931302820012871e-01
2.515156655868787450e+00 2.782021356801427370e+00 3.963536510812610270e-01
2.518439636425410466e+00 2.783428842210251108e+00 3.902249048128503262e-01
2.521604233339697299e+00 2.784770450784773921e+00 3.846924064641593088e-01
2.524729650222365507e+00 2.786083448413453123e+00 3.799928981637576419e-01
2.528077161756161928e+00 2.787445437072436416e+00 3.756853035425327669e-01
2.531417260140586656e+00 2.788775967551114121e+00 3.718710496501806406e-01
2.534823278643495215e+00 2.790105039965018907e+00 3.687384739438852033e-01
2.538501510566345765e+00 2.791531938220807696e+00 3.663988880311555563e-01
2.542148454345865893e+00 2.792926519636041327e+00 3.641683334947670159e-01
2.545417943016303752e+00 2.794171258138913760e+00 3.619649267805240545e-01
2.548784925695219972e+00 2.795468871432122526e+00 3.590620870080865057e-01
2.552804760023030362e+00 2.796997326607399525e+00 3.552623964595130190e-01
2.552897813705663488e+00 2.797028688770974547e+00 3.551711274638078564e-01
2.556660543411811481e+00 2.798421315596753001e+00 3.519522480914714091e-01
2.560288621871356529e+00 2.799744170158864343e+00 3.504224652348161273e-01
2.563706822656455664e+00 2.801001884338443659e+00 3.489121861822827575e-01
2.567100575839960541e+00 2.802233758683032594e+00 3.470148735907773729e-01
2.570715704329219697e+00 2.803581004162672752e+00 3.439296302048268084e-01
2.570802787302253645e+00 2.803615044467501427e+00 3.438291436792172417e-01
2.573798585287251139e+00 2.804780556471007547e+00 3.393837786918421640e-01
2.576829058000852601e+00 2.805843072235315372e+00 3.329255631796331771e-01
2.580576331031130266e+00 2.807146972548236086e+00 3.243540565186456281e-01
2.584245703209032019e+00 2.808399785470593546e+00 3.169921314716310223e-01
2.588129055415074653e+00 2.809697725207892738e+00 3.113677753280709171e-01
2.592089956910490933e+00 2.810959376259408060e+00 3.071326975271739257e-01
2.595988195152475253e+00 2.812178345381520117e+00 3.036006548849606301e-01
2.599564382356780889e+00 2.813294694993837552e+00 3.006091352958085716e-01
2.603240220300567564e+00 2.814450725543468756e+00 2.975808869455993655e-01
2.606433288408191107e+00 2.815435555287791214e+00 2.948541565341145643e-01
2.610097399487691483e+00 2.816534972893928401e+00 2.921438384360776075e-01
2.613674219811857213e+00 2.817610236986114902e+00 2.902262860729828420e-01
2.617447669588863768e+00 2.818738274931053667e+00 2.881292690255673472e-01
2.617549011514440416e+00 2.818768280708151774e+00 2.880633864834244995e-01
2.620896867203966529e+00 2.819758985737767620e+00 2.855111836570284889e-01
2.624167495975821218e+00 2.820729104357491135e+00 2.826607097854844652e-01
2.627810219474040476e+00 2.821802833209246408e+00 2.793111337542078521e-01
2.631169668168828579e+00 2.822761912824574448e+00 2.761429723596087737e-01
2.634801402715922336e+00 2.823779442257031036e+00 2.734073420193752213e-01
2.638123483465619756e+00 2.824707623872519502e+00 2.718902375869344801e-01
2.641714194422702722e+00 2.825709296337047594e+00 2.700938741056810866e-01
2.645327510418084671e+00 2.826704768439272097e+00 2.677631820810125185e-01
2.649266379288919282e+00 2.827800604015457964e+00 2.646609444371437747e-01
2.649356709951755207e+00 2.827831750727480387e+00 2.645756018217148009e-01
2.652686143427744447e+00 2.828789145418163731e+00 2.597237311718954000e-01
2.656208093175814078e+00 2.829740938109399195e+00 2.522017589793706938e-01
2.659859411525345330e+00 2.830715006641693066e+00 2.442790504189632228e-01
2.663719717175929258e+00 2.831740814779207138e+00 2.372380339315155739e-01
2.667048130500620395e+00 2.832582663093459630e+00 2.322415884570838973e-01
2.670906834523937512e+00 2.833508584489772719e+00 2.277891400665075505e-01
2.674571763163474891e+00 2.834356451162889812e+00 2.242862730028177820e-01
2.678537442585993134e+00 2.835268639898132381e+00 2.207630675463953529e-01
2.682371338777570280e+00 2.836129717151021801e+00 2.176087023305944834e-01
2.686139370268530335e+00 2.836954449346428042e+00 2.147466388831986428e-01
2.686334537351628526e+00 2.836992598510121422e+00 2.146179569474631899e-01
2.690068765027201714e+00 2.837805762713037083e+00 2.120452135620132239e-01
2.694201936649896822e+00 2.838699868589874775e+00 2.090120131774820256e-01
2.697732088586184407e+00 2.839455899210062917e+00 2.062593110480623881e-01
2.701957586100997233e+00 2.840352213411524662e+00 2.026388963213139327e-01
2.705601339870688626e+00 2.841113337299997266e+00 1.993263328630693054e-01
2.709481114021356163e+00 2.841901546038017035e+00 1.961920767184205661e-01
2.713260747124301986e+00 2.842652764929609610e+00 1.938781218862478395e-01
2.716901003781927670e+00 2.843368547914344013e+00 1.916406823670128434e-01
2.720846224576213501e+00 2.844130738187363505e+00 1.888384048864923948e-01
2.724513820770085637e+00 2.844846808520975046e+00 1.859516410600528247e-01
2.724612254838768344e+00 2.844867755189582681e+00 1.858732377465540375e-01
2.734685680390051665e+00 2.846819191153242556e+00 1.767430791693215264e-01
2.738603442057900850e+00 2.847527818237363118e+00 1.731581304699436885e-01
2.742582112608801914e+00 2.848234910756658245e+00 1.699495717609043610e-01
2.746753873098521925e+00 2.848943718921510992e+00 1.675072588469514456e-01
2.750332975085818532e+00 2.849549014311942408e+00 1.652919311531148017e-01
2.753887670250046327e+00 2.850159688628489896e+00 1.628300613888450099e-01
2.758281831751669522e+00 2.850866604052286757e+00 1.604910385779275139e-01
2.762233856706989510e+00 2.851511696795868023e+00 1.582693421691890034e-01
2.765779982510500723e+00 2.852145383023218184e+00 1.543688156199230221e-01
2.768865250008710976e+00 2.852642723496929378e+00 1.486031079308441083e-01
2.772046895238572173e+00 2.853112931299581323e+00 1.413458177248408665e-01
2.775337784287429610e+00 2.853606411041938795e+00 1.342941629763890754e-01
2.779314068153403205e+00 2.854164459279370902e+00 1.269953789699119484e-01
2.783081856112803010e+00 2.854674486236524977e+00 1.217727417588416738e-01
2.786388762111634776e+00 2.855096091447142381e+00 1.180258756197022640e-01
2.790011365147304190e+00 2.855515239353260792e+00 1.150047823600553742e-01
2.793297943912862902e+00 2.855903394580980414e+00 1.127780956206683727e-01
2.797394206967140029e+00 2.856365930182516166e+00 1.100270361390828511e-01
2.800888408098368032e+00 2.856739337683546598e+00 1.074975800563991030e-01
2.804775763593711169e+00 2.857155733284340027e+00 1.044509482314084498e-01
2.808581639601920976e+00 2.857548590814416478e+00 1.015504819041663648e-01
2.812075966805902993e+00 2.857895540288061031e+00 9.899840006187800301e-02
2.815460076635575071e+00 2.858217503117690850e+00 9.640876678502746655e-02
2.819248874071645261e+00 2.858581409339714607e+00 9.338305613531928950e-02
2.823236505188908563e+00 2.858947894236368192e+00 9.010737237999659477e-02
2.827623205865860356e+00 2.859363014254618918e+00 8.645399673046380573e-02
2.831112206721430713e+00 2.859676902801201237e+00 8.347906412617084326e-02
2.834894707902591016e+00 2.859999540437641041e+00 8.066337366052127311e-02
2.839284226810776524e+00 2.860348215203923683e+00 7.760701398059099976e-02
2.842868832939302592e+00 2.860632923001595884e+00 7.499030838396519849e-02
2.846351787391834254e+00 2.860908912345805355e+00 7.229809733132243343e-02
2.850314169969218714e+00 2.861211748071718741e+00 6.915918212307614610e-02
2.854302279064917069e+00 2.861489165251662303e+00 6.583235088925708245e-02
2.858394166013749516e+00 2.861771164123683153e+00 6.269120638460813633e-02
2.862375548229085354e+00 2.862029369774858001e+00 5.994634337796822532e-02
2.866048167516583867e+00 2.862263880531104920e+00 5.735075779251573580e-02
2.869911377704637889e+00 2.862499398589277266e+00 5.449831076992770612e-02
2.870011318736492179e+00 2.862505144101342935e+00 5.442135701598565384e-02
2.873980499127742227e+00 2.862726020929970971e+00 5.120334602759415293e-02
2.877622919437972548e+00 2.862949644051088871e+00 4.824278146536673667e-02
2.881088602494767947e+00 2.863145117114705762e+00 4.540477383575840936e-02
2.884669633276375045e+00 2.863322189143043595e+00 4.273896335215771752e-02
2.888944593660605964e+00 2.863521667938034643e+00 3.974113717264616402e-02
2.893011153977353977e+00 2.863704937095313596e+00 3.681613456494987890e-02
2.896286890103224820e+00 2.863830918828639049e+00 3.440491909760757389e-02
2.899948675549620880e+00 2.863960965143787174e+00 3.153403285310717868e-02
2.903316652584932100e+00 2.864097931168795075e+00 2.882335255874464430e-02
2.907269537961692851e+00 2.864235624746739539e+00 2.559343289705580393e-02
2.911330286197816086e+00 2.864366697757186220e+00 2.247369608642247468e-02
2.914986103086116831e+00 2.864460180864201178e+00 1.984706136890825728e-02
2.918842681243787318e+00 2.864553525050501204e+00 1.707799133023290422e-02
2.922781904459727187e+00 2.864652362137272146e+00 1.415550422226272663e-02
2.926420609846749343e+00 2.864731192189739595e+00 1.134962016893036919e-02
2.930250093844960269e+00 2.864811224381552890e+00 8.352930931381830765e-03
2.934289068020651925e+00 2.864873883913704677e+00 5.381202971674463841e-03
2.934386470641935585e+00 2.864876566939624336e+00 5.310435672598395017e-03
2.938323433358055681e+00 2.864923981938656716e+00 2.385309184570597041e-03
2.942058490544575466e+00 2.864972257065893313e+00 -4.252170874971021521e-04
2.945394628188096497e+00 2.864997701646715189e+00 -2.947326299970838212e-03
2.949030878745379169e+00 2.865017484745735921e+00 -5.757336577557536569e-03
2.958058145210014533e+00 2.864985398976810593e+00 -1.286506733609292345e-02
2.961692464061220775e+00 2.864958987049744277e+00 -1.578041582908988605e-02
2.961789507193409055e+00 2.864956737534222864e+00 -1.585974539676458100e-02
2.965243168954374564e+00 2.864915549736914091e+00 -1.855716379998633911e-02
2.968874790248029250e+00 2.864872049256926179e+00 -2.123745760597667981e-02
2.972699329117409750e+00 2.864792993571855018e+00 -2.406728207302396769e-02
