2.250361478725090514e+00 7.499644856657482483e-01 -1.201969762756600175e-04
2.250482036947773157e+00 7.499477576034722093e-01 -1.549562146316331164e-04
2.250502195585262211e+00 7.499410099082552961e-01 -4.865760026098159800e-05
2.250543637109401196e+00 7.499355725508365378e-01 3.631120561246977329e-04
2.250592914853273285e+00 7.499298702406339556e-01 1.095438442472981659e-03
2.250649783820116046e+00 7.499346941671207745e-01 1.992243673352460474e-03
2.250759095539142773e+00 7.499331957218803302e-01 3.245335973812866082e-03
2.250826513102881066e+00 7.499248240433933343e-01 4.809521880010716836e-03
2.250871077867913961e+00 7.499183168910690256e-01 6.700215970783924418e-03
2.250940754706644675e+00 7.499253972482268216e-01 9.402839305574331105e-03
2.250944027295685324e+00 7.499248450835184210e-01 9.469414393740473168e-03
2.251017882317121632e+00 7.499304876190853175e-01 1.211184722320605804e-02
2.251174696151776011e+00 7.499301986855105850e-01 1.485815206207449432e-02
2.251290103319602665e+00 7.499343723470948131e-01 1.797671385243219608e-02
2.251368321695970565e+00 7.499307110895977457e-01 2.186939678201912582e-02
2.251369764231423432e+00 7.499320055312309607e-01 2.197664370144610316e-02
2.251424962136267638e+00 7.499201694870718526e-01 2.601191872670709226e-02
2.251486760216257821e+00 7.499214616111370413e-01 3.011872207926605260e-02
2.251599498944384159e+00 7.499357868243927694e-01 3.496358165438169519e-02
2.251678087532723360e+00 7.499316751299921480e-01 4.012966513716389322e-02
2.251739899146719015e+00 7.499333562333304615e-01 4.573177018556496415e-02
2.251952566446248749e+00 7.499489285988023557e-01 5.958043211873774447e-02
2.251959188278890522e+00 7.499497136656237961e-01 6.075014733649433674e-02
2.252092976774457078e+00 7.499668027964102590e-01 6.687201498606473726e-02
2.252149158639900950e+00 7.499682039775157349e-01 7.432062876697327625e-02
2.252200790167210975e+00 7.499664061843557272e-01 8.126251587975560908e-02
2.252245309514808280e+00 7.499677116680024680e-01 9.005074495852206928e-02
2.252308303034592729e+00 7.499746755135988652e-01 9.830998282300505708e-02
2.252484682893851176e+00 7.500059766599534994e-01 1.058456202168223254e-01
2.252649801827071308e+00 7.500254974213144132e-01 1.129715236652636401e-01
2.252777578637728872e+00 7.500295774704348606e-01 1.240919328184608705e-01
2.252874668395151936e+00 7.500353149157751309e-01 1.332515912079522691e-01
2.252914715506114884e+00 7.500459386413375062e-01 1.424572002360055267e-01
2.253015757287438525e+00 7.500663300793127819e-01 1.526379169711636896e-01
2.253086985016449439e+00 7.500682237848232958e-01 1.634850067120509898e-01
2.253145662308984498e+00 7.500801662246011636e-01 1.730436284006277026e-01
2.253202709593583819e+00 7.500901127736288032e-01 1.834550334069078581e-01
2.253263460726697254e+00 7.500982060313738931e-01 1.943928348030937447e-01
2.253350539503371053e+00 7.501196572196228152e-01 2.041936963833644869e-01
2.253404504440387868e+00 7.501343893299148302e-01 2.143759619503218250e-01
2.253466563001484513e+00 7.501464557885739737e-01 2.239911028406767479e-01
2.253587895987277712e+00 7.501872031096488147e-01 2.343388531810142728e-01
2.253675249763112731e+00 7.502066417780718366e-01 2.440959119377555664e-01
2.253746901133908853e+00 7.502272797930701342e-01 2.553588688472925305e-01
2.253805635766707560e+00 7.502474770687933558e-01 2.663819803648113105e-01
2.253913033016976986e+00 7.502770622093625219e-01 2.767503635409643281e-01
2.253994199320719982e+00 7.503049973846012133e-01 2.880122848055897689e-01
2.254092096818585578e+00 7.503469475333368610e-01 2.981293398705140429e-01
2.254198371453540961e+00 7.503849167444365253e-01 3.091120820058811391e-01
2.254287449998898740e+00 7.504122978202846239e-01 3.195996577249730075e-01
2.254391402902007790e+00 7.504573499803665060e-01 3.298428238450056837e-01
2.254482935107832819e+00 7.504958745328702552e-01 3.407058033378294049e-01
2.254485789608201340e+00 7.504978135637707659e-01 3.409838615016588803e-01
2.254592199172258393e+00 7.505462056006793059e-01 3.513159185331520828e-01
2.254687850908502877e+00 7.505916563393417729e-01 3.614295291596850701e-01
2.254791312513826806e+00 7.506345615040691532e-01 3.712008596150344619e-01
2.254911561613155424e+00 7.506859304561686042e-01 3.814966786762170603e-01
2.255025907351811743e+00 7.507363400800671771e-01 3.909438461816642785e-01
2.255142744636508212e+00 7.508053956280024144e-01 4.014750069513715602e-01
2.255244978541405931e+00 7.508520507519057530e-01 4.118696784440966652e-01
2.255371348128696773e+00 7.509246678748160431e-01 4.234337209252627132e-01
2.255458224206236650e+00 7.509799392870332158e-01 4.339692396643600181e-01
2.255564721357169233e+00 7.510377192099059185e-01 4.449916444099450974e-01
2.255684896770116854e+00 7.511070871323135556e-01 4.572222501873762224e-01
2.255813924875232246e+00 7.511839976084609960e-01 4.685258908861935079e-01
2.255816147288698392e+00 7.511836058468417399e-01 4.688053864087557976e-01
2.255906487876407240e+00 7.512407399156797450e-01 4.790905314076439603e-01
2.256014787229553065e+00 7.512999240461684103e-01 4.886201917451053478e-01
2.256129146620892811e+00 7.513744511054070152e-01 5.003134644764888339e-01
2.256249744070451424e+00 7.514409689187077079e-01 5.105412582664113907e-01
2.256405588680655327e+00 7.515329672680747253e-01 5.217387031681531839e-01
2.256408670303078345e+00 7.515351068772658794e-01 5.220218832722909319e-01
2.256505931002112941e+00 7.515896009034349623e-01 5.327631382050549425e-01
2.256634197510290374e+00 7.516599482143886402e-01 5.433435271847805170e-01
2.256712994364745484e+00 7.517243953860037742e-01 5.536195804993454539e-01
2.256838006364667137e+00 7.517962274570617609e-01 5.628058026577086315e-01
2.256952363808661932e+00 7.518827732141326603e-01 5.736493093347770911e-01
2.257071015660736535e+00 7.519773066181054677e-01 5.838154890758001647e-01
2.257396690897188751e+00 7.522241896191564914e-01 6.111982475638866319e-01
2.257497544759226038e+00 7.522984092562119418e-01 6.212116934073329544e-01
2.257607850492020063e+00 7.523689844245404768e-01 6.316425850153429833e-01
2.257724938582925667e+00 7.524660316646454294e-01 6.431133531068370379e-01
2.257802442946175159e+00 7.525233524747017011e-01 6.529709986277868472e-01
2.257904294195423489e+00 7.526158240287329493e-01 6.652444060282330929e-01
2.258023668323156485e+00 7.527036225722086860e-01 6.763801922747526563e-01
2.258096371116747658e+00 7.527659560613999545e-01 6.872492333156886568e-01
2.258184026977557046e+00 7.528467744325930688e-01 6.983675567434876053e-01
2.258270034778116830e+00 7.529168243169133135e-01 7.085119926120285738e-01
2.258318310783838267e+00 7.529702086482106260e-01 7.184838035821009550e-01
2.258390603958262854e+00 7.530599444532659614e-01 7.281429767633313954e-01
2.258487512868510461e+00 7.531461529681264810e-01 7.389902246700041921e-01
2.258491327455609543e+00 7.531496125938456077e-01 7.392677239658347332e-01
2.258565296674551970e+00 7.532417581075783186e-01 7.490330438641759070e-01
2.258658891628053222e+00 7.533382061379282346e-01 7.587208678118851912e-01
2.258725949811405176e+00 7.533962437377418331e-01 7.689697806001926095e-01
2.258768365440238401e+00 7.534521693233470208e-01 7.786093965712338472e-01
2.258850516102055561e+00 7.535468631732912259e-01 7.900775829940082096e-01
2.258900470196687493e+00 7.536167794463776159e-01 8.002301697649973899e-01
2.258991427236414662e+00 7.536963017714104485e-01 8.101609470447094230e-01
2.259065274161060177e+00 7.537716592031384888e-01 8.199974110396539562e-01
2.259148640822105314e+00 7.538646109378823734e-01 8.306308857356392572e-01
2.259210992287915776e+00 7.539430856885127596e-01 8.419856566355149452e-01
2.259270772785654025e+00 7.540177746050477081e-01 8.524230225245758019e-01
2.259334771471578573e+00 7.541073612473107035e-01 8.631101851127526148e-01
2.259393151657899779e+00 7.541945877616496041e-01 8.729042986774406820e-01
2.259428993510764538e+00 7.542462559863866156e-01 8.839062906613073256e-01
2.259511930091648857e+00 7.543447221247302492e-01 8.941456169607936433e-01
2.259584083105907748e+00 7.544423559164418203e-01 9.045076220521834909e-01
2.259660973111997428e+00 7.545472583436592107e-01 9.153597491544712694e-01
2.259662295284552869e+00 7.545496652440301100e-01 9.156376367599257105e-01
2.259751079348843561e+00 7.546596609061135830e-01 9.268353056394990075e-01
2.259754362024441132e+00 7.546644616610513889e-01 9.274044041279810857e-01
2.259822431923981689e+00 7.547662625432109973e-01 9.381016380455126091e-01
2.259859777815384163e+00 7.548221864051697372e-01 9.480905383825227739e-01
2.259910792934231694e+00 7.549040237928462682e-01 9.581874462554353933e-01
2.259992082704866956e+00 7.550285460702819140e-01 9.687722043639714897e-01
2.260080156685225550e+00 7.551659235243691759e-01 9.804826091650238329e-01
2.260149426423359920e+00 7.552688102342102194e-01 9.926579976134177752e-01
2.260195564540364632e+00 7.553659194114016318e-01 1.004368210949123874e+00
2.260206588939696726e+00 7.554221837244603499e-01 1.015926709466701716e+00
2.260282452514121410e+00 7.555496588515123735e-01 1.027254064368326336e+00
2.260340549881349581e+00 7.556364510132324019e-01 1.038887395510240008e+00
2.260387496089445225e+00 7.557262091979430885e-01 1.049033963237798739e+00
2.260455823507944828e+00 7.558459823852995418e-01 1.060206248922848538e+00
2.260525089785649033e+00 7.559855104526236325e-01 1.070501687899874099e+00
2.260560723900439495e+00 7.560668794354719058e-01 1.081828262473258473e+00
2.260603945404418891e+00 7.561586546218979077e-01 1.092447995809483707e+00
2.260647283797466045e+00 7.562489679910242568e-01 1.102496966041784043e+00
2.260654169382101397e+00 7.563256797576378698e-01 1.113093291617829106e+00
2.260703034727204574e+00 7.564374969894160916e-01 1.124432443535605453e+00
2.260751549631353718e+00 7.565529547601298477e-01 1.134153659268404946e+00
2.260791157193331458e+00 7.566836695859209261e-01 1.145318287953050573e+00
2.260791983445674891e+00 7.566876707929341972e-01 1.145597870489213355e+00
2.260852952808177552e+00 7.569174007871787291e-01 1.170688955165308798e+00
2.260884083797513266e+00 7.570181355479072005e-01 1.180612453913522097e+00
2.260920713810805616e+00 7.571183612621616987e-01 1.190379628772507026e+00
2.260963621060661399e+00 7.572236616013137134e-01 1.200710293919855509e+00
2.260982398565019036e+00 7.572929629089569792e-01 1.210179509626990058e+00
2.261008672632681904e+00 7.573900235188592012e-01 1.220189746490159211e+00
2.261015614138178087e+00 7.574401715404999180e-01 1.230785663090322890e+00
2.261035895694800679e+00 7.575171657464234709e-01 1.241475923743548870e+00
2.261061633465645482e+00 7.576328147591570028e-01 1.251259890308186851e+00
2.261079583201672794e+00 7.577291342248043682e-01 1.261599388998903670e+00
2.261101758946301388e+00 7.578328805900396148e-01 1.271428731300985771e+00
2.261129790331319889e+00 7.579440003500863554e-01 1.281995823628404585e+00
2.261151449028317550e+00 7.580636791936633534e-01 1.292380328831786551e+00
2.261168385655541790e+00 7.581727567454823458e-01 1.304389333612181456e+00
2.261186766149180016e+00 7.582727484743021495e-01 1.314615136389345462e+00
2.261214153214424094e+00 7.583976834850214566e-01 1.324874519123169447e+00
2.261242836840259507e+00 7.585473907273665439e-01 1.336334181687246936e+00
2.261262772705402213e+00 7.586981365178308012e-01 1.348263939746530582e+00
2.261270551090039049e+00 7.587496630277452692e-01 1.358005314937743790e+00
2.261264520570708925e+00 7.587891901082873813e-01 1.368292827916556931e+00
2.261262606814356424e+00 7.588547450250857640e-01 1.380406848492545135e+00
2.261262777085205400e+00 7.588539126633950804e-01 1.380693173025367093e+00
2.261260173747559499e+00 7.589897618043988103e-01 1.392967303596393869e+00
2.261259537670786024e+00 7.589926131748606641e-01 1.393249267134351710e+00
2.261264526616696191e+00 7.590887233419509883e-01 1.404010881680786360e+00
2.261276213728550921e+00 7.591851181948825467e-01 1.413873400346640441e+00
2.261275593596895117e+00 7.591875258049172182e-01 1.414155695239940336e+00
2.261292873050176677e+00 7.593205024931531932e-01 1.424449438976966409e+00
2.261297592927250744e+00 7.594193931737855952e-01 1.434552537273982686e+00
2.261302040890508014e+00 7.595254167674279078e-01 1.444582370436127139e+00
2.261300628450535033e+00 7.596562150563810345e-01 1.454771199276600147e+00
2.261294969116737885e+00 7.597733642310749991e-01 1.465419253590349857e+00
2.261298349087251136e+00 7.598974246361460683e-01 1.475675926959207018e+00
2.261306548974108654e+00 7.600270282060777038e-01 1.487308262542663462e+00
2.261300761650617996e+00 7.601805706047729538e-01 1.497417206741044060e+00
2.261294647688647075e+00 7.602452762688812760e-01 1.508837648335782156e+00
2.261292886050628503e+00 7.603626723226915018e-01 1.519415537867326194e+00
2.261289565023653747e+00 7.604610041713877333e-01 1.529116878837900151e+00
2.261271138024190996e+00 7.606085822718618994e-01 1.540521274954066655e+00
2.261266506627953810e+00 7.607564272800511063e-01 1.552636001838073598e+00
2.261256964227444488e+00 7.609001845219446336e-01 1.562859893014719503e+00
2.261250711062849916e+00 7.610321435915524679e-01 1.574713489427705726e+00
2.261242465581273731e+00 7.611423294017369834e-01 1.584872300402619061e+00
2.261228291403866386e+00 7.612822876065374889e-01 1.595127163647323432e+00
2.261213712726930503e+00 7.614243237013842425e-01 1.606291069343367628e+00
2.261201582338035809e+00 7.615740963453946355e-01 1.617653944626868068e+00
2.261197872485567029e+00 7.615743467904788622e-01 1.617935387418456328e+00
2.261175591145252017e+00 7.617193932784114274e-01 1.628755790195404618e+00
2.261156827320935925e+00 7.618735369260660750e-01 1.638899043678674339e+00
2.261134206851411310e+00 7.620271325774262694e-01 1.650477923863127971e+00
2.261099982517845941e+00 7.621917473582909830e-01 1.662082085383833840e+00
2.261076390595452512e+00 7.623327437721666433e-01 1.673951368369209103e+00
2.261054682972764684e+00 7.624728995278893251e-01 1.683531968149102775e+00
2.261020549311424155e+00 7.626068915368846568e-01 1.693750280601563185e+00
2.261002072272660257e+00 7.627207168375458313e-01 1.703804425189499927e+00
2.260981506522215412e+00 7.628308582068231702e-01 1.714764400789350551e+00
2.260943438029150876e+00 7.629813085599072009e-01 1.725822074173498200e+00
2.260920053120957007e+00 7.630985235709363268e-01 1.735497617959056660e+00
2.260885655451502441e+00 7.632484039016578237e-01 1.746574814861680203e+00
2.260862129643975926e+00 7.633686197813971397e-01 1.756965914156246589e+00
2.260839697601497278e+00 7.634910845383116040e-01 1.769007040711279677e+00
2.260806704629787944e+00 7.636043697318473100e-01 1.780607154458595520e+00
2.260805143502481407e+00 7.636066904408657097e-01 1.780884774316183528e+00
2.260717995365867150e+00 7.638933910034482189e-01 1.806699998360419057e+00
2.260660830514124697e+00 7.640375659379639028e-01 1.817779412428526475e+00
2.260612155250310007e+00 7.641494995523646638e-01 1.829517153573712918e+00
2.260576635193627837e+00 7.642555692509178655e-01 1.839514108625899702e+00
2.260523460650723848e+00 7.643737395378156219e-01 1.849144358027486224e+00
2.260478081993855248e+00 7.645084019527901287e-01 1.859385572132719711e+00
2.260439810900388480e+00 7.646199044134195377e-01 1.869060044958430700e+00
2.260382208143569827e+00 7.647392897297577985e-01 1.880165274768796912e+00
2.260345089609948399e+00 7.648802132715332158e-01 1.891122211166588185e+00
2.260302567588382772e+00 7.649766719758486211e-01 1.901505331017938394e+00
2.260256822116441633e+00 7.650838159219518486e-01 1.911731635719655209e+00
2.260205976322950061e+00 7.652077484017114628e-01 1.922010152106176539e+00
2.260164614926168269e+00 7.653117404587226336e-01 1.931126058635983300e+00
2.260121794142552432e+00 7.654245814199048814e-01 1.940742047194719211e+00
2.260077467751669289e+00 7.655369823716656752e-01 1.951370912994677909e+00
2.260040853766586366e+00 7.656284001395070593e-01 1.961162348619936768e+00
2.259996649876685471e+00 7.657332309714415253e-01 1.971190598292461349e+00
2.259924716553487922e+00 7.658637594851015473e-01 1.981311224392409809e+00
2.259864501326576125e+00 7.659891911310464652e-01 1.992349524767829116e+00
2.259863372478299048e+00 7.659935632507594017e-01 1.992629584752100280e+00
2.259797812595330857e+00 7.661238478914740302e-01 2.004218885480346213e+00
2.259727917584635204e+00 7.662256265211561113e-01 2.014383275145366525e+00
2.259655988190782061e+00 7.663421729921251480e-01 2.024479905976916072e+00
2.259594664053596436e+00 7.664594504657969987e-01 2.034183991504361355e+00
2.259538364947612621e+00 7.665687411720376598e-01 2.043924302728735487e+00
2.259464855815916717e+00 7.666880533913607021e-01 2.054100235914145145e+00
2.259375761607182120e+00 7.668238339593533848e-01 2.064764607368458016e+00
2.259303234133231530e+00 7.669309471944898426e-01 2.074086158083861875e+00
2.259219994113261354e+00 7.670738436308410790e-01 2.085900884725515159e+00
2.259218310070083113e+00 7.670750247623880913e-01 2.086180466358135366e+00
2.259146011609975968e+00 7.671986960163897917e-01 2.097094714232488499e+00
2.259084213782271533e+00 7.673087983890554131e-01 2.107983865056652473e+00
2.259011001684678277e+00 7.674269210658885010e-01 2.117999905049953391e+00
2.258933164357391110e+00 7.675545580131903911e-01 2.128323318304982781e+00
2.258847077337158282e+00 7.676693172882391725e-01 2.139713128902015260e+00
2.258765534448792245e+00 7.677852422390015752e-01 2.150517208365899879e+00
2.258681582066959237e+00 7.679013001996930488e-01 2.161637868291308884e+00
2.258616768063785862e+00 7.680131120428869140e-01 2.171683581838245836e+00
2.258530996188723883e+00 7.681289957859254169e-01 2.183044247157432505e+00
2.258446070260955896e+00 7.682268559248316420e-01 2.193237644060257452e+00
2.258371710899498286e+00 7.683178509860479899e-01 2.202847973871469023e+00
2.258266650274523446e+00 7.684354142119883546e-01 2.214594961442394982e+00
2.258186858385099693e+00 7.685253325807969160e-01 2.223578314285282076e+00
2.258103153342008174e+00 7.686025728012884084e-01 2.233334926248230268e+00
2.258031100391688195e+00 7.686930578486200760e-01 2.243676452268969612e+00
2.257592270491012965e+00 7.692273129840486723e-01 2.254439758601815225e+00
2.255473704961901138e+00 7.717633905598746402e-01 2.264896469188995010e+00
2.251613110073297896e+00 7.763109170075632726e-01 2.275206135868984347e+00
2.246529851040283798e+00 7.821632272105554229e-01 2.286204285476015841e+00
2.246401340304167160e+00 7.823204346512427909e-01 2.286502110421048783e+00
2.241964006860471148e+00 7.873307027030389538e-01 2.296519780991525650e+00
2.236601699350769135e+00 7.932285634085021186e-01 2.308387588243322686e+00
2.230972629782590033e+00 7.992644653484527462e-01 2.320660199124442880e+00
2.230834297265778421e+00 7.994066058255571150e-01 2.320963164212368479e+00
2.226059890174453049e+00 8.043841053329321422e-01 2.330755828876776459e+00
2.221084668509436089e+00 8.094418469177823150e-01 2.339169509598869823e+00
2.216232650423453965e+00 8.142879667681384159e-01 2.345303235546418286e+00
2.204259240200858283e+00 8.255660082322613391e-01 2.350308641914962138e+00
2.200021175445147303e+00 8.296324020664733734e-01 2.346656551515095668e+00
2.195267022378272426e+00 8.343408725316497909e-01 2.340652191655739234e+00
2.190461205163901859e+00 8.392240723944898173e-01 2.333343804327187243e+00
2.185538686255368734e+00 8.442615604124562578e-01 2.324266362106708339e+00
2.180461037266440361e+00 8.496725627962636862e-01 2.314703432933507443e+00
2.180328137694144353e+00 8.498050134718491133e-01 2.314477780912796767e+00
2.175164639526181443e+00 8.553212691220417607e-01 2.304804129092544507e+00
2.169927461874122443e+00 8.610868661931561086e-01 2.295347245550614090e+00
2.165370243685733609e+00 8.661838915142585638e-01 2.287073548997400341e+00
2.160163341071830168e+00 8.720683787012846189e-01 2.280245865573070851e+00
2.154873587382231115e+00 8.782174579864080455e-01 2.276100736046553941e+00
2.154748567330273534e+00 8.783705237746980421e-01 2.276012059438794477e+00
2.149416670940381469e+00 8.846646954938313101e-01 2.272809894065982661e+00
2.144907729170500765e+00 8.900184139556337470e-01 2.270595771292382992e+00
2.140388899912839094e+00 8.954086355636383665e-01 2.268649018736397682e+00
2.135626467107879289e+00 9.010675623064507977e-01 2.267076550186805761e+00
2.130911838927882052e+00 9.066959214933147937e-01 2.265067120005968437e+00
2.126015330351197719e+00 9.125431176883793682e-01 2.262201150036502018e+00
2.121293527390961220e+00 9.181564227422798208e-01 2.258862556463783644e+00
2.116516471968906465e+00 9.238557014503046005e-01 2.254928971167648122e+00
2.111990693689252296e+00 9.293625736136568172e-01 2.251531300619901366e+00
2.107715789737730550e+00 9.345905981711715160e-01 2.248569893427009969e+00
2.103150032093337618e+00 9.402316817484903666e-01 2.245230322886247798e+00
2.098650835743179233e+00 9.457797277435058270e-01 2.241575587943005043e+00
2.094092302655915727e+00 9.514774242476412569e-01 2.237398190102566353e+00
2.089933566373858298e+00 9.566896822020829472e-01 2.233946411116928488e+00
2.086055377360313656e+00 9.616220471445049434e-01 2.231166757379423160e+00
2.081755351407081900e+00 9.670947122429059961e-01 2.227884121056280531e+00
2.077833041537882508e+00 9.721012866402515273e-01 2.224664782449488065e+00
2.073779207561110116e+00 9.772861462298256807e-01 2.221053654556536028e+00
2.069964649236200938e+00 9.821948998900316141e-01 2.217310202692157617e+00
2.065432270834737238e+00 9.881916764075976412e-01 2.213462591942640501e+00
2.061522275572109653e+00 9.933696051510759739e-01 2.210425318256595606e+00
2.057566195097325412e+00 9.986218468691441252e-01 2.207081500010181330e+00
2.053870370456173156e+00 1.003550412702705952e+00 2.203748451486131188e+00
2.050058178106437978e+00 1.008682535165533078e+00 2.199774697459671025e+00
2.046646055623281946e+00 1.013296057931555749e+00 2.195836374023547144e+00
2.042967655216072931e+00 1.018285544266477327e+00 2.191467736907653840e+00
2.038954102747220443e+00 1.023804397508891739e+00 2.187146700147914569e+00
2.034799267225187336e+00 1.029632128813181335e+00 2.183308430587973081e+00
2.031092647903436799e+00 1.034860475190582330e+00 2.179859468024016422e+00
2.027660496698793224e+00 1.039764671417096942e+00 2.176443972045799757e+00
2.023485380126679445e+00 1.045695035783050342e+00 2.171967067968690213e+00
2.019717450156568894e+00 1.051090490185601745e+00 2.167461321194942947e+00
2.016365488762198677e+00 1.056006282475043800e+00 2.163815711696448929e+00
2.013192824610170462e+00 1.060680975537815263e+00 2.160671388446754104e+00
2.009874503233376242e+00 1.065579734112594990e+00 2.157268633027245919e+00
2.006765683863544592e+00 1.070157469942766948e+00 2.153870813720365707e+00
2.003704897810524965e+00 1.074688535505767373e+00 2.150244218783457395e+00
1.999999001743413052e+00 1.080311356609270579e+00 2.145310095435576159e+00
1.999904752514019668e+00 1.080449032949555743e+00 2.145187618324353451e+00
1.996726588788994672e+00 1.085271819795059711e+00 2.141041075306294506e+00
1.993029067197698678e+00 1.091014779396324741e+00 2.137172954742538877e+00
1.989626882577253397e+00 1.096298755262210989e+00 2.133586828266959667e+00
1.986465785976904153e+00 1.101247473149565392e+00 2.129884481898649540e+00
1.983179481516969656e+00 1.106443261864070493e+00 2.125660232630445012e+00
1.974753021070530856e+00 1.119981372196345859e+00 2.113577977190256973e+00
1.971281803330433346e+00 1.125584738755905034e+00 2.108403909641355600e+00
1.968534462733183332e+00 1.130113235856941234e+00 2.104492961718915645e+00
1.965586924436949268e+00 1.135049385215816553e+00 2.100691480859554705e+00
1.962297020238150447e+00 1.140627744856092196e+00 2.096328913809368366e+00
1.959235672070087864e+00 1.145841577755353224e+00 2.092068142524295293e+00
1.956525114511143970e+00 1.150493769129615540e+00 2.088009761143151177e+00
1.953564577887449749e+00 1.155615410310324664e+00 2.083268016780658982e+00
1.950868908582740868e+00 1.160219124095686505e+00 2.078906013936414610e+00
1.948116535983235309e+00 1.165091375150511865e+00 2.073900329584116520e+00
1.945161007646360796e+00 1.170389870573352420e+00 2.068216584599428920e+00
1.942450171740917275e+00 1.175373323627437960e+00 2.063483712076214172e+00
1.939803503221229963e+00 1.180225998543359189e+00 2.059559219913139394e+00
1.937271863183850362e+00 1.184940416064251156e+00 2.055856912033902528e+00
1.934626285020109915e+00 1.189864227816347597e+00 2.051801982785609990e+00
1.932112404890230062e+00 1.194620099838302973e+00 2.047581051115526130e+00
1.929543565099891556e+00 1.199546250471082320e+00 2.042926376098210817e+00
1.927057757129942539e+00 1.204362010760203994e+00 2.037981719174562834e+00
1.924694001785979047e+00 1.208991359539309585e+00 2.033263017865641675e+00
1.921946326334939226e+00 1.214326561236304336e+00 2.027669246361001765e+00
1.919502829791928766e+00 1.219222102471995584e+00 2.023124744370865979e+00
1.916970155936891018e+00 1.224398417265930350e+00 2.018941721028350678e+00
1.914478076286064701e+00 1.229528402683283339e+00 2.014627359371868653e+00
1.911952777916697599e+00 1.234786579396032646e+00 2.009982160697932230e+00
1.909648456468262090e+00 1.239583155321248187e+00 2.005433312654085309e+00
1.907407000125061591e+00 1.244316232133221956e+00 2.000731187638447484e+00
1.905213400453216632e+00 1.248982283213529332e+00 1.995781511809771702e+00
1.903105617835784358e+00 1.253585191077923877e+00 1.990567925519146630e+00
1.901088100569932271e+00 1.258044731699969443e+00 1.985500243482737570e+00
1.898789534698812176e+00 1.263194038897610394e+00 1.979723679698357053e+00
1.896703423584885195e+00 1.267917428618999809e+00 1.974649501078227010e+00
1.894650665438450954e+00 1.272698952133671568e+00 1.970173558795701441e+00
1.892346911321517888e+00 1.278145745151057167e+00 1.965608135258407163e+00
1.892288161245661016e+00 1.278273379998451365e+00 1.965508195012330983e+00
1.890285600971445490e+00 1.283027987462724173e+00 1.961407968427908433e+00
1.888160096670804755e+00 1.288145659518333153e+00 1.956730043082019588e+00
1.888105123697493060e+00 1.288271266727183395e+00 1.956613811404262382e+00
1.886065249194255999e+00 1.293203777168814961e+00 1.951945103253887925e+00
1.884218979875508237e+00 1.297723335300887015e+00 1.947330209925699718e+00
1.882471815024044037e+00 1.302082929936288824e+00 1.942571552237657651e+00
1.880635744926519193e+00 1.306685618648954605e+00 1.937383555171973137e+00
1.878722474450199353e+00 1.311570650012613193e+00 1.931803921488189690e+00
1.876947186786965593e+00 1.316159223215485063e+00 1.926490944111577841e+00
1.875143354290194742e+00 1.320929599325985970e+00 1.921012874779252089e+00
1.875095714801217284e+00 1.321055890466250382e+00 1.920874017110259180e+00
1.873174173643783913e+00 1.326256993720197563e+00 1.914918506926196473e+00
1.871413322048035566e+00 1.331025983132358093e+00 1.909594012956565834e+00
1.869890909462581519e+00 1.335300442847368929e+00 1.904986646298795661e+00
1.868386857719915639e+00 1.339597568252524074e+00 1.901191489706968385e+00
1.866813802683628731e+00 1.344134890546055061e+00 1.897196913384121775e+00
1.865304357735892538e+00 1.348516186823529583e+00 1.893180072123906488e+00
1.863653618309204951e+00 1.353373926749896317e+00 1.888492418456099831e+00
1.862197204398569728e+00 1.357720547494266849e+00 1.884013221059673615e+00
1.860561723881751783e+00 1.362656402061524608e+00 1.878690635405904086e+00
1.858827614035916564e+00 1.367934036351157845e+00 1.872802666725095655e+00
1.857256310555055911e+00 1.372831639700003992e+00 1.867311046722599288e+00
1.855903986341540746e+00 1.377134452172251056e+00 1.862462356468099989e+00
1.854337627609673245e+00 1.382246643384535956e+00 1.856395862981005562e+00
1.853030648964657523e+00 1.386596304368058474e+00 1.851344041750407454e+00
1.851649057386783870e+00 1.391317124311570952e+00 1.845742585883402676e+00
1.848431651900569905e+00 1.402642000963040925e+00 1.832961001221936614e+00
1.847186281228319071e+00 1.407122078757625516e+00 1.827967371070095437e+00
1.845931794078357502e+00 1.411859515794966935e+00 1.823151378580963211e+00
1.844667756009960247e+00 1.416735902313685180e+00 1.818690561682741569e+00
1.843521246678344827e+00 1.421226100870205844e+00 1.814579581787364448e+00
1.842267155861545991e+00 1.426146604833679277e+00 1.809821549527831142e+00
1.841097173841846457e+00 1.430815786436258286e+00 1.804954094783397078e+00
1.840009019680863611e+00 1.435302502612452624e+00 1.800106272697213683e+00
1.838794937223672488e+00 1.440271938144001673e+00 1.794550653696924014e+00
1.837766122947508407e+00 1.444676402675856952e+00 1.789623943519691007e+00
1.836804344147683787e+00 1.448810847772818544e+00 1.784850703378427994e+00
1.835894776680358387e+00 1.452815282473719272e+00 1.780191566384703661e+00
1.834865303716387119e+00 1.457500672686914633e+00 1.774609551626026294e+00
1.833951532995068856e+00 1.461748038798797111e+00 1.769533405879760046e+00
1.832894155972181416e+00 1.466784726805015371e+00 1.763619744358470465e+00
1.832004728636167812e+00 1.471122061258594904e+00 1.758545783884228886e+00
1.831062248847637353e+00 1.475826651496405351e+00 1.753125058906322531e+00
1.830247110564373614e+00 1.480034405365813432e+00 1.748357723683117371e+00
1.829433283236323815e+00 1.484365505759413395e+00 1.743456519911132929e+00
1.828653704485676323e+00 1.488694485948582225e+00 1.738591715984295405e+00
1.827839372285707142e+00 1.493234966335924563e+00 1.733502561772422235e+00
1.827047060661975975e+00 1.497898796883917694e+00 1.728251484526980963e+00
1.827025513826149972e+00 1.498018239165440635e+00 1.728123733045063171e+00
1.826275097386003576e+00 1.502418893183069981e+00 1.723116496187413249e+00
1.826256809975214557e+00 1.502533147942211933e+00 1.722983794769188837e+00
1.825506429934683705e+00 1.507074495923003798e+00 1.717777676215320293e+00
1.825488210131586131e+00 1.507190281927174080e+00 1.717646334185724211e+00
1.824797338441273009e+00 1.511676727145526700e+00 1.712509111493360381e+00
1.824056132549014109e+00 1.516626996648767545e+00 1.706828791762899478e+00
1.823493284188493657e+00 1.520693356579654765e+00 1.702746417675246482e+00
1.822901104725139110e+00 1.525101087622222629e+00 1.698710866537069153e+00
1.822326102453980079e+00 1.529511861039917875e+00 1.694605008236261368e+00
1.821772641254755243e+00 1.533908848795768165e+00 1.690292224429654766e+00
1.821248144518907042e+00 1.538269837625893643e+00 1.685811322077208407e+00
1.820703359850116332e+00 1.542609209904980405e+00 1.681261778226158743e+00
1.820138026543664855e+00 1.547272985699778225e+00 1.676217972213138951e+00
1.819672045612987343e+00 1.551362055348748603e+00 1.671644655925715650e+00
1.819139689603203269e+00 1.556128355790569184e+00 1.666201085513457469e+00
1.818719166267869669e+00 1.560305903585082365e+00 1.661339153778382371e+00
1.818321229563025110e+00 1.564352976992503752e+00 1.656738682077317781e+00
1.817924587365905786e+00 1.568738857392304453e+00 1.651825671512096472e+00
1.817543473291065803e+00 1.573012729638430196e+00 1.647131297753803292e+00
1.817150118169288397e+00 1.577846309067255204e+00 1.641830584636196244e+00
1.816824826614995114e+00 1.581775266778779665e+00 1.637598957322897064e+00
1.816517861629058039e+00 1.586032627530383099e+00 1.632965732367033684e+00
1.816205736897806400e+00 1.590281382750189154e+00 1.628335100997461371e+00
1.815892950422137275e+00 1.595074828322373683e+00 1.623171977168955449e+00
1.815884276466750213e+00 1.595189963522904320e+00 1.623055145152650480e+00
1.815626941826843588e+00 1.599324711663923315e+00 1.618498513762677948e+00
1.815433319813768875e+00 1.602945637192960904e+00 1.614518780515896035e+00
1.815217397571330160e+00 1.607151508394875306e+00 1.609901993295312250e+00
1.815051129877129021e+00 1.611100337406955907e+00 1.605669224195243716e+00
1.815047840157460124e+00 1.611210326774941359e+00 1.605547610160448668e+00
1.814867478498671804e+00 1.616064011255998523e+00 1.600360244061012960e+00
1.814713817810724050e+00 1.620372092415487408e+00 1.595690400347687277e+00
1.814577956236934853e+00 1.624553110962210889e+00 1.591258809467850366e+00
1.814462924724373316e+00 1.628729516138995193e+00 1.586830582565288195e+00
1.814373352788118510e+00 1.632457402038628880e+00 1.582884496314854950e+00
1.814289480573788138e+00 1.636401146238326554e+00 1.578665596578644470e+00
1.814155950222143598e+00 1.646484363479241653e+00 1.567946386357575328e+00
1.814132482841197547e+00 1.650847924861920335e+00 1.563352560466470642e+00
1.814150693607202491e+00 1.655306938321156274e+00 1.558678617087326801e+00
1.814173321895115487e+00 1.659971496342407704e+00 1.553797393763027834e+00
1.814228852424599747e+00 1.664088738360247621e+00 1.549526352348303382e+00
1.814295014793059213e+00 1.668198975339120205e+00 1.545298324165184090e+00
1.814378720166146097e+00 1.671977065844471477e+00 1.541472776837371050e+00
1.814449508150256296e+00 1.675851593805866901e+00 1.537549156177124843e+00
1.814582478892993622e+00 1.680166640537603895e+00 1.533199469127357828e+00
1.814586001592417119e+00 1.680273204001147214e+00 1.533090158505888922e+00
1.814711107706355797e+00 1.684751135443957271e+00 1.528467393987966272e+00
1.814863433393998138e+00 1.689061021903883297e+00 1.523949064254048746e+00
1.815014573274412513e+00 1.693027017139153045e+00 1.519947389907122970e+00
1.815216588664739117e+00 1.697305275024813431e+00 1.515659577177408845e+00
1.815419915107760351e+00 1.701585257849747013e+00 1.511351084936744193e+00
1.815652808651028183e+00 1.706088131622476967e+00 1.506863197915714103e+00
1.815906766554264085e+00 1.710349644907625422e+00 1.502531496830103785e+00
1.816135121365306082e+00 1.714068651275142185e+00 1.498744334607290840e+00
1.816396093493270358e+00 1.718114500492515351e+00 1.494736601358630512e+00
1.816664875460830331e+00 1.722051303102296593e+00 1.490869238861073143e+00
1.817019743677607435e+00 1.726618895160126899e+00 1.486383748714557029e+00
1.817366452572437119e+00 1.730963254915621752e+00 1.482194388526226314e+00
1.817720464826831250e+00 1.735383927554165151e+00 1.477848343877691484e+00
1.818090777873954345e+00 1.739607770385195984e+00 1.473746301596920993e+00
1.818424832389475609e+00 1.743291415394745858e+00 1.470189405625795809e+00
1.818783963841076323e+00 1.747167406495815811e+00 1.466444869749694790e+00
1.819160653753041812e+00 1.750845829485212501e+00 1.462881275319520169e+00
1.819595896831442738e+00 1.754824507418532242e+00 1.459087849308328799e+00
1.820040953859688226e+00 1.759119544975551230e+00 1.454942527393437102e+00
1.820489667547710466e+00 1.763211885217989661e+00 1.451013884026215894e+00
1.821034127140049641e+00 1.767909377300603380e+00 1.446632952714529408e+00
1.821477523073652627e+00 1.771567645109405120e+00 1.443222073036089625e+00
1.822017538806275816e+00 1.775854915968898773e+00 1.439179358961685917e+00
1.822564628069360815e+00 1.780117715750228147e+00 1.435289025333149837e+00
1.823131355862541492e+00 1.784376582136261602e+00 1.431327061065017281e+00
1.823622323390498901e+00 1.788010754657266776e+00 1.427859719421492368e+00
1.824133490358283982e+00 1.791859116949865660e+00 1.424203068332946076e+00
1.824686530261888873e+00 1.795702061447998377e+00 1.420631621693730473e+00
1.825284827896887840e+00 1.799828378505228921e+00 1.416923512601576007e+00
1.825704183818003923e+00 1.802617245720849359e+00 1.414445807817391154e+00
1.825931047252254524e+00 1.804163910029141782e+00 1.413070064211828569e+00
1.826444979421254278e+00 1.807638851192558072e+00 1.409744744609301881e+00
1.827022973492712143e+00 1.811314304580677659e+00 1.405962912175788171e+00
1.827631935082703496e+00 1.815211005582310966e+00 1.401987440358472226e+00
1.828290247906792398e+00 1.819308198772565222e+00 1.397990356609411844e+00
1.829008010360685388e+00 1.823602050789863815e+00 1.393933504996166972e+00
1.829707217258063068e+00 1.827600083597908043e+00 1.390226234952408157e+00
1.830330905658957175e+00 1.831080947268074910e+00 1.387081892497455948e+00
1.831034604161610790e+00 1.834861852651425540e+00 1.383669276420932404e+00
1.831710210244922088e+00 1.838428572423804308e+00 1.380499025032878802e+00
1.832359995598483282e+00 1.841794796970099846e+00 1.377511398670907328e+00
1.833056797085447442e+00 1.845360934372961559e+00 1.374398821325187203e+00
1.833811207850336800e+00 1.849232934326465072e+00 1.371101012740719716e+00
1.834554854662445056e+00 1.852993743778938329e+00 1.368022760656850245e+00
1.835315312295764612e+00 1.856756907619883323e+00 1.364953607830041937e+00
1.837027638531165019e+00 1.865053190469791566e+00 1.357837876045931758e+00
1.837568252342726138e+00 1.867581434423626341e+00 1.355622180610483118e+00
1.838406982340199836e+00 1.871519985425385890e+00 1.352280663730262011e+00
1.839321448359101829e+00 1.875637341558285875e+00 1.348849906461543791e+00
1.840147315459157884e+00 1.879361094043804137e+00 1.345787410743634060e+00
1.841039113258809756e+00 1.883382978355679027e+00 1.342475259196271420e+00
1.841898916868362157e+00 1.887187328828725308e+00 1.339313919048150003e+00
1.841922043106587248e+00 1.887285408772508610e+00 1.339233583781353820e+00
1.842933208266469780e+00 1.891691491944673675e+00 1.335559009774250905e+00
1.843830983168102122e+00 1.895493104889802938e+00 1.332355511580160856e+00
1.844711417156897681e+00 1.899184296432770092e+00 1.329301435592232128e+00
1.845572827313875841e+00 1.902776949330225564e+00 1.326404002152869577e+00
1.846506795484549546e+00 1.906561298252680503e+00 1.323342988936299092e+00
1.847379815482985244e+00 1.910131400658213519e+00 1.320392687474779558e+00
1.848364721017248469e+00 1.914088092325402446e+00 1.317135090428891209e+00
1.848389119022684213e+00 1.914187576012204905e+00 1.317052926018144277e+00
1.849352049863030034e+00 1.917945901449991775e+00 1.313964992379664132e+00
1.850260379175648007e+00 1.921497698247751185e+00 1.311105999577524273e+00
1.851333141955115336e+00 1.925653029751788869e+00 1.307766277667064880e+00
1.851359124298120662e+00 1.925753521016086767e+00 1.307685373642104576e+00
1.852431218846283256e+00 1.929883380529862746e+00 1.304126516353005583e+00
1.853388319096975101e+00 1.933544130818332318e+00 1.300745513266913456e+00
1.854506500401917890e+00 1.937666952165241430e+00 1.297009046021494472e+00
1.855574554310953195e+00 1.941592249771590506e+00 1.293614825570812199e+00
1.856507591615173203e+00 1.944935158900537031e+00 1.290842665023605118e+00
1.857570914252690608e+00 1.948680403842475650e+00 1.287796548159784393e+00
1.858775851716850447e+00 1.952909185195627062e+00 1.284441796060184826e+00
1.859780723526822221e+00 1.956336864629380834e+00 1.281791366778144647e+00
1.860958653945876007e+00 1.960349240622746514e+00 1.278609863751348108e+00
1.862129483125444684e+00 1.964370622999450200e+00 1.275337330063221142e+00
1.863192802980583318e+00 1.967908267187041815e+00 1.272494389105720325e+00
1.864323617212070960e+00 1.971620721670135357e+00 1.269639179821347108e+00
1.865375698501818835e+00 1.975033618729028939e+00 1.267051226936796393e+00
1.866450488349073566e+00 1.978527342687398161e+00 1.264411469500554386e+00
1.867816902454179973e+00 1.982992639334160589e+00 1.260956443740831157e+00
1.869127218950294766e+00 1.987154938165737850e+00 1.257700048685138627e+00
1.870421178841552123e+00 1.991219502749515646e+00 1.254578509777216633e+00
1.870454347555739805e+00 1.991313504569214965e+00 1.254503259726319042e+00
1.871537340276045569e+00 1.994684387764613431e+00 1.251957337311185636e+00
1.872734882826224689e+00 1.998355862127442650e+00 1.249177083146808975e+00
1.874050848657324186e+00 2.002303697173272390e+00 1.246167175656623050e+00
1.875229564576367913e+00 2.005868263451495714e+00 1.243490169893096242e+00
1.876491907703848216e+00 2.009603882138920383e+00 1.240642618570234834e+00
1.877896113756752028e+00 2.013815894160076780e+00 1.237198645295942701e+00
1.879168174807991587e+00 2.017545023396494663e+00 1.234119450377534566e+00
1.880481482309825925e+00 2.021368492634474823e+00 1.231035942396508265e+00
1.881739981244465509e+00 2.025001199571955013e+00 1.228168385687319564e+00
1.882949636096181711e+00 2.028450131736185824e+00 1.225491926647336749e+00
1.884243600166063182e+00 2.032070546961908253e+00 1.222654872410884996e+00
1.885536609095904925e+00 2.035682804832863901e+00 1.219875401456918196e+00
1.886852964444624359e+00 2.039303139819726773e+00 1.217103823448429711e+00
1.888240527206713093e+00 2.043124387130974995e+00 1.214185322230167507e+00
1.889648126868458844e+00 2.046933370399617758e+00 1.211305430005628292e+00
1.889681902327966734e+00 2.047033294704583728e+00 1.211236642659479612e+00
1.891050190936646835e+00 2.050739794346099210e+00 1.208514344805228680e+00
1.892252220488812586e+00 2.053968840077584623e+00 1.206170754152466884e+00
1.893661482789783079e+00 2.057659673536490708e+00 1.203395914907257280e+00
1.895094775327590408e+00 2.061449673022234030e+00 1.200535698450779787e+00
1.896442620921505728e+00 2.064949639368142797e+00 1.197911750183903612e+00
1.897825904342964609e+00 2.068525081036752589e+00 1.195296352045539079e+00
1.899215995626010400e+00 2.072109300216021133e+00 1.192701065771977653e+00
1.902830066254105335e+00 2.081313006496056772e+00 1.186110445376965750e+00
1.904100145143485134e+00 2.084497581989133153e+00 1.183834109271687307e+00
1.905550250296659254e+00 2.088143562974742906e+00 1.180954926404197858e+00
1.905587865079312992e+00 2.088236215008396179e+00 1.180878590204333722e+00
1.907013932963645964e+00 2.091788444335359820e+00 1.178022779365986983e+00
1.908609923534883901e+00 2.095716480432746831e+00 1.174883146970231884e+00
1.910003125646711819e+00 2.099063045574500297e+00 1.172243463231447569e+00
1.911524542415149019e+00 2.102695027165582875e+00 1.169471688465682169e+00
1.913023482432644862e+00 2.106216887671575666e+00 1.166887957581271174e+00
1.914378530994045313e+00 2.109371667452293320e+00 1.164517838461529120e+00
1.915883728186796198e+00 2.112883937183221761e+00 1.161898169061147845e+00
1.917398815422208358e+00 2.116396107911868274e+00 1.159286654074763501e+00
1.918928201877965867e+00 2.119906457898787178e+00 1.156708434639562855e+00
1.920291440169612063e+00 2.123051308238840917e+00 1.154425809334012065e+00
1.921629320205255897e+00 2.126090465230490167e+00 1.152249056452018028e+00
1.923173509892642130e+00 2.129602137716116061e+00 1.149726411670509485e+00
1.924702024387753285e+00 2.133095329553674091e+00 1.147163278699176558e+00
1.926410952389037146e+00 2.136959779628269551e+00 1.144256365527437147e+00
1.928012050744342343e+00 2.140527930841904514e+00 1.141597320272237814e+00
1.929534841638234965e+00 2.143922518557694890e+00 1.138999241947830088e+00
1.931152181833831527e+00 2.147494623425431293e+00 1.136233058225983417e+00
1.932699601344234575e+00 2.150878483064079028e+00 1.133692317016673279e+00
1.934328964582377797e+00 2.154429047563080069e+00 1.131044580200310845e+00
1.935882234767440924e+00 2.157801720338605289e+00 1.128493132324337678e+00
1.937547628708099490e+00 2.161348172564922621e+00 1.125781973702047800e+00
1.939173397387149222e+00 2.164802338720202890e+00 1.123155521492679609e+00
1.940708889236823387e+00 2.168080876635459120e+00 1.120666475611971524e+00
1.942452296917019927e+00 2.171712121691966590e+00 1.117949313212194040e+00
1.944274119779208165e+00 2.175523676298790399e+00 1.115189657241152599e+00
1.945892408500242032e+00 2.178874808962374843e+00 1.112758839804411037e+00
1.947637293915994050e+00 2.182491784980944871e+00 1.110029650787064837e+00
1.949174338158194963e+00 2.185648294495894817e+00 1.107632271610662578e+00
1.950963419298812340e+00 2.189235218791585336e+00 1.104948965986432219e+00
1.952889438173052161e+00 2.193091646120169713e+00 1.102009131423812072e+00
1.952930870920959849e+00 2.193181096131700869e+00 1.101942562325478603e+00
1.954601539372113672e+00 2.196515977698627609e+00 1.099354775930551753e+00
1.956563633650090894e+00 2.200376260781738758e+00 1.096407631773640867e+00
1.958108854304160706e+00 2.203409832099939791e+00 1.094121133966005521e+00
1.959684184786054661e+00 2.206539201782721449e+00 1.091758192786097315e+00
1.961373562521260272e+00 2.209842163121356062e+00 1.089216151582268699e+00
1.963175868969443183e+00 2.213323196438480522e+00 1.086533998055152050e+00
1.964930952035840006e+00 2.216708702497215633e+00 1.083919669882338566e+00
1.966784945342105573e+00 2.220283271103983047e+00 1.081241622883085673e+00
1.968558615311887028e+00 2.223661639806472579e+00 1.078720647664437537e+00
1.970167994375298992e+00 2.226673426916150333e+00 1.076497429048000498e+00
1.972007413372888873e+00 2.230132955654870131e+00 1.073913732803294607e+00
1.974057088291200301e+00 2.233928405325435129e+00 1.070944615986759052e+00
1.975689811762051828e+00 2.236926978237376851e+00 1.068541817225303836e+00
1.977472415260136174e+00 2.240179778946887801e+00 1.066011497536750285e+00
1.979310083339766102e+00 2.243526756124254007e+00 1.063400241842564986e+00
1.981137330281953490e+00 2.246876273422988568e+00 1.060831170948291602e+00
1.982926920675775140e+00 2.250120697477957954e+00 1.058412822355723426e+00
1.987571581907001672e+00 2.258434613159050919e+00 1.052240525613896915e+00
1.989283127039386034e+00 2.261487450749470440e+00 1.049876458831868753e+00
1.991150784066882284e+00 2.264796941614464210e+00 1.047236624852036391e+00
1.991201151910874545e+00 2.264883011688323844e+00 1.047165417004427779e+00
1.993038083804786531e+00 2.268112385804598397e+00 1.044603878556447762e+00
1.995017766294484574e+00 2.271592589676784790e+00 1.041904141394017325e+00
1.995067204809315875e+00 2.271676769585009303e+00 1.041836316121252493e+00
1.996913355124936951e+00 2.274878461317007883e+00 1.039360314673106078e+00
1.998759020701207811e+00 2.278076124510688860e+00 1.036897389687996052e+00
2.000514144342856238e+00 2.281095980469772577e+00 1.034582900492297064e+00
2.002566333434384394e+00 2.284632249214308075e+00 1.031625051361400036e+00
2.004443113886811734e+00 2.287801563614049627e+00 1.028921490985465148e+00
2.006105917501294744e+00 2.290644374855387966e+00 1.026588292817797621e+00
2.008013695234018847e+00 2.293824526885492432e+00 1.024035191563108071e+00
2.009970940521530913e+00 2.297084955905952519e+00 1.021434632604863779e+00
2.011670157199531239e+00 2.299919167810002385e+00 1.019185569254086987e+00
2.013330209608004573e+00 2.302656012249937323e+00 1.017049537011536220e+00
2.015451000714498342e+00 2.306156579502372850e+00 1.014295358375991274e+00
2.017390976969974936e+00 2.309320959276848662e+00 1.011685596104963780e+00
2.019485667772312532e+00 2.312717258065237758e+00 1.008848164186091134e+00
2.021273176658874515e+00 2.315601326667805715e+00 1.006433117902533869e+00
2.023069090449054919e+00 2.318478281284033216e+00 1.004042719156788221e+00
2.025032521580407696e+00 2.321622636900822378e+00 1.001411624138315304e+00
2.027104915819531783e+00 2.324912864420695335e+00 9.987370119781654454e-01
2.029189217055117567e+00 2.328204773133609962e+00 9.960671748322733610e-01
2.031295816232729479e+00 2.331501693517211038e+00 9.934215821174890992e-01
2.033470972941425980e+00 2.334860311859483950e+00 9.905729259197301184e-01
2.033525472246178634e+00 2.334943040697639027e+00 9.904982015869293610e-01
2.035544214556604281e+00 2.338052535496805806e+00 9.878596495793883214e-01
2.037629705564610649e+00 2.341234860679064056e+00 9.851674149447129381e-01
2.039649444585710292e+00 2.344322156900896736e+00 9.825992172299087279e-01
2.041695472768825237e+00 2.347412471123174527e+00 9.800161603751661454e-01
2.044008240789703112e+00 2.350919658367671250e+00 9.771123986308294374e-01
2.046015876851093651e+00 2.353918006356187753e+00 9.746068999510461017e-01
2.047979228184250822e+00 2.356865614825662369e+00 9.719129797484435951e-01
2.050095491239291245e+00 2.359995052431766993e+00 9.687970614619424436e-01
2.052244030772669259e+00 2.363208394575214921e+00 9.657110824772380253e-01
2.054687628747638328e+00 2.366764345251457513e+00 9.626007413561983306e-01
2.056575610466022663e+00 2.369482007351686015e+00 9.603827374669158257e-01
2.058861042483112858e+00 2.372778343245847132e+00 9.577805220985773360e-01
2.061324172037509950e+00 2.376314621148656769e+00 9.549951008330892499e-01
2.063465505305200676e+00 2.379353677682774837e+00 9.525558340478375019e-01
2.065509695268720414e+00 2.382273186939358744e+00 9.499856080372066636e-01
2.067620470541897237e+00 2.385286229856460327e+00 9.472083564517206344e-01
2.069746461790214820e+00 2.388296517541285802e+00 9.443919688063748819e-01
2.071946629898574699e+00 2.391378364276750101e+00 9.415722888455041462e-01
2.074154793807671204e+00 2.394451550747317192e+00 9.387658740405360192e-01
2.076329160754676550e+00 2.397434225061860769e+00 9.360393367660431174e-01
2.078673102881200219e+00 2.400674046719229793e+00 9.330966029410847629e-01
2.080872645624990636e+00 2.403676777842335355e+00 9.305179419490617887e-01
2.083179896984336477e+00 2.406817204623165729e+00 9.277886664200192257e-01
2.085314903234949835e+00 2.409712794644970124e+00 9.251198341453594765e-01
2.087377983979585849e+00 2.412525392347640185e+00 9.225165012596656666e-01
2.089774854513903879e+00 2.415725070557425358e+00 9.195944312610839777e-01
2.092352060910240397e+00 2.419149450973301363e+00 9.164569933357229470e-01
2.094720781094250306e+00 2.422246081812851060e+00 9.135906165536363810e-01
2.096856550456056567e+00 2.425019063628556459e+00 9.110173122607810869e-01
2.099293097098793748e+00 2.428176640250462093e+00 9.081050234390067866e-01
2.101411703720411861e+00 2.430932296336516973e+00 9.048178146093984742e-01
2.103344361973956911e+00 2.433444743857767989e+00 9.003678513294188779e-01
2.105488496327042380e+00 2.436164106966056231e+00 8.951050647929267301e-01
2.108097643877492544e+00 2.439442038249628908e+00 8.915884307295092182e-01
2.110553130494134955e+00 2.442462342198330028e+00 8.896885122965912940e-01
2.113097378833643347e+00 2.445609275198811439e+00 8.882279948604473452e-01
2.119562104310283690e+00 2.453521036349176399e+00 8.841382623427356258e-01
2.122175246161412954e+00 2.456713663427335881e+00 8.822998793748759727e-01
2.124519354192699883e+00 2.459613502156854814e+00 8.796361422185301482e-01
2.126665314833782183e+00 2.462265565354828656e+00 8.752082529856128890e-01
2.129045275996956477e+00 2.465184079779964232e+00 8.693002513560060818e-01
2.131643331401220198e+00 2.468313783871584732e+00 8.642992939359395166e-01
2.134208012023610657e+00 2.471334761330366447e+00 8.616409887490994457e-01
2.136471089232945264e+00 2.473977518375698903e+00 8.597266471974960300e-01
2.138780685304828122e+00 2.476655458939814203e+00 8.582041059285866469e-01
2.141080793409372962e+00 2.479312671275980762e+00 8.565704271578902240e-01
2.143457022984359028e+00 2.482099421189514210e+00 8.540916678598095002e-01
2.145701587069278382e+00 2.484736949069019651e+00 8.505756608909869065e-01
2.147960240777195384e+00 2.487357682690245930e+00 8.468210160312241719e-01
2.150343683371703563e+00 2.490114712353123316e+00 8.428962929160936923e-01
2.152943989640215161e+00 2.493085169175184745e+00 8.388669800110218899e-01
2.155160348011099014e+00 2.495553739310313102e+00 8.361724302975408474e-01
2.157816113020886384e+00 2.498479456107063790e+00 8.343349901300937121e-01
2.157951171569002735e+00 2.498627812180940211e+00 8.342491658571883351e-01
2.160726911211507950e+00 2.501703944229661580e+00 8.323097773205702099e-01
2.163268011337579733e+00 2.504465719885438979e+00 8.303369962332344256e-01
2.165887315929198031e+00 2.507372117093915165e+00 8.278128525058783271e-01
2.165952724411603469e+00 2.507443362324235370e+00 8.277192297896858175e-01
2.168478074901786012e+00 2.510246639304925864e+00 8.238710571281852024e-01
2.171235987404975365e+00 2.513305829107197020e+00 8.192151110116560053e-01
2.173564211142390068e+00 2.515823625524034490e+00 8.153597101086411669e-01
2.176122230390698409e+00 2.518619724257500803e+00 8.115282388316527040e-01
2.178389703017499457e+00 2.521090165662385640e+00 8.085022965317533172e-01
2.180971974981551043e+00 2.523790311523088192e+00 8.059773778509619069e-01
2.183773729561316213e+00 2.526719682169660253e+00 8.040999577021092914e-01
2.186067711315761386e+00 2.529098013903074538e+00 8.027104394452500014e-01
2.188577640713428529e+00 2.531739147226908848e+00 8.003690063915586128e-01
2.190932443711041788e+00 2.534223319225440640e+00 7.969571660549163994e-01
2.193832004649297396e+00 2.537282907553676914e+00 7.922227921769794401e-01
2.196209799820910025e+00 2.539769532817083508e+00 7.883703059888023112e-01
2.198484585247133083e+00 2.542116330338497932e+00 7.849755147951553713e-01
2.201241248383475568e+00 2.544943185810846220e+00 7.812292183145791435e-01
2.204039769957656603e+00 2.547756981992531866e+00 7.777019048100282106e-01
2.204110304763613026e+00 2.547828119624535148e+00 7.776143849853656143e-01
2.206837377158938907e+00 2.550533375141045500e+00 7.745804976466098557e-01
2.209997804405299693e+00 2.553608541490063999e+00 7.723118526810961448e-01
2.210069888463518151e+00 2.553677691956093732e+00 7.722697385063556075e-01
2.212521380779503222e+00 2.556095977631496652e+00 7.700208564068912187e-01
2.214975442310069376e+00 2.558520563125666225e+00 7.663757513351959760e-01
2.217532968303659313e+00 2.561051417873104086e+00 7.622340558918998532e-01
2.220494595188569065e+00 2.563924773775764443e+00 7.574531431503815915e-01
2.223192344379014251e+00 2.566526796178139946e+00 7.533765126469191831e-01
2.225766616838175782e+00 2.568983734483724746e+00 7.498749740701925459e-01
2.228728931958812609e+00 2.571769560766786533e+00 7.462207916474840053e-01
2.231158065601730911e+00 2.574025707309285593e+00 7.436165355931244614e-01
2.233890348908195378e+00 2.576538220050041517e+00 7.421067996701301572e-01
2.236734859759085925e+00 2.579130576746251791e+00 7.410408467174933733e-01
2.239216836021832968e+00 2.581419158119037327e+00 7.399281643993830260e-01
2.241811728423593664e+00 2.583862513743885092e+00 7.367942475186496365e-01
2.244272922905458767e+00 2.586115566976166846e+00 7.323603456987579641e-01
2.244340917602621666e+00 2.586181033544026509e+00 7.322207871547653513e-01
2.247013078335288405e+00 2.588612102980630159e+00 7.266879795137096698e-01
2.249591903371674029e+00 2.590913405823458859e+00 7.216485988189541567e-01
2.252549662766820671e+00 2.593570439711685882e+00 7.161084220512159426e-01
2.255492172574804055e+00 2.596195513115365117e+00 7.113406388457144125e-01
2.255565787347131756e+00 2.596258239649984034e+00 7.112299879587323792e-01
2.258356659972684088e+00 2.598683732063219232e+00 7.076539151899260416e-01
2.261537381544026282e+00 2.601387328464146442e+00 7.060005929937525071e-01
2.264429905692898704e+00 2.603859890236955188e+00 7.059079719247701723e-01
2.267195657094658756e+00 2.606222391525056192e+00 7.053116006281255901e-01
2.270292808638584958e+00 2.608947151083346849e+00 7.015080443482946126e-01
2.276544196145464216e+00 2.614274387002995859e+00 6.867770565810681349e-01
2.279221825456982931e+00 2.616467352229331134e+00 6.800221467768475803e-01
2.281956838328625725e+00 2.618752217948234762e+00 6.736811737068210126e-01
2.284915423029461046e+00 2.621132523692135674e+00 6.692939820052897781e-01
2.288217179992427575e+00 2.623718375331962616e+00 6.674699378657668047e-01
2.291430320459956871e+00 2.626260406296337724e+00 6.684696356262459505e-01
2.294486966798596761e+00 2.628691102358992726e+00 6.706298613811426668e-01
2.294564954322062977e+00 2.628752043630135038e+00 6.706876425426486765e-01
2.297874567624720754e+00 2.631381092446874348e+00 6.716532052072603509e-01
2.300950847377569719e+00 2.633850217423018059e+00 6.691671082370963530e-01
2.303518772588246222e+00 2.635915236949990970e+00 6.645980722792901307e-01
2.305729198052883788e+00 2.637670151234146942e+00 6.589660535575625477e-01
2.308781284814541035e+00 2.640008132465782253e+00 6.522537087449192805e-01
2.311600714944068269e+00 2.642177207394114546e+00 6.489864615257961988e-01
2.314949785019290385e+00 2.644699258673113285e+00 6.466909304833546868e-01
2.315031026107901013e+00 2.644761248403473708e+00 6.466436518419896862e-01
2.318168827562395506e+00 2.647125891268442111e+00 6.447764483681205361e-01
2.321217378419818900e+00 2.649417582002808302e+00 6.428135225378582840e-01
2.324100925403957518e+00 2.651574775632329573e+00 6.406221338459282544e-01
2.326911187458825747e+00 2.653670184512907149e+00 6.382208945127038069e-01
2.329783466798170721e+00 2.655850408932368900e+00 6.347140712826482289e-01
2.332382134450582178e+00 2.657821096604056521e+00 6.303521961734824819e-01
2.335596331875632981e+00 2.660242595277341415e+00 6.248303787103982598e-01
2.338615114913116688e+00 2.662473633633343439e+00 6.199985265089736908e-01
2.341466564563777109e+00 2.664538345578928435e+00 6.156546619597152992e-01
2.344128257207191979e+00 2.666446987453403139e+00 6.121757600196191529e-01
2.346946608967781067e+00 2.668471117962255335e+00 6.088446048473914463e-01
2.349964505270831339e+00 2.670581482514847060e+00 6.054682653232908995e-01
2.352827674085930632e+00 2.672576996312896025e+00 6.022942918682886448e-01
2.356331908716748025e+00 2.675022566916302580e+00 5.984432387349134519e-01
2.359419235609524268e+00 2.677117463177280499e+00 5.954098685102506838e-01
2.362388484991009729e+00 2.679135486485979101e+00 5.929975425871524264e-01
2.365735087720079122e+00 2.681445028058556890e+00 5.877363649915695598e-01
2.369046380813872865e+00 2.683682896609704827e+00 5.805355803717435759e-01
2.369123854598236267e+00 2.683736504795287470e+00 5.803575118743303785e-01
2.372140398023346197e+00 2.685730587127890701e+00 5.744131350180202711e-01
2.374999051584445464e+00 2.687623878503524466e+00 5.696799835085026853e-01
2.377989062622061667e+00 2.689566120903807089e+00 5.652527705673379144e-01
2.381078946184023160e+00 2.691551219942932782e+00 5.612988550830954049e-01
2.384344619818870914e+00 2.693597751026442388e+00 5.582049388960854674e-01
2.388174245858287303e+00 2.695982775904166573e+00 5.575835927968134653e-01
2.388262564145754219e+00 2.696038605019762890e+00 5.575965124678360363e-01
2.391931623882523450e+00 2.698317475747590954e+00 5.579164477482189133e-01
2.394999706656054883e+00 2.700228206438042289e+00 5.574756004656472586e-01
2.398385192338997829e+00 2.702351864991576313e+00 5.560970696099263311e-01
2.401493334240172750e+00 2.704288038992443965e+00 5.538626014190924929e-01
2.404101919338237803e+00 2.705936141736590361e+00 5.505185692351524107e-01
2.406843363037526107e+00 2.707636308247821866e+00 5.450996554851503806e-01
2.410081933036596347e+00 2.709627332952605272e+00 5.383213003906233141e-01
2.413080449360021529e+00 2.711435766324960195e+00 5.324312470050940327e-01
2.416018069323131456e+00 2.713176665023228296e+00 5.277390504247151393e-01
2.419367314496387422e+00 2.715145360656072704e+00 5.233586274922132908e-01
2.419454594993000640e+00 2.715195920315619738e+00 5.232566053078986368e-01
2.423164006709230378e+00 2.717349058914993343e+00 5.190808663834219905e-01
2.426799415117014469e+00 2.719449455860670106e+00 5.152846650706824905e-01
2.435159995672155908e+00 2.724192305223087196e+00 5.066539745498629399e-01
2.438050447496582063e+00 2.725796246834042424e+00 5.039996083394419069e-01
2.441245394725115148e+00 2.727564004396902497e+00 5.026598082483526575e-01
2.444433797682323828e+00 2.729324185858652996e+00 5.007344528077324330e-01
2.447841810926336681e+00 2.731235406991814330e+00 4.957974429707256436e-01
2.450947201173303558e+00 2.732938189863348022e+00 4.882685562927892575e-01
2.453881435318265414e+00 2.734486863967432235e+00 4.803195947873896143e-01
2.457312617975103919e+00 2.736299723592573674e+00 4.729390896881839335e-01
2.457403399071130146e+00 2.736347377643699730e+00 4.727880043781518826e-01
2.460744291363231362e+00 2.738067130783654601e+00 4.687391342372919656e-01
2.464293338597797423e+00 2.739836389122790372e+00 4.674916002347990207e-01
2.467514750494643305e+00 2.741475134229536259e+00 4.673064381635786968e-01
2.470720873546354834e+00 2.743091104069636188e+00 4.667502207262906877e-01
2.474365344912992093e+00 2.744948637258743496e+00 4.650042408436390051e-01
2.474456375746118209e+00 2.744992679171316841e+00 4.649461407716858341e-01
2.477883668901328384e+00 2.746736945145528797e+00 4.620655868914140818e-01
2.477971872489952432e+00 2.746780208344238972e+00 4.619738110075445325e-01
2.481387855397269249e+00 2.748481943666104765e+00 4.588808944370735277e-01
2.484674807561024767e+00 2.750096229261898895e+00 4.567300046127285573e-01
2.487918221283162090e+00 2.751688002298472213e+00 4.545766941098601244e-01
2.491318257044518703e+00 2.753391086455764469e+00 4.514916194487209600e-01
2.494161246225905515e+00 2.754797618591720454e+00 4.466840287354886252e-01
2.497361812942973103e+00 2.756319545395763182e+00 4.382900758702955590e-01
2.497453014045666997e+00 2.756362051277594816e+00 4.380215959114269197e-01
2.500808011593596003e+00 2.757912761223966225e+00 4.291645226060423202e-01
2.504650539941583709e+00 2.759731963321836901e+00 4.215653989235378929e-01
2.508227244827482938e+00 2.761358788230872108e+00 4.157519885861948872e-01
2.511535844186578270e+00 2.762794016000230446e+00 4.129505532589299865e-01
2.515072199379805085e+00 2.764346986996263134e+00 4.123003429630526795e-01
2.518215595228416426e+00 2.765726399489603526e+00 4.119289657655346160e-01
2.521591793346638521e+00 2.767196631920436634e+00 4.108857141197958529e-01
2.525010665315085223e+00 2.768705720625357358e+00 4.088953800001622896e-01
2.528209735163144511e+00 2.770106304260880670e+00 4.063265699706861689e-01
2.531565742134619601e+00 2.771552991005187039e+00 4.037956062413076141e-01
2.535399635889150183e+00 2.773189125498802809e+00 4.012908734658823251e-01
2.539373513132217042e+00 2.774881688930214807e+00 3.985174465502705488e-01
2.542781367037891371e+00 2.776335759658977054e+00 3.957082486551186107e-01
2.546457038009350082e+00 2.777880884960642227e+00 3.923661807746509633e-01
2.550060867586114277e+00 2.779423304896540436e+00 3.884011794546650687e-01
2.553122209189445435e+00 2.780698509656355455e+00 3.827710017273859289e-01
2.556279923594020786e+00 2.781952005562653429e+00 3.752991385571901595e-01
2.559765955406693383e+00 2.783391825991696322e+00 3.685432099307953679e-01
2.563169378693314293e+00 2.784745446670869207e+00 3.631107363443935032e-01
2.566432577147268912e+00 2.786016320575055882e+00 3.587394012529722676e-01
2.569747528644078294e+00 2.787245129303103752e+00 3.551755442805067386e-01
2.573255671941979905e+00 2.788545997875923721e+00 3.518098082199186405e-01
2.576573938299978384e+00 2.789760014463387616e+00 3.487218395236175716e-01
2.580359425681872043e+00 2.791132459566667112e+00 3.451883867083871960e-01
2.584408491136783503e+00 2.792575957458508285e+00 3.425095899614096218e-01
2.587735481984293262e+00 2.793746960789734501e+00 3.410295580551923056e-01
2.590965025293229473e+00 2.794895109387594001e+00 3.391920022502473708e-01
2.594551500040605418e+00 2.796173680926027139e+00 3.366138064696969634e-01
2.597944450017442453e+00 2.797383038232115204e+00 3.337151564341703236e-01
2.601430782882178327e+00 2.798610904423187051e+00 3.304320934899730999e-01
2.605189106110198161e+00 2.799920521119675154e+00 3.266740269580298284e-01
2.613966494594061718e+00 2.802889077390668060e+00 3.189457860696630620e-01
2.617210353785207388e+00 2.803964033903617370e+00 3.161768228527100932e-01
2.621150998155542311e+00 2.805293757103907826e+00 3.117600928820415951e-01
2.624604972892023547e+00 2.806426277883688147e+00 3.050131899982717054e-01
2.627710627703224056e+00 2.807412816253358923e+00 2.980323245732259263e-01
2.631482459580478217e+00 2.808617301832160962e+00 2.904571184266206973e-01
2.634886905788029754e+00 2.809663618701082832e+00 2.844872974004827304e-01
2.638889906975928845e+00 2.810819835742904615e+00 2.801140111060028137e-01
2.642486931829584940e+00 2.811837624685141090e+00 2.774846984233263480e-01
2.646277560917899674e+00 2.812925076781385147e+00 2.752792474052990213e-01
2.649766616202250180e+00 2.813901667333912116e+00 2.731940016190504972e-01
2.653454987165321022e+00 2.814924056139813224e+00 2.704405490092961495e-01
2.657039311877496424e+00 2.815915577222766863e+00 2.673587464377462086e-01
2.660676166828832567e+00 2.816907778112103244e+00 2.646382726223525661e-01
2.664830604194421415e+00 2.818022600491481899e+00 2.618970726985503927e-01
2.668522892635630139e+00 2.819015993978450485e+00 2.591545841405717421e-01
2.672531703689136950e+00 2.820077241379753019e+00 2.558071012541769385e-01
2.676409794170218959e+00 2.821083542070231154e+00 2.523616184635442128e-01
2.679796000607136186e+00 2.821978192766191995e+00 2.490572423253896162e-01
2.683615378726500911e+00 2.822956642114824888e+00 2.457084347416863546e-01
2.687232237478498043e+00 2.823868954899441785e+00 2.426502706052124092e-01
2.690637822785712618e+00 2.824725270992788140e+00 2.396825649033097472e-01
2.693946556055102803e+00 2.825550096720581550e+00 2.366978348171914770e-01
2.697840695772971031e+00 2.826505240281165232e+00 2.330750136223448121e-01
2.701385183266207246e+00 2.827376104751459174e+00 2.287961362055938308e-01
2.705220727615298415e+00 2.828325890669590503e+00 2.219180039310632291e-01
2.708640628432904762e+00 2.829105105119358754e+00 2.157741784528544315e-01
2.712325017224902712e+00 2.829965733592276322e+00 2.103142172221131312e-01
2.715922174656177912e+00 2.830750710477738963e+00 2.059972489105801052e-01
2.719771576810526614e+00 2.831550161897519402e+00 2.020919530721652646e-01
2.723616751537791814e+00 2.832333084951014435e+00 1.985438392908593919e-01
2.727349709469133909e+00 2.833074804700574489e+00 1.953327662202319903e-01
2.730981768977630342e+00 2.833799833349976538e+00 1.921923266651281437e-01
2.734555437550485912e+00 2.834503344455053142e+00 1.894355496464302790e-01
2.738319363352820446e+00 2.835219383132139725e+00 1.866364542113711777e-01
2.742165027685819823e+00 2.835941667204522787e+00 1.835841623766808484e-01
2.742267205501605964e+00 2.835963297626260982e+00 1.835032540474416107e-01
2.746291325363066083e+00 2.836722075113569552e+00 1.801136585789262501e-01
2.750142825052548368e+00 2.837427925539222517e+00 1.766810211895749883e-01
2.750241663689960703e+00 2.837445673579461758e+00 1.765903097597947002e-01
2.753704350621052566e+00 2.838056158848198507e+00 1.735957754939412567e-01
2.757576438672423969e+00 2.838744559741989804e+00 1.704446025866047931e-01
2.757676548326566390e+00 2.838762862562890454e+00 1.703671390398382168e-01
2.761715038567259306e+00 2.839473683199134513e+00 1.670216456607830358e-01
2.765976061292345634e+00 2.840219149816165078e+00 1.633786649731151508e-01
2.766072848380099369e+00 2.840236372170195533e+00 1.632959163289817717e-01
2.769724690095548780e+00 2.840858587788116285e+00 1.600628826150788109e-01
2.773966798479994722e+00 2.841559521441568759e+00 1.562432106061111547e-01
2.778120135994260664e+00 2.842227182793993556e+00 1.524208928744290314e-01
2.782081538198967419e+00 2.842864189553816701e+00 1.487438474577911507e-01
2.786147636002079153e+00 2.843481220699006773e+00 1.452748568316463706e-01
2.789913912918824401e+00 2.844050004033364942e+00 1.421169367659783633e-01
2.793564096225141125e+00 2.844594299713719021e+00 1.390601979515604936e-01
2.797127039520977299e+00 2.845124315320247455e+00 1.360060489420874541e-01
2.800587148450786490e+00 2.845630425324317869e+00 1.329159632406430869e-01
2.803345703462142513e+00 2.846011329053113936e+00 1.304297351716347808e-01
2.804830879777004071e+00 2.846215306331083550e+00 1.290769501475208247e-01
2.808489227063789784e+00 2.846720945586489027e+00 1.257947942861193102e-01
2.812054640704157116e+00 2.847192140253754999e+00 1.226485892344357509e-01
2.815809309617617551e+00 2.847670587916842688e+00 1.193603723636127850e-01
2.819370144474690143e+00 2.848121919310746097e+00 1.161988100175452704e-01
2.828753945373757794e+00 2.849263450574813117e+00 1.078634806379675515e-01
2.832219738005334442e+00 2.849648501475025242e+00 1.047479841079960033e-01
2.836262341775052764e+00 2.850083747613906038e+00 1.011100004034584665e-01
2.839816695456899520e+00 2.850465134987774984e+00 9.792050391343563864e-02
2.843709574762577130e+00 2.850908650074789108e+00 9.375431750446371060e-02
2.843807689517344084e+00 2.850920675410936855e+00 9.363633070349006160e-02
2.847422006224254787e+00 2.851291543963631714e+00 8.939489013870177692e-02
2.851235047954944868e+00 2.851669633999539766e+00 8.512452346758563049e-02
2.851335872200934318e+00 2.851681535547585966e+00 8.501778811114561740e-02
2.854982379049135766e+00 2.852026833212903512e+00 8.130169100311107622e-02
2.858735728610374949e+00 2.852365159353050572e+00 7.782463451790058717e-02
2.861997802648011735e+00 2.852626816725513770e+00 7.488453436131117802e-02
2.865765646895245045e+00 2.852924042530002424e+00 7.157383842760356440e-02
2.869725524713157672e+00 2.853218351900810745e+00 6.809818502903389192e-02
2.873493615445281257e+00 2.853496482920928390e+00 6.491026047663552012e-02
2.873592882922070935e+00 2.853502754550342857e+00 6.482869959096915213e-02
2.877261406173342806e+00 2.853755512705473674e+00 6.174844009608262269e-02
2.880928478223495848e+00 2.853991459804599895e+00 5.867038146495283379e-02
2.884393059443445928e+00 2.854201616169167899e+00 5.582263824239335620e-02
2.887959361030919325e+00 2.854423572967275557e+00 5.289573512626224300e-02
2.891720426701371416e+00 2.854631571859780781e+00 4.984477937591715729e-02
2.895784276125006329e+00 2.854845730764607126e+00 4.652245264802830349e-02
2.899236432732124502e+00 2.855014724492562106e+00 4.373789297629246398e-02
2.902885048113909683e+00 2.855208617657736703e+00 4.070588598294423710e-02
2.903081274059510886e+00 2.855215340484698938e+00 4.054497862126234947e-02
2.906929409790572016e+00 2.855379303455465756e+00 3.736227306651353219e-02
2.910969755128051339e+00 2.855558604556255542e+00 3.405482231248069952e-02
2.915010997296381134e+00 2.855712821706831495e+00 3.084548144366084516e-02
2.919152555999925625e+00 2.855845629061262159e+00 2.753579564150599943e-02
2.922597978160435428e+00 2.855965166537470790e+00 2.473296875367800643e-02
2.925254187935038885e+00 2.856044246088250471e+00 2.259350534651710998e-02
2.926435581308400202e+00 2.856087371554583143e+00 2.163661231116892000e-02
2.930275940009367197e+00 2.856192936296218843e+00 1.851359700370255185e-02
2.930374174199799953e+00 2.856193360839872852e+00 1.843274215369109653e-02
2.934012813229577077e+00 2.856288771950259431e+00 1.546195583423566264e-02
2.937833564313409696e+00 2.856369104480652066e+00 1.228244194483568003e-02
2.941650159214750371e+00 2.856425254144800530e+00 9.165954778881680101e-03
2.945496957002566862e+00 2.856485739038153060e+00 6.133826453407288486e-03
2.949716577651807725e+00 2.856521273435493669e+00 2.789652959820974974e-03
2.953541280446807971e+00 2.856549406158188642e+00 -1.998233836835750247e-04
2.957374762405914126e+00 2.856576433833632578e+00 -3.237810887522385699e-03
2.957473244777516719e+00 2.856575418566102531e+00 -3.317271504293309477e-03
2.961098634149608166e+00 2.856567480499389688e+00 -6.160853400900010227e-03
2.964630680335745616e+00 2.856551331705576402e+00 -8.903536203517841557e-03
2.968935523664586018e+00 2.856523751150562340e+00 -1.230063110843419849e-02
2.972379609368383413e+00 2.856499008274620888e+00 -1.502316772027672935e-02
