3.849652651535390158e-04 -6.908753218734972851e-05 -1.334079475654840227e-04
5.394132872444043492e-04 -1.032066118243203607e-04 -1.842691699582426094e-04
1.691106583929104235e-03 -1.122068359596300536e-04 7.638771159272945022e-04
5.032844695111719779e-03 -1.068333853302760135e-04 4.169419693782231914e-03
9.700125013458536782e-03 -8.642549100000660334e-05 1.098204280803959619e-02
1.378346772959221367e-02 -2.200367372514385605e-05 1.894844291183110652e-02
1.757047981139248094e-02 6.256631107890309879e-05 2.757680059086737440e-02
2.181043395792088557e-02 1.994743925904131354e-04 3.729370937963141786e-02
2.528605209464325487e-02 3.424215090469303474e-04 4.330806442046625931e-02
2.903027802844053429e-02 5.141729394517080727e-04 4.700727335021965408e-02
3.262271186848362398e-02 7.301887343761407322e-04 4.872309014179369846e-02
3.618167397126023643e-02 9.308779920024893607e-04 4.796227620418150317e-02
3.921918968051817805e-02 1.086586129914677169e-03 4.515012668085720271e-02
4.173379550177690189e-02 1.188356357494874203e-03 4.001442249498663589e-02
4.515519228206647806e-02 1.345448764479355427e-03 3.094208541206178859e-02
4.837112786448052870e-02 1.471244572033502621e-03 2.248264620821806281e-02
5.204232002826326975e-02 1.579892467276940941e-03 1.445608892429627208e-02
5.587841426649368948e-02 1.668561317687981436e-03 9.428445586844280343e-03
5.964508088950725567e-02 1.719583553170337450e-03 7.662090642194954206e-03
6.377026587075504405e-02 1.743272167897821651e-03 8.563056051837839022e-03
6.778565305029585208e-02 1.779113035438119588e-03 1.227804909686161863e-02
7.179803081938357368e-02 1.837395050041938606e-03 1.898620237130554597e-02
7.562847531438432469e-02 1.926351194043813761e-03 2.714697909795357397e-02
7.926515881221693482e-02 2.037786105395030575e-03 3.495713909997658075e-02
8.342582150534662289e-02 2.195572908487591381e-03 4.186654062913772179e-02
8.352713141473067093e-02 2.201435178991390570e-03 4.201903306437344832e-02
8.734526729080191454e-02 2.370749767619537932e-03 4.647223824276380116e-02
9.118792897294647481e-02 2.535177446523981422e-03 4.903618953193680102e-02
9.530358567587450536e-02 2.750499376061431994e-03 5.153374067355474125e-02
9.540446189112070097e-02 2.756658210239667194e-03 5.159405774442618609e-02
9.872587050397392539e-02 2.932556052112504641e-03 5.365111045787140931e-02
1.021632389588990192e-01 3.126716892571909483e-03 5.576719498444124290e-02
1.058277038891758254e-01 3.349512624570647173e-03 5.811298826807018841e-02
1.097789763327520762e-01 3.581553701190314486e-03 6.093468094227777465e-02
1.132211206713090029e-01 3.794274279122747742e-03 6.350922478494029633e-02
1.223477236526328560e-01 4.402624194375447109e-03 7.051974135425612134e-02
1.259133831109068846e-01 4.662829725757624416e-03 7.323296301596241009e-02
1.297593730074002305e-01 4.947029672103321271e-03 7.627702591194342185e-02
1.337064478961968450e-01 5.243930033439990306e-03 7.970136195533372714e-02
1.338068109043832332e-01 5.253440561778844643e-03 7.979163442234775416e-02
1.374429473726141715e-01 5.553901524031391174e-03 8.295645128872779217e-02
1.408868318222682436e-01 5.846617565686570636e-03 8.577438130041482867e-02
1.448369287608314571e-01 6.196040732339634996e-03 8.897279102186786415e-02
1.486860385922645911e-01 6.547869243276638850e-03 9.215474095026082724e-02
1.525197183473624707e-01 6.895965094078982012e-03 9.537913934938788141e-02
1.560381329171465215e-01 7.240404929849430724e-03 9.824362058950721066e-02
1.601596936119267511e-01 7.654412824719061467e-03 1.017825621457764812e-01
1.638952387656213427e-01 8.045317247394457097e-03 1.047981239147583593e-01
1.675438756918926630e-01 8.437330500403319306e-03 1.077675866854903297e-01
1.712822991821322249e-01 8.840420632366480236e-03 1.108803907785169962e-01
1.754241284778755017e-01 9.308368166998915588e-03 1.142905783910408979e-01
1.796559155091267956e-01 9.801285898540753813e-03 1.179150691198338902e-01
1.832867362248083443e-01 1.023201674545264062e-02 1.209975994372764208e-01
1.869024271821803362e-01 1.067903959084036229e-02 1.241135689618022564e-01
1.906129675051057293e-01 1.114453627958867342e-02 1.273899477670041303e-01
1.946275653440812381e-01 1.166349980196495183e-02 1.308938491877170429e-01
1.986542671879746036e-01 1.218939339017639442e-02 1.343382406765143422e-01
2.025839590987463523e-01 1.273164478150568338e-02 1.376637064228308782e-01
2.063380637986418908e-01 1.327363790258510173e-02 1.407770243907884855e-01
2.102434295733406344e-01 1.382505423743038073e-02 1.442221586141509693e-01
2.142559411337421893e-01 1.441169443251935807e-02 1.478818525197867773e-01
2.177686531790369029e-01 1.494077569215638765e-02 1.510642340400800421e-01
2.213904173671870923e-01 1.549460102347597311e-02 1.542815727778734380e-01
2.250993925640069893e-01 1.607567647043950387e-02 1.575913262303295925e-01
2.290183365442091945e-01 1.670857375947189596e-02 1.610477617497428904e-01
2.332439277538153055e-01 1.740999420480786319e-02 1.648619388142670561e-01
2.371476771119733762e-01 1.806012722101593693e-02 1.685168869795828916e-01
2.410926816386556037e-01 1.873673736263810341e-02 1.720797111158122450e-01
2.447127091975822566e-01 1.937478970633348119e-02 1.753892449744722248e-01
2.485002396393878876e-01 2.004996764557790898e-02 1.789247023226013256e-01
2.521754531613095152e-01 2.072027169227261267e-02 1.824463480187371867e-01
2.561465048433844705e-01 2.146419209623076294e-02 1.861990290633238898e-01
2.600159670564657355e-01 2.219291156263697787e-02 1.901159177899732211e-01
2.637096876274558355e-01 2.291382330154748126e-02 1.936620726445194285e-01
2.672061790521379487e-01 2.360748284751076204e-02 1.969221284015968965e-01
2.678022250779800162e-01 2.372295842642378055e-02 1.974923293165628813e-01
2.715947465986837672e-01 2.449899783488882973e-02 2.009874210939799344e-01
2.753707744949105418e-01 2.526294061237634170e-02 2.045217135894891458e-01
2.790272977749446159e-01 2.602918188766898192e-02 2.080298866403068880e-01
2.828752349070541294e-01 2.686057647945770330e-02 2.113980332889252578e-01
2.863999546385570527e-01 2.764990755060354327e-02 2.139798705451170513e-01
2.904227686208561976e-01 2.856233146222387706e-02 2.168339506670439454e-01
2.905195035235795253e-01 2.858312462097824941e-02 2.169026233083963806e-01
2.939638595359516104e-01 2.937530329082452957e-02 2.194850391442662030e-01
2.975981660774007498e-01 3.019406365642937629e-02 2.225260813796833825e-01
3.014532535570169092e-01 3.105717714586564079e-02 2.258604482874614905e-01
3.050250762267379678e-01 3.188127672288697256e-02 2.289609047633344996e-01
3.089897420312013310e-01 3.280970243252115393e-02 2.327034653938510889e-01
3.126467176987755558e-01 3.368022934717280342e-02 2.363006094735141671e-01
3.160881471671517784e-01 3.451280074548906257e-02 2.397227054111216726e-01
3.195520202165643697e-01 3.535581233696166031e-02 2.431134901040315766e-01
3.285087191078256419e-01 3.762690234343157858e-02 2.518171594095916510e-01
3.324478754210946074e-01 3.864740347295071710e-02 2.555898845645431239e-01
3.360981514332919695e-01 3.959898364293762407e-02 2.593852648067240252e-01
3.396281309737774201e-01 4.053732847367974568e-02 2.632540776346307676e-01
3.434339753679289675e-01 4.157465390665376209e-02 2.674322901795644913e-01
3.474339562508149681e-01 4.267300214675128628e-02 2.717138589150772110e-01
3.510470009538390057e-01 4.368735383868736777e-02 2.753583265082154008e-01
3.544481131108863647e-01 4.465772713274352573e-02 2.787849627062504720e-01
3.577823331127891748e-01 4.561331648527378047e-02 2.823125654031536924e-01
3.617795433940669825e-01 4.677807731591049345e-02 2.867218733401314945e-01
3.651715746094169046e-01 4.778177759856402917e-02 2.905194987110202853e-01
3.685822104721316328e-01 4.881768000009997083e-02 2.941404003880013773e-01
3.720903661688670927e-01 4.988846297042905803e-02 2.978529420658495019e-01
3.754158696523867689e-01 5.093080379829647425e-02 3.011328607206298358e-01
3.790050815159203279e-01 5.206080624193387685e-02 3.047314467053580667e-01
3.826492754697692344e-01 5.322345794817542886e-02 3.078697287098390301e-01
3.860560074653535123e-01 5.434843639259966108e-02 3.103230465263213111e-01
3.894049679131608155e-01 5.544858172562228127e-02 3.127687926430438581e-01
3.934278107519865175e-01 5.675489350663237564e-02 3.159413730861366232e-01
3.969672902637451650e-01 5.791658831411041625e-02 3.189051002549817548e-01
4.007123706268048147e-01 5.914685073414105432e-02 3.222086592661076443e-01
4.038659502768374154e-01 6.022186700602519954e-02 3.251479946447893843e-01
4.073508973376027686e-01 6.139407748900909539e-02 3.287306701554639221e-01
4.111742517864243052e-01 6.270170316445740355e-02 3.332797605329370638e-01
4.112695241066860463e-01 6.273648828164782310e-02 3.333933029994550212e-01
4.150233459031912875e-01 6.405107435221110701e-02 3.375369956088092316e-01
4.186622605426417176e-01 6.533055348203872792e-02 3.414996431077908512e-01
4.219831994974902467e-01 6.651447523036954634e-02 3.451821669830377748e-01
4.255072872327014810e-01 6.778668887513855656e-02 3.489841696401648763e-01
4.293070633740323494e-01 6.918895984979289704e-02 3.529632290467396571e-01
4.332094839645555528e-01 7.063304258358216181e-02 3.576726602206646843e-01
4.373886792740523943e-01 7.220913667537723346e-02 3.629490369990863718e-01
4.407963258874095236e-01 7.349497959405568159e-02 3.671538287950957824e-01
4.444751939311153976e-01 7.491783934987603089e-02 3.713250440672853925e-01
4.476732565732450264e-01 7.616966366974475822e-02 3.748245659103994210e-01
4.510816750833932520e-01 7.752518435375563288e-02 3.783694733618944150e-01
4.551154388174263876e-01 7.918653824320173729e-02 3.816978569274797062e-01
4.583501784867336504e-01 8.054390020966563368e-02 3.834292220855040068e-01
4.616961315925995346e-01 8.191526625824616104e-02 3.858811028482497241e-01
4.650532845785946834e-01 8.330421343401447909e-02 3.886438261346244483e-01
4.686779921501893487e-01 8.481287360409014986e-02 3.918306988351472064e-01
4.724191184166032231e-01 8.636184405052478585e-02 3.954154377773702600e-01
4.760583982792797597e-01 8.789199897987880206e-02 3.990007609826469182e-01
4.761510530261078289e-01 8.793149395946259217e-02 3.990907461511415399e-01
4.796364018232123771e-01 8.940871045147139040e-02 4.028302838525942287e-01
4.830176927330869785e-01 9.084798362157500695e-02 4.071722237969897518e-01
4.862896245322282374e-01 9.227020728824361639e-02 4.114123432942813352e-01
4.896643767351957499e-01 9.375431363885422531e-02 4.154885131097890150e-01
4.932861309547484363e-01 9.536186635446802784e-02 4.198207204275801185e-01
4.968923848639441032e-01 9.699164324330177001e-02 4.239055345943816278e-01
5.001236438235908688e-01 9.846139265843040222e-02 4.274375319283474917e-01
5.031523614828330437e-01 9.984838562092732128e-02 4.307412471575067237e-01
5.061367904291961262e-01 1.012336868656865951e-01 4.341701963552475618e-01
5.097510736384820440e-01 1.029179556175159882e-01 4.386850019505145193e-01
5.132106852005963171e-01 1.045600061477426485e-01 4.428464993733369215e-01
5.163491299067631823e-01 1.060925881957079653e-01 4.452295509211414148e-01
5.192186015696078627e-01 1.075023332245555879e-01 4.470572525828813149e-01
5.225421390562177137e-01 1.091152827172458678e-01 4.492507193970741719e-01
5.306207088131019711e-01 1.131248822578111157e-01 4.553910401325531043e-01
5.340278816066035272e-01 1.148221842290421957e-01 4.581649234460199449e-01
5.371859516814224689e-01 1.163882711235309370e-01 4.611257105364135467e-01
5.404065457779825277e-01 1.179788783755330028e-01 4.653049036246004744e-01
5.438037366729571165e-01 1.197041506568921887e-01 4.699899121292645532e-01
5.472594450764168839e-01 1.214589807179891623e-01 4.747067888724810225e-01
5.505071591266236242e-01 1.231381506921888913e-01 4.789102926021481244e-01
5.541871395628867880e-01 1.250602379265360886e-01 4.834208372581124125e-01
5.572686258537346005e-01 1.266744347694133688e-01 4.872505588609516436e-01
5.604804408278549754e-01 1.284036579238816145e-01 4.910374795992055730e-01
5.641250735178062747e-01 1.304021593852991712e-01 4.940862724333796030e-01
5.677377241063508162e-01 1.323817061117695260e-01 4.967129528424110152e-01
5.707048987349291336e-01 1.340320694292765624e-01 4.989497790723600446e-01
5.745793000004054685e-01 1.361591440717802859e-01 5.022399636899272934e-01
5.781003458286716468e-01 1.381105037864753804e-01 5.054011261905168029e-01
5.813690536851187085e-01 1.399237318616426973e-01 5.084872031824085870e-01
5.849063139195775918e-01 1.418988998604656104e-01 5.123314873573738826e-01
5.849958821416259003e-01 1.419504249626681591e-01 5.124471284809297700e-01
5.880250389451550097e-01 1.436746568774679989e-01 5.166651679595917201e-01
5.914227913565823780e-01 1.456102602525580214e-01 5.212999175106896033e-01
5.915984260403726047e-01 1.457093701790266038e-01 5.215466167126366903e-01
5.948425046729051147e-01 1.475959442200079630e-01 5.259207651527100236e-01
5.980666537678235306e-01 1.494677130148706901e-01 5.300011554391234059e-01
6.013840279578708259e-01 1.514155792930347300e-01 5.339381906317279824e-01
6.049626380814041582e-01 1.535370310377263403e-01 5.379641116913456145e-01
6.082191130719792893e-01 1.555144278463509167e-01 5.410827538774769518e-01
6.112074578183003259e-01 1.573418713208470099e-01 5.435945757576308157e-01
6.141961474834412016e-01 1.591784380380145136e-01 5.460665969932332331e-01
6.176052137787287899e-01 1.612944509203839416e-01 5.489866877868392336e-01
6.210172154459749905e-01 1.634107319432933914e-01 5.520387962766222234e-01
6.241859463480787795e-01 1.653921822631724270e-01 5.550118142237393526e-01
6.273611909502161410e-01 1.673695847697564409e-01 5.581701664900629023e-01
6.302554525622506842e-01 1.691916367108754482e-01 5.611006347740952194e-01
6.337619508554578340e-01 1.713941490398570577e-01 5.652055238854913899e-01
6.369605125240765942e-01 1.734404863374205408e-01 5.698920834388150336e-01
6.400772018243218175e-01 1.754467214007695286e-01 5.744439562462705373e-01
6.432289173265639537e-01 1.774853794045755939e-01 5.788365039177720828e-01
6.461502972138528644e-01 1.794355890455575087e-01 5.821588592012444385e-01
6.494164538274815879e-01 1.816577330748896935e-01 5.842120773210359719e-01
6.494975601217898298e-01 1.817129310350369675e-01 5.842548489087506791e-01
6.525136522027698005e-01 1.837596365028043022e-01 5.859749221981420675e-01
6.558896177980464426e-01 1.860383990003422194e-01 5.879403512789568298e-01
6.590727270372377378e-01 1.881795889419232426e-01 5.906126472554737994e-01
6.591595345435153908e-01 1.882344564516419405e-01 5.907021106739458460e-01
6.619622869182605340e-01 1.901251529375852234e-01 5.938348333887363273e-01
6.655126517595847391e-01 1.925345703197843261e-01 5.983316982323514388e-01
6.655943728993600761e-01 1.925907548864093100e-01 5.984442327665492334e-01
6.686047341480207962e-01 1.946492697794323934e-01 6.022218244951570432e-01
6.718024830063024089e-01 1.968586000845681805e-01 6.059696178777078668e-01
6.750318985037713215e-01 1.991014126089425962e-01 6.097990635182878316e-01
6.783496064313182528e-01 2.014337367103172516e-01 6.135515159890424508e-01
6.784302282501685211e-01 2.014912165428733026e-01 6.136484029612883084e-01
6.814561660442002289e-01 2.036520509258568090e-01 6.168385222005074997e-01
6.845421346851899846e-01 2.058889614472200480e-01 6.196186611650041920e-01
6.875392325642623037e-01 2.080611348987441156e-01 6.222798660010904204e-01
6.910457143400388080e-01 2.106070730121721024e-01 6.254308568357603848e-01
6.911274305754939729e-01 2.106658783069452479e-01 6.255072455828595279e-01
6.942364524536914772e-01 2.129053409543105180e-01 6.285037342153900752e-01
6.971707985446068401e-01 2.150247483224548839e-01 6.314719079877901819e-01
6.999434763783907165e-01 2.170548087569252882e-01 6.342605648366824722e-01
7.070868812801061054e-01 2.223310402860884383e-01 6.414591923992228883e-01
7.099881527112297253e-01 2.245295423832425197e-01 6.443565147943113303e-01
7.129298053360760834e-01 2.267237944677736317e-01 6.474947348186647078e-01
7.158961210832313071e-01 2.289705962114474413e-01 6.518208883573507473e-01
7.192678689487764787e-01 2.315618597838236536e-01 6.565862729505768103e-01
7.193463078353299345e-01 2.316245191062367148e-01 6.566667804443782064e-01
7.225743105459263571e-01 2.341572961081072601e-01 6.592661320351631549e-01
7.227307745665935146e-01 2.342784219328671313e-01 6.593710415534747016e-01
7.259994600960700817e-01 2.368765054302378326e-01 6.615828835789021589e-01
7.292684411368270947e-01 2.394965075227494244e-01 6.639276743944577674e-01
7.322894768262673271e-01 2.418693143274950053e-01 6.663700012608535506e-01
7.351199956811904634e-01 2.440820402019997504e-01 6.700506288172789482e-01
7.383044344663288738e-01 2.466280784895290290e-01 6.748643381798983265e-01
7.418181330909111582e-01 2.494388879882637744e-01 6.798519396782508606e-01
7.451354685780430254e-01 2.521290950942832176e-01 6.842703883723958436e-01
7.480502496119881828e-01 2.545138449248503520e-01 6.877584035508738092e-01
7.510020190167998599e-01 2.569543194372320705e-01 6.910018059057545514e-01
7.534404318836716019e-01 2.590343120214849693e-01 6.925537550074712945e-01
7.564189978888014032e-01 2.615596028525973837e-01 6.942365909364696108e-01
7.593531785604750173e-01 2.640131487607028093e-01 6.970533627114785524e-01
7.620656377989015740e-01 2.662708501479965628e-01 6.999509286162923782e-01
7.649356487255258852e-01 2.686902194726926152e-01 7.030578870737341779e-01
7.680282196154749608e-01 2.713398494574073561e-01 7.063406257120254939e-01
7.681076229387114873e-01 2.714019491165723941e-01 7.064200499226491736e-01
7.711825559880671754e-01 2.740475012144474309e-01 7.096058754758612919e-01
7.740919722289879568e-01 2.765554358543622637e-01 7.126629113575903007e-01
7.766950825930489799e-01 2.788204240227332709e-01 7.152893571508537329e-01
7.794324892365164237e-01 2.812700937989158767e-01 7.174811552363499212e-01
7.826387489425100652e-01 2.841192028700433303e-01 7.189797406711762040e-01
7.854477036417560898e-01 2.866107107020732792e-01 7.214935615213559084e-01
7.881134198299001303e-01 2.889606823981327732e-01 7.242097138495099395e-01
7.907758246669173152e-01 2.913382827221074889e-01 7.270340414549799624e-01
7.934814685192077555e-01 2.937516655233036733e-01 7.300505948105810994e-01
7.963551056300430808e-01 2.963429769144635961e-01 7.330943304385163506e-01
7.991436325825053144e-01 2.988465671963729253e-01 7.360869017072455556e-01
8.018661876384276521e-01 3.013022540490548629e-01 7.389297770720427705e-01
8.048714033568916681e-01 3.040311566914595809e-01 7.420600977449276492e-01
8.076216841394634471e-01 3.065591177004122203e-01 7.447753343133765025e-01
8.102028147779565259e-01 3.089553021930480647e-01 7.472673593610650311e-01
8.129999786000323692e-01 3.115787658710877928e-01 7.499404031595487963e-01
8.157301020125553581e-01 3.141456264079471872e-01 7.525239182440670582e-01
8.185978313074304680e-01 3.168342554777705544e-01 7.553004362586447362e-01
8.213988285029868441e-01 3.194567952831064428e-01 7.580203138338901248e-01
8.214711962104972454e-01 3.195275916076938394e-01 7.580888570875091714e-01
8.242051397719657446e-01 3.221083271595575614e-01 7.607323375325704129e-01
8.267582841551018857e-01 3.245560171470238120e-01 7.631800178374434918e-01
8.296737772787282639e-01 3.273400428929398864e-01 7.660508515968977861e-01
8.327362706323075958e-01 3.302650266131301193e-01 7.697706670825029684e-01
8.354153152158895201e-01 3.328935127973824404e-01 7.730880162028762603e-01
8.381314292394907994e-01 3.355755472165753428e-01 7.755694977125349165e-01
8.406107173477266326e-01 3.380520839270572675e-01 7.776929206864034994e-01
8.433137820719781574e-01 3.407371303780565297e-01 7.799746049467375375e-01
8.433859886721986054e-01 3.408075285409903343e-01 7.800319599298048967e-01
8.460825881992636299e-01 3.435097354808986925e-01 7.823549625020237430e-01
8.489247739043978003e-01 3.463717182455625654e-01 7.848409041167366818e-01
8.549603147947936188e-01 3.524415639301829994e-01 7.902377009973348132e-01
8.578730738627650121e-01 3.553750530170883271e-01 7.929087872850864027e-01
8.606258715757485467e-01 3.581794676384874032e-01 7.954983985094198351e-01
8.606974043256485629e-01 3.582535902501625680e-01 7.955633536295566577e-01
8.634426642200102586e-01 3.610885319708803665e-01 7.981468645767293424e-01
8.661112921207136939e-01 3.638422818580119289e-01 8.006932171638369011e-01
8.686916311905497068e-01 3.665307839164250736e-01 8.031347256300279680e-01
8.712086592857259948e-01 3.691588888830586446e-01 8.054814037005273430e-01
8.736574796040313950e-01 3.717171978552724632e-01 8.078033610342695292e-01
8.764967018193604575e-01 3.747234097492564420e-01 8.104900027198403967e-01
8.791244411488019495e-01 3.775131783439947819e-01 8.129432574839362546e-01
8.817518207854030399e-01 3.802768629323129423e-01 8.160779643260800409e-01
8.843179735475081849e-01 3.830197033151476749e-01 8.198360197253009574e-01
8.870748335733160683e-01 3.859801282929149480e-01 8.225247805726577655e-01
8.898776195657490673e-01 3.890112279013422381e-01 8.249141655243719118e-01
8.923027306721941221e-01 3.916695533791732520e-01 8.268550670021149740e-01
8.948010875593457314e-01 3.944116854190288235e-01 8.288805673079628900e-01
8.970171031922269389e-01 3.968745225700632262e-01 8.307065506505404429e-01
8.996412647432339149e-01 3.997797234585206416e-01 8.329282027037414604e-01
8.997111272620890166e-01 3.998541979360805132e-01 8.329864713303283263e-01
9.024885988006992044e-01 4.029104560154289638e-01 8.354550419594680699e-01
9.048973531461032005e-01 4.056251352805676502e-01 8.375659358098423990e-01
9.075793133484344466e-01 4.086321451284811168e-01 8.399950291654114665e-01
9.101392899303837325e-01 4.115130419245442983e-01 8.423900334867756579e-01
9.128357166392001565e-01 4.145305072282094438e-01 8.449411962987082303e-01
9.154528116937620252e-01 4.174858131326784072e-01 8.474165837667417822e-01
9.182593965117207269e-01 4.207060608530011625e-01 8.499641253667395979e-01
9.207877214498312313e-01 4.236079743825815758e-01 8.522808418496899963e-01
9.233597533952645486e-01 4.265836279345472382e-01 8.546437444000364314e-01
9.260504672577508645e-01 4.297156564659093680e-01 8.570906975622962776e-01
9.283824017931637806e-01 4.324683427539957603e-01 8.585733851307845166e-01
9.305742153182081644e-01 4.350514131437028809e-01 8.594696352193322841e-01
9.333480812793175652e-01 4.382933224948828421e-01 8.620993132497689615e-01
9.355287363564785963e-01 4.408372712685295070e-01 8.645013324107745367e-01
9.379673480009531605e-01 4.437176804252374041e-01 8.671163855489470995e-01
9.402049280767412753e-01 4.463681598507747150e-01 8.694601126844194727e-01
9.426173717713530742e-01 4.492309951710899973e-01 8.719592632971788770e-01
9.453425118999472243e-01 4.525017700992537417e-01 8.746393851241139883e-01
9.477274874478894828e-01 4.553914194994753140e-01 8.769044534366807753e-01
9.501238362316102304e-01 4.583289332151537221e-01 8.784944331049236999e-01
9.527799567064657582e-01 4.616398622141639763e-01 8.789514695151843249e-01
9.552541765229566328e-01 4.646628518496679350e-01 8.800314103730817461e-01
9.575477090426621762e-01 4.674251696006454515e-01 8.825633544392865737e-01
9.599407799609545044e-01 4.703476675446974786e-01 8.857210953186087643e-01
9.626503094342545586e-01 4.736867141921726754e-01 8.891695831385612037e-01
9.653255556631235024e-01 4.769892546998623639e-01 8.924040094636406240e-01
9.653895262753378059e-01 4.770673336403398190e-01 8.924764807856996329e-01
9.677727191245062421e-01 4.800853832709441327e-01 8.946250715134976828e-01
9.678334955435676790e-01 4.801677905941283964e-01 8.946629239888159724e-01
9.700886714542081846e-01 4.830425824292107762e-01 8.954573763999518210e-01
9.725975402441259243e-01 4.862644481650352235e-01 8.960079715789683874e-01
9.748450508696543393e-01 4.891594832807524829e-01 8.967813281987913054e-01
9.770790388001059368e-01 4.919998308517803398e-01 8.978019128145202643e-01
9.792829317859539362e-01 4.947612609569189135e-01 8.990797842179872879e-01
9.815243034940391853e-01 4.975789948191429724e-01 9.009930685969672615e-01
9.838311475716295940e-01 5.005034473159012398e-01 9.044493245069648024e-01
9.860963679008998284e-01 5.033894353990103765e-01 9.082829376416022837e-01
9.883267765851543318e-01 5.062686948735023451e-01 9.113499550211121569e-01
9.906796523730700965e-01 5.093537070150462309e-01 9.131621148878530381e-01
9.927095005669243077e-01 5.120371359153064184e-01 9.143564701802784356e-01
9.950954371052439518e-01 5.152160558289137215e-01 9.155970723997056693e-01
9.971248718985590287e-01 5.179305329435471839e-01 9.166875717664968448e-01
9.992859283824624406e-01 5.208032957093071680e-01 9.179816559431313028e-01
1.001703817777958472e+00 5.240023201423650301e-01 9.196222563714665510e-01
1.007910500883245852e+00 5.322755906979892426e-01 9.240629261376085424e-01
1.010560209856651959e+00 5.357801563173788528e-01 9.264675783185748470e-01
1.012709645918600465e+00 5.386302178881163805e-01 9.292097902546058164e-01
1.015057908463399272e+00 5.418119067617239715e-01 9.314363049098506320e-01
1.017031635202072071e+00 5.444933410096819415e-01 9.331831591036967577e-01
1.019296944781785452e+00 5.475752175489710938e-01 9.351112433718455907e-01
1.021491001004600774e+00 5.505704471288399571e-01 9.369210060646451232e-01
1.023907094189062450e+00 5.539090900104971515e-01 9.388801260249297620e-01
1.026301311331367039e+00 5.572347820904371973e-01 9.403026870171220519e-01
1.028701593857705987e+00 5.606207879184974541e-01 9.404385382128708226e-01
1.030799781237529800e+00 5.635248658209013328e-01 9.407009656410881826e-01
1.033010976423615723e+00 5.665814226391315822e-01 9.426708352908024224e-01
1.035588213183345152e+00 5.701304295383143872e-01 9.458657047809230223e-01
1.037561622225344538e+00 5.728708309559835676e-01 9.483925351379264290e-01
1.039691833786303699e+00 5.758382171207293565e-01 9.509460248211198952e-01
1.041802607672736247e+00 5.788234243018072211e-01 9.532261523457686847e-01
1.043874647554356994e+00 5.817836186024019085e-01 9.551678563140421074e-01
1.046158637851167805e+00 5.850680575531617134e-01 9.558830114222720553e-01
1.048468418358742715e+00 5.884009928432286651e-01 9.564121858964520495e-01
1.050520288645260480e+00 5.913530576088935620e-01 9.568882236893272442e-01
1.052741911098713734e+00 5.945666446657188464e-01 9.578303090174312695e-01
1.054791819250157525e+00 5.974858372014171248e-01 9.592976524132986738e-01
1.057283659088069205e+00 6.010262401042740787e-01 9.626533608426731670e-01
1.059635997996050794e+00 6.044213171574329690e-01 9.661145585300499050e-01
1.061656078192114050e+00 6.073448055528340994e-01 9.684004523847058454e-01
1.063837023173489937e+00 6.105725979887026700e-01 9.699066523036531384e-01
1.065683955806906003e+00 6.132941131023923464e-01 9.709536068018119748e-01
1.067804260099747271e+00 6.164656136536048603e-01 9.720297709678534792e-01
1.069768950221248849e+00 6.193644155843330834e-01 9.730659373967335268e-01
1.071849679974236524e+00 6.224396630054157553e-01 9.742889323090840881e-01
1.074015828245886262e+00 6.256857805817400697e-01 9.756309442459640824e-01
1.076071225047430246e+00 6.287659366042301912e-01 9.769983961418658991e-01
1.078111417795981408e+00 6.318610917629069457e-01 9.776195187456522273e-01
1.079973245814570770e+00 6.347041231523732341e-01 9.778104470316113517e-01
1.082251085849104566e+00 6.380629063110696553e-01 9.797329329330366487e-01
1.082307796652473009e+00 6.381491382795110301e-01 9.797943663915001933e-01
1.084801987098485299e+00 6.418799043659801917e-01 9.824824180496130044e-01
1.086942702794847948e+00 6.450917231807826724e-01 9.848614520537261052e-01
1.089193315945676810e+00 6.484809362916781339e-01 9.871553580419363261e-01
1.091134306537075105e+00 6.514569129942605619e-01 9.889160348700860581e-01
1.093184924433305394e+00 6.545794307182057903e-01 9.906289410536261997e-01
1.095068803622544662e+00 6.575118142296999535e-01 9.916765211241413969e-01
1.097198505670489599e+00 6.608551803609061803e-01 9.920192176696861486e-01
1.099107911549373151e+00 6.638573696523372147e-01 9.923411566359608971e-01
1.100993520965563466e+00 6.668067466620463124e-01 9.927769967684878516e-01
1.103263098726015468e+00 6.703376400130680590e-01 9.936289967251608068e-01
1.103317087441761934e+00 6.704215674336694297e-01 9.936475078582168718e-01
1.105258541878520573e+00 6.733900951316119654e-01 9.951955861922542335e-01
1.107164083476512850e+00 6.763191583920320493e-01 9.977972183647223492e-01
1.109168118033745154e+00 6.794483277592203718e-01 1.000442421798460435e+00
1.114497860707355237e+00 6.877894313570089846e-01 1.005529798155756716e+00
1.116371403366533732e+00 6.907758394642009581e-01 1.006887588072130635e+00
1.118164650835940632e+00 6.936450992054586928e-01 1.007802110005131979e+00
1.120108083187459913e+00 6.967907429774071737e-01 1.008646341040842831e+00
1.122197022828872681e+00 7.001867819549555394e-01 1.009524578144297635e+00
1.124155882652510652e+00 7.033516444962634173e-01 1.010399167387852293e+00
1.126161732915792912e+00 7.066535531932114367e-01 1.010676638766199620e+00
1.126209752953432730e+00 7.067405723515787219e-01 1.010675988413452409e+00
1.128216244190281881e+00 7.099569854457747908e-01 1.010804334119388637e+00
1.128267768145184036e+00 7.100413330764296926e-01 1.010834647221515725e+00
1.130550937475961248e+00 7.136902237646918223e-01 1.012897661755564060e+00
1.132584740097537956e+00 7.169630448093889941e-01 1.015151776162561026e+00
1.134445881624105645e+00 7.199579912606270948e-01 1.017192040411894816e+00
1.136354628898559982e+00 7.230578496322711546e-01 1.018990595907119046e+00
1.138294766284267956e+00 7.262466933399478464e-01 1.020628268459755850e+00
1.140202402268639004e+00 7.293463304465076513e-01 1.022109453761189002e+00
1.140407427615681701e+00 7.296873534466215006e-01 1.022271234904544857e+00
1.142266661715113818e+00 7.327760303522053986e-01 1.023268307936564314e+00
1.144289626215682087e+00 7.361593411302603807e-01 1.023616032575286328e+00
1.146189679757082081e+00 7.392948735629822909e-01 1.023811965543087732e+00
1.148167652419799456e+00 7.426330976379951210e-01 1.024127295612940802e+00
1.150232229721581012e+00 7.460562129222644279e-01 1.024801442921918326e+00
1.150281521638435223e+00 7.461427935958155899e-01 1.024819013507591858e+00
1.152322704712813506e+00 7.495246314841337298e-01 1.026155306126628863e+00
1.154281339718139732e+00 7.527540247251434113e-01 1.028515799621566140e+00
1.156167737037139931e+00 7.558887413564163715e-01 1.030909035625011461e+00
1.157969558973721114e+00 7.589152354745842821e-01 1.032642658296032190e+00
1.159806759621411443e+00 7.620251465168670357e-01 1.033809746393647533e+00
1.161773565417277831e+00 7.654005316954515248e-01 1.034871628675748667e+00
1.163662251965256411e+00 7.686123220110873122e-01 1.035784151530045660e+00
1.165602333149827530e+00 7.718882612246300567e-01 1.036832584257434853e+00
1.167583866579411156e+00 7.752582561602260336e-01 1.037891473923500563e+00
1.169566394033231482e+00 7.786415936158864737e-01 1.038952400994143765e+00
1.171244993123568889e+00 7.815440601853371749e-01 1.039459416543199843e+00
1.172908767348799675e+00 7.844529332524663445e-01 1.039440899259548745e+00
1.174579411765902304e+00 7.873864302752222599e-01 1.039478120110277182e+00
1.176655595796335385e+00 7.910159040383201168e-01 1.039757109894404952e+00
1.178498042563712822e+00 7.942211725136474332e-01 1.040252156764330804e+00
1.180366145643152009e+00 7.974359243610954495e-01 1.041118292677742474e+00
1.182385755291504470e+00 8.008765505876934698e-01 1.043401473383027689e+00
1.182436326839835239e+00 8.009638408599561998e-01 1.043466555777245341e+00
1.184292637409926296e+00 8.041849917482841725e-01 1.045533638647917485e+00
1.186243844540168624e+00 8.075840433599603685e-01 1.046971060025727818e+00
1.188095528130057366e+00 8.108181285140736438e-01 1.048120874816857562e+00
1.189879147212142829e+00 8.139466901841102553e-01 1.049152186441172141e+00
1.191770408568777917e+00 8.172594909053965129e-01 1.050182548288146167e+00
1.193513599669713932e+00 8.203125255477795585e-01 1.051123841403748704e+00
1.195306583900245023e+00 8.234474416036090538e-01 1.052106883462497811e+00
1.197030470776221156e+00 8.265062862434393587e-01 1.053016868445872722e+00
1.198851231332042300e+00 8.297443082482446330e-01 1.053949437607107686e+00
1.200673876482034386e+00 8.330427309062424790e-01 1.054659412263762031e+00
1.202465605222356126e+00 8.362684271804431413e-01 1.054686661329846897e+00
1.204424511140671505e+00 8.397858656347406692e-01 1.055103730564170839e+00
1.206374401046150568e+00 8.432254254840649832e-01 1.056774785311572984e+00
1.208164753003458047e+00 8.464100059167251056e-01 1.058621601000387713e+00
1.209793091669154164e+00 8.493229936447663775e-01 1.060232853506182238e+00
1.211558579539791847e+00 8.524805723735318086e-01 1.061741501103464325e+00
1.213512903138127985e+00 8.560151326939586802e-01 1.063209261345186452e+00
1.215133269437088881e+00 8.589937282601830537e-01 1.063983023654537785e+00
1.217161086054127983e+00 8.627630629850567834e-01 1.064432854361000214e+00
1.219090764837761798e+00 8.663506986255782305e-01 1.064827845265592154e+00
1.223731357563377031e+00 8.748574961334734112e-01 1.065993971074403746e+00
1.225503501502195114e+00 8.781105140741125581e-01 1.066496231068427170e+00
1.227121352791246789e+00 8.811056272668542633e-01 1.067113907264706674e+00
1.228871520614785551e+00 8.842823737198240996e-01 1.068339394160959355e+00
1.230721620250482706e+00 8.876628607380478986e-01 1.069761429461042912e+00
1.232502907402377001e+00 8.909215752366985708e-01 1.071223533081780754e+00
1.234372940101278404e+00 8.943751178264961466e-01 1.072638284084702853e+00
1.236041690771778612e+00 8.974750675990971205e-01 1.073693238173906828e+00
1.237957475857235368e+00 9.010360342041541237e-01 1.074823962912605513e+00
1.239711909343556462e+00 9.043101094089253111e-01 1.075800070301362821e+00
1.241466350365576288e+00 9.075813438652898801e-01 1.076458164261656414e+00
1.243177237947086011e+00 9.108455618550692634e-01 1.076613261828839541e+00
1.244895080116384944e+00 9.141141045221281569e-01 1.076766992639437426e+00
1.246611036873767731e+00 9.173877685906380863e-01 1.077021855921705518e+00
1.248518319391517029e+00 9.210052727429113295e-01 1.077484303079045302e+00
1.250423707852895694e+00 9.246345341626650560e-01 1.078097553238043682e+00
1.251971493211585518e+00 9.275537760579650737e-01 1.078655799535806370e+00
1.253600294841401119e+00 9.305985918741170870e-01 1.079756049362731396e+00
1.255266790152050671e+00 9.337057820780506612e-01 1.081067883844736732e+00
1.257005384831932471e+00 9.369875768860270737e-01 1.082361161778260250e+00
1.258836262813487039e+00 9.404704501969937125e-01 1.083440864160835071e+00
1.260567198857988735e+00 9.437554978810731576e-01 1.084444607563768148e+00
1.262292989164638168e+00 9.470437872310518701e-01 1.085359399564289618e+00
1.263927623693839264e+00 9.501521050669371471e-01 1.086178377992518929e+00
1.265817426834351389e+00 9.538003073891575534e-01 1.087019325704319250e+00
1.267591138641299908e+00 9.572630543866831321e-01 1.087334629550858134e+00
1.269313029495600764e+00 9.606369433470328678e-01 1.087469637902570341e+00
1.271126274042326143e+00 9.641817532776926214e-01 1.087660204042000256e+00
1.272928060167022091e+00 9.676476801239355385e-01 1.087991215844819504e+00
1.274831680821992830e+00 9.712951669573828273e-01 1.088454287732140591e+00
1.276369685650810881e+00 9.742338045110243705e-01 1.088927903370208616e+00
1.278007625418517090e+00 9.773538125952716538e-01 1.089516365493526928e+00
1.279659599988846042e+00 9.805175420223175564e-01 1.090496186911163790e+00
1.281431353803667905e+00 9.839406857551514785e-01 1.091685118006255673e+00
1.283118728457750324e+00 9.871786670808432307e-01 1.092735296582716620e+00
1.284881966788914420e+00 9.905847505058558156e-01 1.093769446942551848e+00
1.286785049729012531e+00 9.942482237375002141e-01 1.094839512605361831e+00
1.286832363052992312e+00 9.943370667406815633e-01 1.094864761669936737e+00
1.288482388984863336e+00 9.975503280686855989e-01 1.095669091366797687e+00
1.290483149009833630e+00 1.001488650422011961e+00 1.096532823532837986e+00
1.292209173431432712e+00 1.004883646749422432e+00 1.097308844788602133e+00
1.293680530460237676e+00 1.007746032493427313e+00 1.097854555327675508e+00
1.295470239391764977e+00 1.011313173300593782e+00 1.098007953402696968e+00
1.297220927474672436e+00 1.014799461037498629e+00 1.098146528127345478e+00
1.297262727121424541e+00 1.014889765066560923e+00 1.098151977366187859e+00
1.299145813919068138e+00 1.018633112460624934e+00 1.098424905092792114e+00
1.300820857883773884e+00 1.021946499212512016e+00 1.098747649713907037e+00
1.302542311474955250e+00 1.025346892769574136e+00 1.099162210494262215e+00
1.304195331467677743e+00 1.028593437543852351e+00 1.100071911499164612e+00
1.306056393954812433e+00 1.032262101375963192e+00 1.101352642674479965e+00
1.307866607396171110e+00 1.035852230030014365e+00 1.102413352053953410e+00
1.309560168547726944e+00 1.039190834989497159e+00 1.103259185155132327e+00
1.311315268662852196e+00 1.042691583286466273e+00 1.104124072088888298e+00
1.313243454918304964e+00 1.046553576233301808e+00 1.104893098778284344e+00
1.314898600064671630e+00 1.049873932883546024e+00 1.105542382330147344e+00
1.318947046730095884e+00 1.058057900106619043e+00 1.106920518947068111e+00
1.320509529666156645e+00 1.061203696823854736e+00 1.107442108153833482e+00
1.322257577386295457e+00 1.064783041136119435e+00 1.107646798251729958e+00
1.323895900081704990e+00 1.068111122242353384e+00 1.107671089759537431e+00
1.325613477319694589e+00 1.071612650717000514e+00 1.107738279547683780e+00
1.327096129266924995e+00 1.074577273538081190e+00 1.107911370709829146e+00
1.328585495375424586e+00 1.077568620903218699e+00 1.108481047408995668e+00
1.330253374234684927e+00 1.080930864385586831e+00 1.109476073167236398e+00
1.332047428203446682e+00 1.084573577971010616e+00 1.110391687889249024e+00
1.333709428983133272e+00 1.087908491385570109e+00 1.111117767439407711e+00
1.335399846427688386e+00 1.091341359371705177e+00 1.111812861425613974e+00
1.336992539194892249e+00 1.094587861244838090e+00 1.112367806177293028e+00
1.338693057938591835e+00 1.098009340436646442e+00 1.112968444515497479e+00
1.340509391688907703e+00 1.101704585476133147e+00 1.113550537375735505e+00
1.341951511169949818e+00 1.104686662295646604e+00 1.113988093525796641e+00
1.343633506702178071e+00 1.108192426572772060e+00 1.114152891253155309e+00
1.345243598753960379e+00 1.111522448270075181e+00 1.114155049993018398e+00
1.346887185159614697e+00 1.114944598596020242e+00 1.114180865557404365e+00
1.348539790000844008e+00 1.118367275839176056e+00 1.114316482681831477e+00
1.350019556478436300e+00 1.121438208374063272e+00 1.114517875092090771e+00
1.351727295947436680e+00 1.124968351800680333e+00 1.114893960345878066e+00
1.353210564505779701e+00 1.127990719102301531e+00 1.115533833307525313e+00
1.354846835447756526e+00 1.131369336045447760e+00 1.116577863839120388e+00
1.356601754519043190e+00 1.134970174873661808e+00 1.117605518784496876e+00
1.358318146683626715e+00 1.138507005744978429e+00 1.118312620820947956e+00
1.360063730103888258e+00 1.142124661773817884e+00 1.118948788820143703e+00
1.361570363269874129e+00 1.145286579847351938e+00 1.119435281581138586e+00
1.363163430170928780e+00 1.148645626164516376e+00 1.119842106959114236e+00
1.364674409119776000e+00 1.151816837771917568e+00 1.120243762473827731e+00
1.366306278086464543e+00 1.155262594132113740e+00 1.120605099756624590e+00
1.367875152745221312e+00 1.158583523772501067e+00 1.120695344682614447e+00
1.367916347633809648e+00 1.158672263688520276e+00 1.120692258684456544e+00
1.369497954605336743e+00 1.162026660826372071e+00 1.120692414391461833e+00
1.371302779041818187e+00 1.165816861922448933e+00 1.120728415684985491e+00
1.372850515747886968e+00 1.169083144820679543e+00 1.120866548230884607e+00
1.374616226871045122e+00 1.172794109338162638e+00 1.121115431034582777e+00
1.376209827975928501e+00 1.176158174798934031e+00 1.121400499795235595e+00
1.377760757859368468e+00 1.179416125152109807e+00 1.121713575765198367e+00
1.379244394024847997e+00 1.182522673648759293e+00 1.122272174106974996e+00
1.380844477877182896e+00 1.185896456036290791e+00 1.122876797551891626e+00
1.382590712325519222e+00 1.189547708432085127e+00 1.123601926103535487e+00
1.384354912053048725e+00 1.193274116516854111e+00 1.124212488245740937e+00
1.385960180848977208e+00 1.196646125068198785e+00 1.124677341087155780e+00
1.387592006471622286e+00 1.200101603546700701e+00 1.125187446389597445e+00
1.389179243993962087e+00 1.203467881114323568e+00 1.125522827400641024e+00
1.390941988849586419e+00 1.207281571509375651e+00 1.125665844426614104e+00
1.392573179314246623e+00 1.210721174643528686e+00 1.125712953623319690e+00
1.394013992019465631e+00 1.213812014997390776e+00 1.125817172787885179e+00
1.395454752571481549e+00 1.216884724882344226e+00 1.125963023425660792e+00
1.396904590672042534e+00 1.219978897610317636e+00 1.126131285611780664e+00
1.398479943625290156e+00 1.223343212295051163e+00 1.126388618553252563e+00
1.400141199877320775e+00 1.226884101903801039e+00 1.126623755371391367e+00
1.401900372756103685e+00 1.230609442284803290e+00 1.126937029324365902e+00
1.403485031587440535e+00 1.233980817945636854e+00 1.127362352344170704e+00
1.407361648052674274e+00 1.242209737145692827e+00 1.128885318550105099e+00
1.408939143977371078e+00 1.245578596939447058e+00 1.129407878758615702e+00
1.410424141535312259e+00 1.248773767312929106e+00 1.129780465125397315e+00
1.411997749816075620e+00 1.252153707396491900e+00 1.130024867134006961e+00
1.413449245555553402e+00 1.255239090115598311e+00 1.130263190581294541e+00
1.415004126454271205e+00 1.258617394998866157e+00 1.130321248163005166e+00
1.416526768331753061e+00 1.261890617142784166e+00 1.130281245529613843e+00
1.418119775668134519e+00 1.265361544737021449e+00 1.130287943990434085e+00
1.419520642397868126e+00 1.268364916807879217e+00 1.130349519951696635e+00
1.420914865286435846e+00 1.271365748717936839e+00 1.130451118726916837e+00
1.422722600690730310e+00 1.275189828216955590e+00 1.130675258245155135e+00
1.424209298238087618e+00 1.278370197903125449e+00 1.130858289543316797e+00
1.425770955969830611e+00 1.281752476082467229e+00 1.130819583572102438e+00
1.427370815859016817e+00 1.285203084841535670e+00 1.130819075293657772e+00
1.428952065360719281e+00 1.288605835425191248e+00 1.131211876786274440e+00
1.430575499064561162e+00 1.292078269957869452e+00 1.131726542022691184e+00
1.432197652569144886e+00 1.295564077566251804e+00 1.132196704126547049e+00
1.433899542737491872e+00 1.299216989575357806e+00 1.132692813701756895e+00
1.433942016195839164e+00 1.299308982765368992e+00 1.132704009183123084e+00
1.435569591582988247e+00 1.302783864313047824e+00 1.133089200974352950e+00
1.437135480856154723e+00 1.306159851521194071e+00 1.133499260293098443e+00
1.438848947301002879e+00 1.309907204948524306e+00 1.133608344545087299e+00
1.440306357540972026e+00 1.313085765068828348e+00 1.133634133189462601e+00
1.441767604029552841e+00 1.316275844398133943e+00 1.133634189977961393e+00
1.443262663689374614e+00 1.319553261508470632e+00 1.133671277386132603e+00
1.444684855423283620e+00 1.322657263459805499e+00 1.133735976160529235e+00
1.446210806296954310e+00 1.325937376994310357e+00 1.133827565751769351e+00
1.447628933037953258e+00 1.329031313510474988e+00 1.133949995263804800e+00
1.449295956196392732e+00 1.332669545291099711e+00 1.133871731950808037e+00
1.451032658619122895e+00 1.336404137101662171e+00 1.133871564225592987e+00
1.452796140337927921e+00 1.340230977671097001e+00 1.133880262702378738e+00
1.452838378670277208e+00 1.340319622889988516e+00 1.133879357114703224e+00
1.454527907089413707e+00 1.343975383760599218e+00 1.134068945341924817e+00
1.456136985475330992e+00 1.347462320207994502e+00 1.134474844142704608e+00
1.457721386853571222e+00 1.350850105222140218e+00 1.134845973366553684e+00
1.459214156684033314e+00 1.354056796840689803e+00 1.135272525561523027e+00
1.460709410339447123e+00 1.357239900758416828e+00 1.135540648416529796e+00
1.462278227767963346e+00 1.360623933637617133e+00 1.135653038669581116e+00
1.463850413614042667e+00 1.363988641207265706e+00 1.135744236245907146e+00
1.465626098457603943e+00 1.367833074024162876e+00 1.135801849376426809e+00
1.467346164487575821e+00 1.371573237091132880e+00 1.135813229680464609e+00
1.468978275295888203e+00 1.375136950682285697e+00 1.135848908653118494e+00
1.470411303572429329e+00 1.378245874702005658e+00 1.135890730629059542e+00
1.471956288994591633e+00 1.381628765912995549e+00 1.135878358238466612e+00
1.473547261651654949e+00 1.385076808663615822e+00 1.135625646214146300e+00
1.475107301241472380e+00 1.388465104651714688e+00 1.135512398762316799e+00
1.476734212332244445e+00 1.392016735041934572e+00 1.135363057028123235e+00
1.478231901358151301e+00 1.395244412717371096e+00 1.135456466617053906e+00
1.479835300148883315e+00 1.398730441822703785e+00 1.135834110025701893e+00
1.479878569365695284e+00 1.398820843371969325e+00 1.135845356276381057e+00
1.481504838878297869e+00 1.402308906111139342e+00 1.136269618043776575e+00
1.483112867061786799e+00 1.405779557989922379e+00 1.136636811593128460e+00
1.484746281258603195e+00 1.409359092242951972e+00 1.136865258547977930e+00
1.486117010194998755e+00 1.412365883035411551e+00 1.136991694296195732e+00
1.487655840233231164e+00 1.415753116170745729e+00 1.137041161882633489e+00
1.489070255960567746e+00 1.418860162527513680e+00 1.137031322953665935e+00
1.492793059434832648e+00 1.426999439108804113e+00 1.137162046401344551e+00
1.494391363989912458e+00 1.430482870245127325e+00 1.137198837954715103e+00
1.495831235957367111e+00 1.433667462093627387e+00 1.136935567407734382e+00
1.497297879054979353e+00 1.436859576648415571e+00 1.136645191513782738e+00
1.498800233550018346e+00 1.440141320293867988e+00 1.136356522386004819e+00
1.500271068615437242e+00 1.443341791397452889e+00 1.136183719029704164e+00
1.501845815465003398e+00 1.446818202506738427e+00 1.136026495757576527e+00
1.503382609641188195e+00 1.450112284007210706e+00 1.136154656272432062e+00
1.505146848265245696e+00 1.453888125484893212e+00 1.136703748023164096e+00
1.505192149846752425e+00 1.453978959707292962e+00 1.136716685314288711e+00
1.506847330829841569e+00 1.457552041448537006e+00 1.137108646311263849e+00
1.506891632396514469e+00 1.457646334232487684e+00 1.137113701262900900e+00
1.508613956919175214e+00 1.461392464870260532e+00 1.137215169104913715e+00
1.510070946164029815e+00 1.464594850606292908e+00 1.137317586261450408e+00
1.511579348691330926e+00 1.467882634467955638e+00 1.137332197404739897e+00
1.513257205347555256e+00 1.471537528228895608e+00 1.137361618232800575e+00
1.514801123980144215e+00 1.474928831922353467e+00 1.137276465808116699e+00
1.516416504957593947e+00 1.478483838821747387e+00 1.137209740511283984e+00
1.518089146596071304e+00 1.482148112197702927e+00 1.137149657467647623e+00
1.519774107450442058e+00 1.485799742708107329e+00 1.136982104230474189e+00
1.521280302201216905e+00 1.489081656942387921e+00 1.136638976298052217e+00
1.522801231238874564e+00 1.492363025064746829e+00 1.136315607886582590e+00
1.524334263688491786e+00 1.495729455032929645e+00 1.136067703890757619e+00
1.525998756568565096e+00 1.499389045318952007e+00 1.135812745482576158e+00
1.527459623447394943e+00 1.502578096282319642e+00 1.135660565801664523e+00
1.529113109875665399e+00 1.506161919284809025e+00 1.135995232504155128e+00
1.529152697328388655e+00 1.506255320843985945e+00 1.136011713237391696e+00
1.530833573527407010e+00 1.509905294865044656e+00 1.136349773829377741e+00
1.532512456908087906e+00 1.513562166557921307e+00 1.136633571274115573e+00
1.534345671640316988e+00 1.517578356484796220e+00 1.136806506992473320e+00
1.535762046752334298e+00 1.520677189184485467e+00 1.136794867635926742e+00
1.537263145365809658e+00 1.523961270949901747e+00 1.136752018338135439e+00
1.538672590717209632e+00 1.527056535135402848e+00 1.136653968788748026e+00
1.540025576372523020e+00 1.529967739176764985e+00 1.136626528466693875e+00
1.541411361949641012e+00 1.532970446187135405e+00 1.136357713552518911e+00
1.541453912530732939e+00 1.533062507486004700e+00 1.136347845485928820e+00
1.542881087225958403e+00 1.536150195212101721e+00 1.135928846852257257e+00
1.544550319061461785e+00 1.539789202742992913e+00 1.135411368695322665e+00
1.546290283416492439e+00 1.543619994032416232e+00 1.134949992547176878e+00
1.547882160252059602e+00 1.547082678814650114e+00 1.134595676333329139e+00
1.549389188342330748e+00 1.550365315360723306e+00 1.134308877032969010e+00
1.550921974890286270e+00 1.553641923261400271e+00 1.134116372793675609e+00
1.552606540585472761e+00 1.557360224074614052e+00 1.133575751660711672e+00
1.554066005830727182e+00 1.560540853910091785e+00 1.133233337932214591e+00
1.555514764547094142e+00 1.563664772043005025e+00 1.133457524963149998e+00
1.557064712330541667e+00 1.566965267895020553e+00 1.133839027959276713e+00
1.558570669417249865e+00 1.570188720446480835e+00 1.134153872793456586e+00
1.558614035235683870e+00 1.570282910244377383e+00 1.134160392429806041e+00
1.560210555187274251e+00 1.573759717361880694e+00 1.134458927559568675e+00
1.562018199289806120e+00 1.577700714285179995e+00 1.134593362693462115e+00
1.563662986035304625e+00 1.581252568291689364e+00 1.134652863192836758e+00
1.565290648436276078e+00 1.584799877866266860e+00 1.134296864528879123e+00
1.566740605186158763e+00 1.587979732602310845e+00 1.133751897161138000e+00
1.568246406439967267e+00 1.591247065793530036e+00 1.133208727901923618e+00
1.569847377781768083e+00 1.594707749255719786e+00 1.132698310419224308e+00
1.571383231429349658e+00 1.598072102842045039e+00 1.132246702092510215e+00
1.572776838981141623e+00 1.601079396878895889e+00 1.131920984471369351e+00
1.574502570483043984e+00 1.604835081928619900e+00 1.131556308175324599e+00
1.575963547156544742e+00 1.608016219044854367e+00 1.131101725171319128e+00
1.577483107984880562e+00 1.611284365831815890e+00 1.130443050976535968e+00
1.579161194026690307e+00 1.614858134787487298e+00 1.130269626680006523e+00
1.580904550961693023e+00 1.618540216749533078e+00 1.130721231309036900e+00
1.580950615002536308e+00 1.618629908414000340e+00 1.130731140331841633e+00
1.582678985388193516e+00 1.622292581632403863e+00 1.131203559019042792e+00
1.584093567212316200e+00 1.625331264575810453e+00 1.131506506140549595e+00
1.588065586693802711e+00 1.633831385392436664e+00 1.131761766467204167e+00
1.589512020549923799e+00 1.636926725233640134e+00 1.131690949889168518e+00
1.590963736703098652e+00 1.640175023218583661e+00 1.131133272544681434e+00
1.592416859813899244e+00 1.643374883550017929e+00 1.130384755745075465e+00
1.594094293315919897e+00 1.646993563217935108e+00 1.129635958510457838e+00
1.595750320236922315e+00 1.650623511411070998e+00 1.129019227915956769e+00
1.597330110743145237e+00 1.653978052462915294e+00 1.128471819372860674e+00
1.598992058892615198e+00 1.657597964937350454e+00 1.127575984748335092e+00
1.600732414697833228e+00 1.661408163402477767e+00 1.126378996434329816e+00
1.602454441280600106e+00 1.665119758935797112e+00 1.125369421055626651e+00
1.603926227471477839e+00 1.668214575223686769e+00 1.125232373925880713e+00
1.605453259421578460e+00 1.671401802385592994e+00 1.126045433216132707e+00
1.606918860420991857e+00 1.674477436062819180e+00 1.126966009777619293e+00
1.608335851351348822e+00 1.677483590440658645e+00 1.127626143575060746e+00
1.610059374110929920e+00 1.681117085161158542e+00 1.127990270970357534e+00
1.611651523638692574e+00 1.684559815859734133e+00 1.127712356785145920e+00
1.613323023465486061e+00 1.688173504499290045e+00 1.127055124661052066e+00
1.614899364778478397e+00 1.691610809142072069e+00 1.126264099531464336e+00
1.614942895868518358e+00 1.691701062007193945e+00 1.126242017549064833e+00
1.616467796012347025e+00 1.694961287227350732e+00 1.125610017994375545e+00
1.616682689719511457e+00 1.695413188983900588e+00 1.125532774716955009e+00
1.618316272678843371e+00 1.698854826532561146e+00 1.124950964496079342e+00
1.620015869893143057e+00 1.702480696800851234e+00 1.124378462478678120e+00
1.621735736412334816e+00 1.706091281873846954e+00 1.123861040046511439e+00
1.623409525278557197e+00 1.709698302155772787e+00 1.123061589899769785e+00
1.624881961845561662e+00 1.712909975589115952e+00 1.121977704584728341e+00
1.626575878215390736e+00 1.716516366681907879e+00 1.120770122188299744e+00
1.628114067748702043e+00 1.719770064736719561e+00 1.119710754888505244e+00
1.628156357441687963e+00 1.719860529434995788e+00 1.119680524297152813e+00
1.629758572984484122e+00 1.723246570744109363e+00 1.118929499675178185e+00
1.631517439587149676e+00 1.726850094854405215e+00 1.119676266091922168e+00
1.631559747525720416e+00 1.726939213551248464e+00 1.119708353027201397e+00
1.633054630936551455e+00 1.730059938394494790e+00 1.120375528863668757e+00
1.633103497117848413e+00 1.730151431140568574e+00 1.120376080499746463e+00
1.634663776936365442e+00 1.733402480988342376e+00 1.120356882465016080e+00
1.636270963240325393e+00 1.736763910127896438e+00 1.120141153956777824e+00
1.637827252351673257e+00 1.740034418892082657e+00 1.119906697968209075e+00
1.639473318120345580e+00 1.743460527175480390e+00 1.119595934687336980e+00
1.641063570622271373e+00 1.746821596169118918e+00 1.119268965430547214e+00
1.642667004098160577e+00 1.750159323602440864e+00 1.118877477408265264e+00
1.644355740377567709e+00 1.753690432906105823e+00 1.118465162882877229e+00
1.645984940594624524e+00 1.757092533635150389e+00 1.117484651683510188e+00
1.647505735937264237e+00 1.760328613357718952e+00 1.116127460824775541e+00
1.649225448380735370e+00 1.763927512301101785e+00 1.114655698326777911e+00
1.650691549148393333e+00 1.766966439375741382e+00 1.113508824824593013e+00
1.652587436364967743e+00 1.770929863889055822e+00 1.112451137953301972e+00
1.654215159992995732e+00 1.774233160131752030e+00 1.112256432773832682e+00
1.655983752847208557e+00 1.777804619102413719e+00 1.113478220171770339e+00
1.657776216187986762e+00 1.781449020899668279e+00 1.115039458878624767e+00
1.659579614876359521e+00 1.785162818596915724e+00 1.116198349045183003e+00
1.661327818045063021e+00 1.788766096612397272e+00 1.115885934282266456e+00
1.662843785688464582e+00 1.791918210939770884e+00 1.115155229725951047e+00
1.664501542948241708e+00 1.795406451562548744e+00 1.114210541927003639e+00
1.666114611082335717e+00 1.798715149806241698e+00 1.113321427732181013e+00
1.667707347013245744e+00 1.802032297812654171e+00 1.112509795772906651e+00
1.669258784837766019e+00 1.805263413008288520e+00 1.111791544882764660e+00
1.670795714708475099e+00 1.808454372420699841e+00 1.110660526711312102e+00
1.672555396206437006e+00 1.812093193490413867e+00 1.108699652695150917e+00
1.672595726957071705e+00 1.812180838172665842e+00 1.108653166907271670e+00
1.674169209972953487e+00 1.815379913494602482e+00 1.107203944509634219e+00
1.675644714268669011e+00 1.818428440752535735e+00 1.106080927136531944e+00
1.677543041462447926e+00 1.822283551508308896e+00 1.104797383532255761e+00
1.679380930179386056e+00 1.825973658689794332e+00 1.104122737715106828e+00
1.681197965409819917e+00 1.829609341809872003e+00 1.105216149198373854e+00
1.681242058136065642e+00 1.829702501313068774e+00 1.105257314570388338e+00
1.683075922884767817e+00 1.833362550057430651e+00 1.106071176666614253e+00
1.684828412944990861e+00 1.836866936977685105e+00 1.106123281373790901e+00
1.684874464449082510e+00 1.836958107583267941e+00 1.106123788016201148e+00
1.689019381461398739e+00 1.845285333473434486e+00 1.105283783226610916e+00
1.690812253153090694e+00 1.848869478148614798e+00 1.104785673841565119e+00
1.692686132255935894e+00 1.852639803337883473e+00 1.104137706962049714e+00
1.694430026466826167e+00 1.856119614912931759e+00 1.103467637175575611e+00
1.696110682548607862e+00 1.859570175849039053e+00 1.102105294474084562e+00
1.697667209927834486e+00 1.862777471377970784e+00 1.100116548149842943e+00
1.699331051613939936e+00 1.866106925666255911e+00 1.098223987173249094e+00
1.699369147384597323e+00 1.866197416953027766e+00 1.098183591656585634e+00
1.701282157740762191e+00 1.870031595803176794e+00 1.096589617940368688e+00
1.703113223609094007e+00 1.873689919225299594e+00 1.095252594116608025e+00
1.704851543238660838e+00 1.877050691232761359e+00 1.094820875397928051e+00
1.706700941241422020e+00 1.880625237306039921e+00 1.096252866646981072e+00
1.708370545667947660e+00 1.883865579020847614e+00 1.097221127222157033e+00
1.710223317706270008e+00 1.887521329732782860e+00 1.097475020700851900e+00
1.712129832619227354e+00 1.891289898194566277e+00 1.097103801336559270e+00
1.713824130181578642e+00 1.894674142876983103e+00 1.096451665956889254e+00
1.715305005034702068e+00 1.897617223017326049e+00 1.095777173861938403e+00
1.716882781249486900e+00 1.900731337853907243e+00 1.094974491673218031e+00
1.718731753651730365e+00 1.904389843894592982e+00 1.094043005814069547e+00
1.720319416740012874e+00 1.907550518303537501e+00 1.092661011521366854e+00
1.722041315781895232e+00 1.910995944820814030e+00 1.090243101517947677e+00
1.723653858592107291e+00 1.914180953298900478e+00 1.087993644296412654e+00
1.725547401734205621e+00 1.917903698198888840e+00 1.085933181193590169e+00
1.727302531612071368e+00 1.921278225181662469e+00 1.084440932781165046e+00
1.727348044471893163e+00 1.921367545128348508e+00 1.084405144058296022e+00
1.729236818870067083e+00 1.924962448168991536e+00 1.084079521898252851e+00
1.731008759985202650e+00 1.928303392652957804e+00 1.085986545591251184e+00
1.732617860503226748e+00 1.931340381536814865e+00 1.088097461981654801e+00
1.734406411735684772e+00 1.934821299577604181e+00 1.089419614571106365e+00
1.736064048133732385e+00 1.938010925799060091e+00 1.088949653808972018e+00
1.737623663630516679e+00 1.941064320231820517e+00 1.087911752929369369e+00
1.739295182187938993e+00 1.944306610430035276e+00 1.086533459441033855e+00
1.741105706147911159e+00 1.947807623554909329e+00 1.085120561622706203e+00
1.742887732453020311e+00 1.951272693397575475e+00 1.083786113000461793e+00
1.744578370452084526e+00 1.954548160318936523e+00 1.082604421005385564e+00
1.746220938381105148e+00 1.957760082386322154e+00 1.080936422538839370e+00
1.747889246866360713e+00 1.960960715500660312e+00 1.078323176888740242e+00
1.749680218462668968e+00 1.964372375793837167e+00 1.075470321962147535e+00
1.751207513659663650e+00 1.967288494235297058e+00 1.073536081216271754e+00
1.752947178092312486e+00 1.970558662343830925e+00 1.071942398260278706e+00
1.754694708585689655e+00 1.973772077282766935e+00 1.071261668824512014e+00
1.756683919124243820e+00 1.977424782198178521e+00 1.072886433066942757e+00
1.758336535507226905e+00 1.980486152519566057e+00 1.075204200802650556e+00
1.760191503464318741e+00 1.983931005594586683e+00 1.076848586603202707e+00
1.761828142396830055e+00 1.987006183142956628e+00 1.076445100201905536e+00
1.763401335496540767e+00 1.990031323031449029e+00 1.075473554575511415e+00
1.765083028083578753e+00 1.993245379078203428e+00 1.074035778141927189e+00
1.766696328095829882e+00 1.996288422633690551e+00 1.072570761230478675e+00
1.768384136809105334e+00 1.999524065091246916e+00 1.071199614082638307e+00
1.770003083514753550e+00 2.002595006149919588e+00 1.069907497903615612e+00
1.771911037977909276e+00 2.006192215977968374e+00 1.068625168199140107e+00
1.773505651647708348e+00 2.009166461498296030e+00 1.067071164456536492e+00
1.775264149281220005e+00 2.012450158212948814e+00 1.064044371138598066e+00
1.776986947135981598e+00 2.015660510884146550e+00 1.061289003877738280e+00
1.778648727218953507e+00 2.018716858520267721e+00 1.058866079417371209e+00
1.780666487801262354e+00 2.022302332747866416e+00 1.058254702241277379e+00
1.782550411449023597e+00 2.025662223003892315e+00 1.059913885988908566e+00
1.787447973365231091e+00 2.034438946541768267e+00 1.066381722558720879e+00
1.789152615445502192e+00 2.037534860411267079e+00 1.068358979740467785e+00
1.790880744251585499e+00 2.040751158254782371e+00 1.068370134037025077e+00
1.792445616691281884e+00 2.043738783551870331e+00 1.066314294923062844e+00
1.794029040179991430e+00 2.046698810688477366e+00 1.062511742236131651e+00
1.795736185571207066e+00 2.049846708851894128e+00 1.058352125828373236e+00
1.797574172445871810e+00 2.053209864359468284e+00 1.054297908198687628e+00
1.799552289160912144e+00 2.056793617034212485e+00 1.051275548129273263e+00
1.799600129462331832e+00 2.056880286785782719e+00 1.051214459422236791e+00
1.801416596585206698e+00 2.060121784886414176e+00 1.048593386707835418e+00
1.803331171576425085e+00 2.063554692538516644e+00 1.045581529243248209e+00
1.805174382971757918e+00 2.066763158495817709e+00 1.043558840739210902e+00
1.807359827982051304e+00 2.070497372658702595e+00 1.044099839473050295e+00
1.809122145455510866e+00 2.073538958922691133e+00 1.045988426468850152e+00
1.811246989727977263e+00 2.077220106795318877e+00 1.048251071235048792e+00
1.811296805206876304e+00 2.077307426704075421e+00 1.048303426339955324e+00
1.813170721835736243e+00 2.080592605897853442e+00 1.049106277310761559e+00
1.814941323016903141e+00 2.083771313084592514e+00 1.047601814645870544e+00
1.816510593909774096e+00 2.086553387081124367e+00 1.045483340573295949e+00
1.818400854157320223e+00 2.089887664601579598e+00 1.042504672823100220e+00
1.820006903433611045e+00 2.092730973730326571e+00 1.039974335704789921e+00
1.821838781954197017e+00 2.095898909123222520e+00 1.037719457640502441e+00
1.823936021546666231e+00 2.099513366036619644e+00 1.035760898878270053e+00
1.825766356615431629e+00 2.102612278838567050e+00 1.034283770897922450e+00
1.827970390529525480e+00 2.106333947771921622e+00 1.032860826953807987e+00
1.829900805266380326e+00 2.109559636262320570e+00 1.032451321781260090e+00
1.831874010362355198e+00 2.112897207920438003e+00 1.033107492817095574e+00
1.834097243820992373e+00 2.116623489449183992e+00 1.033908413360510536e+00
1.835849992973025202e+00 2.119584817004596111e+00 1.034209930313828574e+00
1.837852446501142767e+00 2.122934849738998153e+00 1.033858070110759808e+00
1.839897016987155576e+00 2.126376963381397811e+00 1.033044386179053920e+00
1.841714980247553868e+00 2.129460130689192265e+00 1.032085200056946039e+00
1.843410433363290135e+00 2.132350182442603881e+00 1.030962175745369969e+00
1.845264270406672402e+00 2.135511898161844169e+00 1.028273422912958868e+00
1.847126695855193290e+00 2.138702249468354744e+00 1.024319723280518124e+00
1.849292795348997709e+00 2.142379197225510179e+00 1.019912352214785933e+00
1.851040270426637324e+00 2.145311740728245820e+00 1.016909070988323949e+00
1.852959856655852722e+00 2.148479186568604149e+00 1.014557990364530538e+00
1.854839586431842102e+00 2.151498293606711965e+00 1.013368750351806735e+00
1.856666273767572983e+00 2.154413169098023939e+00 1.014184817100856506e+00
1.858796351461138086e+00 2.157840533698771601e+00 1.016459797834711409e+00
1.858849801692379344e+00 2.157926215121127811e+00 1.016485488023349149e+00
1.860892631170967482e+00 2.161251057945650089e+00 1.016302684290000480e+00
1.862937502610043650e+00 2.164587979534732920e+00 1.015271887552569696e+00
1.864915773161461621e+00 2.167821226386541955e+00 1.014052904328955673e+00
1.866782934176536290e+00 2.170883157398366681e+00 1.012780869888110225e+00
1.868717410420995373e+00 2.174029056639730229e+00 1.011480974766125085e+00
1.870942748524679899e+00 2.177677362970194430e+00 1.009916073940291481e+00
1.872995465354980071e+00 2.180993173213289449e+00 1.008465067154677319e+00
1.875071549915699798e+00 2.184367480542952045e+00 1.006481317377503570e+00
1.876982830611584330e+00 2.187433840586833877e+00 1.003134741759578619e+00
1.879050551564868110e+00 2.190805024064771178e+00 9.994904303165261794e-01
1.881089932928498021e+00 2.193996302201030257e+00 9.981696018786051505e-01
1.883043668473877164e+00 2.197029435883816273e+00 9.990415359058580913e-01
1.885447563949991023e+00 2.200773348765564297e+00 1.001179200008814885e+00
1.887293900790198986e+00 2.203661790765611972e+00 1.002413226076063646e+00
1.889555678479791334e+00 2.207225303108975023e+00 1.002446749458406172e+00
1.889609416367401984e+00 2.207309386598236500e+00 1.002419073052943865e+00
1.891469393669972909e+00 2.210276918449215700e+00 1.000236583824403391e+00
1.893543312940495937e+00 2.213531706982029057e+00 9.956869678426693016e-01
1.898335862752364767e+00 2.221057313016457702e+00 9.855956525651392575e-01
1.900228214129273452e+00 2.223955316732974641e+00 9.818782704203762313e-01
1.902280251448297488e+00 2.227066486174076765e+00 9.793629147727752615e-01
1.904642344073539828e+00 2.230572923869527546e+00 9.787478842571707416e-01
1.906749727793654259e+00 2.233713404818096215e+00 9.805272873816422985e-01
1.908813374509534144e+00 2.236812590196299411e+00 9.819375300064060452e-01
1.911064650761389316e+00 2.240174253784818159e+00 9.823001367359007752e-01
1.913293559957547352e+00 2.243524984884798901e+00 9.819417680487579903e-01
1.915161634069414420e+00 2.246352665912663138e+00 9.809802683306931836e-01
1.917409526265992481e+00 2.249763198861114422e+00 9.793880874340191722e-01
1.917463906793480888e+00 2.249848035502152399e+00 9.793520606570065290e-01
1.919479777449706992e+00 2.252914864791224048e+00 9.777758774750240356e-01
1.921391385539555907e+00 2.255824177104876149e+00 9.761999711686627501e-01
1.923225787121296992e+00 2.258595942394981737e+00 9.744358682719310716e-01
1.924999937825417229e+00 2.261242219287827204e+00 9.708176007244577743e-01
1.927310543345313043e+00 2.264743541805390947e+00 9.656600012483071982e-01
1.929520615935384598e+00 2.268001935168437289e+00 9.610520104327486823e-01
1.931555624741393640e+00 2.270915117636291836e+00 9.580398612552026849e-01
1.933733588931962233e+00 2.274007266430305041e+00 9.573175916155054477e-01
1.936032793466210267e+00 2.277280790065748128e+00 9.595116246702618534e-01
1.938245706346432451e+00 2.280444459601949969e+00 9.623502001330795919e-01
1.940486507881266531e+00 2.283663943464388169e+00 9.648841587425661670e-01
1.942568037734298425e+00 2.286704211984972090e+00 9.647792708138263063e-01
1.944659608305608911e+00 2.289758120626726789e+00 9.623959180795941259e-01
1.946749326078527575e+00 2.292805807705433629e+00 9.579283972413358272e-01
1.949001619051742296e+00 2.296111676525562029e+00 9.525702285338770725e-01
1.951126774548873843e+00 2.299173237246974200e+00 9.481579459053187664e-01
1.953634979423577445e+00 2.302743181336275313e+00 9.442101976355463666e-01
1.955863189625357768e+00 2.305849439025754233e+00 9.421772366079801397e-01
1.958020328785273767e+00 2.308816466457640271e+00 9.420115608919684691e-01
1.960454175282777545e+00 2.312148766718391535e+00 9.417882754352280283e-01
1.962774704477915133e+00 2.315350156570711082e+00 9.412839540557721429e-01
1.962829651987958002e+00 2.315433261331972581e+00 9.412724264549556796e-01
1.965074564130547152e+00 2.318491683156419736e+00 9.400952996545336449e-01
1.967267099356522442e+00 2.321519465165426066e+00 9.386094703071553580e-01
1.969347558283657040e+00 2.324342070386229420e+00 9.371432232083601876e-01
1.971626803687443363e+00 2.327492875407787487e+00 9.354317879436154781e-01
1.973692605203756445e+00 2.330336482844439061e+00 9.337837211669889337e-01
1.973750739122227094e+00 2.330420343028155372e+00 9.337411703136613284e-01
1.975796164549291634e+00 2.333255570275282853e+00 9.315529132077106089e-01
1.977829067344522018e+00 2.336048776873800747e+00 9.275848307495465628e-01
1.979834021179329717e+00 2.338752910614319891e+00 9.238946871707869324e-01
1.982208697677193543e+00 2.341881762694477231e+00 9.224446831971970795e-01
1.984444526535843689e+00 2.344845635918502147e+00 9.231717110648257618e-01
1.986821894892782270e+00 2.347976402733006562e+00 9.240210037507775587e-01
1.988931883684910584e+00 2.350790079168534330e+00 9.241943753198487155e-01
1.991210531256773386e+00 2.353813555702267912e+00 9.236594733128815626e-01
1.993341316558648879e+00 2.356689021601510614e+00 9.221496707709587737e-01
1.995191333142982471e+00 2.359181895906375281e+00 9.195089303109589274e-01
1.997178693836576313e+00 2.361785771975493109e+00 9.149961636240564467e-01
1.999417666128836091e+00 2.364808455110831265e+00 9.098077610983492658e-01
1.999473215621935474e+00 2.364883879412476464e+00 9.096844441725836505e-01
2.001589934114629266e+00 2.367673043031590208e+00 9.055840098768818125e-01
2.003873784129875268e+00 2.370696957712243869e+00 9.021444667761496783e-01
2.006083632915879988e+00 2.373498967492182032e+00 8.996581440419172404e-01
2.008467068748904349e+00 2.376486303256637900e+00 8.993909509082677056e-01
2.010930826999460574e+00 2.379618041765368286e+00 9.014054765248767920e-01
2.013294342833213513e+00 2.382606949027121779e+00 9.031661177248451189e-01
2.015323173695672043e+00 2.385200218580731057e+00 9.023568109474799925e-01
2.017956506863346267e+00 2.388591532946982454e+00 8.987119153263456450e-01
2.020129665861561286e+00 2.391404540375700272e+00 8.949625585162870323e-01
2.022292032983840748e+00 2.394149586416944864e+00 8.910436234990003479e-01
2.028078660523693344e+00 2.401466473290807979e+00 8.824052286152875846e-01
2.028140704276532258e+00 2.401538243764103964e+00 8.823158328045618282e-01
2.030912116169912629e+00 2.404962539181957126e+00 8.790568886284962913e-01
2.033119475404065568e+00 2.407629389249275054e+00 8.778493927972956801e-01
2.035759915456921476e+00 2.410800359099569246e+00 8.769013051736999076e-01
2.038133608706098610e+00 2.413660419146531844e+00 8.760295733924565731e-01
2.040374457863320057e+00 2.416344868726756800e+00 8.750608420311534186e-01
2.042923441248659433e+00 2.419432967721323990e+00 8.733638660458654668e-01
2.045466192043758014e+00 2.422502479894876881e+00 8.714650447210350315e-01
2.047743834798125828e+00 2.425258249026539303e+00 8.695867024099014353e-01
2.050218463227670984e+00 2.428255900672136480e+00 8.673838513616540791e-01
2.052349002279158174e+00 2.430798908944749481e+00 8.649779426076260602e-01
2.054590013189830255e+00 2.433451774322969552e+00 8.611092384070330175e-01
2.057278694055810320e+00 2.436618867629174900e+00 8.584500605361451431e-01
2.059531282852434586e+00 2.439227302661218122e+00 8.572435323914383565e-01
2.061960493910927283e+00 2.442046126067145995e+00 8.562316788574484416e-01
2.064459440787016486e+00 2.444936675035934925e+00 8.550320257587487038e-01
2.064525908542059973e+00 2.445011075663602984e+00 8.549990840839192252e-01
2.067225282002423725e+00 2.448117901124176043e+00 8.532206843033846022e-01
2.069526048710851995e+00 2.450749236693158473e+00 8.515388674984867290e-01
2.071883712841430025e+00 2.453467889300025018e+00 8.496942174271528980e-01
2.074099178736976690e+00 2.456026816218098929e+00 8.475915247103009698e-01
2.076474542809692014e+00 2.458785973796929092e+00 8.434907150982565716e-01
2.076538190512369653e+00 2.458853746835482301e+00 8.433543072022223752e-01
2.079313379146869867e+00 2.462046994705174185e+00 8.379364362216035200e-01
2.082008336249814295e+00 2.465058859606434005e+00 8.355502954531844884e-01
2.084795537627714523e+00 2.468133279628193399e+00 8.344349035868393605e-01
2.087491173815067214e+00 2.471105978797988545e+00 8.340244019090619076e-01
2.089976745121734591e+00 2.473843590431187955e+00 8.333034068952057671e-01
2.092732553121833927e+00 2.476879006429358654e+00 8.319260410356452695e-01
2.095162434573585308e+00 2.479532121296950553e+00 8.303925785912071866e-01
2.097559629637533174e+00 2.482201681733048559e+00 8.279467419754417135e-01
2.099604699247530792e+00 2.484456509588049755e+00 8.245602067487475262e-01
2.101936726181881987e+00 2.487047032023085968e+00 8.191576945711026569e-01
2.104419824861878840e+00 2.489743462171909449e+00 8.131187494201760346e-01
2.106648913802668499e+00 2.492138329091105664e+00 8.086455650040723642e-01
2.109490717240291247e+00 2.495110810130042545e+00 8.058422403667621081e-01
2.112134253030364395e+00 2.497867685735985166e+00 8.059042342346289800e-01
2.114915804650184583e+00 2.500759537038073077e+00 8.071616061170726608e-01
2.117329756453864675e+00 2.503299446158784303e+00 8.078441811488479285e-01
2.120018439693469592e+00 2.506130789485826238e+00 8.072908086027178465e-01
2.122481675456253658e+00 2.508750009903822242e+00 8.046493605306277441e-01
2.122541860404323799e+00 2.508822710446903415e+00 8.045593099198501408e-01
2.124930068779289805e+00 2.511355314839067709e+00 7.994484904627326971e-01
2.127688099690253853e+00 2.514233779154789072e+00 7.925943275030407076e-01
2.130257412737322831e+00 2.516870911793267496e+00 7.864418669011375984e-01
2.132847594434875482e+00 2.519489811529801226e+00 7.816832234573949378e-01
2.135553800937451729e+00 2.522174203058296982e+00 7.794229901370252067e-01
2.138414692687431007e+00 2.525004423209057602e+00 7.800504901450135975e-01
2.141048091118820551e+00 2.527609802131285832e+00 7.818148180862497520e-01
2.143974653822082299e+00 2.530520896044264667e+00 7.831137377784802567e-01
2.146644455059899315e+00 2.533209272690087221e+00 7.816163919411960315e-01
2.149108490271699701e+00 2.535732959500690775e+00 7.779658596488094879e-01
2.151426835763427192e+00 2.538032080875665120e+00 7.728552500713725681e-01
2.154010437365713848e+00 2.540592599939150098e+00 7.667721686247560564e-01
2.156371611057434912e+00 2.542933566479175678e+00 7.614661661412668314e-01
2.159054784502298929e+00 2.545526662543953655e+00 7.577435396485310282e-01
2.162047607376196279e+00 2.548337198450936203e+00 7.566784416622494014e-01
2.164699380684831809e+00 2.550854773243580009e+00 7.574679178911610800e-01
2.167600088418464743e+00 2.553595055534469971e+00 7.582106236416055189e-01
2.174297600162599764e+00 2.560001732158218690e+00 7.530913453821066472e-01
2.177292261253568562e+00 2.562841015272423917e+00 7.475292484346699462e-01
2.179537252171802830e+00 2.564942798646189015e+00 7.425592342295419535e-01
2.182218761980527333e+00 2.567422291109940247e+00 7.370067237239578128e-01
2.185143910306999171e+00 2.570056955083328987e+00 7.342073216128444102e-01
2.185220420766526228e+00 2.570125265485584620e+00 7.341636248179689295e-01
2.187998135786941134e+00 2.572642220870687169e+00 7.334668017904343307e-01
2.191001331931936580e+00 2.575335795688809437e+00 7.331227746256610001e-01
2.191075703615596559e+00 2.575402772449476352e+00 7.331122278456944086e-01
2.194009762674086872e+00 2.578075358171615594e+00 7.317301373278654042e-01
2.196558493544505719e+00 2.580417069086081927e+00 7.284647690576271373e-01
2.199188268421312653e+00 2.582794738109660315e+00 7.235148677537148743e-01
2.201850083131705382e+00 2.585169524924959994e+00 7.177687999752861980e-01
2.204855077388897300e+00 2.587851748654128592e+00 7.120381022261671466e-01
2.204927678443739048e+00 2.587915405737132968e+00 7.119075536089228828e-01
2.207472446386650855e+00 2.590118155146741596e+00 7.080020206256226745e-01
2.210580055421624834e+00 2.592762099359573913e+00 7.060941369564840420e-01
2.213448093506785952e+00 2.595215542678845910e+00 7.059807963091028205e-01
2.216514092173549333e+00 2.597821703098065704e+00 7.058742590334662337e-01
2.219542571446180723e+00 2.600400669914773477e+00 7.051125007814778023e-01
2.222184814927045338e+00 2.602657801077320698e+00 7.036591061948436199e-01
2.225147013923544748e+00 2.605217751515659597e+00 7.008914002374444507e-01
2.227890489420244702e+00 2.607538455427504509e+00 6.959124370986057295e-01
2.230498708366004390e+00 2.609771570151187881e+00 6.910430457617959821e-01
2.233253106734781390e+00 2.612080041794571983e+00 6.876476203386697739e-01
2.236240192054733900e+00 2.614561062887057474e+00 6.847204872591657887e-01
2.239240562247813759e+00 2.617038988463443960e+00 6.820668619386242026e-01
2.239318749150265297e+00 2.617104094505461553e+00 6.820008518502729267e-01
2.242013570837977365e+00 2.619319492010008243e+00 6.795446976750932899e-01
2.244784523867605852e+00 2.621589809064800214e+00 6.769564892110714327e-01
2.247702299710045537e+00 2.623984944647530959e+00 6.741351902332187729e-01
2.250636234947867909e+00 2.626366636702579527e+00 6.712344196467069368e-01
2.253486505661288053e+00 2.628682464933717267e+00 6.683561035109195636e-01
2.256163772760458652e+00 2.630857872280845111e+00 6.654329817531916547e-01
2.259069877335656784e+00 2.633178699656080202e+00 6.617019150967816676e-01
2.261774665083550406e+00 2.635332893443574687e+00 6.580069379913382477e-01
2.264629563052670491e+00 2.637590423284227104e+00 6.543404276905498973e-01
2.267420535221652322e+00 2.639753299379319351e+00 6.509989601197115894e-01
2.267498395697856051e+00 2.639817577840067209e+00 6.509087724428013200e-01
2.270783188352110127e+00 2.642369488822908341e+00 6.472362496688603972e-01
2.270862164400273553e+00 2.642432484641722201e+00 6.471522665659503737e-01
2.273541293291398979e+00 2.644492472167061514e+00 6.442273056723513136e-01
2.276386735863128674e+00 2.646664085777565845e+00 6.411885026582279101e-01
2.279636420252206364e+00 2.649128514787470134e+00 6.377055021345087171e-01
2.282547042988968489e+00 2.651289115222275949e+00 6.351942247411502818e-01
2.285482993055155010e+00 2.653450101213285173e+00 6.347378572333531865e-01
2.288882494296969217e+00 2.655948736856847070e+00 6.342059957877810294e-01
2.291857993465348464e+00 2.658157980300869472e+00 6.312341275264329310e-01
2.294833555556121230e+00 2.660365763440222242e+00 6.261372315055592219e-01
2.298046007863165929e+00 2.662673916759944248e+00 6.194582438893794230e-01
2.300890864102132394e+00 2.664749107006053830e+00 6.139019372319648449e-01
2.303688458954539886e+00 2.666755805402744262e+00 6.089117308056551936e-01
2.306883440377207606e+00 2.669007241351436743e+00 6.048638834004056442e-01
2.310224093701557457e+00 2.671304294347300434e+00 6.034044670953950806e-01
2.313241964549368479e+00 2.673376617170577507e+00 6.032724754204077389e-01
2.316468104541620665e+00 2.675604500454321411e+00 6.029709059712623498e-01
2.319663530875476276e+00 2.677800344617724537e+00 6.018659202211068537e-01
2.322845508380329882e+00 2.679998788654823105e+00 5.995243661397368085e-01
2.325816204958269129e+00 2.682107491955346479e+00 5.951321651933115797e-01
2.333490757086761125e+00 2.687332653718185860e+00 5.766698099997192850e-01
2.336637747822672750e+00 2.689425278677511688e+00 5.702552552438873157e-01
2.340064306604624278e+00 2.691633116625521183e+00 5.658894371077741736e-01
2.343299927264623772e+00 2.693663441831653849e+00 5.641542854454175693e-01
2.346758764680078269e+00 2.695855949574942123e+00 5.630177707421487598e-01
2.350269032160445359e+00 2.698068075491572237e+00 5.617829582620641471e-01
2.350353058360866498e+00 2.698121941038542193e+00 5.617526215171694259e-01
2.353995960232711404e+00 2.700401967722647623e+00 5.610935929678310119e-01
2.357207004765825342e+00 2.702431226234863537e+00 5.621321132315646452e-01
2.360166935984016501e+00 2.704304936894174727e+00 5.628362023163664407e-01
2.363591467960095116e+00 2.706469580731605262e+00 5.606042424673152169e-01
2.366636685225485426e+00 2.708441300243615846e+00 5.555883714316975919e-01
2.369357779082885251e+00 2.710104540378168725e+00 5.491102531717372282e-01
2.372706109163203347e+00 2.712177688228749606e+00 5.404611933434945170e-01
2.375879657040107507e+00 2.714141542475584146e+00 5.332206286429522768e-01
2.378886019189195622e+00 2.715932587063162540e+00 5.272228740175134432e-01
2.381915425061075009e+00 2.717719130340384481e+00 5.226248388563409231e-01
2.385235572931010850e+00 2.719603195803120155e+00 5.198537326025920446e-01
2.388620214088036597e+00 2.721533004246635912e+00 5.194485094724835550e-01
2.391567814073830345e+00 2.723222809233338371e+00 5.195472577324862229e-01
2.394613451493921907e+00 2.724966938865456267e+00 5.189545332853936488e-01
2.397536190434432779e+00 2.726640844132683927e+00 5.174977587700685389e-01
2.400737102036371695e+00 2.728488690048604504e+00 5.149468091759296096e-01
2.403822266939329211e+00 2.730276579820294369e+00 5.119362301912143698e-01
2.406652879034999248e+00 2.731927987562384974e+00 5.077594403514428256e-01
2.409718122731528300e+00 2.733667093130158321e+00 5.022442931425558088e-01
2.413132077714148505e+00 2.735577472912102959e+00 4.961081796475305672e-01
2.416349703807091576e+00 2.737358030555662403e+00 4.909341502676838331e-01
2.419495002775157833e+00 2.739089949440391969e+00 4.864919892903858956e-01
2.422666914938492955e+00 2.740800989933382059e+00 4.826946623277660331e-01
2.422846285242894471e+00 2.740896095551653477e+00 4.824941184343062850e-01
2.426394887196551498e+00 2.742771123823020574e+00 4.788282932429155370e-01
2.429944171080142379e+00 2.744632201467628985e+00 4.752293592801680733e-01
2.433280781841384854e+00 2.746343372719985965e+00 4.727120005725632956e-01
2.436459834220671361e+00 2.747964372802953914e+00 4.719886740766259803e-01
2.439956150811540603e+00 2.749742723970021618e+00 4.711857027978547108e-01
2.443413277956668406e+00 2.751509615649440299e+00 4.697770241362564936e-01
2.447062015203020025e+00 2.753367039449933884e+00 4.675620825788401880e-01
2.447151330197396391e+00 2.753411051344216265e+00 4.674952986759206008e-01
2.450230021009083714e+00 2.754997932888711087e+00 4.649133605842434291e-01
2.453402524387037875e+00 2.756629808616218646e+00 4.604050979303832003e-01
2.456777678838378165e+00 2.758287004561014832e+00 4.532874783525158713e-01
2.460028064012770077e+00 2.759902021170112629e+00 4.466336111737425618e-01
2.463394932251014691e+00 2.761572484983941589e+00 4.403770837390933446e-01
2.466340089363072696e+00 2.763012809661248514e+00 4.358221223610831419e-01
2.469800137077776014e+00 2.764650296379386418e+00 4.316623863956339235e-01
2.469890655902103216e+00 2.764691280079202507e+00 4.315597800582540722e-01
2.473842450740058929e+00 2.766504197876338278e+00 4.275604768305043546e-01
2.477053316043457354e+00 2.767971097116932899e+00 4.244511352660217396e-01
2.480341352756441076e+00 2.769467335980844602e+00 4.212855941067208398e-01
2.483704143684591692e+00 2.770958922909300792e+00 4.189270331689776694e-01
2.486839497258223286e+00 2.772353360579079329e+00 4.182467635838951758e-01
2.489860059196761899e+00 2.773690450868920188e+00 4.174711642009536483e-01
2.492885246367012808e+00 2.775036305804757575e+00 4.161203383937600586e-01
2.496533032738769808e+00 2.776655232512718285e+00 4.136033221462113163e-01
2.499753127102135153e+00 2.778113213747465782e+00 4.104935748425237452e-01
2.502978068947088630e+00 2.779566553663781470e+00 4.049643994988836315e-01
2.506169170196332008e+00 2.780957104539444114e+00 3.977512705138626092e-01
2.509806228432671649e+00 2.782541133128811239e+00 3.905061647797024027e-01
2.512824289683431633e+00 2.783837545254503887e+00 3.857522908260023753e-01
2.516261491926714111e+00 2.785263677095760393e+00 3.814452929581040874e-01
2.524853528020328142e+00 2.788732131981624729e+00 3.726137569187890630e-01
2.528215509304305719e+00 2.790048331269135318e+00 3.693535764216577255e-01
2.531767635648437764e+00 2.791439008212412531e+00 3.659826655950362828e-01
2.534987841297152045e+00 2.792664536295779598e+00 3.636939615032913631e-01
2.538454051257272859e+00 2.793979549086363257e+00 3.622663769315493387e-01
2.541827368051763791e+00 2.795257110138213985e+00 3.605954371552126947e-01
2.545095427454545867e+00 2.796495474125925362e+00 3.584932457892824886e-01
2.548466152265066231e+00 2.797776004446838272e+00 3.557470475381785957e-01
2.551839145828145305e+00 2.799042153046898740e+00 3.526318076311363847e-01
2.554993773793593714e+00 2.800234978949155185e+00 3.495201128633110277e-01
2.558620259419355225e+00 2.801551136633014583e+00 3.466612538316914405e-01
2.561808562336953088e+00 2.802716795026836127e+00 3.453916494892748656e-01
2.565125870948135489e+00 2.803947212847705206e+00 3.426438027616064419e-01
2.568719064010204001e+00 2.805238650354393570e+00 3.367324531166723256e-01
2.572047515381532534e+00 2.806455500473103104e+00 3.300839193978117314e-01
2.575499998068543128e+00 2.807661888618547152e+00 3.232955935087492016e-01
2.579329879537072490e+00 2.808987324209275105e+00 3.167125245400948530e-01
2.582833039083572313e+00 2.810159416837644475e+00 3.120155552024679313e-01
2.586578444393374365e+00 2.811375624882221924e+00 3.081459096943910403e-01
2.590317500891820668e+00 2.812569893701795554e+00 3.050828140348533224e-01
2.594134139049916854e+00 2.813769816122425382e+00 3.022426724435497980e-01
2.597774776487753901e+00 2.814896944690366887e+00 2.992846080102557482e-01
2.601596926270399290e+00 2.816091929545821326e+00 2.959079319953876741e-01
2.605623999479459663e+00 2.817339963242106116e+00 2.921092947542216489e-01
2.609423586205315004e+00 2.818477273789077753e+00 2.889020881989887712e-01
2.612823163280744598e+00 2.819498080384372773e+00 2.871654721918668884e-01
2.616362122566964654e+00 2.820537058469963387e+00 2.854577490792811756e-01
2.619902411556148891e+00 2.821581203223323175e+00 2.833281299065174563e-01
2.623647384306861507e+00 2.822671982918993461e+00 2.803973999578199816e-01
2.623743823473283499e+00 2.822697445637437852e+00 2.803168922436468646e-01
2.627556958838698442e+00 2.823829435060248638e+00 2.769646327855641021e-01
2.631092961922127049e+00 2.824849499444315182e+00 2.735446739966507224e-01
2.635199520972228981e+00 2.825983378326366591e+00 2.706040353560970058e-01
2.638988493236821054e+00 2.827038141016543271e+00 2.693452872630851536e-01
2.642435156753967895e+00 2.827999637963716228e+00 2.674278780665439448e-01
2.646116502236373069e+00 2.829050784424202547e+00 2.628950862858976945e-01
2.649097357931774255e+00 2.829910867386620676e+00 2.570576850344415964e-01
2.652769462040323933e+00 2.830856698447227426e+00 2.484450388194806292e-01
2.655990822442825916e+00 2.831700489011702349e+00 2.415793799336828362e-01
2.659146245514317108e+00 2.832516771347489026e+00 2.359038500411438366e-01
2.662880749548070636e+00 2.833431893383234979e+00 2.311261848877931568e-01
2.666836461621616028e+00 2.834353367537279844e+00 2.271999060132627868e-01
2.670490036268742706e+00 2.835197866380621878e+00 2.240885290307742250e-01
2.674351234004054945e+00 2.836084408871013096e+00 2.209832871154862599e-01
2.678506529390327184e+00 2.837017150869999060e+00 2.176057358480229242e-01
2.682345058188313480e+00 2.837865290669502993e+00 2.143810220028121993e-01
2.685913820982666955e+00 2.838634599929781288e+00 2.117704256887256720e-01
2.689578487964065623e+00 2.839427845826421493e+00 2.092532599825539519e-01
2.693332117274327420e+00 2.840230313479282565e+00 2.065930419951757524e-01
2.697070071889256404e+00 2.841011931023742942e+00 2.035614127008490148e-01
2.700618067253455212e+00 2.841753176264585790e+00 2.005485359284253644e-01
2.704555722123394013e+00 2.842579972755406637e+00 1.969611214130665422e-01
2.708268846605162761e+00 2.843309040976373492e+00 1.942257810293171738e-01
2.712254103776192249e+00 2.844083741295440948e+00 1.920800452214502518e-01
2.715506587123132753e+00 2.844723476656970895e+00 1.902456757823205724e-01
2.719245773682581024e+00 2.845442654491395551e+00 1.877848728158461600e-01
2.722580083473962187e+00 2.846081239479144376e+00 1.852879493636376551e-01
2.730915232764957956e+00 2.847667209810378797e+00 1.782222905432996607e-01
2.734441074275132166e+00 2.848332735773851265e+00 1.751793421305420650e-01
2.738126845016241706e+00 2.848993771994221547e+00 1.722153803952344853e-01
2.741984179757379181e+00 2.849657133827510513e+00 1.701404792518080855e-01
2.742086690861435194e+00 2.849675918669678065e+00 1.700800238500517758e-01
2.745538063958565811e+00 2.850282209399297439e+00 1.680109803373830701e-01
2.748806722215761944e+00 2.850838878681907218e+00 1.657447614138104486e-01
2.752555857151500529e+00 2.851500359539276275e+00 1.623638482319801069e-01
2.752645031850474933e+00 2.851515758792231736e+00 1.622538255904425186e-01
2.755714251375293244e+00 2.852025759433073127e+00 1.574115643595765390e-01
2.759483710261074751e+00 2.852653201325594967e+00 1.495003354326052414e-01
2.762971464659527143e+00 2.853167618496594837e+00 1.416968318548465500e-01
2.766666783039204880e+00 2.853727664779579509e+00 1.348120044523894723e-01
2.770502855933089315e+00 2.854274058766884892e+00 1.293429173451202951e-01
2.774608798914031116e+00 2.854825412484588210e+00 1.250930754258442745e-01
2.778435172666189779e+00 2.855302085304955106e+00 1.217201273212576290e-01
2.782372395055429326e+00 2.855785384601458254e+00 1.187172460024579351e-01
2.786117121529287033e+00 2.856229894060197783e+00 1.161468066428268109e-01
2.790337798883779197e+00 2.856724728310504169e+00 1.133195300898055813e-01
2.794442939060703068e+00 2.857191329337668506e+00 1.104025827910786184e-01
2.794544110679087812e+00 2.857200253779532684e+00 1.103243854041293798e-01
2.798443447007809226e+00 2.857641400963439882e+00 1.072427908660690266e-01
2.802041001932014108e+00 2.858040396979381725e+00 1.042281009452095536e-01
2.805935466236061160e+00 2.858468159368242834e+00 1.009253313396584889e-01
2.809871748011189663e+00 2.858872534762734841e+00 9.785392202322037991e-02
2.813381710860520357e+00 2.859201315610565342e+00 9.521304556613160996e-02
2.816977559612094062e+00 2.859554129975071302e+00 9.242603578504041129e-02
2.820689211970344612e+00 2.859913271896608045e+00 8.954446263330859135e-02
2.824272556983395521e+00 2.860246315082592083e+00 8.670739840901892093e-02
2.827962822005407162e+00 2.860594123691092783e+00 8.366536887002565259e-02
2.831731603041573120e+00 2.860926110344033102e+00 8.053376900378526881e-02
2.835531996678233302e+00 2.861230370978330662e+00 7.758812055472417979e-02
2.839736092521755406e+00 2.861542044620099201e+00 7.465352868905926476e-02
2.843025970067024844e+00 2.861799347384883507e+00 7.234187994715760017e-02
2.846716044365560805e+00 2.862085406185492786e+00 6.960975949315557909e-02
2.850987189985012105e+00 2.862408287206051671e+00 6.630719906789327156e-02
2.854758872563146088e+00 2.862685883880070836e+00 6.328861930910370526e-02
2.858652965311829774e+00 2.862932873063047001e+00 6.058788499523404258e-02
2.858754164741974080e+00 2.862940035743098743e+00 6.052748873754107417e-02
2.862421460652692318e+00 2.863175986947713803e+00 5.799441705216384219e-02
2.866201421338578470e+00 2.863413523587556409e+00 5.528087949380559168e-02
2.869777186540730884e+00 2.863622528972844083e+00 5.263456604203214234e-02
2.873443471829248530e+00 2.863834318403402524e+00 4.985841372099700242e-02
2.877511487385782996e+00 2.864070806424611870e+00 4.662824203985993510e-02
2.881079169856105793e+00 2.864248906407188766e+00 4.371286092100526433e-02
2.884973155461196814e+00 2.864421388781979605e+00 4.072924652335727091e-02
2.885075177075042241e+00 2.864424362390579848e+00 4.065113210991031650e-02
2.888746495837972716e+00 2.864593310629590217e+00 3.807123228164873557e-02
2.892515193148144981e+00 2.864754125814346075e+00 3.540399004543547806e-02
2.896097931427956684e+00 2.864876112785012641e+00 3.276560001798268368e-02
2.900248828930759082e+00 2.865042582089574186e+00 2.964994961055573280e-02
2.904189266929985802e+00 2.865181952917037922e+00 2.659885020468407898e-02
2.904289399615180400e+00 2.865186194464794944e+00 2.652346291926596655e-02
2.907955562838282049e+00 2.865299350096369047e+00 2.386411771510954863e-02
2.912020947548631167e+00 2.865406773167780585e+00 2.097502097751934025e-02
2.915884954071957580e+00 2.865518088175841083e+00 1.819095274033352000e-02
2.919740278172633818e+00 2.865588688624625568e+00 1.533947292916414996e-02
2.920230792461853575e+00 2.865602735263727663e+00 1.497045539509390608e-02
2.923968829080799026e+00 2.865688550378095112e+00 1.205703525514954279e-02
2.927898975302785090e+00 2.865770300404921311e+00 8.972525342981608684e-03
2.931643201834811752e+00 2.865823420636908203e+00 5.971386843030809626e-03
2.935694122979629839e+00 2.865866557562583683e+00 2.969400123521767978e-03
2.940136547728653849e+00 2.865909551997321003e+00 -2.885030296627047052e-04
2.949991333960207740e+00 2.865961341847249155e+00 -7.491578714976350299e-03
2.953618169551714523e+00 2.865958704510161770e+00 -1.019409114566695133e-02
2.957135162903449022e+00 2.865945097981680068e+00 -1.294751962803713206e-02
2.960771290831424540e+00 2.865937453732255946e+00 -1.575150435508549523e-02
2.964397549107353314e+00 2.865903513827191329e+00 -1.846506103562645454e-02
2.964495883341916382e+00 2.865906134999168575e+00 -1.853533702346859754e-02
2.967911905316762411e+00 2.865879495851613612e+00 -2.113374073965523445e-02
2.971925276694572737e+00 2.865823674544654587e+00 -2.420583040809799746e-02
2.975541409029854645e+00 2.865776399719953904e+00 -2.699041555891960181e-02
