1.500317984339118560e+00 1.500278566948668457e+00 -7.234901843140431133e-04
1.500425893658964283e+00 1.500414670391105432e+00 -9.763198983034098626e-04
1.500452926430831724e+00 1.500427927034171161e+00 -8.829481067730706812e-04
1.500519805164628906e+00 1.500437242478436017e+00 -6.574552343758478714e-04
1.500614470878550488e+00 1.500447271073284350e+00 -2.534239798232232788e-04
1.500689189749829122e+00 1.500448780714684460e+00 5.549279209205341479e-04
1.500734765750278310e+00 1.500444810745934943e+00 2.045553494400225488e-03
1.500782791089679380e+00 1.500438741867469394e+00 3.700298012399087701e-03
1.500837254865813541e+00 1.500434099926118536e+00 5.876309575577699784e-03
1.500894271406797875e+00 1.500432834698209428e+00 8.296924164601249957e-03
1.500968114622999838e+00 1.500439514267780217e+00 1.110408684576484444e-02
1.501099651623588604e+00 1.500442283888588690e+00 1.438630020853510702e-02
1.501104444563890583e+00 1.500442952901509974e+00 1.446247889397130754e-02
1.501224086403123881e+00 1.500441947860464698e+00 1.800680251749403951e-02
1.501322711736780446e+00 1.500442189758761202e+00 2.154524705455770212e-02
1.501411369276034469e+00 1.500438437707134032e+00 2.559061211232873528e-02
1.501538113795337415e+00 1.500443508707923757e+00 2.987665894655939375e-02
1.501646092872269689e+00 1.500444833171342029e+00 3.479322407160254788e-02
1.501763629868230199e+00 1.500447191441537598e+00 4.838273739661136386e-02
1.501809531666652209e+00 1.500445913249230490e+00 5.390978091323778143e-02
1.501851066276136626e+00 1.500448822202423038e+00 6.016688711607691420e-02
1.501910673528993767e+00 1.500448234935977787e+00 6.616179159687589351e-02
1.501974976034281095e+00 1.500457744274650729e+00 7.228277602255553380e-02
1.502062973965183845e+00 1.500452363917976539e+00 8.044556867668033184e-02
1.502064773122877117e+00 1.500453951277474607e+00 8.064053542778583383e-02
1.502230588479380069e+00 1.500475309361247955e+00 8.892893158966781730e-02
1.502335257212003672e+00 1.500482790942087696e+00 9.631953088250214123e-02
1.502425285080996264e+00 1.500484322710243124e+00 1.048423693676078378e-01
1.502427354595281539e+00 1.500484729893075242e+00 1.050674231035181733e-01
1.502496926498867680e+00 1.500491531384965382e+00 1.138356199674778885e-01
1.502656068847891158e+00 1.500536111177648069e+00 1.241813067006333760e-01
1.502782613094231001e+00 1.500535090121802195e+00 1.329378618658790812e-01
1.502859097791118259e+00 1.500541980234039618e+00 1.425451223877176599e-01
1.502909606406340970e+00 1.500550443606136319e+00 1.531260594950347997e-01
1.502986922453684038e+00 1.500567233651291854e+00 1.640207886784397495e-01
1.502989305545786358e+00 1.500566396912353051e+00 1.642914233616732944e-01
1.503116919526143791e+00 1.500590024064937689e+00 1.742576197455731057e-01
1.503192017978828288e+00 1.500600782134021705e+00 1.843127483470832495e-01
1.503264949925997795e+00 1.500610839074667080e+00 1.957874387653323334e-01
1.503266161983259241e+00 1.500610259680281278e+00 1.960633845162670363e-01
1.503323981813881716e+00 1.500623989182393592e+00 2.068109240522240933e-01
1.503324754698667887e+00 1.500623606209665617e+00 2.070875896273214611e-01
1.503461990663313097e+00 1.500651664642405514e+00 2.179146520245437701e-01
1.503572168749741422e+00 1.500674394242370591e+00 2.288160237658808382e-01
1.503645938854620612e+00 1.500698175408457402e+00 2.378538284442882900e-01
1.503748916967024840e+00 1.500718797012886130e+00 2.482219640067846456e-01
1.503807877292278494e+00 1.500738690449122892e+00 2.586839220196399114e-01
1.503921696769462857e+00 1.500772998472122088e+00 2.698230111668077358e-01
1.504043385287276546e+00 1.500820647196474678e+00 2.813263180105923245e-01
1.504177697415846726e+00 1.500869815723929523e+00 2.927569493058476136e-01
1.504306695790815995e+00 1.500915672547065371e+00 3.029234931865988911e-01
1.504437799832246014e+00 1.500956307186528838e+00 3.127999998262208092e-01
1.504612332976051237e+00 1.501027848392427089e+00 3.233988874629273869e-01
1.504618611535179618e+00 1.501027643964846670e+00 3.236720768574257168e-01
1.504745938265306560e+00 1.501077227108404744e+00 3.335921223426010496e-01
1.504859888967679860e+00 1.501125013211744408e+00 3.438158452958710032e-01
1.504973651476886776e+00 1.501165008280500146e+00 3.534496308964521494e-01
1.505094488203813974e+00 1.501222857064791194e+00 3.647662678886360310e-01
1.505194034840363404e+00 1.501271888051477044e+00 3.754135791686364909e-01
1.505306652888506180e+00 1.501333091630981942e+00 3.865662950004226106e-01
1.505442433199914776e+00 1.501393747851801797e+00 3.967267227818407349e-01
1.505582826793011364e+00 1.501464102027482594e+00 4.071229265476543069e-01
1.505690113391691565e+00 1.501534460742658394e+00 4.181732602779698049e-01
1.505827066067773945e+00 1.501603030636415870e+00 4.282439342226190826e-01
1.505948581217966042e+00 1.501668370097268168e+00 4.384228541969410475e-01
1.506060847298241745e+00 1.501724206175978127e+00 4.492596090717628221e-01
1.506201270829984340e+00 1.501790590471628883e+00 4.605682898359793054e-01
1.506316250365593357e+00 1.501862288615115171e+00 4.719539077403429594e-01
1.506317532894742017e+00 1.501863832053232928e+00 4.722320077273783889e-01
1.506419125638126744e+00 1.501928535377450968e+00 4.821953959733603079e-01
1.506540585397057042e+00 1.502005257170263564e+00 4.929204735302890605e-01
1.506664626729296463e+00 1.502085873354242374e+00 5.027406595854124749e-01
1.506801019562501676e+00 1.502163517773980272e+00 5.137786473452050640e-01
1.506931012146756288e+00 1.502240842089695105e+00 5.259728595349599800e-01
1.507058422175870271e+00 1.502329241659928094e+00 5.358152152945385716e-01
1.507164603747963572e+00 1.502412961053922524e+00 5.467968583834007523e-01
1.507312353656847126e+00 1.502507004785770928e+00 5.576826905811635982e-01
1.507405329189238197e+00 1.502573298339545227e+00 5.681987297045275609e-01
1.507682288882687294e+00 1.502795438151931950e+00 5.939243649190888430e-01
1.507780548454098923e+00 1.502874575527210155e+00 6.050884310799776733e-01
1.507783831157440302e+00 1.502875599874787360e+00 6.053672574157852315e-01
1.507885301671510581e+00 1.502958145255233635e+00 6.163028640086993803e-01
1.507977444477830442e+00 1.503024335618671659e+00 6.273458896805171880e-01
1.508094072744935454e+00 1.503100508311497885e+00 6.380184968639933674e-01
1.508155504171241779e+00 1.503154361133593797e+00 6.477424087451272294e-01
1.508261917506218408e+00 1.503240604120648749e+00 6.596600507309610117e-01
1.508385066835085331e+00 1.503324365045052735e+00 6.700263130764079200e-01
1.508474093623935808e+00 1.503408389106524412e+00 6.812981618132882833e-01
1.508592318094699625e+00 1.503492801053635919e+00 6.922466238166939956e-01
1.508656084810233056e+00 1.503561150950875946e+00 7.025629293865049974e-01
1.508748285956786228e+00 1.503638307642812366e+00 7.128435635082066568e-01
1.508823515032877705e+00 1.503711732013820246e+00 7.222734939747185168e-01
1.508912226109066168e+00 1.503784884050749282e+00 7.323954601471434067e-01
1.508977651015912747e+00 1.503868826905585099e+00 7.436044158062219411e-01
1.509086150512183089e+00 1.503959169901367687e+00 7.554193393047798910e-01
1.509173730492155308e+00 1.504067021664859505e+00 7.664851945703530234e-01
1.509175317803686633e+00 1.504068587382049849e+00 7.667610301684062435e-01
1.509241335661512862e+00 1.504143454052782714e+00 7.774396104652476769e-01
1.509314731439037605e+00 1.504225039979167455e+00 7.879886116757887082e-01
1.509318131693810461e+00 1.504229065089099704e+00 7.882657567576107915e-01
1.509405582158194203e+00 1.504330505602227808e+00 7.980155248690000702e-01
1.509471936426776129e+00 1.504384416594740204e+00 8.080273777590242235e-01
1.509537038520709418e+00 1.504451989726498740e+00 8.180051265644665559e-01
1.509590884545066070e+00 1.504510572500741716e+00 8.274777869299091426e-01
1.509649021974829974e+00 1.504586984417923157e+00 8.379934216699954641e-01
1.509712552543628350e+00 1.504663970267489770e+00 8.478599096399932478e-01
1.509791693536937984e+00 1.504754886536344483e+00 8.576987661193532508e-01
1.509859440865477520e+00 1.504839093414328310e+00 8.678174412434596086e-01
1.509920949481455166e+00 1.504926879616907742e+00 8.774272701108101202e-01
1.509984409463811739e+00 1.505011961346999216e+00 8.889835718894597560e-01
1.510056285746278038e+00 1.505092479772655922e+00 8.982175546906947528e-01
1.510126128581093186e+00 1.505200840002077545e+00 9.090981965783814234e-01
1.510175516253075889e+00 1.505288413938169922e+00 9.212385587022959843e-01
1.510226649175520741e+00 1.505357954857123426e+00 9.317584407105712341e-01
1.510278239108023834e+00 1.505445052039402265e+00 9.416264756849374029e-01
1.510350713272927914e+00 1.505557550939358169e+00 9.511862548220487712e-01
1.510402113035886229e+00 1.505645466779157893e+00 9.621856204147191116e-01
1.510405598975212538e+00 1.505649494007350375e+00 9.624638209127567290e-01
1.510476231117809043e+00 1.505758782844261567e+00 9.722438820996277542e-01
1.510551534996628753e+00 1.505862286081649515e+00 9.818206322849951651e-01
1.510600669129844142e+00 1.505958524597689863e+00 9.919537359331077608e-01
1.510659835757265146e+00 1.506049274130267124e+00 1.002697935879134805e+00
1.510716883700503610e+00 1.506166628948867547e+00 1.013289249234200939e+00
1.510796743844499357e+00 1.506341523814469507e+00 1.023168503047405808e+00
1.511948324276040534e+00 1.508305553994933268e+00 1.034078625941277307e+00
1.513796047263579192e+00 1.511475788454958114e+00 1.044621774137914683e+00
1.515859375088135508e+00 1.515125216745517589e+00 1.056961817416953719e+00
1.517753819488749656e+00 1.518608667333591011e+00 1.068760507415327465e+00
1.519619787364627994e+00 1.522110498909324816e+00 1.080692686289553395e+00
1.521289303638599044e+00 1.525354384686348430e+00 1.091724669021478356e+00
1.522991340643846225e+00 1.528756652608763034e+00 1.102799284253205503e+00
1.524638018686597540e+00 1.532223623664924039e+00 1.112147783392766209e+00
1.526201043709249694e+00 1.535592780566219950e+00 1.117576821813917487e+00
1.527657573590073259e+00 1.538668428346662287e+00 1.119067140976520713e+00
1.529234338776356061e+00 1.542014240030041616e+00 1.117713197453445551e+00
1.529277456231639354e+00 1.542102275044491266e+00 1.117686408089339167e+00
1.530906768613436997e+00 1.545562204307611154e+00 1.118135997854014629e+00
1.534428928802134440e+00 1.553061543779031384e+00 1.121539766127061633e+00
1.536075317252872496e+00 1.556576198543552891e+00 1.123216786770409481e+00
1.536118634288095031e+00 1.556661958207030683e+00 1.123251560720810893e+00
1.537666981578861281e+00 1.559990323108447319e+00 1.123967617462473090e+00
1.539214918016130529e+00 1.563396239315398839e+00 1.123118330109641239e+00
1.540472770378905842e+00 1.566131321382066011e+00 1.119720365051549704e+00
1.541861691175344884e+00 1.569107327922116157e+00 1.113283361378793357e+00
1.543532427409897823e+00 1.572609989736116543e+00 1.105693951464621572e+00
1.545062683514493607e+00 1.575686955946853152e+00 1.100011891430021205e+00
1.546564991322145977e+00 1.578720763673874483e+00 1.096519001149784067e+00
1.548376203579427068e+00 1.582365522704072491e+00 1.094872191105689785e+00
1.549998300200314150e+00 1.585587838453071052e+00 1.094354435149199167e+00
1.551564346073178946e+00 1.588717131500947177e+00 1.094671038773978200e+00
1.553252704884743540e+00 1.592023613480545885e+00 1.095363957456140902e+00
1.554950628627217446e+00 1.595334337944956715e+00 1.096876826280396733e+00
1.556801704754085858e+00 1.598957857233284541e+00 1.100973399729426205e+00
1.558447185017974190e+00 1.602239419682471411e+00 1.107353179572183377e+00
1.560071718838522026e+00 1.605495194716963558e+00 1.114635767452016202e+00
1.561668660213503035e+00 1.608761219443635593e+00 1.120503432872277383e+00
1.563128166327936164e+00 1.611833735595844974e+00 1.123528215528496466e+00
1.564748185742262043e+00 1.615354090991089731e+00 1.124799991955771183e+00
1.566072543415752305e+00 1.618282165943976558e+00 1.123548651605945192e+00
1.567400660914654686e+00 1.621150936885520588e+00 1.119667108880613604e+00
1.568748789544610167e+00 1.624025724982711694e+00 1.113854226443441231e+00
1.570373180239628574e+00 1.627466085690568054e+00 1.107162048156041800e+00
1.572001723675466867e+00 1.630849476167413936e+00 1.101947187737184697e+00
1.573666096319579877e+00 1.634186826968767159e+00 1.097924853022754110e+00
1.575262150052584298e+00 1.637405220252958760e+00 1.095165502790239831e+00
1.577032908070074901e+00 1.640890729115367375e+00 1.093747456196597412e+00
1.578887554503353607e+00 1.644448357812739570e+00 1.093247547808812392e+00
1.580591729139811275e+00 1.647766447461999961e+00 1.094788756565264309e+00
1.582382275906426328e+00 1.651223708114329058e+00 1.099188470976635301e+00
1.584310500991049198e+00 1.655111682215329783e+00 1.106124502253778452e+00
1.586076292655124398e+00 1.658672231750373038e+00 1.114346097211326381e+00
1.587710500417148785e+00 1.662016186528471495e+00 1.120435668956730302e+00
1.589251877194387319e+00 1.665184390523693381e+00 1.123333913601344936e+00
1.590826046537377358e+00 1.668626377630543667e+00 1.124029262298676279e+00
1.592367553665132718e+00 1.672012778483233486e+00 1.122129787555639968e+00
1.593767380752844298e+00 1.675043763753790715e+00 1.117104245353379710e+00
1.595209671973729426e+00 1.678044951794035677e+00 1.111050262922051557e+00
1.597021963077058571e+00 1.681819731049371658e+00 1.102627860665746251e+00
1.598718361738281635e+00 1.685224629038759803e+00 1.095113363713951848e+00
1.598758463119879236e+00 1.685319702439506795e+00 1.094944100811296339e+00
1.600695283569155247e+00 1.689191889798000723e+00 1.088834897580338135e+00
1.600737627708908040e+00 1.689283502967236394e+00 1.088736750546459797e+00
1.602493819769875483e+00 1.692689500018680793e+00 1.086442055900592507e+00
1.604401806762184357e+00 1.696290143256759642e+00 1.086712516807604612e+00
1.604449303681142025e+00 1.696381573401406495e+00 1.086757564610831173e+00
1.606273320055651821e+00 1.699868047434711649e+00 1.090014257584271729e+00
1.608090997247330511e+00 1.703379313544648221e+00 1.095814960169394059e+00
1.609980876678016593e+00 1.707119794946459157e+00 1.104113847877581156e+00
1.611534936696433107e+00 1.710232955387070986e+00 1.112606450741861597e+00
1.613177019175181304e+00 1.713550176747510090e+00 1.119950309901066143e+00
1.614909400587748678e+00 1.717157772565771623e+00 1.124139294598397232e+00
1.616467138370338841e+00 1.720531189199586253e+00 1.125451296486122299e+00
1.619683720190287612e+00 1.727499497383676363e+00 1.119152628791125315e+00
1.620918933809437634e+00 1.730104258745267742e+00 1.113273924592187436e+00
1.622377420561793793e+00 1.733128720268113154e+00 1.104720224583053634e+00
1.623925232385019957e+00 1.736207680388990315e+00 1.096488869327409521e+00
1.625723099424109863e+00 1.739807437342698382e+00 1.089230805626503873e+00
1.627306274951090259e+00 1.742928972082472772e+00 1.084894870876657258e+00
1.629162359462317911e+00 1.746424090742290325e+00 1.082567351314245307e+00
1.630844109772409789e+00 1.749610890605580060e+00 1.082581025690266374e+00
1.632837461181449790e+00 1.753407323391432016e+00 1.085806702352335229e+00
1.632888979850148248e+00 1.753503473637405108e+00 1.085932089317480642e+00
1.634806311132254830e+00 1.757168472799383263e+00 1.091662697502250978e+00
1.636542967801402071e+00 1.760534207261793327e+00 1.096049674866581114e+00
1.638421556141535174e+00 1.764191924202485717e+00 1.098755601373486490e+00
1.640363801720656101e+00 1.768051213220813045e+00 1.099542366553871497e+00
1.642047045831938723e+00 1.771413888338307263e+00 1.099309939342384856e+00
1.643713183798929833e+00 1.774767436005691978e+00 1.098570931383839433e+00
1.645265920474078936e+00 1.777876297418429674e+00 1.097706539474121668e+00
1.646971370265309265e+00 1.781252555351312106e+00 1.096783221204995051e+00
1.648517500166980954e+00 1.784314171235518831e+00 1.095244070497872979e+00
1.650374825651026001e+00 1.788019456377361927e+00 1.091948095688611176e+00
1.652157803313470286e+00 1.791543496423830817e+00 1.088861511817865946e+00
1.653988620282784261e+00 1.795158345917023723e+00 1.086348569673812658e+00
1.655705253946171185e+00 1.798448577278354277e+00 1.086135966432488109e+00
1.657722824656622684e+00 1.802306236044734389e+00 1.088715153823188286e+00
1.659643153656404468e+00 1.806014998787011772e+00 1.094543839585711664e+00
1.661318471332034141e+00 1.809274588338795287e+00 1.101274980921588487e+00
1.662889252650678884e+00 1.812388199179469694e+00 1.105518193543281846e+00
1.664366128976752401e+00 1.815332112483386773e+00 1.106988631667638279e+00
1.666085822313429832e+00 1.818851871978277579e+00 1.106373125686357373e+00
1.667667848091502369e+00 1.822019839245671902e+00 1.102837848727534986e+00
1.669267593782690406e+00 1.825268039871644321e+00 1.097932564802688082e+00
1.670795448348748380e+00 1.828355340315937383e+00 1.093352420155182081e+00
1.672175437627500205e+00 1.831127940696470446e+00 1.089382018134244401e+00
1.673837428726663967e+00 1.834387717369921678e+00 1.084611620049391822e+00
1.675576112199178125e+00 1.837739481760243043e+00 1.081022800120928773e+00
1.677453232701517027e+00 1.841297029660143414e+00 1.078596715699228881e+00
1.677501325198772486e+00 1.841384953240480016e+00 1.078547185847291701e+00
1.679245357275727546e+00 1.844662385746677291e+00 1.077326442167297227e+00
1.680963576438263329e+00 1.847846270886722708e+00 1.078157194782263240e+00
1.681173550986722498e+00 1.848235640444311656e+00 1.078350917599521619e+00
1.682959599323723854e+00 1.851632183622567984e+00 1.081439574443572971e+00
1.684815886447963873e+00 1.855173611440698034e+00 1.087112165083807591e+00
1.686522762844655299e+00 1.858450450462457937e+00 1.093309718016633569e+00
1.688409423315681668e+00 1.862092240977929913e+00 1.098055983965625648e+00
1.690114783903160500e+00 1.865478005461176148e+00 1.099095718514371267e+00
1.691496390098335079e+00 1.868255338067434046e+00 1.098509022451418904e+00
1.693030065558891684e+00 1.871332173376972330e+00 1.094880115802981502e+00
1.694542034125607222e+00 1.874374759314998418e+00 1.090389537951286236e+00
1.696435851638892656e+00 1.878152859404621955e+00 1.085171740771457394e+00
1.698096735461402496e+00 1.881433488268058563e+00 1.081693999587402644e+00
1.699824333771279505e+00 1.884846348967547103e+00 1.078145145175528397e+00
1.699866853475543671e+00 1.884932559334458801e+00 1.078045685599969161e+00
1.701641575805095785e+00 1.888264483243386804e+00 1.074926557746001654e+00
1.703384007277831680e+00 1.891614066710814335e+00 1.072829824151177558e+00
1.705313028574407141e+00 1.895193223125309689e+00 1.071160112115690177e+00
1.707239363307544000e+00 1.898707032087024738e+00 1.072016403490761105e+00
1.708963590011423062e+00 1.901902135972970420e+00 1.075526053116384162e+00
1.710744071691418622e+00 1.905233214421631960e+00 1.081251774158100476e+00
1.712495222818052776e+00 1.908537082346058122e+00 1.086955335758441388e+00
1.714354071198522345e+00 1.912084399822578273e+00 1.089850742102291603e+00
1.718071351653298162e+00 1.919414332768118570e+00 1.086653421214868409e+00
1.719708365580354004e+00 1.922587948027570492e+00 1.082424027779026021e+00
1.721458025400599334e+00 1.925959397665677253e+00 1.077249397714489687e+00
1.723158057489406980e+00 1.929217985300251126e+00 1.073013812135356737e+00
1.724699006863107620e+00 1.932124532798777938e+00 1.069489812522577354e+00
1.726747623996580661e+00 1.935963515042620653e+00 1.065193737602675217e+00
1.728414724921123247e+00 1.939044576474595161e+00 1.062645288710018399e+00
1.730353860077304962e+00 1.942544134777676845e+00 1.061098878979596094e+00
1.732145379182131961e+00 1.945741702784479887e+00 1.061765129888913251e+00
1.732251098293838165e+00 1.945934967657182213e+00 1.061856223897897022e+00
1.734151246778315558e+00 1.949385303779896272e+00 1.065440624277135706e+00
1.736003517041950772e+00 1.952758829505496951e+00 1.071091174495226506e+00
1.737675531883541957e+00 1.955856442241001414e+00 1.076741678347704623e+00
1.739428520666425948e+00 1.959118919195071973e+00 1.080808582855860456e+00
1.741234965041466909e+00 1.962556398222747855e+00 1.081910951348688643e+00
1.742893806266954115e+00 1.965826776095983330e+00 1.080842673866855730e+00
1.742934015764626920e+00 1.965918223707746826e+00 1.080765051593600479e+00
1.744274330351725411e+00 1.968530843042532563e+00 1.077910158773385252e+00
1.745855147218162040e+00 1.971622036930298805e+00 1.072166242276999748e+00
1.747721334401332705e+00 1.975112203276025102e+00 1.065341551784214413e+00
1.749546776741450316e+00 1.978501411395039877e+00 1.060008784951080418e+00
1.751343529815304390e+00 1.981809419362468905e+00 1.055656893364296467e+00
1.752961795163014536e+00 1.984784176497619956e+00 1.052212882493542390e+00
1.754993533930109706e+00 1.988378949737499291e+00 1.050166464104883124e+00
1.757119642694032979e+00 1.992082359572263650e+00 1.051120957983434412e+00
1.757170936871283784e+00 1.992175577878171566e+00 1.051185167262178366e+00
1.759080721707339645e+00 1.995497297744747600e+00 1.055131851495384243e+00
1.760887930204189544e+00 1.998736113402352021e+00 1.060507680224517690e+00
1.762481681759598295e+00 2.001594249124543090e+00 1.064775811008953577e+00
1.764312881734038552e+00 2.004902892558732663e+00 1.067659937080903010e+00
1.766140401532134696e+00 2.008240668048533628e+00 1.068407733897827283e+00
1.768041409454121471e+00 2.011797930862172734e+00 1.066525229006897391e+00
1.769580841541241956e+00 2.014740124960027856e+00 1.062613313266287385e+00
1.770962938260157271e+00 2.017269429402600345e+00 1.058215317770168973e+00
1.772692462540098823e+00 2.020418689296289649e+00 1.052599374816066469e+00
1.774560928570056539e+00 2.023794105994077164e+00 1.047615782895385594e+00
1.776661165535093012e+00 2.027473210449809216e+00 1.043326528207838333e+00
1.778408876762350932e+00 2.030510455392461111e+00 1.041025137544966617e+00
1.780375478131977163e+00 2.033854139122639459e+00 1.040028702522538540e+00
1.782608400695328665e+00 2.037662056644080621e+00 1.041919124925404727e+00
1.784524805392505353e+00 2.040965245441068276e+00 1.045570273865150002e+00
1.786486405929690324e+00 2.044374596332407368e+00 1.049127331978995104e+00
1.786534952648787034e+00 2.044461821666341272e+00 1.049216655762206241e+00
1.788421339421839784e+00 2.047758614340961625e+00 1.051796921825021602e+00
1.790190887612824300e+00 2.050874948752633209e+00 1.052193784707615931e+00
1.792124385367600325e+00 2.054352716931649780e+00 1.051833384525106441e+00
1.793976495222851852e+00 2.057647517155436478e+00 1.050108820495042394e+00
1.795610676599083133e+00 2.060628646241891015e+00 1.046462807412043894e+00
1.797444447058935024e+00 2.063863327757642807e+00 1.040738363455878002e+00
1.799288539296563405e+00 2.067087949820358705e+00 1.035415822256757323e+00
1.801285258093350716e+00 2.070530378935010241e+00 1.031033507335657351e+00
1.803216235910684251e+00 2.073806146313232457e+00 1.028383883721422309e+00
1.805183581087652644e+00 2.077084722121567140e+00 1.026670409985256605e+00
1.807094335950989450e+00 2.080212894318346883e+00 1.026827651450812562e+00
1.809005118365287768e+00 2.083393244196398264e+00 1.028921761519470124e+00
1.811287333014492962e+00 2.087195206217860921e+00 1.031876646390776475e+00
1.813505135821566583e+00 2.090913381059290366e+00 1.033778532835963881e+00
1.813557073096199845e+00 2.091000441710478164e+00 1.033817574144155538e+00
1.815668051204829991e+00 2.094590128212195701e+00 1.034110701591034909e+00
1.817447488393849397e+00 2.097604267383742727e+00 1.033415822635264991e+00
1.819404675516257619e+00 2.100929096939709861e+00 1.032382292987629402e+00
1.821143866350656948e+00 2.103924741179574287e+00 1.031313359079909731e+00
1.823206265663224190e+00 2.107464952191171470e+00 1.029098452287024124e+00
1.825147402738969360e+00 2.110713511859969582e+00 1.024789732764147976e+00
1.827301143642066528e+00 2.114337610129021883e+00 1.019839091208478044e+00
1.827350783505525822e+00 2.114421581109910520e+00 1.019725100880554347e+00
1.829011614654415752e+00 2.117164761361797432e+00 1.016331489201782290e+00
1.833929816413500280e+00 2.125092518222333027e+00 1.016534451310922016e+00
1.835879598788464184e+00 2.128272446820136832e+00 1.020624988032003966e+00
1.837876555935513245e+00 2.131538278953843957e+00 1.025239990377637911e+00
1.840016383338541006e+00 2.135052822402516703e+00 1.026731869471857461e+00
1.841942871638283297e+00 2.138313710964819592e+00 1.025415455903313955e+00
1.843676628757936697e+00 2.141228562868744412e+00 1.022002767017822000e+00
1.845657566833034169e+00 2.144547601838073358e+00 1.016910454902585359e+00
1.845709664653799376e+00 2.144631267165880484e+00 1.016768972280874594e+00
1.847608924771758421e+00 2.147795010312638198e+00 1.012701480191094072e+00
1.849525726277079229e+00 2.150919514071995664e+00 1.009753870618551153e+00
1.851500793135828493e+00 2.154118719127929626e+00 1.007188266961706047e+00
1.853419403354548134e+00 2.157210590905313641e+00 1.004647163732578008e+00
1.855537752000544049e+00 2.160576051524929930e+00 1.001797085839270407e+00
1.857580089502190113e+00 2.163765367603187606e+00 1.001266680069045734e+00
1.857635694151036132e+00 2.163853563633188148e+00 1.001288612910167020e+00
1.859511785020792951e+00 2.166781175739895815e+00 1.003115370223304881e+00
1.861669935661252717e+00 2.170181955746004032e+00 1.006017447154702094e+00
1.863448851639433190e+00 2.172986256803657312e+00 1.008122638860279974e+00
1.865527091148674543e+00 2.176297555363391645e+00 1.008959636004922000e+00
1.865582423693996406e+00 2.176384615569018077e+00 1.008958965449731737e+00
1.867620618453507797e+00 2.179653128616316771e+00 1.008468619939650646e+00
1.869540345476194076e+00 2.182744044141833761e+00 1.005637499888517361e+00
1.871202325474812245e+00 2.185474865125546451e+00 1.001196514062354881e+00
1.873295823518166259e+00 2.188800515506449607e+00 9.950636663349816669e-01
1.875150891301948342e+00 2.191756246697925903e+00 9.904178865471834348e-01
1.877200509152354924e+00 2.194961108407324168e+00 9.866526019485516441e-01
1.879242679562241003e+00 2.198046448506858930e+00 9.845431296095237261e-01
1.881295145413929948e+00 2.201151150206809959e+00 9.848179123232527754e-01
1.883540900609772084e+00 2.204550865299362616e+00 9.881983981044794030e-01
1.883598828836166472e+00 2.204638974210148206e+00 9.883277392232524550e-01
1.885860625351101660e+00 2.208093003679809208e+00 9.933477973963603658e-01
1.887772514160180881e+00 2.211016932963485893e+00 9.948511710804929242e-01
1.889868006322403371e+00 2.214322065342193557e+00 9.938016859989087237e-01
1.889917247275214374e+00 2.214398149604660304e+00 9.937576552551369291e-01
1.892064544316031327e+00 2.217762578063609880e+00 9.906665170953419253e-01
1.894058485207433806e+00 2.220876993309349068e+00 9.870821679340731070e-01
1.896171996511141877e+00 2.224177392994747926e+00 9.835264989598709873e-01
1.896225389095889780e+00 2.224255886558170747e+00 9.834450448619986851e-01
1.898111588192194610e+00 2.227160300272956750e+00 9.808664083514904153e-01
1.900071942446940332e+00 2.230160074001279913e+00 9.790023827064222584e-01
1.902061594809787426e+00 2.233235679008614749e+00 9.768850971034785946e-01
1.904030942851810071e+00 2.236199703071624967e+00 9.741275171077152795e-01
1.906205101868947871e+00 2.239375772329535774e+00 9.735049524335893656e-01
1.908173754327756377e+00 2.242258366624380717e+00 9.745322418235570217e-01
1.910276680633564927e+00 2.245362617309693221e+00 9.759102104482156870e-01
1.912347252302500911e+00 2.248435024025524420e+00 9.770731717841717456e-01
1.914587637711810508e+00 2.251756281893745992e+00 9.771871384951583694e-01
1.916516265461416513e+00 2.254659161357448038e+00 9.765921320408038619e-01
1.918730678749230867e+00 2.258044566736721492e+00 9.752868825862295310e-01
1.920566098028329449e+00 2.260789928256479620e+00 9.726273239524924064e-01
1.922332740924469041e+00 2.263437800263740307e+00 9.676755427049622549e-01
1.922379616317356765e+00 2.263506586896809836e+00 9.675551709624620189e-01
1.924297121472305028e+00 2.266367097180547852e+00 9.619382929634527901e-01
1.926189215013570433e+00 2.269169907380732987e+00 9.571807782338801474e-01
1.928602098634037976e+00 2.272700697842263917e+00 9.523797207224344863e-01
1.930769446744633022e+00 2.275775754682348939e+00 9.491227131081663160e-01
1.933030977869776290e+00 2.278923278610890613e+00 9.480230148421617820e-01
1.935348962451431065e+00 2.282151126916574846e+00 9.492504854119544477e-01
1.937523035355437351e+00 2.285188336548828580e+00 9.496388689906547498e-01
1.939925178883555867e+00 2.288544578738287871e+00 9.495534290811040723e-01
1.942138485978250895e+00 2.291660200961371796e+00 9.486663938174892952e-01
1.944404072987873100e+00 2.294856372387465093e+00 9.472767543929369038e-01
1.946732805805292177e+00 2.298115620784238367e+00 9.454547891332993892e-01
1.948870842623213306e+00 2.301115357375092874e+00 9.436950428036124938e-01
1.951142032656123515e+00 2.304273886931533344e+00 9.418042063033855715e-01
1.956287103586568099e+00 2.311543643653640068e+00 9.339721587223801524e-01
1.958316378616218323e+00 2.314337063874781997e+00 9.306015023242842910e-01
1.960627140453715889e+00 2.317432396274495154e+00 9.290398337036419596e-01
1.962760367647538251e+00 2.320305851481355930e+00 9.295934151756024555e-01
1.965064780534188760e+00 2.323398436790414134e+00 9.313473812456198875e-01
1.967219326279614044e+00 2.326283102427404881e+00 9.327620930999009907e-01
1.969772879440692792e+00 2.329757118512424618e+00 9.331470779161609164e-01
1.972075916480799052e+00 2.332901211040478096e+00 9.321113315783676745e-01
1.974203919869274904e+00 2.335795619707639048e+00 9.288931911116538043e-01
1.974314015180646198e+00 2.335940465135380339e+00 9.286272751459150321e-01
1.976493361537173810e+00 2.338905298095180996e+00 9.233872830713885094e-01
1.978615933729682030e+00 2.341734401762751716e+00 9.181720023524422292e-01
1.980815067164530818e+00 2.344664920412046882e+00 9.137066414558622229e-01
1.982796986215077606e+00 2.347263634795099918e+00 9.117872702182169276e-01
1.984965831959235372e+00 2.350062251038531613e+00 9.118603820239752356e-01
1.987126409877270072e+00 2.352864667627107664e+00 9.142011652326456073e-01
1.989633830447404161e+00 2.356156845968008007e+00 9.171479221360476775e-01
1.989695297442020783e+00 2.356236605330591427e+00 9.171822055443155097e-01
1.991734100768482119e+00 2.358924658320241008e+00 9.170344278611970434e-01
1.993995663489334769e+00 2.361921755432216941e+00 9.144728191700979281e-01
1.996053386583218181e+00 2.364610613711141340e+00 9.102529685174435281e-01
1.998320517069580138e+00 2.367581905350589100e+00 9.049301208777538186e-01
2.000574120765045372e+00 2.370495990607736303e+00 9.001265006116578871e-01
2.002881443639146219e+00 2.373502229061639657e+00 8.963038519770836210e-01
2.004861052966199431e+00 2.376008361710947092e+00 8.940991332182440798e-01
2.007287163199248603e+00 2.379023714664410427e+00 8.934889145316593506e-01
2.009608852562102754e+00 2.381913135055187869e+00 8.952939353343519757e-01
2.011969858650345166e+00 2.384872106545175008e+00 8.955791799029848566e-01
2.014444339815885776e+00 2.387997348712303847e+00 8.939322958241124883e-01
2.016895287661170766e+00 2.391096724924232308e+00 8.915049234487629759e-01
2.019389624648427528e+00 2.394236838196981410e+00 8.887604497261645253e-01
2.021653134461369294e+00 2.397100006051251952e+00 8.862405292482843366e-01
2.023945839551013481e+00 2.399970656175431039e+00 8.837666868278144516e-01
2.026310688003832183e+00 2.402920848117913177e+00 8.813326179896380230e-01
2.028589180724210017e+00 2.405703217097538982e+00 8.791251920407586740e-01
2.031132925331763595e+00 2.408813632283920647e+00 8.770945618035576041e-01
2.031194395576510381e+00 2.408891659192378576e+00 8.770614553805007318e-01
2.033573427950032375e+00 2.411776223643600225e+00 8.758141292795509347e-01
2.036011436963007348e+00 2.414716116152002989e+00 8.745745015007485579e-01
2.038510547695820740e+00 2.417729043168663772e+00 8.731498663137085003e-01
2.040879539343778859e+00 2.420569082976535391e+00 8.716305066376802690e-01
2.043362485359554892e+00 2.423553617541693406e+00 8.698092401737635981e-01
2.045805889126684374e+00 2.426460082570845334e+00 8.678682262909666045e-01
2.045870364990080681e+00 2.426536447831793453e+00 8.678171707271814528e-01
2.048098722563855834e+00 2.429225448530290876e+00 8.656071297950828081e-01
2.050106226945944687e+00 2.431611506959575841e+00 8.624155731159793836e-01
2.052506592890348092e+00 2.434439769946167953e+00 8.571219980022031226e-01
2.055127328808694642e+00 2.437519702985620818e+00 8.520987588430456450e-01
2.057620561733430442e+00 2.440354270701571071e+00 8.501808576117418914e-01
2.060528953276062225e+00 2.443686852142820776e+00 8.502510761598397471e-01
2.062728568664782269e+00 2.446186154316241979e+00 8.509919877731066951e-01
2.065235732236954558e+00 2.449058602256973138e+00 8.513266480364189981e-01
2.068014617408306499e+00 2.452211244687044989e+00 8.506205914925885070e-01
2.070519481676619478e+00 2.455072482748959839e+00 8.494932015783298596e-01
2.070587044040816505e+00 2.455147368487139659e+00 8.494561911896363338e-01
2.072852291477784270e+00 2.457789750504542958e+00 8.473304519113570299e-01
2.075189378517940497e+00 2.460463159631074870e+00 8.429124680007276105e-01
2.077880670038072974e+00 2.463539479243942676e+00 8.357879709696988124e-01
2.084511382053340078e+00 2.470875526966437530e+00 8.240116750843101689e-01
2.086988734859044570e+00 2.473534249054650136e+00 8.229873563658348656e-01
2.089425679048179774e+00 2.476183379242596239e+00 8.236736509921100957e-01
2.092103519154889124e+00 2.479070868117109416e+00 8.254082999324344749e-01
2.094679163325157134e+00 2.481868488652807514e+00 8.262147901868788225e-01
2.097268810064484956e+00 2.484698950147795848e+00 8.241568472393194789e-01
2.097328300175697713e+00 2.484762395122644296e+00 8.240861168167596951e-01
2.099644007596188633e+00 2.487293321915318156e+00 8.200989931826687673e-01
2.102078096284690556e+00 2.489972818962178369e+00 8.143667061563464316e-01
2.104476264019117693e+00 2.492556110327915686e+00 8.085976264190273266e-01
2.107275145588966225e+00 2.495543006754520121e+00 8.033088993828717550e-01
2.110121171387784766e+00 2.498477918716601298e+00 8.010843856858698153e-01
2.112865217727466050e+00 2.501313823338717768e+00 8.018458040610506599e-01
2.115728136709089213e+00 2.504274637341123544e+00 8.042119007246305573e-01
2.115797850674730363e+00 2.504347676206465145e+00 8.042681374262230509e-01
2.118572792676541638e+00 2.507250210165019588e+00 8.053201022730231973e-01
2.121509764180150803e+00 2.510363167371751913e+00 8.030813079885930073e-01
2.123738412137914811e+00 2.512713743991400683e+00 7.991594015196141765e-01
2.125872680351752031e+00 2.514935991434206208e+00 7.938320348591684228e-01
2.128410688417508023e+00 2.517563522185790159e+00 7.874116823098206153e-01
2.131040458428327344e+00 2.520250702510905771e+00 7.818659674654313552e-01
2.134051083543585747e+00 2.523232618631634061e+00 7.790587029112162609e-01
2.136557250204673686e+00 2.525700091484195386e+00 7.792534155873560575e-01
2.139732163987974722e+00 2.528838746548270233e+00 7.811903586544388656e-01
2.142303760677216840e+00 2.531392530973972654e+00 7.826571594602090842e-01
2.145184224571295761e+00 2.534284043761758198e+00 7.817702979833222043e-01
2.147667028124071287e+00 2.536862049834996746e+00 7.786645267588995223e-01
2.149808560429886661e+00 2.538956018019574046e+00 7.739175386108727572e-01
2.152080695145616396e+00 2.541188641058325093e+00 7.677765918359596986e-01
2.155051808524369505e+00 2.544123758493237020e+00 7.601341650842077247e-01
2.157688468961224348e+00 2.546642776089540039e+00 7.541063777515594202e-01
2.160616551190136292e+00 2.549414610996851849e+00 7.502898865924773064e-01
2.163488362777987284e+00 2.552067290345516604e+00 7.495736811088425933e-01
2.166747087555869644e+00 2.555122789235230396e+00 7.515552515763582742e-01
2.169617603068759948e+00 2.557821303020450188e+00 7.536988401759258105e-01
2.172417811313606784e+00 2.560471885790985169e+00 7.531860696225545215e-01
2.174980856884606517e+00 2.562984075035688480e+00 7.501985188206367061e-01
2.177390855422604687e+00 2.565297484382376147e+00 7.449446401540714691e-01
2.179943288501636989e+00 2.567656000287742657e+00 7.383685000900973572e-01
2.182307207413538563e+00 2.569847583175997929e+00 7.323741499180790315e-01
2.185057017419810954e+00 2.572352383450722257e+00 7.279622003404435659e-01
2.187885396069369826e+00 2.574854499784695605e+00 7.262999124005473650e-01
2.190941013763013423e+00 2.577568200577759150e+00 7.269466339276257072e-01
2.194090561235840120e+00 2.580385534103965206e+00 7.281092730441830474e-01
2.196939507393365076e+00 2.582921955086018961e+00 7.285993301902449204e-01
2.199634462027066029e+00 2.585348524951717852e+00 7.269436087792424672e-01
2.202213030993689813e+00 2.587710701662103929e+00 7.230854483264953503e-01
2.204494679791053180e+00 2.589770317585661452e+00 7.180272052264108362e-01
2.204554305264710301e+00 2.589817846201292184e+00 7.178894881532988936e-01
2.207434223825434749e+00 2.592383262809024203e+00 7.117744095377488422e-01
2.210443273588682533e+00 2.594992234656319674e+00 7.080582175994531990e-01
2.213350076782660825e+00 2.597468758648988629e+00 7.059592431168836280e-01
2.216022860331420041e+00 2.599734365931463564e+00 7.043962446935628785e-01
2.218660586045081651e+00 2.601982457981492303e+00 7.029123632029607993e-01
2.221545489803389728e+00 2.604435480539533998e+00 7.009375242833314479e-01
2.224107857141913058e+00 2.606636224881511144e+00 6.984568822169148206e-01
2.226698067178910279e+00 2.608860432136424379e+00 6.938254110205556158e-01
2.229140977197576312e+00 2.610948180299502042e+00 6.879306845830519546e-01
2.231695257945336408e+00 2.613037256781466144e+00 6.824140046227942236e-01
2.238732616912515017e+00 2.618736384771354953e+00 6.752897009481402257e-01
2.241587917858344881e+00 2.621036229297573961e+00 6.732822553888957451e-01
2.244830723835981701e+00 2.623594464779301028e+00 6.716225139961412571e-01
2.247875546794621648e+00 2.626020550909466955e+00 6.699251495411081558e-01
2.250457530941246453e+00 2.628062451207193284e+00 6.683136294868721183e-01
2.253379790161242457e+00 2.630381200543734366e+00 6.653590301544125563e-01
2.253451907094853546e+00 2.630440310271024984e+00 6.652573659648459703e-01
2.256707886299742949e+00 2.633012176797854931e+00 6.600794447169738843e-01
2.259516599124634872e+00 2.635231357047255418e+00 6.563062328305030446e-01
2.262647174201491307e+00 2.637679739407666091e+00 6.526270658644977019e-01
2.265635547953147366e+00 2.640008255891572730e+00 6.494265731320827406e-01
2.268556564053159086e+00 2.642259578034404477e+00 6.464235038184792392e-01
2.271489751099589505e+00 2.644500652388521722e+00 6.434816982808063690e-01
2.274830560042200744e+00 2.647041283705621861e+00 6.400238574729101293e-01
2.277997156551221813e+00 2.649447966676365063e+00 6.367592138144486658e-01
2.281109661995118998e+00 2.651784429620204442e+00 6.335396795300024531e-01
2.284525435385094116e+00 2.654287103890752064e+00 6.311282047461450606e-01
2.288174713507952873e+00 2.656975881298317077e+00 6.292008184868566056e-01
2.291338765456226945e+00 2.659329752427559423e+00 6.251431043838291401e-01
2.294632114304102632e+00 2.661740803270021161e+00 6.198256468357755677e-01
2.297948748868382740e+00 2.664147024720004975e+00 6.142567000863087268e-01
2.301231324603598249e+00 2.666498538768008686e+00 6.091230770062620037e-01
2.304547497865716998e+00 2.668834401246180654e+00 6.045575498925208624e-01
2.307605327374470328e+00 2.670942625241413459e+00 6.011497806135491784e-01
2.311010725966843538e+00 2.673257688000807875e+00 5.998404748031577194e-01
2.314365747319703015e+00 2.675572951520404530e+00 6.003741336775594295e-01
2.317395884323325550e+00 2.677642218080086511e+00 6.009026228444860340e-01
2.320626207231646365e+00 2.679859244191463041e+00 6.004653364664230830e-01
2.323441834454371246e+00 2.681810505287754332e+00 5.980311602403374227e-01
2.326127342221022243e+00 2.683662958143118615e+00 5.936110263215251814e-01
2.328845546142634060e+00 2.685498931249362009e+00 5.871878772319301110e-01
2.328918721948515014e+00 2.685547336412616559e+00 5.870000651964585314e-01
2.331710265782455327e+00 2.687446052682775477e+00 5.805174470245026974e-01
2.334889030069503768e+00 2.689567236363398450e+00 5.757416730486444312e-01
2.338229641749465681e+00 2.691753116720285277e+00 5.721840267618377718e-01
2.341599858863391503e+00 2.693926984793661106e+00 5.691859337144571374e-01
2.344559385197752199e+00 2.695820243615318468e+00 5.667238288570526361e-01
2.347422511399731793e+00 2.697655102562091400e+00 5.642640990565968018e-01
2.350608144771967112e+00 2.699686920334068319e+00 5.613975817357873543e-01
2.353464226302999673e+00 2.701504873054773270e+00 5.587351907082260816e-01
2.356728050742788572e+00 2.703517736826914319e+00 5.565613489406139314e-01
2.359925957535874641e+00 2.705543610439441693e+00 5.563490208966801465e-01
2.363173317934398110e+00 2.707588540075141381e+00 5.542501025715272922e-01
2.366299620131189219e+00 2.709575646167962315e+00 5.497518702307866434e-01
2.366379189197793664e+00 2.709624685221994511e+00 5.495938303386367352e-01
2.369209686557744554e+00 2.711416895911549663e+00 5.438960637857657154e-01
2.372258637860069186e+00 2.713268385942231298e+00 5.374745455981290165e-01
2.375324508650127342e+00 2.715148565657147017e+00 5.316146017345471098e-01
2.378596382342709425e+00 2.717097926851726797e+00 5.263241630438160179e-01
2.381861450710846206e+00 2.719023495207851582e+00 5.219540448065522753e-01
2.385063188150610358e+00 2.720844061313188789e+00 5.198855623814041538e-01
2.388523946728779546e+00 2.722835084197566147e+00 5.193546538422626480e-01
2.388611514977662775e+00 2.722884861487541386e+00 5.193495435746893207e-01
2.391714030854453554e+00 2.724659366900519686e+00 5.186279318070782240e-01
2.394659400773080371e+00 2.726325681928867706e+00 5.172717967073745537e-01
2.397435174402156921e+00 2.727901150568932565e+00 5.154743984416877423e-01
2.400893756791686151e+00 2.729910533577911913e+00 5.119634009086658777e-01
2.404105026172764781e+00 2.731722354508939521e+00 5.060603166383663698e-01
2.407010396378935990e+00 2.733386020577522668e+00 5.005050843660601156e-01
2.416407155075088298e+00 2.738602168574116646e+00 4.860287566291917605e-01
2.419732441852481042e+00 2.740390482309273956e+00 4.813119518851368128e-01
2.419818865769105543e+00 2.740441731812977455e+00 4.811986136050711571e-01
2.423136908672887113e+00 2.742186069893566724e+00 4.777587691644042955e-01
2.426708502608788898e+00 2.744026403686896209e+00 4.748878971334911103e-01
2.429654213260934004e+00 2.745539026233922542e+00 4.725039872000202368e-01
2.432945600146452225e+00 2.747203911826095801e+00 4.705665129324236862e-01
2.436008982890552232e+00 2.748770828969302471e+00 4.704979044568113888e-01
2.439671298274093125e+00 2.750633394452293601e+00 4.703432095181726003e-01
2.443411833626044860e+00 2.752542145285024944e+00 4.691540776806070734e-01
2.446876198990272755e+00 2.754319537181566524e+00 4.673995627263516361e-01
2.446964816968620227e+00 2.754362306888734402e+00 4.673207966816264602e-01
2.450210963755301119e+00 2.756048087562051663e+00 4.634091764231587085e-01
2.453419013176662666e+00 2.757671422332273803e+00 4.563616402110611814e-01
2.456535672105800927e+00 2.759222232030935196e+00 4.489902853048277076e-01
2.459809258365638129e+00 2.760823352927014973e+00 4.424188162469783747e-01
2.462864414467816232e+00 2.762297544937842630e+00 4.376259414171835282e-01
2.466200516881846383e+00 2.763884294458946123e+00 4.335997018354979526e-01
2.470105389115378358e+00 2.765704395753729727e+00 4.297003777678335412e-01
2.473298737933061542e+00 2.767178022713659757e+00 4.266916693310845998e-01
2.476867120476375916e+00 2.768810564250590023e+00 4.233086472605109285e-01
2.480702544425291922e+00 2.770554454230325092e+00 4.195782483966685739e-01
2.484080795037604705e+00 2.772038882182890962e+00 4.171028273635329908e-01
2.487527618144611985e+00 2.773572361302063971e+00 4.163051487997365130e-01
2.491188740120651612e+00 2.775190752949790340e+00 4.155212485837314618e-01
2.494743499858437907e+00 2.776751323063012755e+00 4.139896613387719082e-01
2.498513978494047993e+00 2.778455832337236586e+00 4.110336839511142260e-01
2.501857285003934450e+00 2.779940750115736492e+00 4.055109314199172310e-01
2.505068840682597830e+00 2.781323150206434391e+00 3.982996900840440335e-01
2.508353317853818876e+00 2.782687124885349306e+00 3.908315249670296643e-01
2.511607793621470019e+00 2.784090451732641469e+00 3.850635956919623570e-01
2.515043390376184185e+00 2.785504201094555654e+00 3.804476716758894428e-01
2.518223400498929898e+00 2.786778425185795882e+00 3.770680213727474195e-01
2.522094979357232702e+00 2.788316997283580623e+00 3.734330588827072805e-01
2.525968990946878989e+00 2.789842688024990913e+00 3.699192646705253829e-01
2.529289925699459651e+00 2.791132464007032521e+00 3.668469764427865210e-01
2.532925299323011803e+00 2.792504261583554470e+00 3.644277377816715902e-01
2.536502648564824103e+00 2.793882887964981521e+00 3.630764763080779334e-01
2.539892950658367621e+00 2.795171272691356901e+00 3.616675623934659800e-01
2.543454860237219783e+00 2.796516486861051476e+00 3.596278486022352339e-01
2.543547409821152350e+00 2.796551841881502742e+00 3.595625398599620604e-01
2.547424182220752620e+00 2.798044231136789683e+00 3.564293718306519865e-01
2.550947163570316256e+00 2.799390033956704826e+00 3.530066014119503381e-01
2.554843521532305317e+00 2.800864320491472714e+00 3.490226619985687950e-01
2.558389409184916197e+00 2.802155761119476729e+00 3.461033593811455589e-01
2.558485615576132410e+00 2.802191288886054288e+00 3.460581031185471224e-01
2.562090568427872306e+00 2.803510677704626808e+00 3.436676675404980452e-01
2.565531114865106765e+00 2.804837134319444480e+00 3.391544602998902702e-01
2.568590374038068447e+00 2.805938369945394584e+00 3.335503784878605105e-01
2.571817241938624932e+00 2.807100266720324644e+00 3.273326478162194020e-01
2.575103825778555233e+00 2.808238863955079267e+00 3.210985474382713201e-01
2.578972869500999909e+00 2.809567825081969339e+00 3.149308237727124204e-01
2.583178233826781245e+00 2.810932875465178782e+00 3.097831863160380172e-01
2.586959517487446014e+00 2.812149002409171317e+00 3.063419665029046279e-01
2.591036784782483338e+00 2.813439020237028743e+00 3.031243287690630894e-01
2.594411313071332881e+00 2.814486520106355805e+00 3.005463643673434437e-01
2.597942524768278805e+00 2.815589173731663841e+00 2.977693907195999024e-01
2.601698021609905709e+00 2.816750752882215547e+00 2.945147051335415544e-01
2.605253487739506824e+00 2.817860308652512913e+00 2.911636584708315323e-01
2.614714835092632583e+00 2.820659649130997870e+00 2.858427892627340983e-01
2.618223914441153433e+00 2.821701276107933420e+00 2.842063481133116354e-01
2.621372126448669349e+00 2.822617900097986521e+00 2.822537798897374883e-01
2.624900990078054441e+00 2.823672142160711829e+00 2.792008803842095932e-01
2.628993788635132667e+00 2.824892446462764717e+00 2.751840137195251113e-01
2.632689751790335819e+00 2.825969868155394416e+00 2.713723604113673638e-01
2.636563949492536363e+00 2.827072899162230701e+00 2.677668309710311001e-01
2.636663383552135365e+00 2.827098604070909182e+00 2.676963705100339763e-01
2.640694089274678191e+00 2.828216685951341791e+00 2.643402337530377233e-01
2.640780050098215703e+00 2.828240215102590938e+00 2.642447020572923355e-01
2.644352315437016543e+00 2.829243500100429909e+00 2.585409504112219925e-01
2.647829597244196087e+00 2.830155319240762246e+00 2.511697796877506161e-01
2.647921746335366144e+00 2.830179696303564363e+00 2.509795852637623503e-01
2.651680238835898429e+00 2.831184826228819507e+00 2.438578311969947510e-01
2.655441898658999378e+00 2.832151743449417669e+00 2.383231957956778169e-01
2.659386254959092533e+00 2.833136647221790483e+00 2.335290944867003671e-01
2.663063732522984672e+00 2.834004205659162778e+00 2.299277615191530899e-01
2.666516700073501944e+00 2.834813285017035334e+00 2.268278114666220924e-01
2.669999541296889767e+00 2.835621656129169388e+00 2.238377609391569989e-01
2.673622515281763423e+00 2.836432983138227115e+00 2.209225081890130171e-01
2.677451363857292321e+00 2.837297339795243900e+00 2.177204973343057626e-01
2.677548402822618190e+00 2.837318152862558840e+00 2.176386090712763011e-01
2.681210643406211069e+00 2.838117210219153641e+00 2.148164399772692634e-01
2.684748816655205594e+00 2.838886689183760303e+00 2.124954286160328776e-01
2.689069851508601339e+00 2.839816577935238229e+00 2.095111519207921436e-01
2.692525135360559929e+00 2.840541457424158089e+00 2.069370585325409351e-01
2.696351171591325091e+00 2.841363839794853074e+00 2.036686631139400794e-01
2.699676616760627645e+00 2.842078305348565426e+00 2.006740972328970585e-01
2.703282694509141049e+00 2.842836819600055520e+00 1.973315442409479537e-01
2.707099302078331160e+00 2.843639644992170368e+00 1.937321864067189370e-01
2.710775866772703324e+00 2.844363893636363549e+00 1.906264420442142227e-01
2.714443321807491039e+00 2.845064182917115936e+00 1.886888491885236052e-01
2.717902345922233120e+00 2.845721697206305301e+00 1.868940989391303098e-01
2.721471098577425529e+00 2.846410652013731557e+00 1.846142657857740288e-01
2.725219789823193572e+00 2.847119688846540875e+00 1.818578287501236013e-01
2.728853123991422436e+00 2.847805966038523096e+00 1.788835279356704444e-01
2.732765913444718642e+00 2.848500329398223840e+00 1.763592582052049551e-01
2.736145754724037538e+00 2.849112085584587284e+00 1.749111695934294219e-01
2.740103554629778948e+00 2.849811508346181022e+00 1.728754133236106993e-01
2.743952336601593878e+00 2.850491231454289398e+00 1.705863831606917735e-01
2.747180176739048463e+00 2.851071290398555114e+00 1.682033837995203507e-01
2.750558915330509890e+00 2.851696776573805714e+00 1.649545833492183089e-01
2.753486693961604725e+00 2.852209658661217340e+00 1.602900386307987424e-01
2.757001183815829481e+00 2.852810352500100954e+00 1.522431200523214068e-01
2.760423968872840916e+00 2.853357777968543729e+00 1.442227180983443324e-01
2.763969807205778562e+00 2.853901268207351016e+00 1.368577975723967166e-01
2.767837845718602807e+00 2.854476091660249626e+00 1.307952969203012850e-01
2.771655297061019319e+00 2.854995454230752294e+00 1.263166053909849651e-01
2.775102008450761382e+00 2.855437316936524361e+00 1.231560482378359217e-01
2.778919955580114731e+00 2.855909016327345729e+00 1.204028843301455931e-01
2.782456615477469253e+00 2.856331955259541644e+00 1.179630643797484613e-01
2.786659651529582060e+00 2.856826094367089119e+00 1.152652271380733146e-01
2.790279486979413637e+00 2.857247704843596026e+00 1.127268777636639824e-01
2.794794661700809257e+00 2.857753771160596923e+00 1.092855869455065659e-01
2.798804747953776761e+00 2.858194997851371433e+00 1.060188387361764017e-01
2.808187787137770730e+00 2.859192822007297075e+00 9.804270049671325038e-02
2.811878007251600309e+00 2.859568024318072332e+00 9.489249058215414034e-02
2.815878380994182528e+00 2.859958136470497791e+00 9.169418544168353447e-02
2.819897521401105500e+00 2.860321155169401663e+00 8.863499425847599922e-02
2.823803226663443411e+00 2.860669720150358586e+00 8.564097332635887960e-02
2.827799750983784222e+00 2.861032179560353494e+00 8.257155821891541680e-02
2.831493156482399964e+00 2.861344942426208515e+00 7.960355425258569539e-02
2.834900909543466518e+00 2.861617733239528505e+00 7.702240191732120933e-02
2.838800979027604754e+00 2.861930642195479990e+00 7.437990176447147050e-02
2.842811322433449028e+00 2.862211019363638975e+00 7.160260511480245893e-02
2.846597198119729111e+00 2.862473581856269433e+00 6.887252202366019038e-02
2.850091264096120014e+00 2.862706297972180458e+00 6.618801983690236757e-02
2.853969300128363695e+00 2.862976734044198501e+00 6.309077623965753112e-02
2.857883439335363818e+00 2.863231067825502407e+00 6.036546398378648398e-02
2.861884787401105967e+00 2.863484486945201191e+00 5.772518099842478823e-02
2.865582051328129598e+00 2.863704080570926624e+00 5.518203083847900148e-02
2.869567273981513011e+00 2.863941010878951587e+00 5.223598151148746427e-02
2.873725307410002650e+00 2.864192551916882934e+00 4.909893094755346521e-02
2.873826226949942608e+00 2.864198244341287669e+00 4.902266622192338885e-02
2.877491154822517050e+00 2.864408345870676165e+00 4.609687048279433041e-02
2.881139157330479428e+00 2.864595096914294370e+00 4.310839191830041772e-02
2.884830355705303884e+00 2.864770626891829153e+00 4.039909350115662712e-02
2.888708445355359977e+00 2.864946271745740347e+00 3.773997105286293341e-02
2.892681317401844865e+00 2.865121675003145629e+00 3.492490270630581317e-02
2.892778648674357633e+00 2.865124460073634527e+00 3.485412746147074220e-02
2.896431492030602683e+00 2.865284617681871815e+00 3.209061096376234629e-02
2.900384090168955709e+00 2.865437859690024958e+00 2.901639097843355594e-02
2.903828586964602998e+00 2.865546017149241731e+00 2.632455679003195548e-02
2.907323293659206165e+00 2.865657140637225986e+00 2.373351012305678631e-02
2.910891745648894968e+00 2.865765126083394954e+00 2.125986020059809911e-02
2.914440301920059539e+00 2.865865025783337572e+00 1.876725256548789425e-02
2.918000935462687906e+00 2.865958318548706529e+00 1.617089085457087266e-02
2.921454081172359274e+00 2.866021298818860252e+00 1.354760894382431476e-02
2.924899719993608205e+00 2.866077683911075091e+00 1.087005538503452683e-02
2.928824345539469576e+00 2.866135126223832152e+00 7.802501737066609017e-03
2.928921698034478105e+00 2.866139816460052003e+00 7.726832377001635090e-03
2.932856534368770696e+00 2.866183787081397760e+00 4.757667225797262978e-03
2.932953523031791576e+00 2.866189456531407664e+00 4.690823140502385115e-03
2.936297779908569439e+00 2.866211746746343270e+00 2.258371067129352761e-03
2.939843893376555606e+00 2.866238114965164563e+00 -3.298241728544685234e-04
2.943877231886125045e+00 2.866275232828290775e+00 -3.313855267915329778e-03
2.948088234044023981e+00 2.866293990381210577e+00 -6.464050851552139397e-03
2.952205632061956742e+00 2.866298582203986367e+00 -9.652372163142223030e-03
2.956513538922446838e+00 2.866286753810947552e+00 -1.299816076055775038e-02
2.960055351208774610e+00 2.866265230026090904e+00 -1.572359321615725627e-02
2.963776461758055092e+00 2.866210490609628181e+00 -1.846936545034220251e-02
2.967805703548346052e+00 2.866174629078722447e+00 -2.145571378229992748e-02
2.971432594423104145e+00 2.866130178732832157e+00 -2.415055997260617815e-02
2.975058066020430658e+00 2.866056343303633902e+00 -2.694033409663731601e-02
