7.503520538156552844e-01 7.499631349108122347e-01 -1.404592981492486486e-04
7.504864424687630597e-01 7.499453112151690526e-01 -1.786970137477129699e-04
7.505080785360050966e-01 7.499374319153121471e-01 -7.847261275849080192e-05
7.505401601583333582e-01 7.499339859908378259e-01 2.688135757700965472e-04
7.505847354457154674e-01 7.499269802823230746e-01 8.697994570910491316e-04
7.506237643112970703e-01 7.499289603221334088e-01 1.728668536656360671e-03
7.506329994070675138e-01 7.499246403083988932e-01 3.150692091600449957e-03
7.507003823419395871e-01 7.499249119647037887e-01 4.628925110284653685e-03
7.507325750251635510e-01 7.499222302090261527e-01 6.883602329348790377e-03
7.507833623928459321e-01 7.499281016625592988e-01 9.677017398194076234e-03
7.508638331925200360e-01 7.499260943469141516e-01 1.233453012994875815e-02
7.510724488518946140e-01 7.499209487551030673e-01 1.992416610404224714e-02
7.511253566860833786e-01 7.499129644537857464e-01 2.308064489887408019e-02
7.511751074759617230e-01 7.499102832799833251e-01 2.744747120456060216e-02
7.512661435653674724e-01 7.499156943957144827e-01 3.150814611518637509e-02
7.513759940844417784e-01 7.499232685173942148e-01 3.581732586707984944e-02
7.514661518108207705e-01 7.499193099491254788e-01 4.085776230644610346e-02
7.514902064001194315e-01 7.499198996863413180e-01 4.640784444499071459e-02
7.515330893023117742e-01 7.499208419916911783e-01 5.210295247251951062e-02
7.517022203393837199e-01 7.499400434334800858e-01 5.856609289164683985e-02
7.517455151794603108e-01 7.499425205777335846e-01 6.423742494773869438e-02
7.518194525453179011e-01 7.499414101662015275e-01 7.206489968184853767e-02
7.520215709829736195e-01 7.499520746666407112e-01 7.921902971384481296e-02
7.540913494313085108e-01 7.501196852831677475e-01 8.798122562663020230e-02
7.586046109558663986e-01 7.505614298545479901e-01 9.833623571683626496e-02
7.630509360293344923e-01 7.510179605676361447e-01 1.076862917909832407e-01
7.676593602680844564e-01 7.515296695281092898e-01 1.177064284529389659e-01
7.726398094052286947e-01 7.521375352024064487e-01 1.283801823429100430e-01
7.774996049759388406e-01 7.527914672541761165e-01 1.386655607104364807e-01
7.776252314372891217e-01 7.528081556067768298e-01 1.389148433081942580e-01
7.823175191283180396e-01 7.534823834506745310e-01 1.490049597336308984e-01
7.867121143547799456e-01 7.541709522352367800e-01 1.585563935108002531e-01
7.915907156116497312e-01 7.549841299704405095e-01 1.691653290230997198e-01
7.958168108537828633e-01 7.557111615517745351e-01 1.785070818814029625e-01
8.000014201109325596e-01 7.564910893081187027e-01 1.878206953125909351e-01
8.045246199094113759e-01 7.573689729994987907e-01 1.978960180925581069e-01
8.090566389105257050e-01 7.582977144484022158e-01 2.079453111965710310e-01
8.130976690212168290e-01 7.591643031536307040e-01 2.169787372572532791e-01
8.174714318724328743e-01 7.601523293468179787e-01 2.267013433066148720e-01
8.219660359474454392e-01 7.612063241954399873e-01 2.366497987612271314e-01
8.265037732069081544e-01 7.623183578849791475e-01 2.469588084542574391e-01
8.266218187798212158e-01 7.623489513076956436e-01 2.472233982918699002e-01
8.313566678002073385e-01 7.635739985644577343e-01 2.581254703497191660e-01
8.354034591688130895e-01 7.646639828642635139e-01 2.674774954709389641e-01
8.396766181126461559e-01 7.658605514921141832e-01 2.771886515534486839e-01
8.441102987133447533e-01 7.671437441284933989e-01 2.870356198492654554e-01
8.490314531582023871e-01 7.686207504759235976e-01 2.982196659041959630e-01
8.531937713614438090e-01 7.699220688413346281e-01 3.077581989663198958e-01
8.533055778235584254e-01 7.699582824667516867e-01 3.080142958326351765e-01
8.575149879161982902e-01 7.713421330366213580e-01 3.169665133702389559e-01
8.577386414553851424e-01 7.714154251189059286e-01 3.174169357706690398e-01
8.621198483744894059e-01 7.728916424511674821e-01 3.259791200557072832e-01
8.622275189911128290e-01 7.729319159101459835e-01 3.261846831471531538e-01
8.665629811794147708e-01 7.744343242495109747e-01 3.340441767341207902e-01
8.707844206457553415e-01 7.759286423650054720e-01 3.414691944942995772e-01
8.747518450424336400e-01 7.773789351679348814e-01 3.484979564011886355e-01
8.787312906447388716e-01 7.788346635595175815e-01 3.553990092062562223e-01
8.832001599590680874e-01 7.805447852423019750e-01 3.631612495500967652e-01
8.874719509742913237e-01 7.821941776644381061e-01 3.704565159907561300e-01
8.917875133592454429e-01 7.839089600812444436e-01 3.777178771333687402e-01
8.957975062215768336e-01 7.855275461091745237e-01 3.842519324775612866e-01
8.999829098608475020e-01 7.872508950217860235e-01 3.910767171036546586e-01
9.037186813331534729e-01 7.888222327701702730e-01 3.971482822392386480e-01
9.074390753120824549e-01 7.904167345647588050e-01 4.032250506742763307e-01
9.111302587767367012e-01 7.920337742279387472e-01 4.092107558249882815e-01
9.150424909311626331e-01 7.937456429379843303e-01 4.154890557333713041e-01
9.186270387201556087e-01 7.953479644767500467e-01 4.213621183897861555e-01
9.220852870321294414e-01 7.969281210745491340e-01 4.269973156976196726e-01
9.259677295852466461e-01 7.987085395434654345e-01 4.333305702834878148e-01
9.303272199683391142e-01 8.007274882213454292e-01 4.405834267412615524e-01
9.409350006488195195e-01 8.058396435432154670e-01 4.579125024994883386e-01
9.454564959542879343e-01 8.080873752775854513e-01 4.653606219777829400e-01
9.489640046025318298e-01 8.098350726401508659e-01 4.712342856221141130e-01
9.528205707528993873e-01 8.118245511408301862e-01 4.776976244468490451e-01
9.567524394181674552e-01 8.138694878883612205e-01 4.843336023915544297e-01
9.568480164692343415e-01 8.139209849163409061e-01 4.845017187988815976e-01
9.602807309874750175e-01 8.157371463382238064e-01 4.902325621119025256e-01
9.645597624423138949e-01 8.180412608418673459e-01 4.972940708424206102e-01
9.684282619883128884e-01 8.201744106622053110e-01 5.035904000897472033e-01
9.718002078679244260e-01 8.220352126113518176e-01 5.091034486798858838e-01
9.757358919872280989e-01 8.242283261195805233e-01 5.155922336040734688e-01
9.792466560077206505e-01 8.262463061015252741e-01 5.213992522622459269e-01
9.826678222247380301e-01 8.282237849154341358e-01 5.269468005262660792e-01
9.863603929235174039e-01 8.303896841998559264e-01 5.329425111191812281e-01
9.895776448138237091e-01 8.322996443786836451e-01 5.382020641105920156e-01
9.935322748912946977e-01 8.346647600162461211e-01 5.447376070609866172e-01
9.936254280975340691e-01 8.347211475923939084e-01 5.448881539569679910e-01
9.972651027209777919e-01 8.369503231712900337e-01 5.508840092941549305e-01
1.000989896604316476e+00 8.392443895939599718e-01 5.570922509374005571e-01
1.004506409790551391e+00 8.414469814983888130e-01 5.629643253786847934e-01
1.008273804208513758e+00 8.438190110893575291e-01 5.692212339390934073e-01
1.011465591353909677e+00 8.458652188701996089e-01 5.744834717733253715e-01
1.015279236771330140e+00 8.483463880745174546e-01 5.807058145259542670e-01
1.018606685910651954e+00 8.505562412969974728e-01 5.860473955828945369e-01
1.022014495897566100e+00 8.528211259956738344e-01 5.916419762439004693e-01
1.025597003252870065e+00 8.552286950722266523e-01 5.974438899057464836e-01
1.029149076151100406e+00 8.576600330802451877e-01 6.032392520518682355e-01
1.029240197652151467e+00 8.577227409642562694e-01 6.033837656572316188e-01
1.032782480616598608e+00 8.601635935457078164e-01 6.090713881617404457e-01
1.036045623199705723e+00 8.624413120815586087e-01 6.141999073811929000e-01
1.039113923942209139e+00 8.646083427167170488e-01 6.190431053777050163e-01
1.042598586643568526e+00 8.670956245754348757e-01 6.246802698336060278e-01
1.046144470742844890e+00 8.696877782374989874e-01 6.302597300215585507e-01
1.049244817950439668e+00 8.719681828462784168e-01 6.352080882301237574e-01
1.052330747144856415e+00 8.742488992533279379e-01 6.401744502665152048e-01
1.055494926696437741e+00 8.766205971064449098e-01 6.451920517931678534e-01
1.058478792638768873e+00 8.788631756811071671e-01 6.498933528784405222e-01
1.061953438375310643e+00 8.815071614713869685e-01 6.552810247493155993e-01
1.064806089271418399e+00 8.837249059687073416e-01 6.597613655318895765e-01
1.067635070653602858e+00 8.859529058714442629e-01 6.641326928968582788e-01
1.071217459507809222e+00 8.887651486936852807e-01 6.697575941641362718e-01
1.074112633203798683e+00 8.910840343533714680e-01 6.742534115258619343e-01
1.077813172309752154e+00 8.940844092349968797e-01 6.799679164051304348e-01
1.081005707556556228e+00 8.966864409259220903e-01 6.849750255669164734e-01
1.084317767098111451e+00 8.994319602564502247e-01 6.900601911762010987e-01
1.087391571657738254e+00 9.019985217901003161e-01 6.947366504442396007e-01
1.090791740888430894e+00 9.048390568527255873e-01 6.999028822097350666e-01
1.093993731192646202e+00 9.075473448438389212e-01 7.048125925135054759e-01
1.097336719771207392e+00 9.104139204341353819e-01 7.098899947969879998e-01
1.097415444083856384e+00 9.104815596091790919e-01 7.100128905115662414e-01
1.100440122790733666e+00 9.130846544393970143e-01 7.146414344520848339e-01
1.103689305415135991e+00 9.159350755837771807e-01 7.195338325749072172e-01
1.106734858450671988e+00 9.186364911704893998e-01 7.240791425039692086e-01
1.109709776540314996e+00 9.212730693599677778e-01 7.285133032428732225e-01
1.112578983416388834e+00 9.238565184878395620e-01 7.327521190294724596e-01
1.115359065793191995e+00 9.263900479482988226e-01 7.368146474679335700e-01
1.118047843838942956e+00 9.288568105518002493e-01 7.407775698881147175e-01
1.120726928177358861e+00 9.313155561464784293e-01 7.447901697943185573e-01
1.123713326392353107e+00 9.340792231757972797e-01 7.492370723980552594e-01
1.126821984324640757e+00 9.370049342290891481e-01 7.537654494205715539e-01
1.129539087673803621e+00 9.395899015239385088e-01 7.577247682419427921e-01
1.136440094161470071e+00 9.462231156674191235e-01 7.675322793505829910e-01
1.139712475262046665e+00 9.494268477273662965e-01 7.721529531324532458e-01
1.142440373131309972e+00 9.521127264039805915e-01 7.760203176607034514e-01
1.145224369403334830e+00 9.548714110705076585e-01 7.800391604444097959e-01
1.148221162110553806e+00 9.578706905871366972e-01 7.842539991883732409e-01
1.150994674813826890e+00 9.606542136914248964e-01 7.881870329957060273e-01
1.154179145463867684e+00 9.638957177872191640e-01 7.926921288569617197e-01
1.156569478844823307e+00 9.663251515504092115e-01 7.959746138854690845e-01
1.159369766536354041e+00 9.692007475555804996e-01 7.998301214227436784e-01
1.161870677740859836e+00 9.717993910826452364e-01 8.031957695994649260e-01
1.164588602348452406e+00 9.746206940562697207e-01 8.069199156499361480e-01
1.167426354032359059e+00 9.776097804646901590e-01 8.108683631367223921e-01
1.170379976771302122e+00 9.807590913487959083e-01 8.149127925203938361e-01
1.173198567820417093e+00 9.837611831249843952e-01 8.187632961111147578e-01
1.175931118158692890e+00 9.867012140786273200e-01 8.225306093914559469e-01
1.178497370313674963e+00 9.895058704795138826e-01 8.259436350751175882e-01
1.180974896536378438e+00 9.922310514706759177e-01 8.292156372858193736e-01
1.183519046557038656e+00 9.950422879891154260e-01 8.324989020046389410e-01
1.183589300109063380e+00 9.951160204031379575e-01 8.325844263513961785e-01
1.185979625856034891e+00 9.977804255357372032e-01 8.356835986648191161e-01
1.188778795341751460e+00 1.000923362153625096e+00 8.393037559372367173e-01
1.191293084793295876e+00 1.003765644419165826e+00 8.425625229069200195e-01
1.193815072311763759e+00 1.006600587980185368e+00 8.458312893986577041e-01
1.196385813417260024e+00 1.009524409135135858e+00 8.491049806776890252e-01
1.199152558429162685e+00 1.012699471425697384e+00 8.525754446649045359e-01
1.201501693561376927e+00 1.015411311649660142e+00 8.555531004004934825e-01
1.203954941362896269e+00 1.018279144956370619e+00 8.586957121233650403e-01
1.206404601746529526e+00 1.021160430112352913e+00 8.618154316882431498e-01
1.209325637420453070e+00 1.024589438667962593e+00 8.654229255902872175e-01
1.211691345562542654e+00 1.027392761606254146e+00 8.684021977185297780e-01
1.214492567857518690e+00 1.030752925201031900e+00 8.718648750571991179e-01
1.217225772193450295e+00 1.034044721965385882e+00 8.752192707798621685e-01
1.219951934068345789e+00 1.037357939250258543e+00 8.785082542844244724e-01
1.222238419864357439e+00 1.040109847043324764e+00 8.812774301712595904e-01
1.224748286961115262e+00 1.043190810149500436e+00 8.843090295287507896e-01
1.227186410247356196e+00 1.046197590567070401e+00 8.872787126317391859e-01
1.227251118611186964e+00 1.046276539926754401e+00 8.873554629739097699e-01
1.229684441693807084e+00 1.049295422940765166e+00 8.902113097578885359e-01
1.232185810126248171e+00 1.052388597485451660e+00 8.931491486219259590e-01
1.234605349079471059e+00 1.055414649940981997e+00 8.959937370007160506e-01
1.236910634243485241e+00 1.058280583933619790e+00 8.987026605627365106e-01
1.239061510580321546e+00 1.061004897203106978e+00 9.011964600004064296e-01
1.241136084921310445e+00 1.063644484824677328e+00 9.035865521070491901e-01
1.243442080420071871e+00 1.066617841132011746e+00 9.062379038646553031e-01
1.245747426997125817e+00 1.069594945118386153e+00 9.088798692818986780e-01
1.248256239731792450e+00 1.072816017892493257e+00 9.117267455948238064e-01
1.250358525514633001e+00 1.075551925872347603e+00 9.141445903261512518e-01
1.252820459628203320e+00 1.078787938951516701e+00 9.169404637137849035e-01
1.255082456001106017e+00 1.081787121833920562e+00 9.194488784258746383e-01
1.257219853225767014e+00 1.084620925316813311e+00 9.217601413114364650e-01
1.259652709072515586e+00 1.087867066020200557e+00 9.243865083041544750e-01
1.261831612492032129e+00 1.090793076430433439e+00 9.267272695567109198e-01
1.264197419810590528e+00 1.093982078758628740e+00 9.292432053570228723e-01
1.266744116652078755e+00 1.097400223499198413e+00 9.320388668637945573e-01
1.268809730771779165e+00 1.100167991693672853e+00 9.342537353050990312e-01
1.271086134739674467e+00 1.103297724003708957e+00 9.366499202170548433e-01
1.273525155818230337e+00 1.106665550563483702e+00 9.391608755429969868e-01
1.273584230866045885e+00 1.106745465420775343e+00 9.392220133695713402e-01
1.275892615069864622e+00 1.109949661895260231e+00 9.415930983222638995e-01
1.278252104791345767e+00 1.113236593946299369e+00 9.440081224695486828e-01
1.280497729072913593e+00 1.116374648114397683e+00 9.463329806452085435e-01
1.282854656526236869e+00 1.119676053759453227e+00 9.488035356131708786e-01
1.285306679545038966e+00 1.123146402725815118e+00 9.513001893445230950e-01
1.287573688725571319e+00 1.126366638767695161e+00 9.536217143485922199e-01
1.292726656088558412e+00 1.133746509643083877e+00 9.587488748154046059e-01
1.294960547909625781e+00 1.136973635347285683e+00 9.609306423329849745e-01
1.297421792124181295e+00 1.140560063502997767e+00 9.632708581152613636e-01
1.299530967765476053e+00 1.143632969490568474e+00 9.652732984297252017e-01
1.301520644206577426e+00 1.146548929297243280e+00 9.671122800416870335e-01
1.303528437966300135e+00 1.149471199025827950e+00 9.690055475296924792e-01
1.305861181317395481e+00 1.152893733448955738e+00 9.712756352691890305e-01
1.307906689318168114e+00 1.155901805423926509e+00 9.732396100429225871e-01
1.310183352180173788e+00 1.159250895656565472e+00 9.753413941865557435e-01
1.312316924803479168e+00 1.162435239856244529e+00 9.772622793717276046e-01
1.314376140330396403e+00 1.165550929808056413e+00 9.790588935935236048e-01
1.316441190943671291e+00 1.168670310755886455e+00 9.808473461349318523e-01
1.318515155174945219e+00 1.171791286367541707e+00 9.826729802700079341e-01
1.320683765541933452e+00 1.175073806218345673e+00 9.845924608261291677e-01
1.322741098520321401e+00 1.178198227610346649e+00 9.864109570174833808e-01
1.325055476217900319e+00 1.181739890821600358e+00 9.884270980427282138e-01
1.326980234397050928e+00 1.184702146838072734e+00 9.900928884524371476e-01
1.328852017056499246e+00 1.187597017164351509e+00 9.916818407298413351e-01
1.330655571274347970e+00 1.190398325426262005e+00 9.932400374300190959e-01
1.332671847987671576e+00 1.193536002873871515e+00 9.949820031253914232e-01
1.332890162936471334e+00 1.193882129812353199e+00 9.951694661743594184e-01
1.334926232536006729e+00 1.197031070238831374e+00 9.969102615514769949e-01
1.336888937978192526e+00 1.200087635431933641e+00 9.985848515109124746e-01
1.339052715402635263e+00 1.203498813087295005e+00 1.000383257041264073e+00
1.340843475167816878e+00 1.206312834431637171e+00 1.001834293612876570e+00
1.343028911325323094e+00 1.209802225180108159e+00 1.003595145794047516e+00
1.344899753815605337e+00 1.212784829818139176e+00 1.005056180870424809e+00
1.346833806240407050e+00 1.215866005475620515e+00 1.006545248278281512e+00
1.348995886666703337e+00 1.219277583455788294e+00 1.008260519922700604e+00
1.350980461744246686e+00 1.222442845641990905e+00 1.009804659911098357e+00
1.353424339442844015e+00 1.226398135137896972e+00 1.011644194134122543e+00
1.355449675235723017e+00 1.229669681675563009e+00 1.013378890844268465e+00
1.357326900487787924e+00 1.232672475841597448e+00 1.014944359546841923e+00
1.359291408880874297e+00 1.235858795022978462e+00 1.016456189787004138e+00
1.359344599091562245e+00 1.235943158498301386e+00 1.016496942362236089e+00
1.361613050641409917e+00 1.239642263542310552e+00 1.018202345591639135e+00
1.363604191295866297e+00 1.242909503159779661e+00 1.019658514134153648e+00
1.365387562171490599e+00 1.245840967133112986e+00 1.020967106531335711e+00
1.367163320695543138e+00 1.248779383903553697e+00 1.022216771141085889e+00
1.369342475964599348e+00 1.252405142693814533e+00 1.023763909903247171e+00
1.371327434822580571e+00 1.255685699327613092e+00 1.025198877747706128e+00
1.373325954144829941e+00 1.259045815890504461e+00 1.026553433295779527e+00
1.375430768305332840e+00 1.262580612305295169e+00 1.027919420765763148e+00
1.377481710398397396e+00 1.266042565813165544e+00 1.029236811365951798e+00
1.379593970212595000e+00 1.269601638376568697e+00 1.030748098478136754e+00
1.381663836375114141e+00 1.273069476185047844e+00 1.032403642737717009e+00
1.381715689280041293e+00 1.273156255604288134e+00 1.032446453670520237e+00
1.383612613852993167e+00 1.276361667361003871e+00 1.033915504861945500e+00
1.385668820112296640e+00 1.279836972107263104e+00 1.035471090207622957e+00
1.387636688962590403e+00 1.283212883060291132e+00 1.036704635905887795e+00
1.389745421438177697e+00 1.286853627347376516e+00 1.037886578243246705e+00
1.391769380424680680e+00 1.290336827122120056e+00 1.039009698326850417e+00
1.393649487215555149e+00 1.293548472427253238e+00 1.040024979082338596e+00
1.395517866914469884e+00 1.296771691896887901e+00 1.041060215808757405e+00
1.397636017254406671e+00 1.300438352713619850e+00 1.042264828088259376e+00
1.399591882926033870e+00 1.303829940946756416e+00 1.043390371311543774e+00
1.401450677138503575e+00 1.307055942445715768e+00 1.044438931594755093e+00
1.403240314729116367e+00 1.310208281343443915e+00 1.045410070167421157e+00
1.407750330847230780e+00 1.318095656542622063e+00 1.048510588558741796e+00
1.409704889829979990e+00 1.321512867531810631e+00 1.049876627086804959e+00
1.411488673328288534e+00 1.324680356414382310e+00 1.051035509546651037e+00
1.413268960133581942e+00 1.327828974750997926e+00 1.052146331611598207e+00
1.415219709696419859e+00 1.331246986761847273e+00 1.053317742031195436e+00
1.416864228905465595e+00 1.334135131306021238e+00 1.054082926860888669e+00
1.418686271139064203e+00 1.337378139265603672e+00 1.054841625508256442e+00
1.420814454489788492e+00 1.341144466825155313e+00 1.055729638404546256e+00
1.422546477824967237e+00 1.344210790106497466e+00 1.056481175040779874e+00
1.424397283052100116e+00 1.347552616863525010e+00 1.057321003101678647e+00
1.426393446719805169e+00 1.351154692284111558e+00 1.058233997750908983e+00
1.428081749527316813e+00 1.354142074972249254e+00 1.059055632207596354e+00
1.429922802774739932e+00 1.357423692090103273e+00 1.060093409288559441e+00
1.431535114511103934e+00 1.360343692007616401e+00 1.061116401892576722e+00
1.433404004246153995e+00 1.363697962267553798e+00 1.062283753671166009e+00
1.433654358999655543e+00 1.364139860164822249e+00 1.062446778930867364e+00
1.435556741402984393e+00 1.367577496772864887e+00 1.063587054837247248e+00
1.437364491519490972e+00 1.370844728545337343e+00 1.064610046197418614e+00
1.439125508465276315e+00 1.374013161156922624e+00 1.065555936133732562e+00
1.441065527380324118e+00 1.377551116361966699e+00 1.066544552269368396e+00
1.442952408823973798e+00 1.380996696921685807e+00 1.067438708765790389e+00
1.444707983277759178e+00 1.384255083613651571e+00 1.068143057626578019e+00
1.446380133426057313e+00 1.387348632704539009e+00 1.068607420627720073e+00
1.447952773036884189e+00 1.390258614915083957e+00 1.069079466125375077e+00
1.449660206040104704e+00 1.393431998688664741e+00 1.069587190037099234e+00
1.451628768411286075e+00 1.397050943010071489e+00 1.070247149856084157e+00
1.451674983823882936e+00 1.397137368767407795e+00 1.070261549740392670e+00
1.453555731576281040e+00 1.400600700722140601e+00 1.071281466049051723e+00
1.455347257828566665e+00 1.403893536530077757e+00 1.074214933719370713e+00
1.457245080164865092e+00 1.407418802158647120e+00 1.078856118115390617e+00
1.458778526042416424e+00 1.410328877376267442e+00 1.080949028854525817e+00
1.460570191049279209e+00 1.413799779051230665e+00 1.081139399708290316e+00
1.462438419424922031e+00 1.417406997247947942e+00 1.080162129007680383e+00
1.464426188697987463e+00 1.421251668851500005e+00 1.078904003932247724e+00
1.466201726773791014e+00 1.424679636342107258e+00 1.078135994050621882e+00
1.468207226643765351e+00 1.428486022613436823e+00 1.077804974715824260e+00
1.468255098200538011e+00 1.428572280707041120e+00 1.077800869872682643e+00
1.470000260180667873e+00 1.431845557536763902e+00 1.077862388411878092e+00
1.471929397439271314e+00 1.435484304864807381e+00 1.078002180856967973e+00
1.473636061972921407e+00 1.438676583224823169e+00 1.078180784767937217e+00
1.475350887813205780e+00 1.441876656424836867e+00 1.078496595181053896e+00
1.477050078093238294e+00 1.445074366989131498e+00 1.078894204873759533e+00
1.478911583727628987e+00 1.448565143142880096e+00 1.080142851671026527e+00
1.480905181910068258e+00 1.452304213597042537e+00 1.083990931569421390e+00
1.480959896914535001e+00 1.452401266404032665e+00 1.084117077951249897e+00
1.482841142029376336e+00 1.455982416053239525e+00 1.089991080820696290e+00
1.484605693029204865e+00 1.459379342779892452e+00 1.094357796525375015e+00
1.486468084276198143e+00 1.463110275649531111e+00 1.095887396029627814e+00
1.487964086198769964e+00 1.466071109109210013e+00 1.094924290101375153e+00
1.489734016420990903e+00 1.469580843922940527e+00 1.091812858977826428e+00
1.491453438983716850e+00 1.472985369758330831e+00 1.088721432150958845e+00
1.493111836534868564e+00 1.476271701323724095e+00 1.086576634171469546e+00
1.494942446926502466e+00 1.479827285371456025e+00 1.085323944490518722e+00
1.496634625706469546e+00 1.483120982010749156e+00 1.084821326124432161e+00
1.498572998504799525e+00 1.486856678721624858e+00 1.084631710457990783e+00
1.500390970673268765e+00 1.490333168107793149e+00 1.084702693466080170e+00
1.501936249004119484e+00 1.493277206341726782e+00 1.084916723230882729e+00
1.503881892928705000e+00 1.496937857642604230e+00 1.086210885380795244e+00
1.505647333299978019e+00 1.500317938986775346e+00 1.090190859093715714e+00
1.510313459215149479e+00 1.509447028315489270e+00 1.110525431463882384e+00
1.511924007742808218e+00 1.512719499690389657e+00 1.118512069896540062e+00
1.513584693816502735e+00 1.516167326970251805e+00 1.124196191749958329e+00
1.515179263321001057e+00 1.519607181975283439e+00 1.126995333393150167e+00
1.516794906899897599e+00 1.523201354179963385e+00 1.127312826158993753e+00
1.518122135578415577e+00 1.526017384077401839e+00 1.124999741397019859e+00
1.519575788725294974e+00 1.529241586081217630e+00 1.119118280832813284e+00
1.520868702833350961e+00 1.531926971773830637e+00 1.112209931674627450e+00
1.522182616757337348e+00 1.534706189422028633e+00 1.103698513808275994e+00
1.523920365967895707e+00 1.538211600987126948e+00 1.093900778283040109e+00
1.525632164910344368e+00 1.541638323359934670e+00 1.086078256545403908e+00
1.527396884248314546e+00 1.545064576807205547e+00 1.081201880567207230e+00
1.529349480152508267e+00 1.548750139763323430e+00 1.079308678800760646e+00
1.531256324718949902e+00 1.552323850886462075e+00 1.080509071332359072e+00
1.533032197293970444e+00 1.555682708459197761e+00 1.084536428944005371e+00
1.534685528380940189e+00 1.558854365999444269e+00 1.090146549398961939e+00
1.536462091447717837e+00 1.562242954355983482e+00 1.094087735115213178e+00
1.538035327820014952e+00 1.565306626767580145e+00 1.096606492609841998e+00
1.539783240298185252e+00 1.568694305188872207e+00 1.097419487745032729e+00
1.541410302969131507e+00 1.571929125479864409e+00 1.097304126548974468e+00
1.542943921879846858e+00 1.574958943264001432e+00 1.097006188151023354e+00
1.544605505090361763e+00 1.578266066723655880e+00 1.096587454748992663e+00
1.546143134214196468e+00 1.581390963794878868e+00 1.096261967900582279e+00
1.547927316276403564e+00 1.584962841072652839e+00 1.095374255928419416e+00
1.549485248619168143e+00 1.588065879769617883e+00 1.094256287416915274e+00
1.549530670431427781e+00 1.588155040459841016e+00 1.094216025649481061e+00
1.551298573705698347e+00 1.591642871177973539e+00 1.093222787259694906e+00
1.552945072080604838e+00 1.594863083081942357e+00 1.092655459081931291e+00
1.554793900897794900e+00 1.598454251855093489e+00 1.092843524113007447e+00
1.556412630909837169e+00 1.601594719430009750e+00 1.095161363989908265e+00
1.558214005769437582e+00 1.605109483227302958e+00 1.100268361121166993e+00
1.560067305056056064e+00 1.608811689078964324e+00 1.107388375003068193e+00
1.561759009245097918e+00 1.612228467760768336e+00 1.111515591854029150e+00
1.563310746617512459e+00 1.615434981082410681e+00 1.112739599709281046e+00
1.564789717909776279e+00 1.618528367257640266e+00 1.112079730982597159e+00
1.566190145035696979e+00 1.621458678184694691e+00 1.109350901404719147e+00
1.567763007457626756e+00 1.624680942353258217e+00 1.105451524638789040e+00
1.569273300021819306e+00 1.627740459273367746e+00 1.101948190535807059e+00
1.570969115136940264e+00 1.631209272064587434e+00 1.099034756150007563e+00
1.572660774920171756e+00 1.634647478219886985e+00 1.096394095956477743e+00
1.574388400588083936e+00 1.638126404768854183e+00 1.094055064313506520e+00
1.575963654970709449e+00 1.641228966934169975e+00 1.092503122207472366e+00
1.577667723087009755e+00 1.644535622356978255e+00 1.091724923287381355e+00
1.579530015213619354e+00 1.648126851984680119e+00 1.091981256375487153e+00
1.579581315952670817e+00 1.648221366009029687e+00 1.092014324164356953e+00
1.581384301004906678e+00 1.651726272226051506e+00 1.095067499237269981e+00
1.583171289574211826e+00 1.655255820054634563e+00 1.100862178864026042e+00
1.584843854215127301e+00 1.658576044674236583e+00 1.108002581576432499e+00
1.584888265631537507e+00 1.658662970084952004e+00 1.108176986425040367e+00
1.586530466699437536e+00 1.661964585004855444e+00 1.113287481353828490e+00
1.588021837853729856e+00 1.665007145172717085e+00 1.115143854068600948e+00
1.589576111932549995e+00 1.668320697334801039e+00 1.114847452461421362e+00
1.591058204513154273e+00 1.671491514599204642e+00 1.112118005213234673e+00
1.592797226435114899e+00 1.675067408525279689e+00 1.106980294472998283e+00
1.594508114325712045e+00 1.678572531175821947e+00 1.102198526316848781e+00
1.596163864826638523e+00 1.681949598276585967e+00 1.097640087894975025e+00
1.597788006794641280e+00 1.685237813946861340e+00 1.093570029439192126e+00
1.599433822664660276e+00 1.688480903795301025e+00 1.090747523443429845e+00
1.601174540579582306e+00 1.691879761801880822e+00 1.089036998798549316e+00
1.601220799824612184e+00 1.691968078870740744e+00 1.089010596348313209e+00
1.603140858143840219e+00 1.695632773110514302e+00 1.088873457391163369e+00
1.604954378944279059e+00 1.699092582505241200e+00 1.091488844537927383e+00
1.606776097922590907e+00 1.702643232002989171e+00 1.096851093109439290e+00
1.608685800369146213e+00 1.706482799790039362e+00 1.105672182618401722e+00
1.610395508957881638e+00 1.709905940137215863e+00 1.114385532762633302e+00
1.614436082315362730e+00 1.718316743613172548e+00 1.123082876586001921e+00
1.615859151272495353e+00 1.721380812739519595e+00 1.122163397500442583e+00
1.617209969624858967e+00 1.724277507373318752e+00 1.118937538410097021e+00
1.618489952117586395e+00 1.727240849857631710e+00 1.113009290780804905e+00
1.620205507962705349e+00 1.730781516721080493e+00 1.105303017887462769e+00
1.621599655197452972e+00 1.733596297619127924e+00 1.098366891049326055e+00
1.623184129501556994e+00 1.736801510033221252e+00 1.091212573115306395e+00
1.624936288508970428e+00 1.740229893941849681e+00 1.086152346902938381e+00
1.626663311871870521e+00 1.743551296348741175e+00 1.083393139898053636e+00
1.628430869211402232e+00 1.746896782832897399e+00 1.082518816155631391e+00
1.630176543501585584e+00 1.750190774238227664e+00 1.083016795811449606e+00
1.632316887870243871e+00 1.754251583255600933e+00 1.087332583599666558e+00
1.633979545125927135e+00 1.757455159714645720e+00 1.092185369361699188e+00
1.635638045288101861e+00 1.760662521201842079e+00 1.095619144996218486e+00
1.637203446218389313e+00 1.763724160604394298e+00 1.097099886567434179e+00
1.638734173098927993e+00 1.766760477760249692e+00 1.097375612980611592e+00
1.640394226081536955e+00 1.770051389274039044e+00 1.097002372055685626e+00
1.642078683257655936e+00 1.773431754833358021e+00 1.096389995709116327e+00
1.643853651693131468e+00 1.776989240388139324e+00 1.095690039298962359e+00
1.645405395424156092e+00 1.780095893763777415e+00 1.095118212553776615e+00
1.647107538309916963e+00 1.783528696415520365e+00 1.093636016179023729e+00
1.648834014959140726e+00 1.786954841993997567e+00 1.090376890280943645e+00
1.650472689406333071e+00 1.790182216741650567e+00 1.087317031938841216e+00
1.652325433861619786e+00 1.793822230785573346e+00 1.084815324533219938e+00
1.654141057647499302e+00 1.797364790463356288e+00 1.083137262928234090e+00
1.656054471622897539e+00 1.800951191732081735e+00 1.083479240057747539e+00
1.656105834693132994e+00 1.801046734311606556e+00 1.083519278520794549e+00
1.657934216528191840e+00 1.804504778535814591e+00 1.086169307187062616e+00
1.659719650995085782e+00 1.807907004908825943e+00 1.088561142897797485e+00
1.661338166983815423e+00 1.811020535355927885e+00 1.090257190338585591e+00
1.663110662633225489e+00 1.814435401745304155e+00 1.091062445587532848e+00
1.664656033324046325e+00 1.817466179977951235e+00 1.091156248281849095e+00
1.666300396604756706e+00 1.820670849803085467e+00 1.090923091486538432e+00
1.667863620522881618e+00 1.823690491426540827e+00 1.090589896167268869e+00
1.669532047836618460e+00 1.826974215237936683e+00 1.090116113596189207e+00
1.669577708051539267e+00 1.827067386316082676e+00 1.090106128469854108e+00
1.671428987642929798e+00 1.830730174839327873e+00 1.089097477279034276e+00
1.672976803058160433e+00 1.833696857502358224e+00 1.086475890475183670e+00
1.674721662259868848e+00 1.837119930202077311e+00 1.083201230632765855e+00
1.676451953788976823e+00 1.840477569283650583e+00 1.080511521755276316e+00
1.678520491039123597e+00 1.844423009402877511e+00 1.078137186212241971e+00
1.680329295965144798e+00 1.847789428346795493e+00 1.077312028684843881e+00
1.682128914414023013e+00 1.851149748260068728e+00 1.078502697389565501e+00
1.684007674602980842e+00 1.854655308599056918e+00 1.082525271255813548e+00
1.685820335604923725e+00 1.858151860429983149e+00 1.088671305704995262e+00
1.687539091625179566e+00 1.861440494757246489e+00 1.093374688758896429e+00
1.689429676695273219e+00 1.865149590112194611e+00 1.095073095752429060e+00
1.691108850486603199e+00 1.868556958433568616e+00 1.094213571953412512e+00
1.692646257777264296e+00 1.871573811558218114e+00 1.091200152078603214e+00
1.692691247732029058e+00 1.871658814332213039e+00 1.091086330228180579e+00
1.694353541812980701e+00 1.874913178178749806e+00 1.087387215404229668e+00
1.695915147328804107e+00 1.877975640888598363e+00 1.084519739335784161e+00
1.697550962834308397e+00 1.881135771056689610e+00 1.082195063413345038e+00
1.699267240147282809e+00 1.884442609321913320e+00 1.080059684663607689e+00
1.699305918014162309e+00 1.884519205417996224e+00 1.080004272752651762e+00
1.700920000942201193e+00 1.887578547789838801e+00 1.076952347079802585e+00
1.702796839595425160e+00 1.891136674578108856e+00 1.073853938224695881e+00
1.702844572850173765e+00 1.891216978431845552e+00 1.073784937674180595e+00
1.704858874409629133e+00 1.894982236696885147e+00 1.071978895096033169e+00
1.706667387398904889e+00 1.898281561795914119e+00 1.072691679830807043e+00
1.708607534464421152e+00 1.901900589150467225e+00 1.076059602064508569e+00
1.713441487144954589e+00 1.911050248686104069e+00 1.091304873967476663e+00
1.715202511789942985e+00 1.914446216788160404e+00 1.097049490738786881e+00
1.716826775531522742e+00 1.917640855680836420e+00 1.099587321945481921e+00
1.718486483974310364e+00 1.921039202784258659e+00 1.099943599846257225e+00
1.719997739736280007e+00 1.924164389158190769e+00 1.097765088156601010e+00
1.721400309703456477e+00 1.927034328821050524e+00 1.092898201280235071e+00
1.722798970199059365e+00 1.930033098631010802e+00 1.085790342344483683e+00
1.724315794276713998e+00 1.932971334330528368e+00 1.077147086477231452e+00
1.725945408394607750e+00 1.936101429835629606e+00 1.068249770218001382e+00
1.727702523110165700e+00 1.939372625689504526e+00 1.060837349524107021e+00
1.729791648765116374e+00 1.943159807990175514e+00 1.055233823355304468e+00
1.731876862474396539e+00 1.946819972858763403e+00 1.053423304706705199e+00
1.733584910547852020e+00 1.949830524551660726e+00 1.054386455758872243e+00
1.735386669143803795e+00 1.953010703164251849e+00 1.058230408445468784e+00
1.737420410600879928e+00 1.956683415985848606e+00 1.065823007179513171e+00
1.739484629260724668e+00 1.960447452855154982e+00 1.074416984150402987e+00
1.741347457188336945e+00 1.963873888693044245e+00 1.078698492459904124e+00
1.742883558811940681e+00 1.966789829016744928e+00 1.079572976711547394e+00
1.744470123513650162e+00 1.969914364055645128e+00 1.078497417379614243e+00
1.746127026942714933e+00 1.973047505667712809e+00 1.074940869517567510e+00
1.747566667428638976e+00 1.975782112138673607e+00 1.069777274533274314e+00
1.749228210806331951e+00 1.978882317291650539e+00 1.063840618976443997e+00
1.751088159679993872e+00 1.982355619933215296e+00 1.057564332202630686e+00
1.752947176284663122e+00 1.985666356585743308e+00 1.051619868351359122e+00
1.752996196625822289e+00 1.985753408599584269e+00 1.051490595448770771e+00
1.754937185491144858e+00 1.989252250276218881e+00 1.047918346369816733e+00
1.756846331647903936e+00 1.992532832179195079e+00 1.047291401738887462e+00
1.758555626180525078e+00 1.995531915174599824e+00 1.048979864073322998e+00
1.760742364660501824e+00 1.999352568223207394e+00 1.054521814360335652e+00
1.760792774356693347e+00 1.999440559918847615e+00 1.054683938430310164e+00
1.762514333713038894e+00 2.002516402273818219e+00 1.059847417850262818e+00
1.764274915272194155e+00 2.005657712561899508e+00 1.063444241284315250e+00
1.766036331597637732e+00 2.008834909980662164e+00 1.066354494160578703e+00
1.767772104489435447e+00 2.012012433882916174e+00 1.067091794061481025e+00
1.769449224663212972e+00 2.015123803168568539e+00 1.065529038311841648e+00
1.771099103462048019e+00 2.018265299651096356e+00 1.061150366944512147e+00
1.772638297183102729e+00 2.021021827006526550e+00 1.055606488714590840e+00
1.774547591648159006e+00 2.024479185825371008e+00 1.049258147147609233e+00
1.776566533386814140e+00 2.028127992325584827e+00 1.043637149560122657e+00
1.778202621858098409e+00 2.030973362984719532e+00 1.040388368679306952e+00
1.779990876824055546e+00 2.034034069093262342e+00 1.038775307523794433e+00
1.781827300758368482e+00 2.037161984624761502e+00 1.039464105183286691e+00
1.783884903613982553e+00 2.040661039480737848e+00 1.043004234754442372e+00
1.785846613740226907e+00 2.044047046364943387e+00 1.047303508150304152e+00
1.787835738645664474e+00 2.047514427377152835e+00 1.050734900936520777e+00
1.787885224442940624e+00 2.047599403368301374e+00 1.050804853205282940e+00
1.789893084819542013e+00 2.051125192465832470e+00 1.052101773770006465e+00
1.791928949448908792e+00 2.054748770850709505e+00 1.051689640072299037e+00
1.793601458634966228e+00 2.057706681638842738e+00 1.050549451727997630e+00
1.795184320654892973e+00 2.060588984406968027e+00 1.047410709661857231e+00
1.797006292054180498e+00 2.063786286127995417e+00 1.041614103607850117e+00
1.798740719630926188e+00 2.066814568360818782e+00 1.036195659449001161e+00
1.800666379863975708e+00 2.070174880022762398e+00 1.031411184243418599e+00
1.802577040990416490e+00 2.073466657180913941e+00 1.028244633304669087e+00
1.804409373045952059e+00 2.076553347943355554e+00 1.026188108502426477e+00
1.806148890733711543e+00 2.079428922000355229e+00 1.025982297064698567e+00
1.810825548185610590e+00 2.087149763969720517e+00 1.031586727371095247e+00
1.812741149636884153e+00 2.090372306582862549e+00 1.034244024548348850e+00
1.814590886806984216e+00 2.093461977703300114e+00 1.036380859141991628e+00
1.816616118415878223e+00 2.096915796464738246e+00 1.036366082606927863e+00
1.818690689477975964e+00 2.100481397139266626e+00 1.034834890633649529e+00
1.820414542718288509e+00 2.103463410443006332e+00 1.033016539890828867e+00
1.822138569269940334e+00 2.106499356997014960e+00 1.030847654877489195e+00
1.823988498495660027e+00 2.109626464396472834e+00 1.026325854757527134e+00
1.825828105938833490e+00 2.112761107238663172e+00 1.021408698610883015e+00
1.827857634396241826e+00 2.116144943439715043e+00 1.016438685706530620e+00
1.829879522327069408e+00 2.119493628005722385e+00 1.013261191722241161e+00
1.832060899656054564e+00 2.122968349291644685e+00 1.012838512908773136e+00
1.834135963480832299e+00 2.126311130275311712e+00 1.015671100733146259e+00
1.836079313562245741e+00 2.129443515219558769e+00 1.020922604858427230e+00
1.837975271497218843e+00 2.132556692048185987e+00 1.025878869997091769e+00
1.839733375363695078e+00 2.135461392473129827e+00 1.028231461867024965e+00
1.841753160633984754e+00 2.138894481229927536e+00 1.028093611781925931e+00
1.843506010360622449e+00 2.141826837722146770e+00 1.025280129680135266e+00
1.845377721350654365e+00 2.144988100110435170e+00 1.020122954409718563e+00
1.847488217983677572e+00 2.148480232897230557e+00 1.013515631457134081e+00
1.849243112088859053e+00 2.151369395693891740e+00 1.009152309833190930e+00
1.851169015157320130e+00 2.154513393300882207e+00 1.005762642075282765e+00
1.853180689880949306e+00 2.157790358810725895e+00 1.002994479274109230e+00
1.855478391938846006e+00 2.161425193611475226e+00 1.000444561921295161e+00
1.857921383022041351e+00 2.165215940027983343e+00 1.000811010325489248e+00
1.860204371534943668e+00 2.168788792645186980e+00 1.003697704465069895e+00
1.860260507408713737e+00 2.168877546112310650e+00 1.003771779439896150e+00
1.862240143820777849e+00 2.172022381447534567e+00 1.006551427314416935e+00
1.864332039480454339e+00 2.175329934291369227e+00 1.007931873798832978e+00
1.866372208497048435e+00 2.178561767048614151e+00 1.008637018263339069e+00
1.868314747406917053e+00 2.181705182888514116e+00 1.008244710964475210e+00
1.870313314215314993e+00 2.184975047589448049e+00 1.005893544142030249e+00
1.872159477310317621e+00 2.188042589014549399e+00 1.000844631419528508e+00
1.874149944482791375e+00 2.191197801834502190e+00 9.944562917116583911e-01
1.876319441554813894e+00 2.194615354281707287e+00 9.881266300042435002e-01
1.878321646191003502e+00 2.197722704900853419e+00 9.835471776378522657e-01
1.880243158577848739e+00 2.200647584348417674e+00 9.810473110329844815e-01
1.882544297521004939e+00 2.204078392665166142e+00 9.807941550628618277e-01
1.884740064326693387e+00 2.207364977464001399e+00 9.826931939632890245e-01
1.886984668501912488e+00 2.210719166740135133e+00 9.844883836233835339e-01
1.889088178523866457e+00 2.213906897788270101e+00 9.856065124391587551e-01
1.891306294997987969e+00 2.217244647616898767e+00 9.856057653754949355e-01
1.893337814574745259e+00 2.220328152703126001e+00 9.848298607151703132e-01
1.895360233222491031e+00 2.223405822434616042e+00 9.835086082832928955e-01
1.897305549975699446e+00 2.226404741105554308e+00 9.818942151585291489e-01
1.899652847490545637e+00 2.229977545290039664e+00 9.798713412642415799e-01
1.901833848964575413e+00 2.233342024659724423e+00 9.771116155225493261e-01
1.903996528287598577e+00 2.236585116638091897e+00 9.729329722849480167e-01
1.905877873294392844e+00 2.239407844983423157e+00 9.697459915201823710e-01
1.907880424217606397e+00 2.242339167404952871e+00 9.686847238050523279e-01
1.910073391232365747e+00 2.245528135315273399e+00 9.698648297993309741e-01
1.910129768757153901e+00 2.245614324819378282e+00 9.699243447581916699e-01
1.912348242431445966e+00 2.248854742292173636e+00 9.721909138136387574e-01
1.914708477586311908e+00 2.252324192879235021e+00 9.742329404916765245e-01
1.920234910376683590e+00 2.260472492391328636e+00 9.757162305335432828e-01
1.922567695828059087e+00 2.263972105434794102e+00 9.751008012648805234e-01
1.922623883175021975e+00 2.264055857414378536e+00 9.750581099485591263e-01
1.924647312546662103e+00 2.267195280962592818e+00 9.719604227998199786e-01
1.926375688497439898e+00 2.269741684105906820e+00 9.671125252209546996e-01
1.928373068286457936e+00 2.272672263567545148e+00 9.599525286569482452e-01
1.930595199114903071e+00 2.275911920607694761e+00 9.530722882747614255e-01
1.932730840755868762e+00 2.278946919444700292e+00 9.496917364442861720e-01
1.935154178955951210e+00 2.282308972665525459e+00 9.484641707402504673e-01
1.937522015158420929e+00 2.285620268633892671e+00 9.476485431667388548e-01
1.937579243752300062e+00 2.285700514018491170e+00 9.476406079050869735e-01
1.939813133113773791e+00 2.288793400486603513e+00 9.470672214915729636e-01
1.942164851106383372e+00 2.292071674709170281e+00 9.462237178011655425e-01
1.944467768629521753e+00 2.295258618677733509e+00 9.451685896538705167e-01
1.946868857158008614e+00 2.298589034637570361e+00 9.438506147482538244e-01
1.948871073586483815e+00 2.301352608740894201e+00 9.425737435485361804e-01
1.951422392188126187e+00 2.304852951384952942e+00 9.407813295376031837e-01
1.953609449456876757e+00 2.307857031834356309e+00 9.388970611002569466e-01
1.955517666299959378e+00 2.310522884006603661e+00 9.366801893375491517e-01
1.957776496201339755e+00 2.313573260384881980e+00 9.359647275399060051e-01
1.960035574455682994e+00 2.316653045064462013e+00 9.365125467614264787e-01
1.962235147901103538e+00 2.319636563082130287e+00 9.369691136953346433e-01
1.964422934821474120e+00 2.322635524437047128e+00 9.367265742132925288e-01
1.966655162549611813e+00 2.325685050984623192e+00 9.358827870182498954e-01
1.968814828155024399e+00 2.328671780131983837e+00 9.346093531966532808e-01
1.971069276102701773e+00 2.331807488071199863e+00 9.324057767322828649e-01
1.973394769992713904e+00 2.335059711054900067e+00 9.272504803851064903e-01
1.975333125973529169e+00 2.337729436077740530e+00 9.219495226166659618e-01
1.977617564724481136e+00 2.340834221597704712e+00 9.164117076613070845e-01
1.979782087161718662e+00 2.343697406263562044e+00 9.123277219864385224e-01
1.982032359850071535e+00 2.346580702951489350e+00 9.106647442928490488e-01
1.984318321792565287e+00 2.349550702114012957e+00 9.115374403530809300e-01
1.986663008404828012e+00 2.352578623850570594e+00 9.150400609227248294e-01
1.988858481558360536e+00 2.355427046136662206e+00 9.188992448368924482e-01
1.991085266602351078e+00 2.358368789710568958e+00 9.215137686761285529e-01
1.993404891448070648e+00 2.361465912244097964e+00 9.211815956632800617e-01
1.995482029281858249e+00 2.364307085348348991e+00 9.187763770206698322e-01
1.997599426993244887e+00 2.367152344777622375e+00 9.132823002238900090e-01
1.999561028782258720e+00 2.369728840219230026e+00 9.073099121560136426e-01
2.001902299817180264e+00 2.372777433064806374e+00 9.002706069578250148e-01
2.004058924249616069e+00 2.375575227694228353e+00 8.947399640283608679e-01
2.006159162039995003e+00 2.378254012871142464e+00 8.909844652939451493e-01
2.008666028474524801e+00 2.381347518434958843e+00 8.890597376748494707e-01
2.008731728691499185e+00 2.381425982279635534e+00 8.890314748383719712e-01
2.011304702235992892e+00 2.384591901317254514e+00 8.884180978480624713e-01
2.013722811418132252e+00 2.387567702515460688e+00 8.881325170219672716e-01
2.016055354694979762e+00 2.390436515564550390e+00 8.876404470402406988e-01
2.018668101140631332e+00 2.393635418587575892e+00 8.864265072263112222e-01
2.021164302678113422e+00 2.396674027192102763e+00 8.848053192508225084e-01
2.023511794848751766e+00 2.399563586520930158e+00 8.830326638677580275e-01
2.025920680106724880e+00 2.402519190223499912e+00 8.810165528782438749e-01
2.028267343745512541e+00 2.405389672448909444e+00 8.790133640418305028e-01
2.028333456280684288e+00 2.405467260750279834e+00 8.789585790359530915e-01
2.030913889386257054e+00 2.408582112868942637e+00 8.773454540245548827e-01
2.033537079511052781e+00 2.411737366725873244e+00 8.762863730513067440e-01
2.036224906223003117e+00 2.414961654428132931e+00 8.750040582982679949e-01
2.038333187661301782e+00 2.417513724677269327e+00 8.737430154663735626e-01
2.040633619731655024e+00 2.420290289281215923e+00 8.721002328761052746e-01
2.042926300728677091e+00 2.423048679900049684e+00 8.702905431163666661e-01
2.048844070186499611e+00 2.430150477731391145e+00 8.653081047403992088e-01
2.051458477174594286e+00 2.433275674822635182e+00 8.630872141282459609e-01
2.053622390469215020e+00 2.435824203408659905e+00 8.606386177772292756e-01
2.056000803517250120e+00 2.438657218451918851e+00 8.573697579283465764e-01
2.058708563161571803e+00 2.441803954676660116e+00 8.554297590590850264e-01
2.058773107705909045e+00 2.441883746921793552e+00 8.553900392648576823e-01
2.061009190401458913e+00 2.444475491469789041e+00 8.542320724413933197e-01
2.063390379683935016e+00 2.447195568714936265e+00 8.530195425700372036e-01
2.066012145790481203e+00 2.450223508127150840e+00 8.515174465865754660e-01
2.068297659533583577e+00 2.452857073866280935e+00 8.500274575949667843e-01
2.070599396337762244e+00 2.455547257349143475e+00 8.478040971977290896e-01
2.072837006401405446e+00 2.458155471838561645e+00 8.438575094352976924e-01
2.075138065228762763e+00 2.460739562548586612e+00 8.379475917681239450e-01
2.077500424784878064e+00 2.463390794074868495e+00 8.321566347355389137e-01
2.079881103578224089e+00 2.466049624905537030e+00 8.272797308734191057e-01
2.082581906862476906e+00 2.468973012048815363e+00 8.246803378397307149e-01
2.085203724386865964e+00 2.471820619004712061e+00 8.249255925789411581e-01
2.088190564415792760e+00 2.475060571561632283e+00 8.272438356698901263e-01
2.090900820454851150e+00 2.478000846487310671e+00 8.292039863659701471e-01
2.093268815474028877e+00 2.480601525357329251e+00 8.303897861596197805e-01
2.095829304019597217e+00 2.483407737492370870e+00 8.293210789859103427e-01
2.098092825776265435e+00 2.485937140396505374e+00 8.263666082419161008e-01
2.100194792457070747e+00 2.488263470363611063e+00 8.212929998252860297e-01
2.102371816661571913e+00 2.490616572668155726e+00 8.147940847112256080e-01
2.104995521836662498e+00 2.493458269508247671e+00 8.078688378881044851e-01
2.107637488714518170e+00 2.496246878382281764e+00 8.040216662285490923e-01
2.110156475961530553e+00 2.498840367110198191e+00 8.029543724872194588e-01
2.112942488483474435e+00 2.501745736653673724e+00 8.041227879347856433e-01
2.115443937913187966e+00 2.504332996426938074e+00 8.055964533726046595e-01
2.118150158113492942e+00 2.507148566054489436e+00 8.060181924243504659e-01
2.121032828463463193e+00 2.510233909305458866e+00 8.032475971499654088e-01
2.123472508614763665e+00 2.512762437385767988e+00 7.982599177125773160e-01
2.126236617517457628e+00 2.515673486746065279e+00 7.908455236408402644e-01
2.128858905103571786e+00 2.518340033097445030e+00 7.840090019357841555e-01
2.128997369547144913e+00 2.518488234090216604e+00 7.836673791432841041e-01
2.131855670919329704e+00 2.521430286972415669e+00 7.774425994243894245e-01
2.134671859414560835e+00 2.524212730728614851e+00 7.741886949038342403e-01
2.137614955104650605e+00 2.527094102792474928e+00 7.740674479375739825e-01
2.140595672609294731e+00 2.530002730630292795e+00 7.765314669288391203e-01
2.143175059011523054e+00 2.532559257224715310e+00 7.786781023389897083e-01
2.145593038422386911e+00 2.534949774075796025e+00 7.783391630438230013e-01
2.148289531430759514e+00 2.537673970475325724e+00 7.753265019724401297e-01
2.150461778933908441e+00 2.539816488784949033e+00 7.705780016336417626e-01
2.152913674431186308e+00 2.542228820670251910e+00 7.647027125792824620e-01
2.155669243011016256e+00 2.544930026589335981e+00 7.584779313859928429e-01
2.158283699640449527e+00 2.547427016536755850e+00 7.548786141418547535e-01
2.161232585560557862e+00 2.550180031056897612e+00 7.537190139770542086e-01
2.163945793780443161e+00 2.552728245910933946e+00 7.547306102364250702e-01
2.166653205686960959e+00 2.555300623525322390e+00 7.559838221029190342e-01
2.169542631359534290e+00 2.558041594251987405e+00 7.548866159799120235e-01
2.172089989477477445e+00 2.560550524932621475e+00 7.515226684773925747e-01
2.174314365326294407e+00 2.562638734019309084e+00 7.470061533130216702e-01
2.177020081872963253e+00 2.565205940063476575e+00 7.405065286322436435e-01
2.179651257981856993e+00 2.567651018043402456e+00 7.345250224371163705e-01
2.182643615814480853e+00 2.570394325973782923e+00 7.284722421521512281e-01
2.189808219853269122e+00 2.576764998891277969e+00 7.254293394188953137e-01
2.189884406511505954e+00 2.576831976873152907e+00 7.254476142325954058e-01
2.192651942532521936e+00 2.579314662902776778e+00 7.258020996577156936e-01
2.195517672773780848e+00 2.581883977072339853e+00 7.236322651955152674e-01
2.198138756378931635e+00 2.584210938094383181e+00 7.196419829066483809e-01
2.200646875045563888e+00 2.586450470678087754e+00 7.150809228557923891e-01
2.203379180866404052e+00 2.588877857730614629e+00 7.102947749309230785e-01
2.206358202461617068e+00 2.591483263198461451e+00 7.057418532127319732e-01
2.206434316836443088e+00 2.591546717878611794e+00 7.056557387119434255e-01
2.209132071357008620e+00 2.593836396825747848e+00 7.038545792835562143e-01
2.212088940329461906e+00 2.596347316071168976e+00 7.040560197303388223e-01
2.215141826988530571e+00 2.598950788237150977e+00 7.045451873668644449e-01
2.217651501857358820e+00 2.601079523431457208e+00 7.046659747160345377e-01
2.220459839161243121e+00 2.603476738728575768e+00 7.033868138312615592e-01
2.223252440034028776e+00 2.605912270769391359e+00 7.010001157461736021e-01
2.225879053947008579e+00 2.608165062716146121e+00 6.968332243412146410e-01
2.225934303440414652e+00 2.608215345731625945e+00 6.967433808707279574e-01
2.228915372562581876e+00 2.610748152015090362e+00 6.904338074025626604e-01
2.231960459124440188e+00 2.613320050746897660e+00 6.859924560526405868e-01
2.234685086557306910e+00 2.615598417758654648e+00 6.828773206382506844e-01
2.237718160069512852e+00 2.618092802449544010e+00 6.801282337380293308e-01
2.240342173069250542e+00 2.620228194594258042e+00 6.779883034224640781e-01
2.243211074704314356e+00 2.622548424707221493e+00 6.755656068661021196e-01
2.246391223923877245e+00 2.625113165815413652e+00 6.727697474333257377e-01
2.249113599554878107e+00 2.627285200957424571e+00 6.702380866654854552e-01
2.252123968356030126e+00 2.629741092671394220e+00 6.665690376286043106e-01
2.254618870170923550e+00 2.631701402533031420e+00 6.616501080788524947e-01
2.257336426296733478e+00 2.633856384298034925e+00 6.565809799425704751e-01
2.260406996754495523e+00 2.636248293909873475e+00 6.527430940576109952e-01
2.263288372151286865e+00 2.638456902739679144e+00 6.498514671124085984e-01
2.266395631336484584e+00 2.640829177021436713e+00 6.470391882230357439e-01
2.269189443786051363e+00 2.642949492791272448e+00 6.446247574255389301e-01
2.272312744281603791e+00 2.645298831275217033e+00 6.417820197887782463e-01
2.275356115028081661e+00 2.647579653413429490e+00 6.389375490641411304e-01
2.278384811139171351e+00 2.649865417082418073e+00 6.359774425006893273e-01
2.281415952343517795e+00 2.652083650546604776e+00 6.338509987776276278e-01
2.284731339804412897e+00 2.654529969024762348e+00 6.338840417186207832e-01
2.284812754909969712e+00 2.654591512209956594e+00 6.339099783502853969e-01
2.288003607609383483e+00 2.656945455940735279e+00 6.340962119174835543e-01
2.291178247163063730e+00 2.659300412468444286e+00 6.315171527823226771e-01
2.293979936550786469e+00 2.661365414515088901e+00 6.270109127257461612e-01
2.297119306524878279e+00 2.663649977814166903e+00 6.200232396237206345e-01
2.297199016612882172e+00 2.663714011973072893e+00 6.198422653758164369e-01
2.300023028496335442e+00 2.665760069115141739e+00 6.138801697488868170e-01
2.303062613672206105e+00 2.667990943000489779e+00 6.084109678347260353e-01
2.305699217188670769e+00 2.669853185072520230e+00 6.039223499083123947e-01
2.308793010551514868e+00 2.671984760750911292e+00 6.008447361339308568e-01
2.311620357030100159e+00 2.673919429884175969e+00 6.000799109795825759e-01
2.314650452613650433e+00 2.675984235476157380e+00 6.001664628160310322e-01
2.317853644164431515e+00 2.678180962431226941e+00 6.000962155258799946e-01
2.317936677295662662e+00 2.678237924627809186e+00 6.000895004014009659e-01
2.321378056884213503e+00 2.680620038547643524e+00 5.983486487137603671e-01
2.324030762277149442e+00 2.682508510963347526e+00 5.948938533336857182e-01
2.326929004126750300e+00 2.684477837198302463e+00 5.887743272352411461e-01
2.330194812313799879e+00 2.686698833287897159e+00 5.808413056407508712e-01
2.333060408786455930e+00 2.688611035588240217e+00 5.740995333707350490e-01
2.335914549066408163e+00 2.690475823308259962e+00 5.696568279119260669e-01
2.339319944512402216e+00 2.692647115629892784e+00 5.669651340882487789e-01
2.342815663369303358e+00 2.694868176643886226e+00 5.654810080345936685e-01
2.345863897922685126e+00 2.696801823403297771e+00 5.642062603614632632e-01
2.349074349119746774e+00 2.698825306503333188e+00 5.622963413431237845e-01
2.352111762616121649e+00 2.700742841820378715e+00 5.599260885932274556e-01
2.360211477073822284e+00 2.705824008018705040e+00 5.522375809749362485e-01
2.363869120335245988e+00 2.708130650445782273e+00 5.481952004101747766e-01
2.366742443205645863e+00 2.709935430477334428e+00 5.440502552561579108e-01
2.370083678712024966e+00 2.712006033871049659e+00 5.387165004251481815e-01
2.370168240901597834e+00 2.712060831664894867e+00 5.385865256029467307e-01
2.373558169144025065e+00 2.714135655878668452e+00 5.335855468918284661e-01
2.376868948571021267e+00 2.716125555529719904e+00 5.291029964030777855e-01
2.380220495866748998e+00 2.718125733054702842e+00 5.248799579184555419e-01
2.383652512392393952e+00 2.720113768866158743e+00 5.214634541127609602e-01
2.386753803791146655e+00 2.721881760922227222e+00 5.204051122130177731e-01
2.390343658915782932e+00 2.723943887980531109e+00 5.196530092593397709e-01
2.393624957242125539e+00 2.725821435753117861e+00 5.189160388297426874e-01
2.397091567005118939e+00 2.727781948720493510e+00 5.168761690288011801e-01
2.397176954746081279e+00 2.727832037033998347e+00 5.168163702529968706e-01
2.400596421388172086e+00 2.729802034938206834e+00 5.140902076385165387e-01
2.400679332133854427e+00 2.729851198461161754e+00 5.140149701693688122e-01
2.403720534200423309e+00 2.731663627758123880e+00 5.094778523008294258e-01
2.406490783881264583e+00 2.733207105343980814e+00 5.042579484872620199e-01
2.409681153127678055e+00 2.735011158486535532e+00 4.982619624961500682e-01
2.409767183566082771e+00 2.735058710032135743e+00 4.981009270787318810e-01
2.413250038107537687e+00 2.736988142519061640e+00 4.926073626434605557e-01
2.417070389784802931e+00 2.739083780102909316e+00 4.874339605605612080e-01
2.420299800844987193e+00 2.740824566341125923e+00 4.832241957081481187e-01
2.423218552363263889e+00 2.742393242685913446e+00 4.798526990380715396e-01
2.426688342065105530e+00 2.744224326645197110e+00 4.761933348122515675e-01
2.429916139437317213e+00 2.745888356715284750e+00 4.728417905032064050e-01
2.433645851200781252e+00 2.747780506541721124e+00 4.693944865357012053e-01
2.437608699287503899e+00 2.749790126268829571e+00 4.683061146349382642e-01
2.440969002407813893e+00 2.751497992304295259e+00 4.678395037738271589e-01
2.443998751622710408e+00 2.753035999861750405e+00 4.673043695739571568e-01
2.447108235010985844e+00 2.754622463106502384e+00 4.654671029327493992e-01
2.450260684509059317e+00 2.756251957491164806e+00 4.614603367695030434e-01
2.453175083427918679e+00 2.757703486939259818e+00 4.552545407829058366e-01
2.456752310297797059e+00 2.759487045791343185e+00 4.471981240637641908e-01
2.456841690809700829e+00 2.759534397572214637e+00 4.470190161067972290e-01
2.460045264018433819e+00 2.761112994003807497e+00 4.409948202740688883e-01
2.463584292236130402e+00 2.762834320759759876e+00 4.362903544910027298e-01
2.467590192862953558e+00 2.764698869589876207e+00 4.318690108309351516e-01
2.470864699552155486e+00 2.766213221799668442e+00 4.285779255482395911e-01
2.474632522866106576e+00 2.767955565299438980e+00 4.249263162116471704e-01
2.478034119908900212e+00 2.769518044608714646e+00 4.216626864872548563e-01
2.481314392362679477e+00 2.771000275009331215e+00 4.185212459954030795e-01
2.484624265649597596e+00 2.772455975604544598e+00 4.162671125603033540e-01
2.488389217477845250e+00 2.774128596945790726e+00 4.153339911169319776e-01
2.492070734099151252e+00 2.775738899026506168e+00 4.144074487696677300e-01
2.495287516264701466e+00 2.777167843980324680e+00 4.132474553328446820e-01
2.498828148292793649e+00 2.778755464037539813e+00 4.105150635441073836e-01
2.501937403242176838e+00 2.780171686196123204e+00 4.059064946457164869e-01
2.505420741578644694e+00 2.781689531926300862e+00 3.985499809773851432e-01
2.508815689306122643e+00 2.783118769301553996e+00 3.907644823248185850e-01
2.512130322382517100e+00 2.784517884593502135e+00 3.844380815337171131e-01
2.516103467143380623e+00 2.786161927935471461e+00 3.784851206875219365e-01
2.519857860813492501e+00 2.787669445142060276e+00 3.743781363536512474e-01
2.523149522743699080e+00 2.788962333697730944e+00 3.712320864133918930e-01
2.526631177949563600e+00 2.790308448306426659e+00 3.683373369959428989e-01
2.530776385661539507e+00 2.791909623035050192e+00 3.647958759624664871e-01
2.534278533321121074e+00 2.793243740504686823e+00 3.624506511909733053e-01
2.537577855542223482e+00 2.794490804332695255e+00 3.612408402147944120e-01
2.546518964555818165e+00 2.797846092938348850e+00 3.571975478883926414e-01
2.549803242254835567e+00 2.799084385318437285e+00 3.552439402692091353e-01
2.553035046422800214e+00 2.800309273208320349e+00 3.525512294523347467e-01
2.556892573597821183e+00 2.801779152126479211e+00 3.481310217664089213e-01
2.560275891559445682e+00 2.803019082876403889e+00 3.434037213635805497e-01
2.560358771359085850e+00 2.803054620786062934e+00 3.432775282958693830e-01
2.564074647877399027e+00 2.804379787950360026e+00 3.361818925535601799e-01
2.567502844157832254e+00 2.805650262753637936e+00 3.298131389842561267e-01
2.571435810177614467e+00 2.807029283902846561e+00 3.230724346265581581e-01
2.575032570823545530e+00 2.808271932178614261e+00 3.178043706438185012e-01
2.578960993802921209e+00 2.809597976015594245e+00 3.132492498617305832e-01
2.582618434448162859e+00 2.810769484525651229e+00 3.100869234583574219e-01
2.586209650569465612e+00 2.811929190875130935e+00 3.073948717445342815e-01
2.589708478681937542e+00 2.813039059906847772e+00 3.048276763265287403e-01
2.593583410480778895e+00 2.814252472115860382e+00 3.017291677833833230e-01
2.597036835869044324e+00 2.815344566979681940e+00 2.987210896170291452e-01
2.600587722121819212e+00 2.816443331554999485e+00 2.955470575967271141e-01
2.604064058087995903e+00 2.817506531583404694e+00 2.922238094481230952e-01
2.607177868754884109e+00 2.818434658497449341e+00 2.898086638306334728e-01
2.610818812144419354e+00 2.819530474954100363e+00 2.879636188296690325e-01
2.614719814903705419e+00 2.820677573184164455e+00 2.859615879355389412e-01
2.618787146032087509e+00 2.821878650308390135e+00 2.833564995138158626e-01
2.618885762782495519e+00 2.821905634400783569e+00 2.832904025076509735e-01
2.622442016087447314e+00 2.822942161774129044e+00 2.806081835448442918e-01
2.622538505518897001e+00 2.822970287664330336e+00 2.805248316932143493e-01
2.626070061145273193e+00 2.824005509710170614e+00 2.772603609144955739e-01
2.629701527697239971e+00 2.825082055664010827e+00 2.737535852179097118e-01
2.633283075236930504e+00 2.826095410340482950e+00 2.706567671273895082e-01
2.636723335986603800e+00 2.827078864960497651e+00 2.681089479216941518e-01
2.639856909992261080e+00 2.827953768289145575e+00 2.639134297938686702e-01
2.643487194155487607e+00 2.828937730572826936e+00 2.570574307719239449e-01
2.647552500923594732e+00 2.830052741310565168e+00 2.492564539096461806e-01
2.651302251590206716e+00 2.831050237183784013e+00 2.429889000540595978e-01
2.654896308547468387e+00 2.831986828201365824e+00 2.380742907849794643e-01
2.659222402940911500e+00 2.833061157806203489e+00 2.332407644357363252e-01
2.663171652587282168e+00 2.833981334670273800e+00 2.297693111064773308e-01
2.666928014458028962e+00 2.834845158172837554e+00 2.266486440326207774e-01
2.670870756080404362e+00 2.835756736150467638e+00 2.235321265616933839e-01
2.675198365865075090e+00 2.836740424022230034e+00 2.199648697758641303e-01
2.679430452305116894e+00 2.837690159573875270e+00 2.162855333186576856e-01
2.683384049256561710e+00 2.838561411919779065e+00 2.131962486262838352e-01
2.683481329298682105e+00 2.838585324915309904e+00 2.131349886582292741e-01
2.687237030580145181e+00 2.839384869530087396e+00 2.104569090606892290e-01
2.690873730305860523e+00 2.840144013374151566e+00 2.077717221435513850e-01
2.694509280583359701e+00 2.840913595662873714e+00 2.050242681908112929e-01
2.697960800133407666e+00 2.841645298859916124e+00 2.021426169186505417e-01
2.701892553706316757e+00 2.842465818082900331e+00 1.986576835259281082e-01
2.705630839208260419e+00 2.843243768267875282e+00 1.952050024155921881e-01
2.709188248660644227e+00 2.843939876933020194e+00 1.926715618636367089e-01
2.713652092389705395e+00 2.844803428170735504e+00 1.903956527622326644e-01
2.717312535528840556e+00 2.845500951123533184e+00 1.884384698019292148e-01
2.720755008613626735e+00 2.846162036932438077e+00 1.863094218814959901e-01
2.724788064031911983e+00 2.846940231149539979e+00 1.831549944554349274e-01
2.728698186373446966e+00 2.847701368041680503e+00 1.797517800475536554e-01
2.732198868025013994e+00 2.848388070438404807e+00 1.765556745902546187e-01
2.736186455575920995e+00 2.849100533419189230e+00 1.736570683416433225e-01
2.736290186575955907e+00 2.849120552993326339e+00 1.735929170136661370e-01
2.740277232664149576e+00 2.849814507460870061e+00 1.712853406411029844e-01
2.743836055159610154e+00 2.850437484185189163e+00 1.692437016102244507e-01
2.747813791875475253e+00 2.851103473611157124e+00 1.665696782886015859e-01
2.751358590671583837e+00 2.851718508858562817e+00 1.634026778505384414e-01
2.754307434318935321e+00 2.852206280616973899e+00 1.589186656807786147e-01
2.757475936705829245e+00 2.852733442835605260e+00 1.520828728632381277e-01
2.765855203742521251e+00 2.854020186237859580e+00 1.335705445908492162e-01
2.769056183087985179e+00 2.854466161924838374e+00 1.271034461961798867e-01
2.772635189484343066e+00 2.854947380372516719e+00 1.216542783255004645e-01
2.776061049156786531e+00 2.855349471056908950e+00 1.185405151249436795e-01
2.780304746220982004e+00 2.855848022438244094e+00 1.168334078484882382e-01
2.783800203895788528e+00 2.856265885671977589e+00 1.159370561123138771e-01
2.787988301963297832e+00 2.856753050942011818e+00 1.145766522692714673e-01
2.791465053216689807e+00 2.857143559967383339e+00 1.128353688538000776e-01
2.794974335045437464e+00 2.857557588892976508e+00 1.102857736015767781e-01
2.799158688558122332e+00 2.858026029419078018e+00 1.067833413779874924e-01
2.802839723582764897e+00 2.858426337597317346e+00 1.035208191882982381e-01
2.806821478014896787e+00 2.858848282675286345e+00 9.994747035978802929e-02
2.806920999416473883e+00 2.858859139271836103e+00 9.985631144916030932e-02
2.811019696473778140e+00 2.859283825703135218e+00 9.653816312919558107e-02
2.815126884090105364e+00 2.859686099384537439e+00 9.335630305630901460e-02
2.818534891896598449e+00 2.860013106818790618e+00 9.067428220259614313e-02
2.822127287806309504e+00 2.860344682871892363e+00 8.779912858459697211e-02
2.826015906464414140e+00 2.860709025870398214e+00 8.458563393403108199e-02
2.829705730599893165e+00 2.861034730153305006e+00 8.153337552217729267e-02
2.834014753812374554e+00 2.861395750871793542e+00 7.829781918258607587e-02
2.834116318736035200e+00 2.861403646494789843e+00 7.823106612387835390e-02
2.837927104122363264e+00 2.861709563993796834e+00 7.553296924218520780e-02
2.841407312732519230e+00 2.861977776640155291e+00 7.310490678164439926e-02
2.845088683028018206e+00 2.862264545772666313e+00 7.039404971005563949e-02
2.848871963205639180e+00 2.862533379420199697e+00 6.746609788905140459e-02
2.852143584141719312e+00 2.862767059862170616e+00 6.488491988874513228e-02
2.856411262453179667e+00 2.863051055032611369e+00 6.139820369044097365e-02
2.860408091441839495e+00 2.863299639496459825e+00 5.855173553998132413e-02
2.864122005425767892e+00 2.863525891716160121e+00 5.601315928581121484e-02
2.867713692275320803e+00 2.863731082926665561e+00 5.351208175053594890e-02
2.871690869951196490e+00 2.863939890987945436e+00 5.063758593644929890e-02
2.875450664280638335e+00 2.864159587627982173e+00 4.774959525259461768e-02
2.879331549586419126e+00 2.864382751497341228e+00 4.470978291649310710e-02
2.883802085648765612e+00 2.864588598492233018e+00 4.158386731481690524e-02
2.887187386772281261e+00 2.864733789406277875e+00 3.927767656780806194e-02
2.891064867781469871e+00 2.864891811646465225e+00 3.652651961171124451e-02
2.894724638201638278e+00 2.865051469816089824e+00 3.382580392660632096e-02
2.898878389938106981e+00 2.865198625531187648e+00 3.064680989430048838e-02
2.902521140519887854e+00 2.865320528315970172e+00 2.778893046469111186e-02
2.906169946123875469e+00 2.865441362750968946e+00 2.488566803212314063e-02
2.910032039061420495e+00 2.865548730869939664e+00 2.192520216671998978e-02
2.914293601659412314e+00 2.865666373270073120e+00 1.890579420723143347e-02
2.918354559054878727e+00 2.865760987640116220e+00 1.597396226062000602e-02
2.922313102049984401e+00 2.865849823457755186e+00 1.304986213446763209e-02
2.925760921283600435e+00 2.865919576482239606e+00 1.041586675176162623e-02
2.929512339233503848e+00 2.865982828248537562e+00 7.419493222505439516e-03
2.933467278363867781e+00 2.866042006647071982e+00 4.457938249362760307e-03
2.936837332265387790e+00 2.866062754421621950e+00 1.985053307651606092e-03
2.940684634609802117e+00 2.866076360753204266e+00 -8.332467750404050615e-04
2.944421090061271951e+00 2.866098639846561547e+00 -3.577869839023163894e-03
2.947860540997203405e+00 2.866110105455771162e+00 -6.145680265079413868e-03
2.951387728627027585e+00 2.866118439816094821e+00 -8.853501881595284353e-03
2.954821926849891867e+00 2.866125169317409238e+00 -1.153220209585160971e-02
2.958362683647554281e+00 2.866118370489061817e+00 -1.420831189028359115e-02
2.962184087428142210e+00 2.866075985387641634e+00 -1.702926680694420367e-02
2.966000938853594615e+00 2.866048471413916499e+00 -1.987261605025236050e-02
2.970100317923064726e+00 2.865995617594752076e+00 -2.293049102746878495e-02
2.973226489902430103e+00 2.865953820444214095e+00 -2.529720742504392925e-02
2.982403100173552701e+00 2.865783372396000672e+00 -3.243208232082456927e-02
