3.812841476186490386e-04 1.499960219495628966e+00 -1.245204710077617175e-04
4.858808795510025091e-04 1.499946030026928279e+00 -1.566181455257416278e-04
5.082282680897373672e-04 1.499945127324194161e+00 -1.933927901112391518e-04
5.083528233135806151e-04 1.499945031664035033e+00 -1.969488326896433241e-04
5.363306411547349994e-04 1.499949788770782222e+00 -4.289629619576992240e-04
5.440399980641899558e-04 1.499972866181036313e+00 -8.352051204755214829e-04
5.534172459982916736e-04 1.500010263140483024e+00 -1.695508030922736895e-03
5.613494723317805080e-04 1.500059249320236487e+00 -2.932775444428852539e-03
5.625386184982469895e-04 1.500115850475527424e+00 -4.421069755223589089e-03
5.496265850439829848e-04 1.500149759196397037e+00 -6.304236962906874416e-03
5.478679593507312928e-04 1.500224280312178582e+00 -8.347702551739593496e-03
5.293469418985938257e-04 1.500289822665753059e+00 -1.088395466409358345e-02
5.062501176354636256e-04 1.500357774088958207e+00 -1.370417192442697184e-02
3.182544946123758156e-04 1.500402730183723943e+00 -1.653379750489468447e-02
2.640923859573082733e-04 1.500458259064695099e+00 -1.989599455172535655e-02
1.927076569206778722e-04 1.500510352867453490e+00 -2.393131035031567308e-02
1.800319483439422052e-04 1.500559622277839678e+00 -2.835837782102493265e-02
1.088862625177391963e-04 1.500620628390401334e+00 -3.354408881473168458e-02
-8.569172282105186333e-07 1.500653115944312832e+00 -3.864552761644107076e-02
-1.423372818349574742e-04 1.500698209085966184e+00 -4.375879036163089764e-02
-1.762601855339260282e-04 1.500761570112519427e+00 -5.014050552484904111e-02
-2.405852827966972751e-04 1.500815796140450686e+00 -5.747722425823320602e-02
-3.277640582604185449e-04 1.500859994705255662e+00 -6.401860086195275412e-02
-3.738637186499679799e-04 1.500936083042802904e+00 -7.134975959306905091e-02
-4.767087127105218425e-04 1.500974517839720468e+00 -7.839879020359800943e-02
-8.257362822355132637e-04 1.501020297956588978e+00 -8.464391915970598257e-02
-1.031638754245590983e-03 1.501113732073533491e+00 -9.260369382329651511e-02
-1.090353185253328805e-03 1.501190576206841598e+00 -1.009096021032389046e-01
-1.299397947993240210e-03 1.501248183388201651e+00 -1.090347852197068451e-01
-1.364649886559057834e-03 1.501316041262097167e+00 -1.185993393974378585e-01
-1.387706099485609690e-03 1.501350998343834675e+00 -1.275268199606140185e-01
-1.498127435608447022e-03 1.501393948433170644e+00 -1.383985621635522578e-01
-1.444495578930421464e-03 1.501435014194020479e+00 -1.493900475955522722e-01
-1.448396107656069187e-03 1.501476139811840582e+00 -1.592354653806031528e-01
-1.415136456778896823e-03 1.501517352523508153e+00 -1.707172240420646858e-01
-1.372136425231693102e-03 1.501551806369619380e+00 -1.818857429259689296e-01
-1.371224688962772997e-03 1.501552423564392003e+00 -1.821776503289184168e-01
-1.309420476330792893e-03 1.501586272964447799e+00 -1.921293113595366475e-01
-1.254827706134456489e-03 1.501606911914871390e+00 -2.030646252328952850e-01
-1.168256483151358660e-03 1.501629667023501202e+00 -2.138361598851007406e-01
-1.070903789750145274e-03 1.501653668294356425e+00 -2.264428595034950198e-01
-1.005348975462228012e-03 1.501660662302064519e+00 -2.368926951141930859e-01
-9.398456757700665576e-04 1.501674407336226258e+00 -2.476373881709761082e-01
-8.831322774791247610e-04 1.501690400282461368e+00 -2.578352823828746754e-01
-8.212276731084725001e-04 1.501692776262619988e+00 -2.693669933354808088e-01
-7.155921071130069699e-04 1.501693291070499425e+00 -2.811371895070134408e-01
-4.867681094779183204e-04 1.501685729287272286e+00 -3.072764911894240170e-01
-4.329847216682364275e-04 1.501691248086217456e+00 -3.183832074691808622e-01
-3.173555190232602019e-04 1.501683595338009214e+00 -3.299753040759010880e-01
-2.458576594349462519e-04 1.501676291450781520e+00 -3.405198172657569744e-01
-1.601358934038010773e-04 1.501680952510649592e+00 -3.510616628836152886e-01
-4.496470952721626224e-05 1.501667769499008154e+00 -3.628748143095933965e-01
2.332391640285508272e-05 1.501661971870229539e+00 -3.743406934991649893e-01
1.029966946645977099e-04 1.501663781548481014e+00 -3.849274592411380258e-01
2.149392097193988937e-04 1.501654487258370363e+00 -3.952094577915597484e-01
3.480270615640115861e-04 1.501618682417038775e+00 -4.063952840155775070e-01
4.567297527574842864e-04 1.501611490709146679e+00 -4.171318173782171401e-01
8.681914561360984384e-04 1.501443420560315989e+00 -4.268719419226794098e-01
3.462282680196812623e-03 1.500264260085030665e+00 -4.374372393578109253e-01
8.327094090389071390e-03 1.497988627278471263e+00 -4.478009958426092396e-01
1.434299319383861709e-02 1.495082096731356058e+00 -4.570593758690854047e-01
2.085916721383235251e-02 1.491876698743735297e+00 -4.669949654842596165e-01
2.767790781390697813e-02 1.488407897771354849e+00 -4.777835846558931010e-01
3.391142862056105434e-02 1.485148645771475318e+00 -4.876640248009901923e-01
4.015439027976358544e-02 1.481812389089090853e+00 -4.975388016688106485e-01
4.692362042537931432e-02 1.478107247310626038e+00 -5.083544667399969574e-01
5.396512562889128894e-02 1.474139820570829373e+00 -5.197360050314229207e-01
5.414803199765656772e-02 1.474039633375884950e+00 -5.200216117621665468e-01
6.049529896961119285e-02 1.470374422828798044e+00 -5.299066605660130991e-01
6.737929394040688413e-02 1.466313904778605348e+00 -5.385465212266432600e-01
7.484050597752159306e-02 1.461837614223084225e+00 -5.446581869373486873e-01
8.271955341572732878e-02 1.457059927524889220e+00 -5.474914065041185385e-01
9.111094318844289996e-02 1.451953987746499974e+00 -5.469317831657364293e-01
9.942696343889886879e-02 1.446935130739896769e+00 -5.423930190402348472e-01
1.063913942588185779e-01 1.442755168479527450e+00 -5.357689264014913189e-01
1.137057433186809963e-01 1.438430002915515038e+00 -5.272737954153453588e-01
1.201862152519565796e-01 1.434690039890240243e+00 -5.186192025147714491e-01
1.271743778268056013e-01 1.430729423919217869e+00 -5.088879461020344719e-01
1.337671123549502017e-01 1.427079684604964704e+00 -4.999533907831470447e-01
1.412267620027032877e-01 1.423044335947593497e+00 -4.898294280091409769e-01
1.473702793041391512e-01 1.419791995480496949e+00 -4.816118635468432663e-01
1.541656127747478844e-01 1.416247972496446073e+00 -4.739582711678155813e-01
1.617554678817614278e-01 1.412417696862865446e+00 -4.681546625853288957e-01
1.688528052217107556e-01 1.408921917559172954e+00 -4.647461773597476031e-01
1.759903006770434375e-01 1.405419358173232380e+00 -4.610562424455232344e-01
1.830762571691706697e-01 1.401987990339574441e+00 -4.577237082140371838e-01
1.893179682119148777e-01 1.398976745773898633e+00 -4.545928017499620832e-01
1.970010778531831597e-01 1.395244025789555087e+00 -4.493394093153361690e-01
1.971870808766917338e-01 1.395152705859447506e+00 -4.492101141491543492e-01
2.039850421015282356e-01 1.391915688634385528e+00 -4.447152666243621710e-01
2.105683360475799626e-01 1.388851915836093909e+00 -4.420571857690154260e-01
2.168467193299351004e-01 1.385907596500726369e+00 -4.392001580486133427e-01
2.239565433792164162e-01 1.382593295717734705e+00 -4.349226845695418064e-01
2.241401139243400786e-01 1.382506484133611879e+00 -4.348074506224064995e-01
2.317380623446423926e-01 1.378996398264721313e+00 -4.298738387500757319e-01
2.319187932012037046e-01 1.378909836024094115e+00 -4.297505707753945248e-01
2.386543640087455675e-01 1.375833381336037720e+00 -4.251599824424586727e-01
2.455360343077054308e-01 1.372736264313475063e+00 -4.192415859229944308e-01
2.530811190440950265e-01 1.369416704502978588e+00 -4.123038265076187647e-01
2.601152024503050608e-01 1.366365879507885239e+00 -4.063006232641728221e-01
2.672273749833973810e-01 1.363323497540312790e+00 -4.013940043470590746e-01
2.745256921962443419e-01 1.360266048431683084e+00 -3.965987288299833713e-01
2.808238286823527829e-01 1.357674746187807369e+00 -3.927764304496808023e-01
2.880067993096571133e-01 1.354725348787571226e+00 -3.886673157730914929e-01
2.881897962008340697e-01 1.354648852811664916e+00 -3.885651527548948936e-01
2.960760421467775738e-01 1.351435972608661773e+00 -3.833752919871092346e-01
3.035957728993740057e-01 1.348431963514795440e+00 -3.774858121134653244e-01
3.103268283109640313e-01 1.345770802966838042e+00 -3.721313349535629866e-01
3.165163947779302545e-01 1.343373390788312527e+00 -3.676228531118915788e-01
3.228648414550299162e-01 1.340947892784077888e+00 -3.634518369007707639e-01
3.301133773007165484e-01 1.338219894394220955e+00 -3.589194143880578558e-01
3.375007093727359075e-01 1.335483494968186413e+00 -3.544725327065085252e-01
3.444293435881236598e-01 1.332960385726908115e+00 -3.502428313442406682e-01
3.512084881805928593e-01 1.330487377553255079e+00 -3.448997299332165478e-01
3.579560314816211397e-01 1.328065740029676478e+00 -3.394977613308607922e-01
3.646032505194389817e-01 1.325740332216494899e+00 -3.341067372308078043e-01
3.813560698008309768e-01 1.320039978677145953e+00 -3.180315868468701068e-01
3.885074030279556667e-01 1.317704715369536039e+00 -3.109995904633003350e-01
3.954399397174415132e-01 1.315500230017482064e+00 -3.047683969930967685e-01
4.030080017127180558e-01 1.313186055165948662e+00 -2.996113765541466578e-01
4.096147762515907065e-01 1.311208790178551631e+00 -2.956692220110653802e-01
4.170327699949101241e-01 1.309000863517616020e+00 -2.909448255955586204e-01
4.246743832022560339e-01 1.306754994295348471e+00 -2.855691535497834055e-01
4.308129532785803240e-01 1.304975617678914013e+00 -2.812906129447822479e-01
4.372512849336280816e-01 1.303139893165109475e+00 -2.767734952710864116e-01
4.441983681902994530e-01 1.301186059483246282e+00 -2.715682294095382865e-01
4.503358069985036183e-01 1.299468306198794387e+00 -2.662844652025680992e-01
4.573982149634574501e-01 1.297562830779783960e+00 -2.603004843628047849e-01
4.642816146593724547e-01 1.295754190730028066e+00 -2.548359161313509258e-01
4.707464676232818168e-01 1.294097127688432991e+00 -2.503388475812166059e-01
4.777241255315038959e-01 1.292329876992553972e+00 -2.457264899771340605e-01
4.837603887201752384e-01 1.290838588383881769e+00 -2.417697994785209525e-01
4.904429632812776219e-01 1.289212285843985173e+00 -2.369865312362913201e-01
4.979097419489871834e-01 1.287419568023955518e+00 -2.312534775988893954e-01
5.058548016928861024e-01 1.285576327244039696e+00 -2.248421611760692274e-01
5.128275300278196669e-01 1.283990469750129426e+00 -2.192622600777895669e-01
5.203959111655817038e-01 1.282320915017704621e+00 -2.129484250439621085e-01
5.272466715555338412e-01 1.280852667300288683e+00 -2.067111459397677764e-01
5.338398880892116782e-01 1.279483691633369391e+00 -2.007342985555083670e-01
5.406431191284634119e-01 1.278100295759756699e+00 -1.943071045372436467e-01
5.478068293127773547e-01 1.276711350986697635e+00 -1.875221392044601476e-01
5.547235962041366930e-01 1.275400110521663244e+00 -1.810858783009653694e-01
5.622958122868284558e-01 1.274046075489189578e+00 -1.745356097321354438e-01
5.695819045174153050e-01 1.272777537951153004e+00 -1.680588810009455425e-01
5.768204686330853370e-01 1.271566210913886330e+00 -1.617339609305569470e-01
5.833526977489006393e-01 1.270553104336887840e+00 -1.571258394776391398e-01
5.897920818612083504e-01 1.269553007275318057e+00 -1.524990890391127174e-01
5.972731154180697111e-01 1.268431072635426204e+00 -1.468443622594042819e-01
6.048939628659204537e-01 1.267333233928088054e+00 -1.409570166403924796e-01
6.116041462230511483e-01 1.266406948613113537e+00 -1.357756198558069116e-01
6.176546304886211258e-01 1.265572346000673587e+00 -1.307494929734161204e-01
6.238848853403055061e-01 1.264764362934631459e+00 -1.254670552801974981e-01
6.316974773358892126e-01 1.263796224461320783e+00 -1.187732892487414066e-01
6.378106765457856042e-01 1.263071385541160607e+00 -1.132108255194561736e-01
6.379873928216699408e-01 1.263051959698110016e+00 -1.130480753935277222e-01
6.450377161166536144e-01 1.262252359736621976e+00 -1.066315479852897458e-01
6.510097032479454926e-01 1.261625473679872877e+00 -1.011065738992229929e-01
6.569468130007971585e-01 1.261046606168096940e+00 -9.559963192966275392e-02
6.633956931129388890e-01 1.260428810749552486e+00 -8.929733741079799725e-02
6.692080562124467225e-01 1.259922308178104355e+00 -8.383907897340442394e-02
6.754441003001592225e-01 1.259402619009132529e+00 -7.775601700580481168e-02
6.821291342500396260e-01 1.258894167989507595e+00 -7.132439337253487777e-02
6.823058679266369442e-01 1.258883156515817392e+00 -7.117108011033247694e-02
6.890069934878384483e-01 1.258428558897349836e+00 -6.486727625408739151e-02
6.948231295586332346e-01 1.258045881342672034e+00 -5.927348469747883986e-02
7.019890319390438282e-01 1.257648473479558771e+00 -5.249866197080754054e-02
7.087369067784990984e-01 1.257314279587056660e+00 -4.599728383630254797e-02
7.160415850894880085e-01 1.256999903672812335e+00 -3.901876186720397433e-02
7.233130537620698908e-01 1.256727430418171032e+00 -3.218627387574599097e-02
7.293492835287229692e-01 1.256556908141349682e+00 -2.650050240067319818e-02
7.356809095952747679e-01 1.256404198948352313e+00 -2.061218296828047983e-02
7.424097700800447175e-01 1.256282056875762221e+00 -1.423424661010726233e-02
7.489345178535609104e-01 1.256202624414377134e+00 -7.968989433397735342e-03
7.555427867726989266e-01 1.256159895428066164e+00 -1.532397334668195946e-03
7.690963903553520442e-01 1.256227961262351700e+00 1.155723557734537194e-02
7.731996660774488328e-01 1.256281908721238461e+00 1.561902714857032332e-02
7.792783799854261506e-01 1.256391851830553907e+00 2.153804559510073130e-02
7.852797926564926145e-01 1.256536346465181087e+00 2.761566721647302353e-02
7.919086619777805369e-01 1.256733165046376666e+00 3.453011169898390770e-02
7.920673561728940326e-01 1.256735508372729182e+00 3.470035111841824477e-02
7.979891522694567696e-01 1.256947078268934259e+00 4.085731802380990207e-02
8.043919968436052947e-01 1.257223936376300477e+00 4.738623655813793689e-02
8.110489868191425034e-01 1.257549995504428919e+00 5.435893771621971154e-02
8.169245759900538584e-01 1.257873450791732406e+00 6.040733599456986347e-02
8.229213408963681475e-01 1.258255729401236422e+00 6.667976537422969086e-02
8.230720365670290972e-01 1.258269965674014168e+00 6.685339861434996811e-02
8.296444717386770584e-01 1.258727496068828833e+00 7.369554559065062682e-02
8.356736783702253257e-01 1.259183371826808617e+00 8.010454995682343704e-02
8.422072517531392633e-01 1.259731524440045991e+00 8.695701071475034349e-02
8.482415252262817118e-01 1.260272968849984299e+00 9.322335950650827152e-02
8.539436255573357171e-01 1.260816936216752948e+00 9.920938545022223165e-02
8.598712943602884184e-01 1.261415827747543572e+00 1.056272253768416047e-01
8.655299541587055945e-01 1.262036970430212790e+00 1.115303503646279532e-01
8.709867912344048113e-01 1.262644488987485714e+00 1.173655160706713191e-01
8.771669061837585879e-01 1.263392897395469339e+00 1.240427760853373834e-01
8.773146973826575490e-01 1.263411943170553497e+00 1.242093696538042052e-01
8.832251877036808585e-01 1.264172413113777926e+00 1.303957271902770609e-01
8.833760122834050099e-01 1.264191496732299580e+00 1.305504561470475500e-01
8.889030823593992992e-01 1.264910588048522522e+00 1.365937033691051183e-01
8.946636459769065075e-01 1.265719510156783301e+00 1.431886821665475373e-01
8.995032908932839577e-01 1.266440480926800838e+00 1.488928622024190129e-01
9.050765967970412218e-01 1.267300278608698871e+00 1.552742849974465544e-01
9.108467638440896907e-01 1.268222842732786626e+00 1.621766945427983997e-01
9.109916598443790203e-01 1.268245571958980467e+00 1.623521171003975694e-01
9.167519047936351084e-01 1.269210498708553292e+00 1.689793892340120396e-01
9.226386349081721061e-01 1.270224325102130791e+00 1.757182317499421109e-01
9.281696091414647354e-01 1.271211057984539261e+00 1.820482738488929941e-01
9.342263173468894344e-01 1.272347782646935599e+00 1.891133904381672448e-01
9.403196177171383452e-01 1.273539477531183906e+00 1.958840500477466440e-01
9.455162990695334946e-01 1.274571603329757608e+00 2.017171227109380849e-01
9.504032631861339953e-01 1.275594389485443347e+00 2.073743448636492792e-01
9.559451368249491932e-01 1.276780935148698504e+00 2.139103396136234625e-01
9.605677040480126161e-01 1.277780392452332103e+00 2.194122287527023873e-01
9.652769311773239380e-01 1.278859283533846147e+00 2.254346882275443109e-01
9.707697320136327024e-01 1.280127398855517962e+00 2.325805558483606261e-01
9.710396012375044350e-01 1.280192907632001997e+00 2.329539022003262183e-01
9.759463093129124855e-01 1.281372704268494367e+00 2.393517642922630972e-01
9.807026111440038108e-01 1.282563506899574435e+00 2.453717758950921812e-01
9.861160763441753074e-01 1.283930247499977195e+00 2.520096276174868533e-01
9.914738984755538942e-01 1.285332317736739283e+00 2.585467634999372155e-01
9.961369644896743702e-01 1.286557270187187241e+00 2.643328333998611890e-01
1.001786728535048576e+00 1.288102347170948292e+00 2.715199302440431395e-01
1.006354668598134827e+00 1.289383218403060472e+00 2.773086044404781680e-01
1.010892295280497510e+00 1.290696103646230775e+00 2.829499475811652620e-01
1.016113362734923031e+00 1.292245999629468178e+00 2.892771012871802605e-01
1.021301339881194314e+00 1.293800717855202009e+00 2.955741688722785532e-01
1.026586771885082516e+00 1.295416914299937217e+00 3.020953944084158738e-01
1.030926290153914238e+00 1.296781345133870111e+00 3.075892178828569246e-01
1.035381216470822707e+00 1.298214909060493527e+00 3.131899646901518119e-01
1.040200463470946968e+00 1.299788211969168161e+00 3.191142144627856503e-01
1.045114608715851379e+00 1.301430501377220050e+00 3.252247254150308908e-01
1.050238693969044679e+00 1.303181420300583593e+00 3.318068439464288422e-01
1.050361229435854638e+00 1.303226381081375784e+00 3.319713983484407493e-01
1.055849438699890452e+00 1.305131847090634789e+00 3.393177758307313607e-01
1.060441648405316073e+00 1.306755190113203291e+00 3.454628511179721473e-01
1.065731860358685834e+00 1.308677563688656953e+00 3.527277902969895296e-01
1.070003731662197310e+00 1.310282682967498502e+00 3.586275048563574708e-01
1.074989052994508754e+00 1.312164719583877037e+00 3.654221785194021743e-01
1.079599206967412961e+00 1.313940375291444917e+00 3.717329874224972186e-01
1.084018083057080917e+00 1.315684377273148797e+00 3.779130135852272199e-01
1.088400065837084263e+00 1.317456919144237126e+00 3.839728653484936749e-01
1.092768572928711102e+00 1.319224661787277375e+00 3.897414640079362447e-01
1.103676629106464135e+00 1.323799452955554123e+00 4.042006091910999022e-01
1.108421714930012181e+00 1.325848766486483976e+00 4.106091367385016344e-01
1.112860988471559232e+00 1.327799587633083034e+00 4.166668616721431184e-01
1.117331166630195494e+00 1.329781745989825570e+00 4.228693075873798946e-01
1.121858397235138360e+00 1.331837842705253738e+00 4.293753233615397180e-01
1.126043151504575679e+00 1.333763830152693730e+00 4.353646054999857906e-01
1.130084691458764778e+00 1.335671723983135717e+00 4.410513497966212504e-01
1.134121763843253694e+00 1.337584244569999914e+00 4.465387729611872136e-01
1.138002266362482251e+00 1.339458785734226387e+00 4.517203895222623444e-01
1.142657154607493952e+00 1.341744439582854831e+00 4.579346716352664659e-01
1.146711595587456722e+00 1.343765649948679641e+00 4.634669418059144674e-01
1.150764155865556138e+00 1.345790200346089982e+00 4.690445993396916702e-01
1.154565034711013238e+00 1.347723344721028393e+00 4.743482541837815147e-01
1.158668611713259411e+00 1.349857633803295709e+00 4.799791102384788899e-01
1.162435909151628532e+00 1.351836537382727021e+00 4.850632987844794020e-01
1.166920242772697680e+00 1.354191961676258993e+00 4.912752595862074911e-01
1.171055616217077322e+00 1.356403901159849212e+00 4.971802217163289184e-01
1.174756788167401700e+00 1.358419369391205223e+00 5.026051023375132099e-01
1.179030236655955965e+00 1.360786367382509798e+00 5.091486226036687768e-01
1.182861007165646461e+00 1.362940889256056165e+00 5.149810108753474225e-01
1.187101325416361375e+00 1.365359568503193399e+00 5.209790910003493369e-01
1.190896484071295003e+00 1.367569139080855756e+00 5.262228726767710363e-01
1.194773466553910035e+00 1.369839396379505247e+00 5.315322395619372919e-01
1.199239829493885745e+00 1.372493380711508060e+00 5.376415570242287778e-01
1.202986027377451306e+00 1.374718247868044640e+00 5.429391277614660227e-01
1.206510108102837098e+00 1.376835224735573959e+00 5.479660508058306068e-01
1.210292134480079662e+00 1.379159723849906038e+00 5.531461576915841505e-01
1.213672710520989462e+00 1.381261957193260947e+00 5.577942783384028935e-01
1.217643096411277659e+00 1.383767255663893359e+00 5.633866978372327194e-01
1.221397844808120858e+00 1.386159032883373055e+00 5.687538742935762670e-01
1.224829666471162426e+00 1.388358281738999445e+00 5.736954006731814770e-01
1.228154234784861298e+00 1.390521588560272193e+00 5.784435804531282699e-01
1.231713514214823002e+00 1.392851055979491548e+00 5.836312135329374540e-01
1.235152625398563409e+00 1.395151194358108304e+00 5.885945978993186722e-01
1.238872656368902092e+00 1.397650062754107747e+00 5.937824927924262308e-01
1.242751263668857131e+00 1.400322564089268917e+00 5.991672680628999936e-01
1.246229965856493038e+00 1.402702230734368616e+00 6.040038885274868763e-01
1.250074877394903750e+00 1.405359461217750683e+00 6.094456873033822220e-01
1.253357498279422888e+00 1.407640897028301419e+00 6.141828904767708819e-01
1.256797449947146372e+00 1.410091635194197668e+00 6.189672759393443080e-01
1.260202767971753346e+00 1.412546554865524717e+00 6.236825962247092292e-01
1.263487079515593914e+00 1.414924983315228868e+00 6.282681223040149643e-01
1.266953358881706126e+00 1.417454301394216687e+00 6.331480871513575082e-01
1.270684861415571243e+00 1.420202892311149157e+00 6.383638923429943990e-01
1.274036097758081354e+00 1.422714598086169735e+00 6.430330850427040668e-01
1.277257543210265744e+00 1.425161674658036226e+00 6.475303182842270244e-01
1.280644100412347441e+00 1.427744871144557504e+00 6.523190401618759182e-01
1.283819371860994485e+00 1.430196331446529356e+00 6.566971434506391203e-01
1.286809089268077910e+00 1.432520761896028505e+00 6.608229882980527492e-01
1.289969468664403429e+00 1.434999574112743703e+00 6.651211977733931802e-01
1.292941439377267576e+00 1.437340338152394592e+00 6.692188891614198054e-01
1.295977689576563341e+00 1.439771666176602460e+00 6.734197967095550963e-01
1.299280890329620242e+00 1.442411723706861437e+00 6.780663167293679017e-01
1.302642225792223885e+00 1.445130790228457141e+00 6.827764726495616499e-01
1.305652569957316711e+00 1.447589673557972967e+00 6.869587820612617080e-01
1.308702163647628369e+00 1.450123642913592192e+00 6.910354589389664515e-01
1.317049711325964267e+00 1.457134933512410413e+00 7.020301430833678635e-01
1.319898783036109968e+00 1.459558670724824925e+00 7.058229610572142043e-01
1.323301634840551300e+00 1.462466978454387556e+00 7.104978675746118633e-01
1.326888340354026363e+00 1.465531519318790998e+00 7.155172906278902678e-01
1.329591431147932434e+00 1.467905436817052101e+00 7.192089812161833740e-01
1.332359033931370895e+00 1.470360655194779875e+00 7.228159619393706992e-01
1.332686215284501818e+00 1.470653885135663863e+00 7.232379281536630566e-01
1.335851902557416260e+00 1.473473228412206071e+00 7.273212473187476990e-01
1.338430064606058512e+00 1.475785963365381814e+00 7.306786583485044284e-01
1.341486982995064858e+00 1.478552681196560137e+00 7.346491972188634589e-01
1.344689200781224558e+00 1.481475961470233305e+00 7.388811665342375212e-01
1.347956732622009657e+00 1.484478150336348667e+00 7.432330969237097573e-01
1.350834038774810786e+00 1.487124483751742998e+00 7.470240247250924392e-01
1.353992429959905763e+00 1.490063890926100587e+00 7.511664322000033422e-01
1.354070048874531196e+00 1.490136050771584175e+00 7.512693793666387343e-01
1.357103238293461800e+00 1.493025826864057048e+00 7.550645180439033988e-01
1.360080395618816329e+00 1.495837517947459894e+00 7.587112462781757660e-01
1.362942175529540556e+00 1.498579952284896821e+00 7.623129167690441133e-01
1.365563822930568660e+00 1.501103670701370074e+00 7.655779926308126093e-01
1.368315743279808983e+00 1.503783106598753694e+00 7.690189682574479768e-01
1.371146914169705910e+00 1.506544957810177499e+00 7.726095108734231109e-01
1.373830673569583105e+00 1.509175436107685897e+00 7.760200713105144255e-01
1.376591748722624464e+00 1.511886267443677490e+00 7.794762841599894854e-01
1.379146708932497134e+00 1.514426370580235437e+00 7.827965904525505669e-01
1.382240180506248306e+00 1.517510106997495667e+00 7.865697988653795880e-01
1.382317359031084436e+00 1.517588412718864799e+00 7.866645354494137266e-01
1.385152552696541584e+00 1.520457115963935735e+00 7.900529753059711835e-01
1.385227208916770536e+00 1.520535669469221141e+00 7.901441219246310155e-01
1.388043966743629287e+00 1.523409071171719642e+00 7.935231328302144727e-01
1.390777824671977525e+00 1.526198843308768094e+00 7.968554709554307447e-01
1.393486249356574724e+00 1.529007480757709203e+00 8.001071920149097627e-01
1.396506864211824794e+00 1.532142142082527858e+00 8.037097253320563128e-01
1.396579549362459538e+00 1.532218565840812730e+00 8.037931702243280574e-01
1.398978381285566730e+00 1.534749982631506526e+00 8.066608200578114785e-01
1.401891604015018444e+00 1.537811592730467414e+00 8.100771652412622759e-01
1.404459683987787422e+00 1.540500995090755110e+00 8.130862786921698726e-01
1.407355436459950537e+00 1.543565635075073494e+00 8.164261419323567415e-01
1.410094853756393984e+00 1.546487300327476833e+00 8.195730401257629305e-01
1.412591779161220584e+00 1.549193111473548212e+00 8.224134437999145453e-01
1.415447993322720421e+00 1.552277575344281013e+00 8.256418529177181886e-01
1.418206981650093068e+00 1.555295324005244950e+00 8.287653876520842955e-01
1.420746628300187497e+00 1.558086035571605077e+00 8.316801594911444884e-01
1.423498558233245781e+00 1.561106000283830841e+00 8.348857132118575608e-01
1.426727285098313036e+00 1.564700568468764930e+00 8.385528010545909572e-01
1.429296695073003054e+00 1.567592922211259454e+00 8.413785431175254681e-01
1.429367257447989648e+00 1.567672972374366536e+00 8.414587666197603788e-01
1.431854066536103032e+00 1.570488493029912114e+00 8.440637642062257529e-01
1.434617738104335682e+00 1.573619157168366645e+00 8.469200347509014959e-01
1.434683121866242361e+00 1.573698162552268354e+00 8.469946249935728089e-01
1.437353748892387983e+00 1.576751486015051551e+00 8.497599232336536801e-01
1.439884932650480343e+00 1.579686351461972560e+00 8.523309441862212399e-01
1.442277766672347861e+00 1.582446823195737595e+00 8.548164005679346200e-01
1.445000852893802534e+00 1.585607546582578076e+00 8.576369015729823353e-01
1.447584207882939511e+00 1.588608916143003480e+00 8.603715641509490641e-01
1.450011631990607341e+00 1.591464017780168216e+00 8.629179690418250503e-01
1.452632947041556211e+00 1.594562388233656591e+00 8.656476823649588148e-01
1.454966518648511453e+00 1.597339047923793443e+00 8.680242350880063018e-01
1.457559000301291485e+00 1.600435807498289842e+00 8.705700477491409295e-01
1.460332638831143504e+00 1.603784569597322740e+00 8.733428695672790232e-01
1.462581300826242270e+00 1.606494857743778759e+00 8.755767362220286953e-01
1.464751470932496691e+00 1.609127442338196712e+00 8.777177962879783024e-01
1.467364771058651041e+00 1.612324120026332297e+00 8.802509502747412062e-01
1.470165302747085567e+00 1.615762551195756069e+00 8.829633671538963391e-01
1.476140734873004012e+00 1.623153744677196864e+00 8.885108052948227364e-01
1.478651039742024720e+00 1.626305936563589682e+00 8.908032296277217377e-01
1.481159750963843003e+00 1.629439139239747592e+00 8.931207356539943021e-01
1.484003574979008810e+00 1.633000490399641125e+00 8.956958340811975727e-01
1.486546421041627930e+00 1.636228164726092338e+00 8.980116993421987104e-01
1.488764791626411066e+00 1.639071245390414600e+00 8.999783528039613234e-01
1.491110400659437119e+00 1.642074144507791988e+00 9.020176365643195471e-01
1.493382669306771993e+00 1.644985314681124189e+00 9.039932400277241875e-01
1.495608199222269175e+00 1.647829375415990949e+00 9.058940447287325837e-01
1.497967416153158871e+00 1.650826901572644001e+00 9.078755580819323212e-01
1.500526901855902651e+00 1.654156288920991535e+00 9.099674518234094345e-01
1.502659766061315016e+00 1.656927026036238315e+00 9.117577150196293223e-01
1.505110268454036282e+00 1.660107451892915309e+00 9.137854819259576544e-01
1.505171664108730711e+00 1.660190576394933171e+00 9.138406205085194411e-01
1.507560794645838032e+00 1.663283725940291502e+00 9.157623758753822285e-01
1.510064293338195585e+00 1.666551376032784582e+00 9.178075343215730264e-01
1.510127442679813692e+00 1.666631812151464942e+00 9.178554141292973867e-01
1.512482305206384936e+00 1.669741284268178916e+00 9.197505450954892581e-01
1.515025566061656281e+00 1.673114120589291209e+00 9.217271980823199540e-01
1.517445470810201869e+00 1.676309503490420738e+00 9.236171950427541910e-01
1.519905691271146386e+00 1.679590239275022601e+00 9.254899830799081517e-01
1.522373701205772978e+00 1.682881667440621509e+00 9.274079379758346509e-01
1.524562059390550894e+00 1.685841001962504748e+00 9.290632690244572389e-01
1.526691105250208347e+00 1.688723909202216600e+00 9.306553203743295200e-01
1.528755802741347480e+00 1.691538384705034037e+00 9.321818165327123706e-01
1.530926879084361758e+00 1.694505407400453745e+00 9.337878143786511043e-01
1.533110725450815615e+00 1.697476441660340507e+00 9.353424194184637441e-01
1.535541430607086255e+00 1.700774060845978264e+00 9.370710453877070245e-01
1.537996294269767583e+00 1.704155896807924897e+00 9.387925308384760248e-01
1.539977394458918791e+00 1.706885498365051657e+00 9.401995684852231250e-01
1.542170753765440772e+00 1.709947895044128252e+00 9.417270719094116282e-01
1.544263031794304908e+00 1.712855961715247899e+00 9.431502240518693236e-01
1.546577785620070866e+00 1.716094923216603618e+00 9.446763407847267313e-01
1.548762558078857099e+00 1.719156862684543263e+00 9.460908906706897437e-01
1.550965912298206462e+00 1.722226006666814246e+00 9.475385360352159836e-01
1.553078246651045324e+00 1.725215544069189866e+00 9.488613823507326961e-01
1.555500170270693872e+00 1.728617805013581865e+00 9.503989219375479358e-01
1.557787780311937320e+00 1.731863400275102105e+00 9.518322306753007611e-01
1.557847163544499036e+00 1.731945820782131662e+00 9.518656822775337645e-01
1.560008585997010311e+00 1.735031470014974264e+00 9.531733884100409560e-01
1.562360143387193645e+00 1.738356026755852657e+00 9.545576175815627673e-01
1.564699214706836150e+00 1.741696726149528862e+00 9.559166007891551908e-01
1.566965557050087332e+00 1.744966776920925833e+00 9.572166365277485767e-01
1.569291879195901185e+00 1.748297754743672883e+00 9.585333905840454083e-01
1.571621961240618148e+00 1.751637133533916479e+00 9.598185752600798537e-01
1.573753177741989306e+00 1.754740800304533277e+00 9.609908836982226088e-01
1.576002702486176910e+00 1.758008157592627629e+00 9.621849370050268302e-01
1.578301030211773481e+00 1.761361493072962414e+00 9.633940997277730123e-01
1.578355277720469241e+00 1.761445280874938124e+00 9.634262132881779017e-01
1.580420660791053367e+00 1.764461642221436088e+00 9.645233832792238227e-01
1.580479888152896084e+00 1.764545681896362073e+00 9.645527747874920177e-01
1.582648887265188931e+00 1.767727549764399608e+00 9.656844659050949353e-01
1.584654060435986000e+00 1.770665751557609191e+00 9.667316370110029533e-01
1.586752117480630719e+00 1.773762277677831678e+00 9.677833054280599034e-01
1.589232780885606822e+00 1.777369182991890728e+00 9.689918269670980688e-01
1.591353407094167061e+00 1.780480093266575636e+00 9.699836717396856933e-01
1.593566136872124783e+00 1.783764335777376475e+00 9.709716246102056969e-01
1.595555881272502807e+00 1.786705118664115632e+00 9.718548768779512459e-01
1.597893795498180891e+00 1.790147320697549338e+00 9.728966623559498483e-01
1.600036045830759868e+00 1.793344317437044921e+00 9.738143673893256969e-01
1.602363919114607960e+00 1.796794760667305813e+00 9.747885655648009795e-01
1.604528018531177880e+00 1.799996670816486510e+00 9.757869926672088079e-01
1.606604931359880029e+00 1.803110320236742670e+00 9.767301360501757790e-01
1.608759348581402682e+00 1.806316756762255338e+00 9.776730820232715224e-01
1.610806831869067812e+00 1.809350949406184572e+00 9.784957949505243002e-01
1.612900754159187322e+00 1.812472900260201136e+00 9.793376078559076214e-01
1.618087541398941065e+00 1.820225590980166563e+00 9.813079144456884340e-01
1.620216351347130601e+00 1.823436950297905756e+00 9.820641557087709250e-01
1.620271266037604629e+00 1.823519709977001968e+00 9.820832251696041126e-01
1.622322990826228439e+00 1.826648670418561604e+00 9.827858064231352886e-01
1.624175236368932795e+00 1.829436902048427127e+00 9.833678775608456490e-01
1.626068230583825214e+00 1.832320697670613008e+00 9.839711698473596613e-01
1.628289574530114026e+00 1.835701504512732729e+00 9.846747679819523036e-01
1.630242958426212141e+00 1.838673162587393328e+00 9.853599778552650790e-01
1.632237476262184739e+00 1.841716591983028284e+00 9.860463601317147608e-01
1.634242532759763389e+00 1.844780321470399942e+00 9.867213121016591426e-01
1.636688952225099580e+00 1.848497758360428289e+00 9.875198490627921100e-01
1.639129335282100586e+00 1.852230835702360245e+00 9.882491314406535166e-01
1.641409167552567716e+00 1.855707066585520426e+00 9.888807258550712520e-01
1.643393100377669835e+00 1.858768760622082183e+00 9.893586227394045585e-01
1.645375227581124866e+00 1.861817781568185115e+00 9.898191893447773060e-01
1.647484588048040877e+00 1.865062254943305797e+00 9.902824126204872179e-01
1.649622343056334595e+00 1.868363486181085609e+00 9.907598830910414600e-01
1.649676255467656283e+00 1.868451848630462431e+00 9.907734543623324397e-01
1.651711004681790884e+00 1.871621386279832100e+00 9.911809028395023313e-01
1.653899899083522307e+00 1.875020637363268072e+00 9.915734289645997679e-01
1.655943377361038804e+00 1.878192002543921602e+00 9.920345396134604421e-01
1.658293643007076268e+00 1.881841756272242039e+00 9.926236173852526212e-01
1.660646704075418256e+00 1.885505970312526092e+00 9.931484009478031005e-01
1.662781102406645672e+00 1.888831370591180114e+00 9.935990088302640855e-01
1.664860598487090559e+00 1.892061570503815737e+00 9.939906597085600426e-01
1.666822907526815944e+00 1.895122848929681192e+00 9.943194838274816982e-01
1.668785249234936652e+00 1.898193927075392251e+00 9.946252797422787673e-01
1.670757977260983074e+00 1.901250942632665142e+00 9.949186365163263934e-01
1.672721868950946655e+00 1.904319591979639403e+00 9.951738940224096330e-01
1.675085230000811665e+00 1.907972983654150356e+00 9.954832358978259466e-01
1.676980302177981663e+00 1.910958427582186037e+00 9.957187213056961639e-01
1.678987516845802386e+00 1.914101440172919055e+00 9.960735476022283263e-01
1.681217618543733305e+00 1.917600097977546714e+00 9.964985877824127369e-01
1.683351587908947566e+00 1.920910793259168914e+00 9.968522839437317096e-01
1.685299764499479380e+00 1.923978384649548623e+00 9.971178972574442634e-01
1.687521023571976642e+00 1.927454710883954148e+00 9.973939770619590917e-01
1.689793786618361882e+00 1.931030473029359484e+00 9.976279857132941409e-01
1.691906100828381332e+00 1.934346880100292321e+00 9.977196377153940698e-01
1.694025448151456503e+00 1.937669416848225357e+00 9.977439743553943030e-01
1.695863719479128839e+00 1.940566677935102069e+00 9.977612707395934200e-01
1.697771512662679783e+00 1.943543084900833939e+00 9.977967069662821986e-01
1.699684352422481837e+00 1.946513999744666101e+00 9.978298589443402866e-01
1.701492477600961450e+00 1.949322917328395688e+00 9.978594432108972567e-01
1.703738003436277015e+00 1.952806836994854356e+00 9.978827554774702957e-01
1.705721539698141775e+00 1.955876793983422512e+00 9.982403001599805537e-01
1.707901060974867491e+00 1.959278999039307134e+00 9.985139192188157153e-01
1.709819106616713213e+00 1.962258928316780615e+00 9.986222186272197821e-01
1.711843042075660515e+00 1.965397507458528814e+00 9.986439228354668796e-01
1.714033339237196252e+00 1.968803775920735744e+00 9.986537812418116999e-01
1.716164299227696866e+00 1.972115302545565108e+00 9.986027654337754633e-01
1.718079227816224686e+00 1.975100598642954397e+00 9.985561744573788756e-01
1.720087248249625889e+00 1.978239345933232585e+00 9.984563689922215657e-01
1.721984960664477704e+00 1.981236908768588156e+00 9.983095156871464315e-01
1.723937919417292131e+00 1.984286511406335718e+00 9.981760975583312545e-01
1.726117308853375221e+00 1.987706837227340539e+00 9.979966081404242351e-01
1.728131543584660701e+00 1.990840100879951224e+00 9.978149183094209285e-01
1.730213558702673460e+00 1.994111315697681963e+00 9.978367408952951711e-01
1.730269055677126078e+00 1.994199891805151115e+00 9.978373106079875265e-01
1.732345558594582391e+00 1.997423711752627007e+00 9.980212821401995837e-01
1.734798105449539829e+00 2.001275731041067374e+00 9.981861523989206120e-01
1.736807627041889290e+00 2.004429323682954234e+00 9.982809816862234786e-01
1.738922168843473948e+00 2.007748715566289643e+00 9.980556529279761557e-01
1.740768925003167489e+00 2.010644488161748011e+00 9.976924716395817461e-01
1.745629688913295841e+00 2.018316280508316130e+00 9.967304679059711958e-01
1.747940207391125211e+00 2.021968803185691499e+00 9.962572265441276276e-01
1.749886403712689109e+00 2.025031046560554771e+00 9.959356851634503238e-01
1.751885678513275257e+00 2.028164770740343847e+00 9.955961958943035928e-01
1.753945855666672493e+00 2.031394398791792621e+00 9.952331716254103622e-01
1.755804041066605370e+00 2.034280629912651683e+00 9.950734657945954353e-01
1.757952160648883044e+00 2.037586453928502905e+00 9.949772994440319041e-01
1.759879729398956316e+00 2.040546294725463117e+00 9.948809313983432157e-01
1.761910858642948607e+00 2.043679038136655191e+00 9.947102088474816250e-01
1.763724540310790623e+00 2.046478083005628168e+00 9.944979881453479553e-01
1.765833915259226838e+00 2.049775581457746298e+00 9.941965509624453023e-01
1.767942281378576563e+00 2.053090233318858537e+00 9.938404468631790722e-01
1.769961472537740166e+00 2.056217547835758719e+00 9.934513134680859059e-01
1.771945072188983339e+00 2.059339262949471561e+00 9.930266464066273002e-01
1.774124472855395540e+00 2.062719271988008085e+00 9.923997550444734195e-01
1.776182771087635004e+00 2.065912978226723151e+00 9.917942436824289665e-01
1.778259126909229382e+00 2.069122127167739578e+00 9.911773027290620153e-01
1.780213595702260676e+00 2.072100023863287177e+00 9.911796282282506754e-01
1.780269692434553130e+00 2.072188805495788877e+00 9.911998233047634166e-01
1.782394179276784785e+00 2.075435701007037892e+00 9.917810160263129671e-01
1.784384884741010868e+00 2.078515734672205628e+00 9.922675710107292657e-01
1.786396538905755449e+00 2.081643693382817517e+00 9.921365473157086612e-01
1.788474200435821615e+00 2.084905327444328993e+00 9.912364588221010964e-01
1.788530591952948390e+00 2.084987791753482700e+00 9.912042426501979087e-01
1.790510453093290710e+00 2.088093677517255387e+00 9.901263982854855428e-01
1.792495814722953940e+00 2.091211476349513099e+00 9.889688026720110381e-01
1.794382311222459503e+00 2.094156264165801140e+00 9.879505649537573264e-01
1.796291536421688928e+00 2.097106419362406715e+00 9.870370605784228868e-01
1.798465507893323823e+00 2.100491002865866541e+00 9.860963203870709570e-01
1.798520628964186852e+00 2.100575760312857199e+00 9.860718697430608248e-01
1.800654136414072681e+00 2.103874157151511159e+00 9.852120347567163705e-01
1.802684260035237518e+00 2.106991790945043519e+00 9.843888112377254807e-01
1.804896891121288149e+00 2.110366605864855138e+00 9.839587811705280407e-01
1.806901060950431903e+00 2.113404731899893196e+00 9.837370355030194968e-01
1.808977694273252945e+00 2.116524601018797913e+00 9.834778923651814608e-01
1.810944796174883464e+00 2.119461285967681352e+00 9.831737662294928182e-01
1.812904253538399901e+00 2.122407246138454884e+00 9.827274943079233882e-01
1.815055525179352758e+00 2.125688076347072020e+00 9.821711833641619815e-01
1.817155000254862873e+00 2.128886886053816152e+00 9.815237287968278102e-01
1.819454436470261394e+00 2.132417190946410024e+00 9.804384496873872479e-01
1.819509656571163037e+00 2.132500722007825811e+00 9.804079526862458094e-01
1.821382139519232668e+00 2.135334909815666204e+00 9.794099106068155924e-01
1.823256742478885029e+00 2.138160279481888359e+00 9.784133009517821389e-01
1.825450372962105661e+00 2.141492578377812261e+00 9.773226918997510726e-01
1.827375742057877117e+00 2.144418855290049386e+00 9.763607245557101022e-01
1.829768697183143500e+00 2.147966659546370671e+00 9.762061693684689345e-01
1.831964596826492375e+00 2.151218582835518589e+00 9.787452228132726972e-01
1.834098118012959855e+00 2.154403621266919977e+00 9.821482232590481587e-01
1.836183255735628794e+00 2.157518409138297955e+00 9.843753241696285849e-01
1.838025722990710209e+00 2.160355689913838528e+00 9.842498221007124348e-01
1.839894546193038494e+00 2.163256191987283472e+00 9.824348644075044934e-01
1.841610121785013376e+00 2.165932412687719300e+00 9.789771207780698647e-01
1.843840407583370089e+00 2.169313991127159724e+00 9.743406215194921893e-01
1.845840991333853820e+00 2.172358270228726962e+00 9.704632290499820568e-01
1.845895725438830404e+00 2.172444559727629620e+00 9.703687941910255077e-01
1.847977172729186712e+00 2.175545647771497393e+00 9.676478283870056929e-01
1.850169907116392842e+00 2.178805918021490484e+00 9.660205057422700525e-01
1.850227371316436553e+00 2.178892935590067026e+00 9.659814443230898551e-01
1.852338124959398202e+00 2.181978234859077936e+00 9.649101363877670146e-01
1.854312614160313677e+00 2.184819046083311012e+00 9.649370540914005145e-01
1.856322772506023622e+00 2.187737542634859533e+00 9.651048783556926969e-01
1.858629743300010295e+00 2.191074752530564052e+00 9.650545558287545456e-01
1.860700257443349326e+00 2.194080371570173771e+00 9.647407220603396727e-01
1.862890847270064265e+00 2.197221264836279886e+00 9.641725963519351961e-01
1.865018144313759008e+00 2.200290979308817896e+00 9.634930706432117686e-01
1.867127390295275191e+00 2.203357214379105145e+00 9.626171350751274725e-01
1.872400938576779028e+00 2.211029772481157174e+00 9.586193333867145672e-01
1.874360453207998489e+00 2.213910394810684856e+00 9.567647889574567577e-01
1.876752309197301072e+00 2.217359556493821771e+00 9.547431180416129370e-01
1.876810003188142728e+00 2.217438922417088953e+00 9.546919781397388283e-01
1.879175670690979016e+00 2.220816312233646617e+00 9.532515823423352019e-01
1.881545279548039407e+00 2.224144055381604534e+00 9.541426929248109090e-01
1.883815096371095121e+00 2.227375851804297646e+00 9.573678850687117325e-01
1.886023906038140963e+00 2.230525666398219808e+00 9.615050384833413455e-01
1.888151108065407202e+00 2.233591744277581892e+00 9.643328804606071669e-01
1.890239826775585108e+00 2.236646362215292783e+00 9.645255183122313225e-01
1.892149106077557708e+00 2.239480958066179639e+00 9.626290070790974873e-01
1.894136683983125513e+00 2.242462197439882399e+00 9.581534973406444777e-01
1.896080664435095153e+00 2.245290304675640947e+00 9.524976844604883253e-01
1.898014125418620690e+00 2.248040746035578241e+00 9.468372671929783380e-01
1.900134209150831532e+00 2.251085086909751176e+00 9.421054871373335526e-01
1.902124298146377290e+00 2.253879227933553331e+00 9.390284972489812976e-01
1.904152426436286127e+00 2.256681165816171841e+00 9.372312468080400416e-01
1.906416360775684327e+00 2.259747468164928552e+00 9.368321058842653537e-01
1.908725584338793579e+00 2.262873283629739163e+00 9.369517327461721612e-01
1.910946645239755215e+00 2.265907764178290762e+00 9.369966298644762936e-01
1.913119745854883869e+00 2.268879100406735017e+00 9.367169475593312145e-01
1.915317489710347543e+00 2.271866400923440388e+00 9.362445303138532404e-01
1.915553277837927615e+00 2.272197547349295021e+00 9.361724339668866524e-01
1.918104257424057435e+00 2.275699416418092813e+00 9.349735228585300817e-01
1.918164741551563690e+00 2.275778822504687771e+00 9.349383458960955906e-01
1.920519165081330248e+00 2.279021733133412386e+00 9.331648925010670448e-01
1.922722167862053633e+00 2.282079345561180528e+00 9.308138449948890614e-01
1.924891805494205022e+00 2.285069805345879779e+00 9.284410388157000593e-01
1.927310778179422091e+00 2.288381432369069657e+00 9.260890180951898421e-01
1.929807703699175203e+00 2.291780882938541097e+00 9.238931967170090909e-01
1.932033035631872675e+00 2.294768379004938019e+00 9.224252686479501584e-01
1.934611294459741782e+00 2.298165717751597281e+00 9.231836596959984709e-01
1.936834611382727500e+00 2.301103928768556628e+00 9.259744703465359050e-01
1.939197246398903562e+00 2.304267490674859697e+00 9.288520204271475400e-01
1.941430063004015993e+00 2.307261119855656517e+00 9.303239267785812228e-01
1.943772232179623360e+00 2.310516732382918548e+00 9.292824047366342599e-01
1.945848911946283177e+00 2.313428783452050386e+00 9.258530664909802033e-01
1.947941220999116485e+00 2.316248624797173861e+00 9.204015188044419871e-01
1.950205347090228969e+00 2.319293753921805479e+00 9.146507168931646836e-01
1.952711556147663785e+00 2.322617695057985543e+00 9.091210618278433575e-01
1.952773129359350213e+00 2.322696815101209289e+00 9.090026059315184925e-01
1.955010356203975785e+00 2.325635655786355116e+00 9.058177700064504734e-01
1.957564812559005940e+00 2.328876433474794450e+00 9.050787275512275354e-01
1.959774709295103889e+00 2.331695322535547454e+00 9.066027178745640347e-01
1.962179185014685245e+00 2.334759130419943318e+00 9.065629372070371783e-01
1.964256941784513488e+00 2.337467007429899546e+00 9.052761804456599393e-01
1.966771520351265234e+00 2.340741458165374489e+00 9.030441095602567136e-01
1.969206259049020691e+00 2.343906955161434436e+00 9.007500272111113038e-01
1.971601210545095961e+00 2.346983708136592295e+00 8.985655930459408580e-01
1.971662465596380365e+00 2.347063300266791774e+00 8.985057857823631755e-01
1.973776750006228653e+00 2.349770028517705445e+00 8.967216051262149046e-01
1.976026636824290472e+00 2.352615089753558930e+00 8.949327421099562141e-01
1.978135848564152921e+00 2.355307468954994654e+00 8.932765531538808812e-01
1.980616133832246994e+00 2.358394822628792742e+00 8.920791917155971307e-01
1.980679664905828696e+00 2.358472947241940787e+00 8.920621352165254425e-01
1.983018213510401528e+00 2.361371984950923597e+00 8.915684949692344041e-01
1.985503175577575830e+00 2.364459919573613345e+00 8.908913818293749953e-01
1.987774201063474910e+00 2.367279767847108030e+00 8.900966327746652196e-01
1.989914206088985171e+00 2.369945494524185126e+00 8.890576540188798171e-01
1.992239147836988744e+00 2.372841148383392884e+00 8.876710538870877798e-01
1.994830617647260773e+00 2.376050531565501167e+00 8.859600583580724553e-01
1.997152216357367616e+00 2.378914788574657102e+00 8.843188502084048386e-01
1.999561568024439184e+00 2.381943255102028090e+00 8.821854998229655687e-01
1.999677442380436876e+00 2.382087607565702925e+00 8.820459943646541401e-01
2.002080768551097290e+00 2.385050762995680529e+00 8.788431367798540395e-01
2.004558760700021924e+00 2.388130566300286972e+00 8.751663855828706318e-01
2.006758132947974893e+00 2.390830820921436395e+00 8.725606048958359784e-01
2.009161818649865427e+00 2.393684523107720619e+00 8.718902250037499080e-01
2.015102465419828626e+00 2.400781862212621576e+00 8.748337807809080102e-01
2.017359580431691946e+00 2.403484240514616399e+00 8.760845493021126584e-01
2.019721360990017089e+00 2.406348531836507654e+00 8.762755234087457046e-01
2.022185763653801871e+00 2.409399061276000342e+00 8.739372989283393789e-01
2.024434225481329452e+00 2.412213107887948293e+00 8.688882757126459300e-01
2.026891505704349949e+00 2.415136025542678588e+00 8.617953856785945943e-01
2.029121688360847831e+00 2.417812378741797996e+00 8.558522615289700930e-01
2.031640020997960150e+00 2.420749834167674308e+00 8.507322031975854681e-01
2.034532768258272117e+00 2.424057872999553442e+00 8.483753000245304321e-01
2.037098549638322709e+00 2.426977867817361911e+00 8.491909367184123925e-01
2.039659986818834980e+00 2.429897886046910038e+00 8.528347978720932643e-01
2.039726750730780580e+00 2.429972523261803907e+00 8.529404142703695957e-01
2.042566599745681888e+00 2.433236629474080370e+00 8.560336774549933692e-01
2.044907880285568691e+00 2.435968760336214789e+00 8.556653674612475502e-01
2.047127428857385745e+00 2.438581985350260162e+00 8.531704747570387770e-01
2.049548610926113401e+00 2.441497743416171762e+00 8.476904881384611512e-01
2.051640407982774583e+00 2.443888301930392082e+00 8.420976150663260773e-01
2.054119273097885223e+00 2.446760004908542285e+00 8.359917693586329523e-01
2.056818754276704464e+00 2.449792248469825573e+00 8.308043408773352345e-01
2.056886986039203169e+00 2.449865817496236442e+00 8.307187908946660482e-01
2.059512110427458964e+00 2.452726632026038800e+00 8.287728920871705318e-01
2.061928543257439017e+00 2.455371108765067145e+00 8.296998964807454913e-01
2.064319667450766449e+00 2.457989342133110267e+00 8.318015205648038313e-01
2.067128352373838407e+00 2.461083372542968828e+00 8.313225278402320839e-01
2.069276101442850457e+00 2.463455885612517715e+00 8.289498114606256296e-01
2.071569116015819390e+00 2.466031401584188654e+00 8.251925164409282809e-01
2.073731022084029263e+00 2.468445493344070485e+00 8.212220196820192442e-01
2.076057631368822598e+00 2.470979875267418802e+00 8.173242661442535750e-01
2.078398632582750150e+00 2.473543853826777106e+00 8.139324236974457838e-01
2.081053315608071941e+00 2.476391202368156463e+00 8.112838871872519730e-01
2.084012966195552430e+00 2.479520278833511782e+00 8.110379906188884824e-01
2.086595658683349175e+00 2.482239893614478277e+00 8.131317488058650289e-01
2.089072880379878150e+00 2.484857398324755273e+00 8.137097970280254833e-01
2.091636765499040873e+00 2.487640463895586684e+00 8.118259379341501436e-01
2.093747201824553983e+00 2.489934700988668759e+00 8.087419013325281014e-01
2.096130713893402220e+00 2.492489019314051646e+00 8.043018484103336974e-01
2.098789032756163575e+00 2.495348838111077328e+00 7.994344737827567826e-01
2.101490240561008083e+00 2.498196331366174139e+00 7.949942360557603616e-01
2.104060493036020940e+00 2.500830255901381527e+00 7.913446981319041118e-01
2.106502293176861329e+00 2.503304781963210157e+00 7.888421073915617976e-01
2.109121794521390925e+00 2.505964132261624844e+00 7.870191869485007041e-01
2.111669073014842191e+00 2.508544334168665735e+00 7.849101119205760257e-01
2.114283562762187429e+00 2.511194858707257893e+00 7.826607073781038926e-01
2.116835356480008201e+00 2.513765703464041934e+00 7.804064023561587682e-01
2.119530992287083748e+00 2.516473839933319745e+00 7.779747226691317019e-01
2.122381460740925707e+00 2.519308326192929215e+00 7.754191655339082168e-01
2.125031917864762754e+00 2.521933332854925158e+00 7.730285618255727798e-01
2.127533835458734313e+00 2.524409290492581448e+00 7.707453537453794468e-01
2.130070807297648194e+00 2.526857995847625826e+00 7.691159316939626400e-01
2.132845464615023001e+00 2.529535600212454938e+00 7.696295636059441447e-01
2.135987488694404579e+00 2.532611015718767788e+00 7.717742711731708782e-01
2.138982692580726930e+00 2.535526465884838210e+00 7.707161719068627015e-01
2.141658163124656511e+00 2.538196401648719736e+00 7.674434442203096340e-01
2.144328280206795778e+00 2.540820012984038812e+00 7.624922955534769731e-01
2.147099823867028245e+00 2.543487145859865795e+00 7.567990861086009158e-01
2.147168030534269079e+00 2.543548738466768988e+00 7.566584004131386987e-01
2.153446057821869264e+00 2.549515034645584599e+00 7.465683851467869170e-01
2.156617803470230577e+00 2.552495352602494272e+00 7.423140378253986205e-01
2.159475068914180618e+00 2.555109783302357496e+00 7.394516101890641346e-01
2.162216564852458056e+00 2.557619421842857843e+00 7.377357795340959701e-01
2.165268437417206648e+00 2.560426138438058885e+00 7.351902603957839455e-01
2.168021057615870273e+00 2.562944197537318392e+00 7.328408246982496266e-01
2.170923338941482594e+00 2.565594719373866184e+00 7.301926095847159903e-01
2.174072605005268333e+00 2.568424631677773906e+00 7.272411569042296353e-01
2.176614202993676361e+00 2.570712866722272505e+00 7.248427276907571937e-01
2.179225755121445118e+00 2.573055948854685582e+00 7.223541916279704322e-01
2.182168036948878509e+00 2.575640146134036801e+00 7.204670552501418745e-01
2.185296455236586777e+00 2.578388529428699893e+00 7.213469709280094788e-01
2.188055068056785846e+00 2.580834256817850836e+00 7.240983036745105572e-01
2.190568395557389803e+00 2.583072416635001645e+00 7.251146782539352742e-01
2.193198762531295642e+00 2.585459581751490710e+00 7.235950514636882991e-01
2.195849158056276007e+00 2.587855698363790591e+00 7.194189158631562053e-01
2.198222465924687619e+00 2.589946324588115800e+00 7.135723369864070964e-01
2.201003605845478273e+00 2.592374532674104781e+00 7.057548100513585387e-01
2.203610605770412789e+00 2.594631990570639424e+00 6.991550875104790563e-01
2.206540922867885612e+00 2.597152711535927860e+00 6.936162291503162880e-01
2.209934463233274915e+00 2.599945073613231017e+00 6.906949221497132863e-01
2.212746627879111028e+00 2.602279908221698079e+00 6.910314843282787667e-01
2.215646801238170038e+00 2.604687413682277075e+00 6.934908132650241530e-01
2.218425104496859479e+00 2.607015294555240281e+00 6.955135470132166597e-01
2.221280352222064547e+00 2.609383148104966299e+00 6.948551779495280023e-01
2.223901214642931556e+00 2.611615215772258303e+00 6.922161618541096129e-01
2.226717631637701977e+00 2.613983674503090437e+00 6.860737993035113114e-01
2.226787806548095716e+00 2.614045083213553333e+00 6.858977604801340666e-01
2.229181515193341845e+00 2.615999625047729538e+00 6.795790794929823520e-01
2.232116480961724658e+00 2.618404725241510800e+00 6.743325918047747836e-01
2.234889288794351891e+00 2.620641544341468787e+00 6.717669210541715730e-01
2.237905740200563542e+00 2.623043915455300024e+00 6.705814327082642023e-01
2.240648293104329447e+00 2.625217526797082090e+00 6.698243545764552831e-01
2.243855303891868047e+00 2.627757989829261120e+00 6.686561480755185416e-01
2.246897289040215018e+00 2.630184345640859789e+00 6.662124305858662110e-01
2.249663704718932511e+00 2.632468700558150854e+00 6.615751894867963889e-01
2.252436183446239415e+00 2.634678364740620893e+00 6.553705960432755218e-01
2.255091226378347802e+00 2.636760886054494435e+00 6.492719363478399730e-01
2.258319764172020960e+00 2.639255096630239272e+00 6.432094283621379027e-01
2.261208883955991844e+00 2.641421764883093992e+00 6.402050961915215499e-01
2.264567286010308766e+00 2.643914165603970190e+00 6.384220508808565731e-01
2.267836013001482964e+00 2.646363599651697651e+00 6.370265057242242568e-01
2.270580707586136171e+00 2.648384095016043105e+00 6.357181279976930055e-01
2.273791420157648790e+00 2.650759232835440127e+00 6.336103419575136453e-01
2.277007223214867260e+00 2.653147692018131387e+00 6.310881607139693372e-01
2.279957386270876185e+00 2.655343737576181695e+00 6.282768509194864848e-01
2.282686688975155587e+00 2.657356102271234199e+00 6.244713819417754275e-01
2.285427841340760935e+00 2.659401008427679347e+00 6.204330936831334853e-01
2.288295561779015941e+00 2.661508621920704254e+00 6.163658180956466115e-01
2.291536583192258725e+00 2.663840246063761796e+00 6.120728478793854288e-01
2.294715771751423716e+00 2.666102213008294086e+00 6.080821735809437412e-01
2.297647353021575967e+00 2.668195308529451637e+00 6.047025835494624912e-01
2.301169852291439444e+00 2.670674899931956059e+00 6.009144628510988406e-01
2.304380108735258670e+00 2.672912179135563449e+00 5.975683224455868858e-01
2.307728276231145959e+00 2.675185524206063370e+00 5.951249465101499103e-01
2.310990300735153546e+00 2.677413349351001948e+00 5.954660988086497575e-01
2.311076275282544223e+00 2.677466221991484652e+00 5.954979839124533436e-01
2.314187201290815121e+00 2.679588842641162483e+00 5.965931759403098056e-01
2.317327345242247372e+00 2.681731504784568898e+00 5.954218799072429347e-01
2.320285216862709277e+00 2.683784703194565857e+00 5.921684831882072508e-01
2.326699048172822248e+00 2.688141841862332626e+00 5.781137873489633483e-01
2.329695040297803832e+00 2.690149874521398310e+00 5.708222518985267557e-01
2.332912590797490804e+00 2.692213724259635121e+00 5.639121593044917891e-01
2.336261513114936683e+00 2.694326135581151860e+00 5.601038728700088454e-01
2.339537562272429039e+00 2.696372287436350046e+00 5.586906786663039526e-01
2.339621021468766049e+00 2.696428604467191903e+00 5.586811358223254809e-01
2.342597975243405628e+00 2.698301827633871497e+00 5.585088120946701817e-01
2.345690342657886340e+00 2.700223002343136613e+00 5.579660210760315486e-01
2.348493595501327746e+00 2.701975224876648873e+00 5.569988351214664180e-01
2.351634121014228640e+00 2.703935023669961524e+00 5.548136559264088552e-01
2.354248278262031313e+00 2.705633838469068131e+00 5.513502747004362936e-01
2.357654853131445183e+00 2.707727709385171266e+00 5.455962520730124332e-01
2.360982935916028591e+00 2.709821599688390314e+00 5.404271776316258435e-01
2.364099182341154570e+00 2.711741941823747837e+00 5.358839822494327887e-01
2.367760113948124356e+00 2.713957309903765491e+00 5.313179150802594952e-01
2.370845545120828124e+00 2.715811137978497936e+00 5.279136114607095864e-01
2.374044507728895415e+00 2.717689612328977766e+00 5.245937243066198796e-01
2.377431426414039262e+00 2.719670140883430065e+00 5.211520603298243071e-01
2.380554549641383577e+00 2.721484738031129780e+00 5.180131392570151982e-01
2.383729147590822883e+00 2.723278286078255839e+00 5.155403580997345303e-01
2.386918620433105431e+00 2.725089480620010995e+00 5.153195581155306515e-01
2.390132234208376172e+00 2.726917375682540445e+00 5.155902046049751775e-01
2.393296418224136080e+00 2.728702700923554048e+00 5.153172365356741835e-01
2.396201325273692895e+00 2.730385844337117618e+00 5.132445876240893101e-01
2.399433854093638629e+00 2.732289376181442186e+00 5.084818296048709829e-01
2.402414797391908774e+00 2.733980982425964879e+00 5.020004989599686773e-01
2.405380831184517731e+00 2.735633889240299155e+00 4.949806158039000148e-01
2.408267338955782932e+00 2.737201909489994645e+00 4.887794745960184484e-01
2.411464518276294378e+00 2.738936201219113187e+00 4.843200122946220154e-01
2.414666288220499002e+00 2.740629802873058907e+00 4.812140992527715877e-01
2.418082851679621115e+00 2.742410132159093017e+00 4.783970126481946750e-01
2.421939672438571556e+00 2.744407054536825541e+00 4.753217329973961625e-01
2.425602255429998522e+00 2.746295352944701396e+00 4.723190700645243933e-01
2.428900293135213051e+00 2.747983227163513398e+00 4.692862920241472890e-01
2.432395230647304896e+00 2.749747240713164231e+00 4.664599400994829392e-01
2.436334845434110719e+00 2.751735160817405657e+00 4.660617651970511699e-01
2.436424643095685738e+00 2.751779868782949556e+00 4.660721903748845096e-01
2.439574864001072818e+00 2.753364826762496165e+00 4.661176374049859072e-01
2.443022060135591644e+00 2.755103437888623219e+00 4.637847362877550728e-01
2.445969492400894563e+00 2.756643119951474930e+00 4.597009262979066535e-01
2.448863466632503094e+00 2.758068787590820747e+00 4.531151234737597622e-01
2.452348595548440091e+00 2.759807535251878718e+00 4.450307923615774985e-01
2.455533047683713832e+00 2.761327332000034218e+00 4.384379039552284696e-01
2.458649767175535406e+00 2.762804515880072032e+00 4.328018072866879895e-01
2.462343703805607298e+00 2.764508983920279661e+00 4.287425655240938438e-01
2.462438278537515846e+00 2.764554658523293185e+00 4.286652311282062588e-01
2.466074615321099728e+00 2.766219979644919835e+00 4.261992101453237480e-01
2.469492505595457299e+00 2.767758556459781083e+00 4.243033384686867304e-01
2.472782799609985371e+00 2.769230978886537908e+00 4.223825474441278982e-01
2.476268205441813475e+00 2.770817751756121439e+00 4.197618446202519005e-01
2.476356444855163375e+00 2.770861196094966061e+00 4.196926918611243451e-01
2.480136490628301882e+00 2.772541771442166514e+00 4.169240699412311013e-01
2.483954263489848380e+00 2.774235146395205298e+00 4.161405476862778952e-01
2.487366855233178242e+00 2.775750601665964101e+00 4.160031620356351434e-01
2.490753309302874641e+00 2.777228830863380793e+00 4.150911143177148377e-01
2.493851861020748739e+00 2.778632711885784978e+00 4.132159141522397383e-01
2.501273704779365392e+00 2.781949998862898177e+00 4.004486116813723573e-01
2.504249879688708713e+00 2.783241089059969031e+00 3.930425157955143578e-01
2.507512695854565710e+00 2.784591266295596057e+00 3.855479433609584894e-01
2.510955060175806608e+00 2.786044936402368055e+00 3.800566709053085912e-01
2.514889606002320921e+00 2.787638702341252550e+00 3.754913976806775744e-01
2.518819262310625806e+00 2.789178394558589069e+00 3.719113242704543132e-01
2.518913251382638219e+00 2.789214042010282668e+00 3.718299091903742859e-01
2.522676708885358554e+00 2.790680341734066428e+00 3.686176796440406300e-01
2.526151755788272446e+00 2.792018303057644424e+00 3.656535720867403749e-01
2.529625745831611372e+00 2.793352295426935861e+00 3.625593199652048515e-01
2.533026416136824110e+00 2.794635733734732952e+00 3.598378389320295856e-01
2.536143026142312795e+00 2.795806037344515271e+00 3.587799212984650321e-01
2.539603122776735944e+00 2.797100451381260733e+00 3.576983480939898707e-01
2.542985427891999439e+00 2.798374437401160542e+00 3.560157719701944612e-01
2.546727200723099660e+00 2.799757322144607041e+00 3.535963873864261808e-01
2.550535554677444416e+00 2.801185001050529699e+00 3.503397546137633212e-01
2.554044312515165061e+00 2.802512281069123201e+00 3.470694017658078612e-01
2.557408977447363174e+00 2.803787780844358757e+00 3.433837062870687129e-01
2.560196716450175103e+00 2.804821501497964054e+00 3.387832707415248668e-01
2.563695884455869489e+00 2.806058520095766617e+00 3.318312686878612805e-01
2.567155297893854993e+00 2.807300718483181967e+00 3.253901039165431608e-01
2.570741834412643811e+00 2.808551160905975230e+00 3.193301611263662521e-01
2.574443656694694216e+00 2.809808252316740695e+00 3.141932723452978693e-01
2.577909755669275604e+00 2.810944782401587183e+00 3.103755507978855355e-01
2.581458943220409363e+00 2.812073076098174251e+00 3.070238371444019010e-01
2.584821469579845488e+00 2.813127544916168787e+00 3.045882463150377251e-01
2.588276420975426095e+00 2.814212883625873296e+00 3.024212094743042312e-01
2.591915717086113347e+00 2.815355045600826944e+00 2.999118096809782474e-01
2.595375707612005201e+00 2.816424803870845928e+00 2.971912139454476187e-01
2.598725935382525609e+00 2.817466073793058357e+00 2.942561548584868847e-01
2.602460938497041631e+00 2.818614084556870125e+00 2.907671835751049483e-01
2.606658928569187683e+00 2.819905759957660241e+00 2.867196313389647200e-01
2.610551601598900540e+00 2.821037028635920763e+00 2.832990223172287547e-01
2.614369824442370760e+00 2.822155081629627915e+00 2.815834961312683737e-01
2.618052032552470099e+00 2.823204200274334497e+00 2.800773276044912774e-01
2.621600998714471942e+00 2.824221190982446394e+00 2.783757274578656515e-01
2.625150769599253309e+00 2.825240942415614853e+00 2.759048211144575768e-01
2.629076216999952198e+00 2.826385708171093913e+00 2.726705508908114917e-01
2.629170627156930173e+00 2.826412747468856068e+00 2.725859714025915537e-01
2.632891245479720421e+00 2.827523150484478442e+00 2.689983652163278616e-01
2.632977928495576769e+00 2.827550247334120748e+00 2.689079566465654159e-01
2.636601858091208062e+00 2.828577712761560115e+00 2.630668882131272923e-01
2.640320845680785844e+00 2.829591106423092306e+00 2.553745241321581094e-01
2.643797207944921901e+00 2.830522117332293419e+00 2.486852720575753739e-01
2.647491078401659426e+00 2.831496730046360710e+00 2.426822906088328680e-01
2.647586951586496262e+00 2.831521383103573708e+00 2.425366044728265724e-01
2.651548521598090513e+00 2.832533503371473582e+00 2.377465783762391927e-01
2.655196126009201407e+00 2.833423031144387316e+00 2.341680654313998133e-01
2.659115592539721629e+00 2.834354186649831853e+00 2.309131233051100740e-01
2.662743912286110515e+00 2.835201931374129458e+00 2.281055881199325897e-01
2.666292035375227076e+00 2.836030576347223331e+00 2.252143522904942741e-01
2.669911091191934815e+00 2.836859895459526548e+00 2.221793290930454412e-01
2.673634591819662010e+00 2.837711731976892082e+00 2.189172887353686148e-01
2.677169164182613414e+00 2.838505428864865010e+00 2.156894069377962020e-01
2.680912237440228996e+00 2.839334401276413899e+00 2.122102316597808125e-01
2.681009158607698506e+00 2.839354913493700394e+00 2.121205996706433672e-01
2.684667762394742585e+00 2.840118091882692486e+00 2.093685492927565561e-01
2.688495185234244467e+00 2.840929550582557361e+00 2.068949875063880173e-01
2.688592028798812095e+00 2.840949307038388660e+00 2.068337497687265658e-01
2.692199434398331093e+00 2.841718590467483097e+00 2.041877849233514342e-01
2.695736289141425601e+00 2.842464812809823993e+00 2.013499852083548425e-01
2.699555235072142789e+00 2.843263744307531926e+00 1.981133445342904975e-01
2.703368713080885666e+00 2.844055276046221437e+00 1.947892022986159044e-01
2.706693071473169176e+00 2.844745595967839158e+00 1.918221783565541294e-01
2.710683737834835849e+00 2.845508522387648842e+00 1.891047361113893377e-01
2.714435480744540108e+00 2.846226793222857765e+00 1.874294178280907774e-01
2.718360543160443843e+00 2.846972472745056493e+00 1.856379397290316424e-01
2.727838201109143323e+00 2.848727432639749146e+00 1.793807800399349894e-01
2.727936371711658481e+00 2.848748640519631614e+00 1.793177681514111776e-01
2.731898815723656337e+00 2.849449344024595376e+00 1.770429517856096924e-01
2.735663950145706735e+00 2.850116354479041547e+00 1.752519733736178087e-01
2.739319377320378113e+00 2.850763676450340345e+00 1.731422007086115822e-01
2.742854427025821273e+00 2.851411087717814041e+00 1.707239232784668603e-01
2.746164644607869132e+00 2.852041526050137499e+00 1.667677152276851038e-01
2.749519299365012603e+00 2.852646720207834719e+00 1.601711495750752778e-01
2.752926867033327785e+00 2.853192316596212308e+00 1.521379224642095407e-01
2.756865090169195120e+00 2.853802212185748921e+00 1.429868479664022363e-01
2.756958917901143113e+00 2.853815664999923563e+00 1.427731326387771948e-01
2.760854749170129629e+00 2.854385935109481576e+00 1.349481555936599408e-01
2.764260380403638528e+00 2.854865203217072711e+00 1.304398846025378589e-01
2.767999865789192437e+00 2.855362501494295380e+00 1.267670224754104402e-01
2.772307311410268760e+00 2.855901734186291563e+00 1.237586657473956353e-01
2.776281397332942991e+00 2.856395644647646392e+00 1.213299924895169107e-01
2.779756560667501208e+00 2.856827522171720091e+00 1.191141115839087772e-01
2.783045138497475257e+00 2.857219837617062552e+00 1.169023478567700891e-01
2.786711195365246585e+00 2.857639686430341719e+00 1.142971160594020708e-01
2.790778049066200861e+00 2.858112982347343234e+00 1.111042739274247793e-01
2.794677234157438406e+00 2.858543998759624394e+00 1.078977738614616683e-01
2.794777521026721168e+00 2.858555747146379389e+00 1.078133444302907668e-01
2.798470334197959097e+00 2.858958683900984177e+00 1.046325680903257699e-01
2.802058141094589505e+00 2.859335373234348054e+00 1.015140260959213198e-01
2.806046778150752541e+00 2.859745816807327756e+00 9.804104654228809612e-02
2.809736485755391922e+00 2.860110678812725293e+00 9.524943877817004800e-02
2.813236835092146837e+00 2.860450173186103839e+00 9.269679983447988436e-02
2.817118272886236507e+00 2.860804425416012542e+00 8.982560782182529013e-02
2.821310435945044048e+00 2.861168687646255648e+00 8.659147066816207106e-02
2.824993848483651426e+00 2.861481979592466196e+00 8.370165898770950963e-02
2.828573640606587336e+00 2.861783066032191236e+00 8.077552871733303941e-02
2.832652789603224530e+00 2.862112151671869498e+00 7.740528186278315681e-02
2.836762742650800195e+00 2.862427480276062752e+00 7.424824556957625166e-02
2.840640712154355096e+00 2.862716988573557053e+00 7.170195388971689621e-02
2.844613648741458167e+00 2.863013498760127007e+00 6.902655242743245545e-02
2.848295885397951643e+00 2.863280808085177487e+00 6.636063777074292791e-02
2.851975951843158885e+00 2.863546563040137549e+00 6.356171152339450126e-02
2.855543994968727350e+00 2.863790489150078500e+00 6.070624585296687664e-02
2.859742415658979020e+00 2.864049740087506457e+00 5.781560610031220154e-02
2.863633503095089683e+00 2.864285237719115251e+00 5.524976981826714567e-02
2.863733276316142717e+00 2.864290217436593622e+00 5.518246771216126639e-02
2.868008458905129565e+00 2.864553561397698900e+00 5.208017392128956591e-02
2.871778499149750807e+00 2.864780478536600672e+00 4.928610410202485109e-02
2.875153487615128789e+00 2.864964273223773894e+00 4.671226817608910287e-02
2.879085757200947171e+00 2.865196315635418323e+00 4.361924201486674924e-02
2.879183899688315229e+00 2.865204232975465004e+00 4.354255414312191430e-02
2.883449202967081959e+00 2.865391119342009407e+00 4.049750113632623327e-02
2.887413344931872405e+00 2.865570745993883506e+00 3.788284062705681715e-02
2.890786818787725476e+00 2.865722117520105083e+00 3.553978317313821050e-02
2.895033455483276175e+00 2.865900997683135998e+00 3.243265861678516077e-02
2.898188735700248486e+00 2.866028302579123554e+00 3.001980893934039912e-02
2.901843780036986065e+00 2.866159426987360259e+00 2.710842888588274255e-02
2.905778815624655564e+00 2.866317186081183355e+00 2.396920406378493656e-02
2.909151391233626871e+00 2.866396091137482838e+00 2.153646827541915582e-02
2.912809684886541461e+00 2.866472877059291768e+00 1.898386396052063885e-02
2.912910663271933043e+00 2.866477132958675789e+00 1.891727990717176691e-02
2.917258231898288479e+00 2.866586417283675026e+00 1.572437047601118673e-02
2.921211692279660266e+00 2.866692504827129895e+00 1.277518770616883383e-02
2.924857927679894942e+00 2.866757065211742450e+00 1.001945386003713113e-02
2.928388329533098577e+00 2.866840057313861045e+00 7.263822815461450609e-03
2.932126287484435156e+00 2.866876113221068501e+00 4.301209384186686219e-03
2.935690484016873381e+00 2.866927107590780732e+00 1.656710391492059731e-03
2.939238845085035745e+00 2.866952527275992146e+00 -8.786592818596963405e-04
2.942886513020971595e+00 2.866974382338010496e+00 -3.519553887581419304e-03
2.952620736801553125e+00 2.866942661569402251e+00 -1.074462251151062434e-02
2.956351912301600660e+00 2.866911888672686537e+00 -1.355977763871489897e-02
2.959691132115751966e+00 2.866890264512441000e+00 -1.605425837008116197e-02
2.963233349607405920e+00 2.866865746064823917e+00 -1.869067877602428526e-02
2.966759760706522808e+00 2.866833469641129728e+00 -2.134097851804274068e-02
2.970777490576113955e+00 2.866754334144082428e+00 -2.435619398255520207e-02
2.974983949534373284e+00 2.866687256158773511e+00 -2.758937397197791172e-02
2.978802700203458720e+00 2.866621671188226195e+00 -3.051097950235880443e-02
