1.500338610329345901e+00 7.499670294298962370e-01 -1.181931511379019829e-04
1.500474813292963061e+00 7.499497248592632559e-01 -1.573200890299240222e-04
1.500499805557193422e+00 7.499416722187547402e-01 -6.710456173399020137e-05
1.500527352995746133e+00 7.499383127960905782e-01 2.302125021805250123e-04
1.500574937838888623e+00 7.499326443218380378e-01 8.682781991933144006e-04
1.500627548966749103e+00 7.499330586476574689e-01 1.625879430271404656e-03
1.500633593361710316e+00 7.499307812161903897e-01 3.122567873477542170e-03
1.500701316847233624e+00 7.499359100877122097e-01 4.611594776196081477e-03
1.500848243693344797e+00 7.499320375786057147e-01 6.017107683706685722e-03
1.500948393167581107e+00 7.499276977201040362e-01 8.116270186029828776e-03
1.501013477199647284e+00 7.499322633534019067e-01 1.074042735783259199e-02
1.501043595346341242e+00 7.499326952890639220e-01 1.355116628664161139e-02
1.501109889739155712e+00 7.499332800579635583e-01 1.741839575510889873e-02
1.501218927195677511e+00 7.499330917285631504e-01 2.127083417719934436e-02
1.501302950865243124e+00 7.499327873442496184e-01 2.506871650965219328e-02
1.501364143258427708e+00 7.499280669405433697e-01 2.947983575903744685e-02
1.501435400667954889e+00 7.499350222802411148e-01 3.463700997639741763e-02
1.501549533884633414e+00 7.499335254039782850e-01 3.971218710516682265e-02
1.501598803564065943e+00 7.499352371107579351e-01 4.569563597094181834e-02
1.501659359465826737e+00 7.499368789216097619e-01 5.140507084448940611e-02
1.501835659369520792e+00 7.499556695880208457e-01 5.792481057531120164e-02
1.501927569339253976e+00 7.499659835762869653e-01 6.494723930794947531e-02
1.501980007355466995e+00 7.499597552310833803e-01 7.229480535996807289e-02
1.501981150033130818e+00 7.499616257963389598e-01 7.248875476692565045e-02
1.502034420440523155e+00 7.499631870515626186e-01 7.985073664531762427e-02
1.502082196458279340e+00 7.499640661778126383e-01 8.758371743714382651e-02
1.502125450015769470e+00 7.499628247090667221e-01 9.591097271469883889e-02
1.502183292605757226e+00 7.499719614642026411e-01 1.055649162898332077e-01
1.502273353255898058e+00 7.499820499033631460e-01 1.135313298712492397e-01
1.502386576078980296e+00 7.499904439492128816e-01 1.232547848558406545e-01
1.502470574756241906e+00 7.500001609655845280e-01 1.332204191204275079e-01
1.502554432056267597e+00 7.500118960865427287e-01 1.427431740798650872e-01
1.502609623238076786e+00 7.500181135518331210e-01 1.517211621802599109e-01
1.502676191323363941e+00 7.500269407458606263e-01 1.614986070628778025e-01
1.502752010119223769e+00 7.500533626615023541e-01 1.701624655076131032e-01
1.502830351694081301e+00 7.500645908474208312e-01 1.794067500790885727e-01
1.502999849115766784e+00 7.500972421916592969e-01 2.039667156148032290e-01
1.503071366687153354e+00 7.501099260406922653e-01 2.138344339563957308e-01
1.503163304633792885e+00 7.501394724370711309e-01 2.249936012219651282e-01
1.503231553644603036e+00 7.501574518033267136e-01 2.354155510934300422e-01
1.503334820012117268e+00 7.501939907820448505e-01 2.455081367973337425e-01
1.503416070440315222e+00 7.502088072934537388e-01 2.555822874095574626e-01
1.503512023888159188e+00 7.502372178767727773e-01 2.657325885833333734e-01
1.503636566405073927e+00 7.502749048672283649e-01 2.755263934253378011e-01
1.503730500301192929e+00 7.502977570633990734e-01 2.851596214364255921e-01
1.503848893781135621e+00 7.503419314578839705e-01 2.952943455225896519e-01
1.503956743171243504e+00 7.503856723935979911e-01 3.065551115372608937e-01
1.504052596217272608e+00 7.504218579909535114e-01 3.170449781084351271e-01
1.504174587156380527e+00 7.504671090652125232e-01 3.268884272246495581e-01
1.504335298694668088e+00 7.505286031097547772e-01 3.369922053292598307e-01
1.504464990529954749e+00 7.505774555138056137e-01 3.465964252717741445e-01
1.504576359480475967e+00 7.506330839713591940e-01 3.567418512317819257e-01
1.504690704513221844e+00 7.506881236028213333e-01 3.679848441299432560e-01
1.504788918768032335e+00 7.507377562092001355e-01 3.778995075033485529e-01
1.504929729419683282e+00 7.507993962902705931e-01 3.890061639523847981e-01
1.505059084456150442e+00 7.508643234502447861e-01 3.995352939156591177e-01
1.505156963895902811e+00 7.509164426627629174e-01 4.112216764186826801e-01
1.505157079727239777e+00 7.509147230879513746e-01 4.114958886675850747e-01
1.505310508470122155e+00 7.509977785467928380e-01 4.224825968820408728e-01
1.505406265530350840e+00 7.510522170680548060e-01 4.301243302192980233e-01
1.505435043292543629e+00 7.510600231369245483e-01 4.342499267085720427e-01
1.505524109910972408e+00 7.511134314682793578e-01 4.434130012075792604e-01
1.505532810652330911e+00 7.511192765649734593e-01 4.439738515025627996e-01
1.505641428735270626e+00 7.511703504995650427e-01 4.534912795651467321e-01
1.505755046509519302e+00 7.512343167001540589e-01 4.629633908345354709e-01
1.505881841034754531e+00 7.513111024473637656e-01 4.727973793198900765e-01
1.506004822679922306e+00 7.513945921720476262e-01 4.835911244849671609e-01
1.506121463372663616e+00 7.514646927166835910e-01 4.935038342270703371e-01
1.506228145926653994e+00 7.515419169466883709e-01 5.036520037664812266e-01
1.506371658278979453e+00 7.516158646548142253e-01 5.149574811925579088e-01
1.506544069117399909e+00 7.517094865120450553e-01 5.260489985260732304e-01
1.506545241127176915e+00 7.517112934343124220e-01 5.263210904416191216e-01
1.506664430316866365e+00 7.517866996234648935e-01 5.380361901932986246e-01
1.506784023264774675e+00 7.518665402474122850e-01 5.483232010733033457e-01
1.506893260148587821e+00 7.519463562287148628e-01 5.586192441572381817e-01
1.507005730607825944e+00 7.520350449669903625e-01 5.688139365269225811e-01
1.507116920425567441e+00 7.520973110280780860e-01 5.794350610480201169e-01
1.507228143010023835e+00 7.521700726338402809e-01 5.895020683551447371e-01
1.507349007511767480e+00 7.522673723429774695e-01 6.001925446609915893e-01
1.507351507732746843e+00 7.522677582174233102e-01 6.004657099138569487e-01
1.507487562750639887e+00 7.523558081451544588e-01 6.112601558219136200e-01
1.507572803602456935e+00 7.524380580588371226e-01 6.220397217386371969e-01
1.507676351876298781e+00 7.525182228392949257e-01 6.329232673687652522e-01
1.507764041651353359e+00 7.525881183907942029e-01 6.424336948874918019e-01
1.507850709840125702e+00 7.526651003447403232e-01 6.527922278492175323e-01
1.507962351728578954e+00 7.527722502379171621e-01 6.646530160850832036e-01
1.508020371908766588e+00 7.528290269542655677e-01 6.746524613955571237e-01
1.508089497474431440e+00 7.528906061293535457e-01 6.863132391982010860e-01
1.508183788159663363e+00 7.529910838120540406e-01 6.983198269753470022e-01
1.508281178159831981e+00 7.530686228363082657e-01 7.098529991074852274e-01
1.508384940369037253e+00 7.531713069577746777e-01 7.218793959198195331e-01
1.508469561179740959e+00 7.532580458794060352e-01 7.339550052254663060e-01
1.508565057373761897e+00 7.533494747938646041e-01 7.461175312026345763e-01
1.508775823728981447e+00 7.535726642064042302e-01 7.738113385499102437e-01
1.508827517621107228e+00 7.536340340525746750e-01 7.837244743773500444e-01
1.508893997491806083e+00 7.537181838517095223e-01 7.930671176686840962e-01
1.508964057523940028e+00 7.537997722860547700e-01 8.037278956711829681e-01
1.509048239448686157e+00 7.538872767223430138e-01 8.134120141806137072e-01
1.509127961383643024e+00 7.539734052459283742e-01 8.237645149942619538e-01
1.509177695086647564e+00 7.540424338650120184e-01 8.354338960004310533e-01
1.509248285323795402e+00 7.541271379672154218e-01 8.458735803365438066e-01
1.509282911918292003e+00 7.541850980064487286e-01 8.570486603729604580e-01
1.509352463168152969e+00 7.542829977574859734e-01 8.676660486554550467e-01
1.509417203172646493e+00 7.543741071574314727e-01 8.777106778437626655e-01
1.509468757231364755e+00 7.544507254056324053e-01 8.887473148185346394e-01
1.509545215458049094e+00 7.545588974570757168e-01 8.995907846862281065e-01
1.509590835971754919e+00 7.546597556825644926e-01 9.102847383922126889e-01
1.509636227552551668e+00 7.547391188607279755e-01 9.207832995705272916e-01
1.509736299305664886e+00 7.548577247945487123e-01 9.322651660755530978e-01
1.509831695928258499e+00 7.549826078641906912e-01 9.434657666935235554e-01
1.509907064129695220e+00 7.551031778240157033e-01 9.531927714512101746e-01
1.509991293735830853e+00 7.552304761610501016e-01 9.647057371800549230e-01
1.510028687017216376e+00 7.553003767963617499e-01 9.746761218935118265e-01
1.510099673868428694e+00 7.554044411691148708e-01 9.853389980125523140e-01
1.510129732669098113e+00 7.554661350149707300e-01 9.965447957675647173e-01
1.510213051322661926e+00 7.556047860722371334e-01 1.008260276912743558e+00
1.510232332831211277e+00 7.556536757212258815e-01 1.018424607866736720e+00
1.510301177414652418e+00 7.557609783279087834e-01 1.028584700573740518e+00
1.510364610129928176e+00 7.558684745088037893e-01 1.039511908486883129e+00
1.510424575002444758e+00 7.559895749645437757e-01 1.049475979436101269e+00
1.510424564979218065e+00 7.559927171624768460e-01 1.049755970007293815e+00
1.510482540624755954e+00 7.561145600593279781e-01 1.060016064740208153e+00
1.510520092459872066e+00 7.562139460671060132e-01 1.070671354642652506e+00
1.510568147850513743e+00 7.563274685869503244e-01 1.080630237924432802e+00
1.510638363980719934e+00 7.564650997163101520e-01 1.090576222556800312e+00
1.510664990526186857e+00 7.565369208157355363e-01 1.100532487615850430e+00
1.510679265784897751e+00 7.565842763901566848e-01 1.111025752274556577e+00
1.510726589147272536e+00 7.567122791764951950e-01 1.122150980289074562e+00
1.510727400729917846e+00 7.567166871695801822e-01 1.122426892344656091e+00
1.510768115578805748e+00 7.568394391504952301e-01 1.133529126130257358e+00
1.510816653031583856e+00 7.569507200306633266e-01 1.143601032042629528e+00
1.510856633775116142e+00 7.570534993792262801e-01 1.153144686338242630e+00
1.510876607490310608e+00 7.571110334550185117e-01 1.163678618584917057e+00
1.510926779982333601e+00 7.572184166913340508e-01 1.173549156212080558e+00
1.510940462085317737e+00 7.573063149518348691e-01 1.183830280585188355e+00
1.510975094735580004e+00 7.574325062187093893e-01 1.193354862269726979e+00
1.511001069418215881e+00 7.575349562291503469e-01 1.203790117205768118e+00
1.511014723082679811e+00 7.576056760325052819e-01 1.214912521824252911e+00
1.511048912461725680e+00 7.577135803310663942e-01 1.225801615942063938e+00
1.511071024329731172e+00 7.578041791555191198e-01 1.237291929219532349e+00
1.511078891278063496e+00 7.578760512427533680e-01 1.247500095206744763e+00
1.511104899689374781e+00 7.579610234724927231e-01 1.257546421940211268e+00
1.511110072599648246e+00 7.580328719740161425e-01 1.267207498643015740e+00
1.511123318013334327e+00 7.581259433931327729e-01 1.277174911420097647e+00
1.511135201345636503e+00 7.582160096122081416e-01 1.288034577868555797e+00
1.511153570830607862e+00 7.583142597815357711e-01 1.298454989700049689e+00
1.511166496791718217e+00 7.584142765323617086e-01 1.310488929280510861e+00
1.511172199612841549e+00 7.584814863145503683e-01 1.321059476187463444e+00
1.511191238282771243e+00 7.585992038994628928e-01 1.333318068710688031e+00
1.511198773037907728e+00 7.586817459030058552e-01 1.343209746704410845e+00
1.511203905293148297e+00 7.587803540272322067e-01 1.354460738202739378e+00
1.511203957063365966e+00 7.588798816482251741e-01 1.366296973006075888e+00
1.511216744497859255e+00 7.590062603917394624e-01 1.376659672539196633e+00
1.511233076904874739e+00 7.591339525098120822e-01 1.386397156862947844e+00
1.511241526323127582e+00 7.592223676691173262e-01 1.398330454194230743e+00
1.511256354512681144e+00 7.593441819792434710e-01 1.407795028305332874e+00
1.511258343463542708e+00 7.594153284691886885e-01 1.417689068755955351e+00
1.511269036271611688e+00 7.595376761050356418e-01 1.428517908480260834e+00
1.511270857090785347e+00 7.598402126495231723e-01 1.455054912777783427e+00
1.511269509507108033e+00 7.599596927165066518e-01 1.465741344871962726e+00
1.511265462714932228e+00 7.600610824995877035e-01 1.476183164468817255e+00
1.511258440597143649e+00 7.601322054733701261e-01 1.486314635460506572e+00
1.511249474926732450e+00 7.602233386422306838e-01 1.495852952750504450e+00
1.511250917443803132e+00 7.603528000078778604e-01 1.506994887631568636e+00
1.511250759775803365e+00 7.603547590962309588e-01 1.507274037899964059e+00
1.511249506201592485e+00 7.604564624872466316e-01 1.516951487414086586e+00
1.511249072288648909e+00 7.605606849237914746e-01 1.526713506506855333e+00
1.511243592802268720e+00 7.606699833233034891e-01 1.538115008866567601e+00
1.511228933032594535e+00 7.608021081601892277e-01 1.548348034307844179e+00
1.511204167348816130e+00 7.609773187755592971e-01 1.559599888187411132e+00
1.511196146582235000e+00 7.611517025609092491e-01 1.571144329942715023e+00
1.511184197349611180e+00 7.612694784538416304e-01 1.581918827581632492e+00
1.511166535134592870e+00 7.614041431980673735e-01 1.591870605563995511e+00
1.511155093298390817e+00 7.615241585502507959e-01 1.601928022250806105e+00
1.511134646376679491e+00 7.616734912618071673e-01 1.612419180958296172e+00
1.511121537090508893e+00 7.617967969559954478e-01 1.623499660506499742e+00
1.511102173450004527e+00 7.619399262851358490e-01 1.633810084016864339e+00
1.511082394835630893e+00 7.620581455569507279e-01 1.644920401523064513e+00
1.511066485266947534e+00 7.621716194388576948e-01 1.655303192069134788e+00
1.511049070114034221e+00 7.622881422312051125e-01 1.665634316696157136e+00
1.511032732912888976e+00 7.624148972043514050e-01 1.675895484910122191e+00
1.511005816813013380e+00 7.625366156187767253e-01 1.686234651691512321e+00
1.510986901008193550e+00 7.626495697704599452e-01 1.697363406509423411e+00
1.510873174271488706e+00 7.634668509935703673e-01 1.708431576759742221e+00
1.510360030675818477e+00 7.669879117996800666e-01 1.718887457360015025e+00
1.509672714991203923e+00 7.712728873679191022e-01 1.728666171540070629e+00
1.508862125649799824e+00 7.760120454211438812e-01 1.739934177865285259e+00
1.508032017278408521e+00 7.804888011952828553e-01 1.750714359343831239e+00
1.507116686267277128e+00 7.851610462131041190e-01 1.762112798663045155e+00
1.506288432897163521e+00 7.890702895524587257e-01 1.771878352119587996e+00
1.505315077888480291e+00 7.933558260309243604e-01 1.780784536659785422e+00
1.504398829515347868e+00 7.973258799529797658e-01 1.786929527076561497e+00
1.503401542493856935e+00 8.015280049676239971e-01 1.789091578730892973e+00
1.502459113963086290e+00 8.057074095712152273e-01 1.787835865494299625e+00
1.501584419537494108e+00 8.094513967545673427e-01 1.784414053032757685e+00
1.500762685492405435e+00 8.131808165627553153e-01 1.778580897600158250e+00
1.499892503925319476e+00 8.170077655583923848e-01 1.770645173032053377e+00
1.498987418768103597e+00 8.214926494783499900e-01 1.759883739115073897e+00
1.498188064211719794e+00 8.254870527917218537e-01 1.750661691341670823e+00
1.497424878528282433e+00 8.297374109565915923e-01 1.740683900156829278e+00
1.496693771200731105e+00 8.339265017184076534e-01 1.730786960671421904e+00
1.495945249090097295e+00 8.384601013661412416e-01 1.720690962585120332e+00
1.495312789627325722e+00 8.424580234145795377e-01 1.713403756879912532e+00
1.494621264363554580e+00 8.468617225941024174e-01 1.707363461732868126e+00
1.494014664599985442e+00 8.508905002109213855e-01 1.703246327566594998e+00
1.493350713583367684e+00 8.554572570913960838e-01 1.699426630138178629e+00
1.492662106253875853e+00 8.604172173851245553e-01 1.695784619644583824e+00
1.492090053112933967e+00 8.644985312591606519e-01 1.692781925734626602e+00
1.491471880496828550e+00 8.691192427752645333e-01 1.688904607478276976e+00
1.490871921139506062e+00 8.735869155557509647e-01 1.684737442090732840e+00
1.490857863062791111e+00 8.736990090085100524e-01 1.684636393187768588e+00
1.490278974596467298e+00 8.780065839644779491e-01 1.680094511012208969e+00
1.489842069276231529e+00 8.818704353254832595e-01 1.675641373192605865e+00
1.489281063952483164e+00 8.866344326603615711e-01 1.670431784198378899e+00
1.488080768040209723e+00 8.980441499650870796e-01 1.658701073795768810e+00
1.487664717628943256e+00 9.022920198011756820e-01 1.654419346188855888e+00
1.487201090549017612e+00 9.066962226561946503e-01 1.649909593202796287e+00
1.486784668295683565e+00 9.117929402308658782e-01 1.644983845395684652e+00
1.486419141877995953e+00 9.163310067400225467e-01 1.640625617551058957e+00
1.486035749055098609e+00 9.211139515334879624e-01 1.635974827844395074e+00
1.485704059815464939e+00 9.253206947425743900e-01 1.631727853733427880e+00
1.485337531308866588e+00 9.302870194931462944e-01 1.626650224241512399e+00
1.485053989528556384e+00 9.347125571941165001e-01 1.622286140917807096e+00
1.484790491897119757e+00 9.387477858232613492e-01 1.618366768243248988e+00
1.484567201868460584e+00 9.430299907463870479e-01 1.614139018644275447e+00
1.484356860978448545e+00 9.475093349977650181e-01 1.609607837193543833e+00
1.484159419297348848e+00 9.514562552084644409e-01 1.605599445649994683e+00
1.483961356196652703e+00 9.559392964373393253e-01 1.601032900981584461e+00
1.483805848807473682e+00 9.605368351745031674e-01 1.596554426826138906e+00
1.483674164722912581e+00 9.650092218184874726e-01 1.592391559343019347e+00
1.483537197827189402e+00 9.695761568765668414e-01 1.588182067505349959e+00
1.483533752804949923e+00 9.696885071617952212e-01 1.588079196265692605e+00
1.483428315550296750e+00 9.738010629601661083e-01 1.584275924243159439e+00
1.483339288028377556e+00 9.775727189531949746e-01 1.580726387609151962e+00
1.483263111244382815e+00 9.816383197359070945e-01 1.576841588890858459e+00
1.483203264865350146e+00 9.858372176244254437e-01 1.572970383723631960e+00
1.483174726625829720e+00 9.898270071143470128e-01 1.569336056389230238e+00
1.483154726585950378e+00 9.936975936906213835e-01 1.565786610647994959e+00
1.483151280508877567e+00 9.979884886158537638e-01 1.561839463924521443e+00
1.483175820506712705e+00 1.002388213058648114e+00 1.557704266066800125e+00
1.483216623940145196e+00 1.006538082878807305e+00 1.553807699671342579e+00
1.483259676835962493e+00 1.010593451538775778e+00 1.550143054537484799e+00
1.483331013924041653e+00 1.014753650898746029e+00 1.546493935265045305e+00
1.483412925144585781e+00 1.018803479049632310e+00 1.542944643350314449e+00
1.483479986927936256e+00 1.022595098299087235e+00 1.539573521972043890e+00
1.483597360403180465e+00 1.027054870152613653e+00 1.535592188287181026e+00
1.483728710470124890e+00 1.031284742278766986e+00 1.531812558158560211e+00
1.483863699105921308e+00 1.035299717296906064e+00 1.528361009873239640e+00
1.484020141043141283e+00 1.039417546994417796e+00 1.524821961859916586e+00
1.484195551897787846e+00 1.043634140200844884e+00 1.521211747199479491e+00
1.484367380018705607e+00 1.047298876986593186e+00 1.518024789055672397e+00
1.484547957571991095e+00 1.051281160207248266e+00 1.514555288805632616e+00
1.484753775947128984e+00 1.055272403891760469e+00 1.511064382893354985e+00
1.484961874033362772e+00 1.058936779135064565e+00 1.508000709515096016e+00
1.485257256227252354e+00 1.063658270604675771e+00 1.504128320786586537e+00
1.485526043224689285e+00 1.068065119318652556e+00 1.500479436984391901e+00
1.485785090736061465e+00 1.072026876634701864e+00 1.497128872600073102e+00
1.486050844658321379e+00 1.075874297399942670e+00 1.493879304870864511e+00
1.486377707010341442e+00 1.080467987570652655e+00 1.489987561516916470e+00
1.486677060447660015e+00 1.084310033864296363e+00 1.486877200679730615e+00
1.486971669841484767e+00 1.088041040948967364e+00 1.483926316054383410e+00
1.487281554798089100e+00 1.091756649858350414e+00 1.480993467807188546e+00
1.487640277989147108e+00 1.096104844604258055e+00 1.477512306375681206e+00
1.487953702768768594e+00 1.099709441448512681e+00 1.474622515297373315e+00
1.487966269854762880e+00 1.099815880102833265e+00 1.474534923430767419e+00
1.488329910332703898e+00 1.103832896512872530e+00 1.471297306623373657e+00
1.488667599237995409e+00 1.107424587078157163e+00 1.468402149325409578e+00
1.489013806040696553e+00 1.111011844601068166e+00 1.465587311167704465e+00
1.489387093593341316e+00 1.114814929551146250e+00 1.462659787443806314e+00
1.490470049488412885e+00 1.124940939199125856e+00 1.454737908079507536e+00
1.490883505446032986e+00 1.128633320785801919e+00 1.451829115098498324e+00
1.491403006278989807e+00 1.133237466638855828e+00 1.448292084521479728e+00
1.491916463115663616e+00 1.137555812702498947e+00 1.445113252493896550e+00
1.492418170249529830e+00 1.141536047659401643e+00 1.442218068112242513e+00
1.492858090439355356e+00 1.145084830289449407e+00 1.439651853213641530e+00
1.493435300481541050e+00 1.149575608188310394e+00 1.436430595955624723e+00
1.493970737516888692e+00 1.153749790931193342e+00 1.433325726434590441e+00
1.494446598753345290e+00 1.157304951416643357e+00 1.430713378046115869e+00
1.495017375652412772e+00 1.161479831064978541e+00 1.427749433634387222e+00
1.495601342927989741e+00 1.165626685305879873e+00 1.424840110913440760e+00
1.495615437234135481e+00 1.165732238942822185e+00 1.424768333023656020e+00
1.496143150850189674e+00 1.169473328473942919e+00 1.422129033805534792e+00
1.496739922784377619e+00 1.173522207074287227e+00 1.419256389083096925e+00
1.496755586988302245e+00 1.173626766489130002e+00 1.419184727375260024e+00
1.497341993414155192e+00 1.177450684233378286e+00 1.416504275402353352e+00
1.497950015086074282e+00 1.181390492107752932e+00 1.413733252667191298e+00
1.498575721648377046e+00 1.185308792862810989e+00 1.411157906335101409e+00
1.499223013949964045e+00 1.189242787349144237e+00 1.408533246680754747e+00
1.499828927118708632e+00 1.192947680765609197e+00 1.406080749292205390e+00
1.500445652554497800e+00 1.196653418505034372e+00 1.403650558307673712e+00
1.501103091719842464e+00 1.200662570405562235e+00 1.401004914564753623e+00
1.501819563569060545e+00 1.204875822588944434e+00 1.398211414639930261e+00
1.502465538279867729e+00 1.208665056316593489e+00 1.395770586672881342e+00
1.503084869996068607e+00 1.212254891765081943e+00 1.393457283145996151e+00
1.503781528734940087e+00 1.216237610196277297e+00 1.390920613219849056e+00
1.504520975615388112e+00 1.220342865484506989e+00 1.388310218810270280e+00
1.505298878569774512e+00 1.224642590738050707e+00 1.385521143139002653e+00
1.505963884796777119e+00 1.228320911085706957e+00 1.383163894534289007e+00
1.506775407783405907e+00 1.232606016490176204e+00 1.380446376295723754e+00
1.506795460494291250e+00 1.232706476882971192e+00 1.380380599069153336e+00
1.507404652811439316e+00 1.235955709851880302e+00 1.378402104045243881e+00
1.508077881760341299e+00 1.239516869201909177e+00 1.376254087794712255e+00
1.508905848262413141e+00 1.243782239941304546e+00 1.373692659553581441e+00
1.509648994293021573e+00 1.247434016604380691e+00 1.371476287053708498e+00
1.510369042244518178e+00 1.250988280792804774e+00 1.369336938961892125e+00
1.511150919264256487e+00 1.254834535247802529e+00 1.367014682955415950e+00
1.511894326007782174e+00 1.258465720731377413e+00 1.364911587067880294e+00
1.512700119885136862e+00 1.262412038375532175e+00 1.362610323094803455e+00
1.513514325460173948e+00 1.266355722409230999e+00 1.360360784425049596e+00
1.514344444748529028e+00 1.270315766477195574e+00 1.358028165685887023e+00
1.514366929065966039e+00 1.270416316799290568e+00 1.357968005272423229e+00
1.515187695379110355e+00 1.274239430965107722e+00 1.355800033359626289e+00
1.516099755126370630e+00 1.278475364378908852e+00 1.353374068937330810e+00
1.516885760612129763e+00 1.282104415951751841e+00 1.351330832605269539e+00
1.517604275641819989e+00 1.285423353626823584e+00 1.349503538065101038e+00
1.518506848719790803e+00 1.289528180626452469e+00 1.347284147491463857e+00
1.519353507471917331e+00 1.293335779562535315e+00 1.345211100540670390e+00
1.520225826888667253e+00 1.297224277072213106e+00 1.343120236648326804e+00
1.520999212179892091e+00 1.300622629358537452e+00 1.341275219916145289e+00
1.521840828473533414e+00 1.304314147850993422e+00 1.339278797063322424e+00
1.522761112285197838e+00 1.308296920738255320e+00 1.337165846011010961e+00
1.523523720861089670e+00 1.311584708225577378e+00 1.335416232617306909e+00
1.524371616008088681e+00 1.315161384897960639e+00 1.333554217025303856e+00
1.525319056840635623e+00 1.319149493996776501e+00 1.331418837362028595e+00
1.526202474585680369e+00 1.322729328475434230e+00 1.329520277248391613e+00
1.527191827089267040e+00 1.326709232772571800e+00 1.327415068364621753e+00
1.528163009029968489e+00 1.330681711289778857e+00 1.325338810458453587e+00
1.529039958295891788e+00 1.334265646439806829e+00 1.323531989292533462e+00
1.530002598724091722e+00 1.338119480105904202e+00 1.321618932296945381e+00
1.531042867533637164e+00 1.342280891544582300e+00 1.319602903784955039e+00
1.531967516037605836e+00 1.345942827945251885e+00 1.317803094158223276e+00
1.534373196609310597e+00 1.355334091889860426e+00 1.313190344245110053e+00
1.535378179637704177e+00 1.359196893041958898e+00 1.311314424063411366e+00
1.536300242044571718e+00 1.362742511416551228e+00 1.309616884492340816e+00
1.537205687762031925e+00 1.366190169987683944e+00 1.307980089780120814e+00
1.538232168243777176e+00 1.370032465354956042e+00 1.306190291001117609e+00
1.539295113046571517e+00 1.373965006486205898e+00 1.304336122424785804e+00
1.539319438730996303e+00 1.374064615497977648e+00 1.304293280784075915e+00
1.540331045059324389e+00 1.377806461477752542e+00 1.302540608697442481e+00
1.541307781585297354e+00 1.381440354588778785e+00 1.300852866311942524e+00
1.542364123354866168e+00 1.385278120168085270e+00 1.299087262559516898e+00
1.542419795963971385e+00 1.385473768962249386e+00 1.299000958788720128e+00
1.543535914237481377e+00 1.389505986748845512e+00 1.297162058902848747e+00
1.544614477277258757e+00 1.393332713314515248e+00 1.295384369747512032e+00
1.544641619533245525e+00 1.393432939706319207e+00 1.295338616397627485e+00
1.545841626908359689e+00 1.397750221965213591e+00 1.293447309207605755e+00
1.546847861043139538e+00 1.401372458308761892e+00 1.291874990419140889e+00
1.547918696473248534e+00 1.405210245185606333e+00 1.290195471318466236e+00
1.548903214180801235e+00 1.408629400306336654e+00 1.288693811849215498e+00
1.549946448923369635e+00 1.412244788768599157e+00 1.287086631094884526e+00
1.551138792778646192e+00 1.416344149499067617e+00 1.285351025010856851e+00
1.552157084949324028e+00 1.419864663807773209e+00 1.283809182003208260e+00
1.553218582352729804e+00 1.423490478158626615e+00 1.282254456521151775e+00
1.554269655268568862e+00 1.427001075506697969e+00 1.280791221052412165e+00
1.555411279811210967e+00 1.430902383773614783e+00 1.279157156971610920e+00
1.556574660945455379e+00 1.434814801233108561e+00 1.277551426648926070e+00
1.556603963986245454e+00 1.434909763066170907e+00 1.277512571046851786e+00
1.557679184927964755e+00 1.438513858349311780e+00 1.276039593376236736e+00
1.558934435888914338e+00 1.442703616700362623e+00 1.274352982054022920e+00
1.560001665713851127e+00 1.446202489954474535e+00 1.272946228670356117e+00
1.561075821332850389e+00 1.449718098761760832e+00 1.271543259394180225e+00
1.562161407394335733e+00 1.453301433893336991e+00 1.270165361464079545e+00
1.563172599973675636e+00 1.456612574562416551e+00 1.268860317786432823e+00
1.564306855026132981e+00 1.460302117572726210e+00 1.267351444705118180e+00
1.565473236887238606e+00 1.464098184450340678e+00 1.265817455767312527e+00
1.566603242080422786e+00 1.467673897043789033e+00 1.264421787802128216e+00
1.567793591307773404e+00 1.471448970077919860e+00 1.262969232309582690e+00
1.568970091948663326e+00 1.475221767506103232e+00 1.261503966065692595e+00
1.569001011160813031e+00 1.475317708437452469e+00 1.261465481836819613e+00
1.570241095868555758e+00 1.479281860743800081e+00 1.259920341835185420e+00
1.571519110474615344e+00 1.483324330261399648e+00 1.258350701419965079e+00
1.572667983356086818e+00 1.486888241652017717e+00 1.256958536203728105e+00
1.573857550275628236e+00 1.490549735801203646e+00 1.255582178703415819e+00
1.573890606621220156e+00 1.490643311220684275e+00 1.255545040875061691e+00
1.574977248076415481e+00 1.494021921167174138e+00 1.254261801230813766e+00
1.576131363166264565e+00 1.497579301909829130e+00 1.252977929902740817e+00
1.577335016814381596e+00 1.501241267546860936e+00 1.251631718585455744e+00
1.578532429598303422e+00 1.504891326191923451e+00 1.250318845805414414e+00
1.579688499871877871e+00 1.508453284542135009e+00 1.249091774717658643e+00
1.580846817342820732e+00 1.511919262018713850e+00 1.247835852360948072e+00
1.582013904212839384e+00 1.515472191719595241e+00 1.246564583373212409e+00
1.583269902389033756e+00 1.519214243935425923e+00 1.245266777529098645e+00
1.584514084608465323e+00 1.522947239830396704e+00 1.243939285443827369e+00
1.585888854358459721e+00 1.527083329078353646e+00 1.242502758743225799e+00
1.587117255599951759e+00 1.530722291821204673e+00 1.241230983839888280e+00
1.588275902107878723e+00 1.534167762970988669e+00 1.239991382657047003e+00
1.589536120552393239e+00 1.537904837454280527e+00 1.238638014012624078e+00
1.590604548808840502e+00 1.541052228337731034e+00 1.237513254867477430e+00
1.591705641240123148e+00 1.544296288088932601e+00 1.236383022734478310e+00
1.593108624385402461e+00 1.548402923140547616e+00 1.234931310100948920e+00
1.594574383576175647e+00 1.552597487252232789e+00 1.233477317848121091e+00
1.596050328174446697e+00 1.556788904083757474e+00 1.232025173019406505e+00
1.597336891594999253e+00 1.560500592032842526e+00 1.230688578914062914e+00
1.598588393755264514e+00 1.564107102072333166e+00 1.229365155940829180e+00
1.599842247969873288e+00 1.567728473304505377e+00 1.228033662246921454e+00
1.601246440737551957e+00 1.571716833010393444e+00 1.226637512958837384e+00
1.602416711790649151e+00 1.575037285497015382e+00 1.225476085103563983e+00
1.606193630732255961e+00 1.585521016289651142e+00 1.222208134636023180e+00
1.607574093229621193e+00 1.589321795877528087e+00 1.221053509618664101e+00
1.608669450127361289e+00 1.592360312971091929e+00 1.220083317644688803e+00
1.609895266142309378e+00 1.595772164406055627e+00 1.219016997363724153e+00
1.611100780399143728e+00 1.599110958273631589e+00 1.217936249984981512e+00
1.612325665302313249e+00 1.602514500875787062e+00 1.216879304077383317e+00
1.613668543876860095e+00 1.606213238640630703e+00 1.215717244301069311e+00
1.614924729975796946e+00 1.609615058454320291e+00 1.214596329773720340e+00
1.616269240475969093e+00 1.613294846326024157e+00 1.213301958745375719e+00
1.617637931291741049e+00 1.616992790244180522e+00 1.212031349443549955e+00
1.619110040956821539e+00 1.620956596069088818e+00 1.210674669479528509e+00
1.620478341313605242e+00 1.624638900904795458e+00 1.209443036094564938e+00
1.621919823552472106e+00 1.628515009115900414e+00 1.208190482826882350e+00
1.623243139485517794e+00 1.632013715810561649e+00 1.207065551479373333e+00
1.624508007009687338e+00 1.635390642137255490e+00 1.205705571290766498e+00
1.625777531769279749e+00 1.638764651114267723e+00 1.204177774347787278e+00
1.627037294679428037e+00 1.642124480206605952e+00 1.202778275064820823e+00
1.628458463968908143e+00 1.645818667311247374e+00 1.201687742231263956e+00
1.628494845649850697e+00 1.645913361585721102e+00 1.201663503079791750e+00
1.629801380955436141e+00 1.649308642477926190e+00 1.200888716311355964e+00
1.631231623255509744e+00 1.653010521889524798e+00 1.200088108416118571e+00
1.631267674456078565e+00 1.653105489581997656e+00 1.200070731907613375e+00
1.632641891238328036e+00 1.656684052993208756e+00 1.199160071206005318e+00
1.634018878052472923e+00 1.660265142909440828e+00 1.198185880766748701e+00
1.635521568737211551e+00 1.664127018919208556e+00 1.197095814325106478e+00
1.635558535071181430e+00 1.664220035848250845e+00 1.197068219343369488e+00
1.636770786514551546e+00 1.667310885309697399e+00 1.196184513552556394e+00
1.638006574366877022e+00 1.670515099043438312e+00 1.195275112801881701e+00
1.639399666979936887e+00 1.674080365994247810e+00 1.194229101199197673e+00
1.640802735167419035e+00 1.677661840249892400e+00 1.193163485632849241e+00
1.642263651179669992e+00 1.681319394821332303e+00 1.192076852880820548e+00
1.643892952063476187e+00 1.685513243562116958e+00 1.190542406737632231e+00
1.645385935666165977e+00 1.689322698214066776e+00 1.189092574619595721e+00
1.646740702359624109e+00 1.692773727760991109e+00 1.187813593918652044e+00
1.647989364095500564e+00 1.695937376604407909e+00 1.186679758111670147e+00
1.649335883055232488e+00 1.699289768295498382e+00 1.185551269769965055e+00
1.650653587918908372e+00 1.702549334975292483e+00 1.184489893531253113e+00
1.652028960019733095e+00 1.705997959395990193e+00 1.183436118081697908e+00
1.653685527304783465e+00 1.710104957153237404e+00 1.182469961252069046e+00
1.655102157611205271e+00 1.713555806569508455e+00 1.181774905934127595e+00
1.656699352805258707e+00 1.717473043879886418e+00 1.180917030997178818e+00
1.656737374284998010e+00 1.717564348917495654e+00 1.180895924335713776e+00
1.658065548000032141e+00 1.720834157201593051e+00 1.180049491633564873e+00
1.659471393023702612e+00 1.724292598493692985e+00 1.179083127690810473e+00
1.660983091613651874e+00 1.728022862492339939e+00 1.178054810887816606e+00
1.662292843829010547e+00 1.731181981108601109e+00 1.177208887886383781e+00
1.663648382849641782e+00 1.734512993642512324e+00 1.176088970732932060e+00
1.665036847404462339e+00 1.737939168095689046e+00 1.174844413025059930e+00
1.666557791745862716e+00 1.741656472651474274e+00 1.173520840035609636e+00
1.666598798064856002e+00 1.741745721038497230e+00 1.173486830620372068e+00
1.668021151756847065e+00 1.745170193561856209e+00 1.172354244468138518e+00
1.669597893638810060e+00 1.748965656670865121e+00 1.171118933762978820e+00
1.671061797438637697e+00 1.752475502414340802e+00 1.169995219249454488e+00
1.672499029783925950e+00 1.755919166664674735e+00 1.168871865172418145e+00
1.673759894171474416e+00 1.758909876155659413e+00 1.167780242331741158e+00
1.675043298204163422e+00 1.761987625723905992e+00 1.165100503012938882e+00
1.676399452007891977e+00 1.765288166925158775e+00 1.161143612004395198e+00
1.678013819593016764e+00 1.769124365512455332e+00 1.157243462993627015e+00
1.679708301175737883e+00 1.772992137451195438e+00 1.156176677867528868e+00
1.681159079288789826e+00 1.776289608951965526e+00 1.156985013114578686e+00
1.682620489862958868e+00 1.779636224077179696e+00 1.158462254151505277e+00
1.684311941832539183e+00 1.783518515983275377e+00 1.159623537442947327e+00
1.685800110292068776e+00 1.786934080343808073e+00 1.159835430481787499e+00
1.689428921783030280e+00 1.795339700249932724e+00 1.158356446697346387e+00
1.690933432223394650e+00 1.798833549566782208e+00 1.157563003422148018e+00
1.692490786969237160e+00 1.802428239519682673e+00 1.156459449366393777e+00
1.694068124178647716e+00 1.806089474224157776e+00 1.155185013667006988e+00
1.695328910119759058e+00 1.809050411689011373e+00 1.153955152935339568e+00
1.696468034141329850e+00 1.811715372796272927e+00 1.151524743725245603e+00
1.696506926258936288e+00 1.811805147547224548e+00 1.151424970367586953e+00
1.697960009688202154e+00 1.815173858730043444e+00 1.147812519778004470e+00
1.697999076812330088e+00 1.815261754507562886e+00 1.147717763435487814e+00
1.699378236627561378e+00 1.818352231293401955e+00 1.144861313880923825e+00
1.700844819281815523e+00 1.821655870965857682e+00 1.142378128894998346e+00
1.702496626289308868e+00 1.825341558907383366e+00 1.140086709042115176e+00
1.703850018567141245e+00 1.828327227196136162e+00 1.138654903588173228e+00
1.705288698585230911e+00 1.831414569002047132e+00 1.138634211554511610e+00
1.706904938441471398e+00 1.834896596393273072e+00 1.140211003019336866e+00
1.708450500229954150e+00 1.838288456820767136e+00 1.141666767780689762e+00
1.709820556254254775e+00 1.841307230093753189e+00 1.142567475669842292e+00
1.711325855407751728e+00 1.844624271680089800e+00 1.142695313330096551e+00
1.712956438967702777e+00 1.848199822433637340e+00 1.142323062393279187e+00
1.714480827030897991e+00 1.851591148190802727e+00 1.141497467779429398e+00
1.716020795563046875e+00 1.855053037271324756e+00 1.140494240339760212e+00
1.717610599315034570e+00 1.858575847834334160e+00 1.139162077055801081e+00
1.719078689301016594e+00 1.861808270045252511e+00 1.136031631736141412e+00
1.720500786131783810e+00 1.864986610468376549e+00 1.132391402366123234e+00
1.722217095777610840e+00 1.868715743039956356e+00 1.128422382089156573e+00
1.723742495553742815e+00 1.872007086487285754e+00 1.126017950294105008e+00
1.725419765681331707e+00 1.875577119757649847e+00 1.124033951226678818e+00
1.726939919227634679e+00 1.878728542907848631e+00 1.122953107869800959e+00
1.728580888289533268e+00 1.882144962767839713e+00 1.122717539153471833e+00
1.730250680270441155e+00 1.885640766182598460e+00 1.124359371095168258e+00
1.730294171503170553e+00 1.885730561064793198e+00 1.124413955648593699e+00
1.732174630282438788e+00 1.889653087648577312e+00 1.125731846069774500e+00
1.733840771590062779e+00 1.893124966160708800e+00 1.126359286551456673e+00
1.735615634098723215e+00 1.896864680215646359e+00 1.126736297530698705e+00
1.735656705957403512e+00 1.896954669667760163e+00 1.126740073430910982e+00
1.737366019258547389e+00 1.900570116305585699e+00 1.126116592630005186e+00
1.738768890428342928e+00 1.903577807724335491e+00 1.125336411546476789e+00
1.740430035515874607e+00 1.907167534125221220e+00 1.123797293354367843e+00
1.742039280952657254e+00 1.910555202873359892e+00 1.120433222804273043e+00
1.743618339481759039e+00 1.913985649433019187e+00 1.116938387247728093e+00
1.745333719616343426e+00 1.917594734725974526e+00 1.113772406866194054e+00
1.746947321746676440e+00 1.920968279109973365e+00 1.111510913722931759e+00
1.748849330649310252e+00 1.924871638692229547e+00 1.109622129072457719e+00
1.750479154576232377e+00 1.928192407317304902e+00 1.108355169957947473e+00
1.751982974593076170e+00 1.931233892301563948e+00 1.107348884954273860e+00
1.753597518286256207e+00 1.934453585429948275e+00 1.107125125776321939e+00
1.755119932022603191e+00 1.937487885746232763e+00 1.108139793876464552e+00
1.756712129988086346e+00 1.940680134798029366e+00 1.109232314486382265e+00
1.758322338375797989e+00 1.943920384094668830e+00 1.110025585163697093e+00
1.760117249919370241e+00 1.947561808969081598e+00 1.110107676949027233e+00
1.761808500881143491e+00 1.950976681256963552e+00 1.109752521413336801e+00
1.763360743030461197e+00 1.954149247781973076e+00 1.109022021967051908e+00
1.765038739636409337e+00 1.957630894183806980e+00 1.107349515844872290e+00
1.766580088221780809e+00 1.960776993593055240e+00 1.104081094625726900e+00
1.768121323309218784e+00 1.963929272833263795e+00 1.100540005360251650e+00
1.769905273337851526e+00 1.967543110245467020e+00 1.096980358940413236e+00
1.771598361715482906e+00 1.970901476546273123e+00 1.094558744332290612e+00
1.771643536349962300e+00 1.970991077368693167e+00 1.094504177446217863e+00
1.773503555318758806e+00 1.974619805936202344e+00 1.092944918500823981e+00
1.775193539825900446e+00 1.977889198718283170e+00 1.091847738671441581e+00
1.776799466118894610e+00 1.980983991316328297e+00 1.090881174719611213e+00
1.778500061137826993e+00 1.984231489185266373e+00 1.090784259718570404e+00
1.782958881228222214e+00 1.992816786309866028e+00 1.094415458770867433e+00
1.784472463883056026e+00 1.995764742515941492e+00 1.095606651075111904e+00
1.786122760217031757e+00 1.998986520998250027e+00 1.095758359144263006e+00
1.787752784667654415e+00 2.002204211025477854e+00 1.094689922064713050e+00
1.789457117864979852e+00 2.005563180251814792e+00 1.093175427432352187e+00
1.791276600442965883e+00 2.009217705108897967e+00 1.090963417497745169e+00
1.792779005762086930e+00 2.012131742171177962e+00 1.087249488029699229e+00
1.794370009920696951e+00 2.015234219349165468e+00 1.082956408885626498e+00
1.795984419979903324e+00 2.018358535557563727e+00 1.079266328449910661e+00
1.797759879641776637e+00 2.021740948350345235e+00 1.076054707432300139e+00
1.799499604057858582e+00 2.024969067819347046e+00 1.074093055937585417e+00
1.801250413095810687e+00 2.028218440451804661e+00 1.072737502611543103e+00
1.802884390950614701e+00 2.031210475558148154e+00 1.071663706398697125e+00
1.804751862091794168e+00 2.034632332981768599e+00 1.071539777978731234e+00
1.806807211776739752e+00 2.038402127921318030e+00 1.073022631862524889e+00
1.808626059553264387e+00 2.041748904483485560e+00 1.074536061804496789e+00
1.810647879344978950e+00 2.045478886837518218e+00 1.075436729306052719e+00
1.812323699109630759e+00 2.048601579774790515e+00 1.075188918608144695e+00
1.814083210973980176e+00 2.051852999299359048e+00 1.074416946368813797e+00
1.815937855058606720e+00 2.055285698436644992e+00 1.073207259150876336e+00
1.817757617951937021e+00 2.058692346119536332e+00 1.071015123843870764e+00
1.819429459923043169e+00 2.061788192215621152e+00 1.066786331137701493e+00
1.821149481938025394e+00 2.064992895643462223e+00 1.062348503065667416e+00
1.823168657623793099e+00 2.068703842639277646e+00 1.058139712153860934e+00
1.825127067476288278e+00 2.072241426773074657e+00 1.055231014477554963e+00
1.826831390448332870e+00 2.075263562293836017e+00 1.053545336188623782e+00
1.829013278563841771e+00 2.079066656409078284e+00 1.052950327863385827e+00
1.830656525269178658e+00 2.081954865005317679e+00 1.054256270570128606e+00
1.832495170677795882e+00 2.085185606229392974e+00 1.055595002047893027e+00
1.834217394122081179e+00 2.088242298866727076e+00 1.056517071919519601e+00
1.836274023682267442e+00 2.091894698948289388e+00 1.056456344635773981e+00
1.838038540134211640e+00 2.095051378238484752e+00 1.055982067748558739e+00
1.839995219500796697e+00 2.098523466706576190e+00 1.054872794046862072e+00
1.841782909183485195e+00 2.101742959105298070e+00 1.053559096072754997e+00
1.843527631981897619e+00 2.104875567645517087e+00 1.052191981309943847e+00
1.845314312555350833e+00 2.108116138810092188e+00 1.050152242190967034e+00
1.847235032435518010e+00 2.111515008689596407e+00 1.045338737065903967e+00
1.849142158827682847e+00 2.114900060578183805e+00 1.040270956577343586e+00
1.850948875454246245e+00 2.118054523389966359e+00 1.035936561963076707e+00
1.852878054781965877e+00 2.121400692164758794e+00 1.032598012584919234e+00
1.852928431176829926e+00 2.121484721156853936e+00 1.032528822273552249e+00
1.854932280772604747e+00 2.124855177638806936e+00 1.030839545813690972e+00
1.856974921021024016e+00 2.128258901985159213e+00 1.031910275377995401e+00
1.859069688073979432e+00 2.131771160593808112e+00 1.035471239372507180e+00
1.859122672009843269e+00 2.131860223308435387e+00 1.035566101122982197e+00
1.860895021575917241e+00 2.134848983768576680e+00 1.038119825008801067e+00
1.862808996300441278e+00 2.138105642498780767e+00 1.038135064243953964e+00
1.864737319693562156e+00 2.141447615430520202e+00 1.036843987488035967e+00
1.866333797614526668e+00 2.144268095048472489e+00 1.035309388698741895e+00
1.868325535065603837e+00 2.147743595516430126e+00 1.033075214331863556e+00
1.870049056898837714e+00 2.150738423350001760e+00 1.031222036510268891e+00
1.872058653654245397e+00 2.154145489100366184e+00 1.029171580824841836e+00
1.872108691426417559e+00 2.154230173928440184e+00 1.029121514062875109e+00
1.873890107898757318e+00 2.157292269170243415e+00 1.026603111488849418e+00
1.875729171738976353e+00 2.160418882532500362e+00 1.021995520512612110e+00
1.875778970325870487e+00 2.160501886627569146e+00 1.021860288118069171e+00
1.877598423545802531e+00 2.163558862780834424e+00 1.017681211700439903e+00
1.882698077427699790e+00 2.171827089761664276e+00 1.016230106422949087e+00
1.882753107694519645e+00 2.171911830218366646e+00 1.016249751222702224e+00
1.884725367382664718e+00 2.175100559140825673e+00 1.017147911707878105e+00
1.886651751568844793e+00 2.178197971329971061e+00 1.018154289249425526e+00
1.888501949629620036e+00 2.181231222922822344e+00 1.018695197660356655e+00
1.890285887909751272e+00 2.184166073242813866e+00 1.017502967597515795e+00
1.890630393346583338e+00 2.184742204670256704e+00 1.017113877433245328e+00
1.892489045666422065e+00 2.187820319554088844e+00 1.014522636446112402e+00
1.894301329968767877e+00 2.190779666828183814e+00 1.011687423966455279e+00
1.894353443904473577e+00 2.190861621107122126e+00 1.011599907437742640e+00
1.896152165744620088e+00 2.193786089604984113e+00 1.009012503240545700e+00
1.897911640870080685e+00 2.196630593885530391e+00 1.006924679758766983e+00
1.899879355365512668e+00 2.199840804341700817e+00 1.004891581172997261e+00
1.902000434143904073e+00 2.203214462293978659e+00 1.002928993514174971e+00
1.903855691910010250e+00 2.206169418334676280e+00 1.001363928270815329e+00
1.905760792609603183e+00 2.209153543859845747e+00 1.000376001942030468e+00
1.907723371390485978e+00 2.212204685882924515e+00 9.999806790105076892e-01
1.909883987162347641e+00 2.215584250276570799e+00 9.995775392776644619e-01
1.911879195927421060e+00 2.218694765187391393e+00 9.989547845691314487e-01
1.913771765764876287e+00 2.221676878661204668e+00 9.980001715079966917e-01
1.915991252819586155e+00 2.225130402457873746e+00 9.966690264216974127e-01
1.917976238074349249e+00 2.228247640121977291e+00 9.953923596476652591e-01
1.919944306783674115e+00 2.231346543070117594e+00 9.936950018825894126e-01
1.921973815809516761e+00 2.234558347873484507e+00 9.899116585280467451e-01
1.923997624496667447e+00 2.237681364360207592e+00 9.855790242825861469e-01
1.926135375141526884e+00 2.240985567307501647e+00 9.814135930416922893e-01
1.927989053152045607e+00 2.243797663881987425e+00 9.787991475683504028e-01
1.930205265520865021e+00 2.247098286241368648e+00 9.768589546736372586e-01
1.932516333781857609e+00 2.250501448737189047e+00 9.771702577721487204e-01
1.934521238302536972e+00 2.253484401276269811e+00 9.787134158841261922e-01
1.936524852593379808e+00 2.256467467547778050e+00 9.796584096146668807e-01
1.938392409342828415e+00 2.259271999938196274e+00 9.787159310062689688e-01
1.940444149689396269e+00 2.262412252764970599e+00 9.767979013156671275e-01
1.942447724284752653e+00 2.265457613307302775e+00 9.745149069990406421e-01
1.942502201619612734e+00 2.265537382523507670e+00 9.744515753635895061e-01
1.944853929582011309e+00 2.269095645437781528e+00 9.718198710348913139e-01
1.944907168088209293e+00 2.269176512829078618e+00 9.717617324271743406e-01
1.947008679348341875e+00 2.272293353627935275e+00 9.697082356182002982e-01
1.949205949072665423e+00 2.275593785116560852e+00 9.676028951274618928e-01
1.951273004512386722e+00 2.278642507950216611e+00 9.656821276083837891e-01
1.953369918012733741e+00 2.281735535910367929e+00 9.635031658312092073e-01
1.955344125741323547e+00 2.284653477079184647e+00 9.601708585593594636e-01
1.957310574511165413e+00 2.287493495362972862e+00 9.584076995152626122e-01
1.959236234236065410e+00 2.290227129546490659e+00 9.576981555830053061e-01
1.961318692427014732e+00 2.293186015184937254e+00 9.573290959903079100e-01
1.963531838792170747e+00 2.296310942544849354e+00 9.566921088977379251e-01
1.965668540656609231e+00 2.299362268712081825e+00 9.557309930979159818e-01
1.967914558512064538e+00 2.302571298943898892e+00 9.545072568507970701e-01
1.970459918556506818e+00 2.306188582050970659e+00 9.527280318248467772e-01
1.972777360308387573e+00 2.309485603120160491e+00 9.507987057672450115e-01
1.974523358919623828e+00 2.311963754621894296e+00 9.481470188543655864e-01
1.976494678702685137e+00 2.314752439730953348e+00 9.445898504775445126e-01
1.978819298546278471e+00 2.318014089853526194e+00 9.406455126220157892e-01
1.981135635338249656e+00 2.321247444352282585e+00 9.374407403826018337e-01
1.983496284840335688e+00 2.324451523046619172e+00 9.365708576871524249e-01
1.985782606934622052e+00 2.327549467155945351e+00 9.368818253260517981e-01
1.987824165543852661e+00 2.330329981026783237e+00 9.371529626605730190e-01
1.990002045530094188e+00 2.333302873005655975e+00 9.364669048252978190e-01
1.992198305909242961e+00 2.336342607556391116e+00 9.341404856788090294e-01
1.994393718743443511e+00 2.339364969762579349e+00 9.313678754670234872e-01
1.996771639025803680e+00 2.342633720610965753e+00 9.282963137600565018e-01
2.002161551428984776e+00 2.349944927612955592e+00 9.221498406718958707e-01
2.002221174545931515e+00 2.350023157713171607e+00 9.220810984791617537e-01
2.004583298606132491e+00 2.353152369623026985e+00 9.198351560327946430e-01
2.006973367420774146e+00 2.356295160452127835e+00 9.188555090305099426e-01
2.009401659067898471e+00 2.359504916906339123e+00 9.173061060679535972e-01
2.011640403991504122e+00 2.362465502507218318e+00 9.157185681212446360e-01
2.013878911824893869e+00 2.365413312487991249e+00 9.139791151446720052e-01
2.016238405486516783e+00 2.368519396695512480e+00 9.120156896996952645e-01
2.016298315619459380e+00 2.368596435390711186e+00 9.119646092215575317e-01
2.018787177951937295e+00 2.371863216930395701e+00 9.098028489860753298e-01
2.018849183494773492e+00 2.371944168353290916e+00 9.097489425296632071e-01
2.021096822773754020e+00 2.374875660999505200e+00 9.077759079687114374e-01
2.023408542998409665e+00 2.377898741684657757e+00 9.057083980550790780e-01
2.025667963660433113e+00 2.380843485184570341e+00 9.037005134849629417e-01
2.027887089142709875e+00 2.383703916882818241e+00 9.011357592951868556e-01
2.030350477452881552e+00 2.386841230024536298e+00 8.982973996876366662e-01
2.032773561196600465e+00 2.389927809490623112e+00 8.964705790011953113e-01
2.035090459400772822e+00 2.392853500278982359e+00 8.949714431943539550e-01
2.037600256459258574e+00 2.395979568854250452e+00 8.933479618967380409e-01
2.040106644451758378e+00 2.399129001130607897e+00 8.915739578034300727e-01
2.042722509608274617e+00 2.402412823227824568e+00 8.895192819648578553e-01
2.044911991655400385e+00 2.405149838166915188e+00 8.877207087392562368e-01
2.047423373735547170e+00 2.408278262137723225e+00 8.851329899575920424e-01
2.047482595096006275e+00 2.408344598902180334e+00 8.850724635778963734e-01
2.049619655222324699e+00 2.411032767201791049e+00 8.821587178606858926e-01
2.052021219385907536e+00 2.413985697135877295e+00 8.788890602239127769e-01
2.054416729002747743e+00 2.416974500034328344e+00 8.757937420399551920e-01
2.056926097943240439e+00 2.420028273815368891e+00 8.733340083815779309e-01
2.056990917553080056e+00 2.420105731447276476e+00 8.732923292778744795e-01
2.059346868273547848e+00 2.422922972833513100e+00 8.718831716852342151e-01
2.061752752346861950e+00 2.425788336087478569e+00 8.705636410051490470e-01
2.064092796853875367e+00 2.428572491708790082e+00 8.692447116117051342e-01
2.066459680552423794e+00 2.431405512406949576e+00 8.675718122404291188e-01
2.068799041771408387e+00 2.434222433194513258e+00 8.650427614587423708e-01
2.071130637397161411e+00 2.437006816310963941e+00 8.622879813501890256e-01
2.073293020985025770e+00 2.439609700063516406e+00 8.596410563674412586e-01
2.075943132670640345e+00 2.442716694932709487e+00 8.566792092677564252e-01
2.078152746011777463e+00 2.445293388787274758e+00 8.543012060446794065e-01
2.080605653580329228e+00 2.448105800966346557e+00 8.523802161733323723e-01
2.083049400896889392e+00 2.450920589070785027e+00 8.509397716087637731e-01
2.085296115947762097e+00 2.453492937283379582e+00 8.496337680336500942e-01
2.087762328306354220e+00 2.456345442570240678e+00 8.475794901222164501e-01
2.090343312503026851e+00 2.459331911212602861e+00 8.448969509385010346e-01
2.092953065076708086e+00 2.462318876015959557e+00 8.420426865080269385e-01
2.093018575540501747e+00 2.462391975682419964e+00 8.419697278641022908e-01
2.095446291286813256e+00 2.465131840350364811e+00 8.394403828532106537e-01
2.097883275784789170e+00 2.467903214541177448e+00 8.369056872076947595e-01
2.100258465604391667e+00 2.470573911065779171e+00 8.345177911818858485e-01
2.102651099658109590e+00 2.473260656715223771e+00 8.321336421347593770e-01
2.105164517344329855e+00 2.476026068758212517e+00 8.301019987680841039e-01
2.107463149157410953e+00 2.478573855911482049e+00 8.283987311383497198e-01
2.109880510648139307e+00 2.481237895900871848e+00 8.262344203056040115e-01
2.112360112579674265e+00 2.483972396168402152e+00 8.237072151483874061e-01
2.114977097016016216e+00 2.486851787591039198e+00 8.210160758298983286e-01
2.117473259897307170e+00 2.489581040974428561e+00 8.184254840075754212e-01
2.120028747044464978e+00 2.492366457882316588e+00 8.158438201106575915e-01
2.126516295963043035e+00 2.499327278276360698e+00 8.093595429162974142e-01
2.129273979532682048e+00 2.502246716409791460e+00 8.066364102302558958e-01
2.131842958345650185e+00 2.504955724010947904e+00 8.042962023456333709e-01
2.134542076101606956e+00 2.507793383358430717e+00 8.019622153732576253e-01
2.137069133534036158e+00 2.510478180357983646e+00 7.995513461235470576e-01
2.139557604684865666e+00 2.513083306474229506e+00 7.970758779980778863e-01
2.142313263695660552e+00 2.515969680728410651e+00 7.943212002192863164e-01
2.144857187678813837e+00 2.518630373685298629e+00 7.917610811404465210e-01
2.147838096661955909e+00 2.521714789418028957e+00 7.888236447516691063e-01
2.150568213005745299e+00 2.524509057944463120e+00 7.861095317215198719e-01
2.153162967091571733e+00 2.527123275630716037e+00 7.835558774545552385e-01
2.156098641819916395e+00 2.530114850591515641e+00 7.807272584198891030e-01
2.158896932354260834e+00 2.532948285807167466e+00 7.780161697549849986e-01
2.161523519227730450e+00 2.535550371336349862e+00 7.754484514255415295e-01
2.164345679854930093e+00 2.538358210578572915e+00 7.726298909831338380e-01
2.167318755807146502e+00 2.541295068454421546e+00 7.696897687360642060e-01
2.170321063200127298e+00 2.544232851245736171e+00 7.666514101034878070e-01
2.170391592475017006e+00 2.544302183088865910e+00 7.665729404072874065e-01
2.172972426627116871e+00 2.546851002189400415e+00 7.638550260348828669e-01
2.175511137955245200e+00 2.549360410648533914e+00 7.612293548275747002e-01
2.178026997472435333e+00 2.551803672608874862e+00 7.586734897347546802e-01
2.181090675056413630e+00 2.554737084324893992e+00 7.559085757986940823e-01
2.183536714291806291e+00 2.557085749603999147e+00 7.536050216165567361e-01
2.186043649005163125e+00 2.559490425170101169e+00 7.510559597377761687e-01
2.188502136018001920e+00 2.561840399684869318e+00 7.484756429098844421e-01
2.191322171440252209e+00 2.564520333158831988e+00 7.454539300884323039e-01
2.191394392539740554e+00 2.564588141478701733e+00 7.453768416668157260e-01
2.194256873691918130e+00 2.567256909457691805e+00 7.423290246095105571e-01
2.196956916888711753e+00 2.569770661478144813e+00 7.394767773210290107e-01
2.200200210665848477e+00 2.572756708711176898e+00 7.360876702796553817e-01
2.202996026584321143e+00 2.575333083154371483e+00 7.332227842463340250e-01
2.205821071688757851e+00 2.577902033226568523e+00 7.305647089801471372e-01
2.208554648965633138e+00 2.580388953875720759e+00 7.279218678981813628e-01
2.211300822299271829e+00 2.582878118044036331e+00 7.249986991627577204e-01
2.214183445807448081e+00 2.585479016989348011e+00 7.218884199236887955e-01
2.216851289646240453e+00 2.587879750802883905e+00 7.190229772889209503e-01
2.219820605192558194e+00 2.590537063943432194e+00 7.158418202509202466e-01
2.222555144361394674e+00 2.592957633446759669e+00 7.130008255155769747e-01
2.225556779744656932e+00 2.595579334269948024e+00 7.098454862702155976e-01
2.228300762309984862e+00 2.597974524762260984e+00 7.070334996789232607e-01
2.231039901974624318e+00 2.600322970558285984e+00 7.045933173235106040e-01
2.234319961487094996e+00 2.603143031938225160e+00 7.018794337572771269e-01
2.237390879462358484e+00 2.605797119370119042e+00 6.987723816210354988e-01
2.240167962724348705e+00 2.608176606540296483e+00 6.955003725199018216e-01
2.243089840649630240e+00 2.610665666897905801e+00 6.919588372240089713e-01
2.243166202793160036e+00 2.610732788211571620e+00 6.918735079869078319e-01
2.246264872412852220e+00 2.613347362334771162e+00 6.881459550783690649e-01
2.249170757974751300e+00 2.615777977811693411e+00 6.847182020770625765e-01
2.251911095868737611e+00 2.618068436978836289e+00 6.815015140436172514e-01
2.254686198205258840e+00 2.620380252913835584e+00 6.782905800128939955e-01
2.257890445752078534e+00 2.622967951794004104e+00 6.753802104498066727e-01
2.257968310781789611e+00 2.623032579472292625e+00 6.753216614442407728e-01
2.260704848093598507e+00 2.625233111563691324e+00 6.731637699596401125e-01
2.263613311590901400e+00 2.627564272177977500e+00 6.708621466327774341e-01
2.266430320357111228e+00 2.629849158555409794e+00 6.680709459730210797e-01
2.269851273824707860e+00 2.632592767936753564e+00 6.634876668858173954e-01
2.272696741212447691e+00 2.634856822885903505e+00 6.596660105515034234e-01
2.275420102967181890e+00 2.637012193712102270e+00 6.559995076919714618e-01
2.278640176463685219e+00 2.639540875101727302e+00 6.520727490418593009e-01
2.281568201488100467e+00 2.641816934407755113e+00 6.489193756458171425e-01
2.285027121994467336e+00 2.644448080584829164e+00 6.461437729778564121e-01
2.292417049793116668e+00 2.649983473190676619e+00 6.406274413349385410e-01
2.295220142222687887e+00 2.652092283838047404e+00 6.384416284140852493e-01
2.298081435100792103e+00 2.654245115370990504e+00 6.357368508995475676e-01
2.301039236055539838e+00 2.656465752803228053e+00 6.321666968132825248e-01
2.303897879362455825e+00 2.658621948580450756e+00 6.277743625706561081e-01
2.306828457780802033e+00 2.660762956433391224e+00 6.235734697689867545e-01
2.309722178024386618e+00 2.662887925462035454e+00 6.201762944727212679e-01
2.312710309868720948e+00 2.665048559807481787e+00 6.169872832506800853e-01
2.315886108285357459e+00 2.667332051668964255e+00 6.137211377173112936e-01
2.318888151388153407e+00 2.669489633753471480e+00 6.106289474594757127e-01
2.322059489712220426e+00 2.671752613102760243e+00 6.073486210999148316e-01
2.325312991154670605e+00 2.674038130858909845e+00 6.039679650857293636e-01
2.328344211338049696e+00 2.676170571944032517e+00 6.007759186918211203e-01
2.331154829075864576e+00 2.678099236118468340e+00 5.980728964778116996e-01
2.334204295065342105e+00 2.680183478216631165e+00 5.952876448066937165e-01
2.337288448226349846e+00 2.682321437360524197e+00 5.913087641429785046e-01
2.340543621700343468e+00 2.684578226455201388e+00 5.870075580205423860e-01
2.343635985972270408e+00 2.686684363774624718e+00 5.830051583288873296e-01
2.346854481402452564e+00 2.688836285606207355e+00 5.788989351780648995e-01
2.350168911795013749e+00 2.691034915706420616e+00 5.748891660474069187e-01
2.352908379702951525e+00 2.692856600810154877e+00 5.717511435002985420e-01
2.355870416750903917e+00 2.694751922901139629e+00 5.690341310662239138e-01
2.358826235292128981e+00 2.696638970127218649e+00 5.672274716833504149e-01
2.362130851083560579e+00 2.698751472827355613e+00 5.650877815881164556e-01
2.362215783555250859e+00 2.698805639302218395e+00 5.650362936324508922e-01
2.365167022838768673e+00 2.700680232876401909e+00 5.627164153344150765e-01
2.368129436097420104e+00 2.702559259991176521e+00 5.600953343648337190e-01
2.370908401150426226e+00 2.704335664413168416e+00 5.571495199217005867e-01
2.373736626380593240e+00 2.706112501464946085e+00 5.526623482514928520e-01
2.376864900487772214e+00 2.708099972913560638e+00 5.472129882259793021e-01
2.380351241014181607e+00 2.710255742326200146e+00 5.412185333725291203e-01
2.383994579227993516e+00 2.712487554989645666e+00 5.357280713288099516e-01
2.387290763455587328e+00 2.714451950402592129e+00 5.323702961084576524e-01
2.390775444303286701e+00 2.716486086700495406e+00 5.294605052281424751e-01
2.394256639393957720e+00 2.718519757276093518e+00 5.267600118971007550e-01
2.397639308116484624e+00 2.720491505987813419e+00 5.240252203945382492e-01
2.400756073690963888e+00 2.722304679292009588e+00 5.213140691229417589e-01
2.400927325265171497e+00 2.722402234474901483e+00 5.211573581278931000e-01
2.404449282181150949e+00 2.724427241523454057e+00 5.183885517616896310e-01
2.407784103397657915e+00 2.726331178869451755e+00 5.167440775151285193e-01
2.411203027251138664e+00 2.728273833987431729e+00 5.148956018096046972e-01
2.414504869577895008e+00 2.730151314678452401e+00 5.125901372560673908e-01
2.414590468818998303e+00 2.730201467819029837e+00 5.125064135465540183e-01
2.417666895801422910e+00 2.731974514387989217e+00 5.082056882950147791e-01
2.420689737356242155e+00 2.733660234084957175e+00 5.023424634602037253e-01
2.424165537364796119e+00 2.735609941853300420e+00 4.955057456534993077e-01
2.424250229514489430e+00 2.735651849094150379e+00 4.953338209165064066e-01
2.427492275895926532e+00 2.737444312424881510e+00 4.900197109429142439e-01
2.430805186004295848e+00 2.739245442051882584e+00 4.856411342085134031e-01
2.434085100171990312e+00 2.740979322819837805e+00 4.820756964094256025e-01
2.437530638696917329e+00 2.742787607770996505e+00 4.794493875026402674e-01
2.440673102419202323e+00 2.744402087610287477e+00 4.772387221165439453e-01
2.444433453400990608e+00 2.746341180916625824e+00 4.743737390448287128e-01
2.447654495616408354e+00 2.748010981662587948e+00 4.716917472759519780e-01
2.451209086063547371e+00 2.749845405268693810e+00 4.683867343195070032e-01
2.454850015952493081e+00 2.751696080479291595e+00 4.648351646817752703e-01
2.454938315176594443e+00 2.751742761271729343e+00 4.647496132911811961e-01
2.458250370556538389e+00 2.753415545054288760e+00 4.614637420882947705e-01
2.461392331659618460e+00 2.754986447435608277e+00 4.570736789643851661e-01
2.463727494006248797e+00 2.756190537288180309e+00 4.536186310806551436e-01
2.464949335626756888e+00 2.756792854260790016e+00 4.517135126841397841e-01
2.468321460821123026e+00 2.758473491583695036e+00 4.466931761650138610e-01
2.471609817033217915e+00 2.760097978730434498e+00 4.422169992193433208e-01
2.475130822960293742e+00 2.761833038926301942e+00 4.376626694200388967e-01
2.478388316764537080e+00 2.763392522934202233e+00 4.338235023338250507e-01
2.481811607138349363e+00 2.764966566419243765e+00 4.305697510133000838e-01
2.485486646597936389e+00 2.766654693758783257e+00 4.281358936873826404e-01
2.489168356245010205e+00 2.768326069165051972e+00 4.256322392590231041e-01
2.493013734633337197e+00 2.770066736110780248e+00 4.227815444667572531e-01
2.501415547666204553e+00 2.773868384804400122e+00 4.152430904837029479e-01
2.504788548614305999e+00 2.775382000275159022e+00 4.120369540515121942e-01
2.508815439311587348e+00 2.777128598939355708e+00 4.088812178162399280e-01
2.512046707561526482e+00 2.778540132072119473e+00 4.066584477918521734e-01
2.515181026787167706e+00 2.779927637131625495e+00 4.027672042558402832e-01
2.519079573013285334e+00 2.781618168567800531e+00 3.952845632419165200e-01
2.522455880827383368e+00 2.783059747097097691e+00 3.886118207008959491e-01
2.525674428176420516e+00 2.784397838871109254e+00 3.827327562682849016e-01
2.529562585517580953e+00 2.786007487644678093e+00 3.771642435921162551e-01
2.533080422365987516e+00 2.787402296232852628e+00 3.733894467164399766e-01
2.536845646929591247e+00 2.788861533633559375e+00 3.706556489136266785e-01
2.540979356415880908e+00 2.790473462406611205e+00 3.680560020721154735e-01
2.544254613892698025e+00 2.791738792792223478e+00 3.657973808997878606e-01
2.547428385507330084e+00 2.792951743885080607e+00 3.632521610098360387e-01
2.550790931792611627e+00 2.794238947094888292e+00 3.601800922721364318e-01
2.554241347299113229e+00 2.795569196907312204e+00 3.567510688067248026e-01
2.557569934678634027e+00 2.796798552134718729e+00 3.540451669718575611e-01
2.560880176447345669e+00 2.798032211320742313e+00 3.522446229506062676e-01
2.564353031399517313e+00 2.799310679429848570e+00 3.503653379579920180e-01
2.568041338375746552e+00 2.800650127849130921e+00 3.479623265371369900e-01
2.568135467118388249e+00 2.800682160557856459e+00 3.478897153952120735e-01
2.571518517828426553e+00 2.801920178140733686e+00 3.449846458499721824e-01
2.574750015673556103e+00 2.803136325241645910e+00 3.402230641208505713e-01
2.578029432509916674e+00 2.804289848969393262e+00 3.336387807199488464e-01
2.581134757211798636e+00 2.805396137455654415e+00 3.272547838149715282e-01
2.585195671087221925e+00 2.806785907326775131e+00 3.201436511634924709e-01
2.588692144851127086e+00 2.807975578972374375e+00 3.152674718658953212e-01
2.589161992230355036e+00 2.808149023536780753e+00 3.146917997071070339e-01
2.593167836836543838e+00 2.809459316363783099e+00 3.104139706656778297e-01
2.596614942663961756e+00 2.810564925073455456e+00 3.073995114679261009e-01
2.600163725576801532e+00 2.811695050002110285e+00 3.043375254953146758e-01
2.603606016186666317e+00 2.812783795281735166e+00 3.014173400188948637e-01
2.607185684580325180e+00 2.813893675098377845e+00 2.986294335087572582e-01
2.610758252554919778e+00 2.814967476423238413e+00 2.963513883782082359e-01
2.614891899298287470e+00 2.816243993724572903e+00 2.935342147330751716e-01
2.614989223607817159e+00 2.816271680270425293e+00 2.934685168590571158e-01
2.618525642256329000e+00 2.817356442229150382e+00 2.906221221332953575e-01
2.622057853118242132e+00 2.818427933410402098e+00 2.874552963724211208e-01
2.622153217754386922e+00 2.818456429980388478e+00 2.873706376581626198e-01
2.625788335112920535e+00 2.819562699832891095e+00 2.838773451896295374e-01
2.629427424788651990e+00 2.820651287408335151e+00 2.803230051797369615e-01
2.629521579684845456e+00 2.820685258853116384e+00 2.802354626320108788e-01
2.633329751931403617e+00 2.821776577145291398e+00 2.773581631961308802e-01
2.637306016499529893e+00 2.822905055684785225e+00 2.751211070369718459e-01
2.641068987442365845e+00 2.823970430310164925e+00 2.729651905407858847e-01
2.644453882842642933e+00 2.824916061863245620e+00 2.706606516951023389e-01
2.648109565057071624e+00 2.825931395588925810e+00 2.675834929567496578e-01
2.651881328000501359e+00 2.826974705862529191e+00 2.641077359127823043e-01
2.651979790013414551e+00 2.827002289652870815e+00 2.640140472285065210e-01
2.655390687231817370e+00 2.827975138521817033e+00 2.599463960836830290e-01
2.658645639839451569e+00 2.828839316658583680e+00 2.539548481812931024e-01
2.662343158637986651e+00 2.829847002934095634e+00 2.465463215698558141e-01
2.662435885964981264e+00 2.829871140457204781e+00 2.463542480231926401e-01
2.665559498453068166e+00 2.830675048286576789e+00 2.402742017273189201e-01
2.669149539650102376e+00 2.831590989152537485e+00 2.351064867239302525e-01
2.673150414406269881e+00 2.832576459845901340e+00 2.302593674841213467e-01
2.673247139321521360e+00 2.832599190772482789e+00 2.301476386443200017e-01
2.676977504669864949e+00 2.833465479380012475e+00 2.262281342075561641e-01
2.680615456986491729e+00 2.834292792203871869e+00 2.227407808313331128e-01
2.684450213482394432e+00 2.835153458755939049e+00 2.196526767962864446e-01
2.688290192206570950e+00 2.836013380870506584e+00 2.168319265617413283e-01
2.692024421788360655e+00 2.836826197996511034e+00 2.139600657824581864e-01
2.692122007557050445e+00 2.836846139492325669e+00 2.138834386925004827e-01
2.695653005828828164e+00 2.837604816459591728e+00 2.108430568131472449e-01
2.699375751352369068e+00 2.838415098957741023e+00 2.075080973307459054e-01
2.708204875509753862e+00 2.840252104181484771e+00 1.995697092038461740e-01
2.711728624911586394e+00 2.840984020661962983e+00 1.963426284196578275e-01
2.715389112142815087e+00 2.841703283600859553e+00 1.935679782752698364e-01
2.719039934032170258e+00 2.842418579263976675e+00 1.911452866900104630e-01
2.722796010077351614e+00 2.843137272385786396e+00 1.885159829132876663e-01
2.726153517824644101e+00 2.843779397850871415e+00 1.859914375387040353e-01
2.729887041212225363e+00 2.844505974250000957e+00 1.828518769248070330e-01
2.733141173658354628e+00 2.845104951254224801e+00 1.803301673196089916e-01
2.736978655466823174e+00 2.845808034046310553e+00 1.781289125307183030e-01
2.740833155660254761e+00 2.846510123077437449e+00 1.757383654717028787e-01
2.740932206737072718e+00 2.846525693541069657e+00 1.756728080538596526e-01
2.744276666510600204e+00 2.847130729487027168e+00 1.731218178275057140e-01
2.748012509974223860e+00 2.847818022205612642e+00 1.699962296304721177e-01
2.751535039390299531e+00 2.848465772251850492e+00 1.669446483683366400e-01
2.755698020512487467e+00 2.849202726841715716e+00 1.631639384122610947e-01
2.759767284754135019e+00 2.849875626497245129e+00 1.601849713517458640e-01
2.763612152062459693e+00 2.850504595030066035e+00 1.578218475901876916e-01
2.767063224529019205e+00 2.851057760361321858e+00 1.555536303037075574e-01
2.770544227178944663e+00 2.851646266218601955e+00 1.524841385321952514e-01
2.773888476822129689e+00 2.852198091226132881e+00 1.473539322824994058e-01
2.777284913716429493e+00 2.852702668754389048e+00 1.400223246404483923e-01
2.781136215421394553e+00 2.853297973535543708e+00 1.321143773409182154e-01
2.784493554815644423e+00 2.853749735843026158e+00 1.258138390340511614e-01
2.787972481544660930e+00 2.854228062349482453e+00 1.208539883156213163e-01
2.791886791982549632e+00 2.854709693281042959e+00 1.165408718244719671e-01
2.795511667336665340e+00 2.855125905876966463e+00 1.132771333826650267e-01
2.799319809717192964e+00 2.855557326112649452e+00 1.102896155665096939e-01
2.802636458975519052e+00 2.855924900863191951e+00 1.077147428440189125e-01
2.806357631313034950e+00 2.856320627047062022e+00 1.047925695121478262e-01
2.810564789516798889e+00 2.856751187109681567e+00 1.016582270168480823e-01
2.814569992599231796e+00 2.857163464740252845e+00 9.878797896365332232e-02
2.818376443593926695e+00 2.857533567851608058e+00 9.588838660829096527e-02
2.822280736853595151e+00 2.857902464629323624e+00 9.280179830905570249e-02
2.826288806433007395e+00 2.858271171156113066e+00 8.949117442433340841e-02
2.826388660518929896e+00 2.858279724549106504e+00 8.940494797378681358e-02
2.830479631830417730e+00 2.858640800628224898e+00 8.624305382674773979e-02
2.830577400203754035e+00 2.858653984175392182e+00 8.617952367679684866e-02
2.834474888380624336e+00 2.858997327220774931e+00 8.329745123455001288e-02
2.838270256048193829e+00 2.859308838870490366e+00 8.046754392803563694e-02
2.842556616787196511e+00 2.859650337595077030e+00 7.717258504948690256e-02
2.846047603358584865e+00 2.859914028966067168e+00 7.442038810251655478e-02
2.849937991314595020e+00 2.860206889456157420e+00 7.121215864264840434e-02
2.853701725989498783e+00 2.860499929723561152e+00 6.809390384386823647e-02
2.853799367160159584e+00 2.860507166505868781e+00 6.801107197101201318e-02
2.857995935786291852e+00 2.860811561283068905e+00 6.475825663408384114e-02
2.861794333619773312e+00 2.861073961886931194e+00 6.198454424856226358e-02
2.865667688967720395e+00 2.861330803215773155e+00 5.917828546693407882e-02
2.869249527637322217e+00 2.861559401525063606e+00 5.643416552770225830e-02
2.873115002937195683e+00 2.861811603207826238e+00 5.339963438263473083e-02
2.877171116328533174e+00 2.862055875505558955e+00 5.010406034130873015e-02
2.880436712339423444e+00 2.862233102406777530e+00 4.740736634297657709e-02
2.884025544617809800e+00 2.862406868328881249e+00 4.465385668803472513e-02
2.887504218736003381e+00 2.862557136784171785e+00 4.214459306865395161e-02
2.890889462963214473e+00 2.862695112258168972e+00 3.965391214574362500e-02
2.894845137751125286e+00 2.862861796043922880e+00 3.665743036036979430e-02
2.898904062315336816e+00 2.863031215675603036e+00 3.354068976138677854e-02
2.902560223442113063e+00 2.863162821170118999e+00 3.066529318048831845e-02
2.906129016166776324e+00 2.863282762414787186e+00 2.778078792739230654e-02
2.915424333307201632e+00 2.863574809111534503e+00 2.082357168695326069e-02
2.915525663447879001e+00 2.863579871976159374e+00 2.075532287829534236e-02
2.919573600568022620e+00 2.863696957049908676e+00 1.773388622195482336e-02
2.923138287336449537e+00 2.863788750768708535e+00 1.498957996704066223e-02
2.926677412079405904e+00 2.863865615685871280e+00 1.218909600509607977e-02
2.930812350423996904e+00 2.863961013582394077e+00 8.869746067326319400e-03
2.934569313812454894e+00 2.864021132264129132e+00 5.979768320375793492e-03
2.938518221331429814e+00 2.864069543531217121e+00 3.045709395232991043e-03
2.938617111650642766e+00 2.864070221542389216e+00 2.974249952234165207e-03
2.942262366289781994e+00 2.864086845468626130e+00 2.141337959071375370e-04
2.946205495586036172e+00 2.864104878014507527e+00 -2.802506200922011848e-03
2.950621548748567413e+00 2.864130930371856287e+00 -6.177138432791086375e-03
2.954548737510261258e+00 2.864137436363133116e+00 -9.203866848666916040e-03
2.958566920843672676e+00 2.864128463551687709e+00 -1.220969506540545840e-02
2.962489245755012490e+00 2.864104797757037968e+00 -1.510110722870415360e-02
2.962588939393507204e+00 2.864104151899375061e+00 -1.517429220156617069e-02
2.966429763987130208e+00 2.864082558712509829e+00 -1.812233872726026068e-02
2.969762936311692858e+00 2.864030998078543000e+00 -2.069484612731009934e-02
2.973181417728858911e+00 2.863967213918727772e+00 -2.332349591451017209e-02
