1.500329214896780616e+00 2.249995512133970976e+00 -1.676408142677857809e-04
1.500466842387892408e+00 2.249982321967346266e+00 -2.121384098863101763e-04
1.500491509611508123e+00 2.249976474955156291e+00 -1.022431424710531199e-04
1.500519566224830292e+00 2.249970927677771737e+00 2.337978707154363817e-04
1.500562965457864717e+00 2.249965960434499035e+00 8.137351781463213717e-04
1.500628595497559559e+00 2.249969782744055014e+00 1.637736051519214555e-03
1.500725520209612140e+00 2.249969396064595895e+00 2.872111737733339370e-03
1.500731199648132064e+00 2.249968467040256215e+00 2.900492468675252428e-03
1.500896343042977810e+00 2.249976577273326672e+00 4.220431785638548323e-03
1.500962893804229648e+00 2.249968821689380949e+00 6.184691910786903335e-03
1.501030038393916799e+00 2.249969921319292521e+00 8.952503477310344571e-03
1.501093047180344531e+00 2.249974120410952683e+00 1.201289799434911328e-02
1.501204392259017695e+00 2.249979791655916994e+00 1.511774034010425309e-02
1.501354555940128899e+00 2.249985140435506903e+00 1.832935209097431156e-02
1.501461655680086826e+00 2.249982199143118144e+00 2.207470599723531171e-02
1.501579792522936385e+00 2.249980408637871410e+00 2.646640777729898988e-02
1.501665210659755001e+00 2.249982104974542985e+00 3.049650775838523564e-02
1.501759781257554938e+00 2.249982352756943804e+00 3.483546310947221308e-02
1.501830429640824693e+00 2.249984241588790290e+00 4.017431943405065653e-02
1.502016499281430661e+00 2.249995492928907659e+00 4.546924853773908620e-02
1.502053277570087664e+00 2.249997889885711810e+00 5.132486015060187812e-02
1.502138593253654619e+00 2.249998779439672525e+00 5.829113681750362069e-02
1.502213333972526321e+00 2.250005005621130039e+00 6.492201949987848331e-02
1.502281511149702764e+00 2.250004301291378628e+00 7.213349352878999088e-02
1.502350226748568662e+00 2.250003970149076604e+00 7.994718661636605883e-02
1.502422658160359914e+00 2.250007712916703984e+00 8.815813440580555493e-02
1.502481258519743790e+00 2.250009536704041579e+00 9.702045546127489872e-02
1.502570324308280858e+00 2.250021208384615612e+00 1.064211254029047843e-01
1.502572128212244840e+00 2.250021766169988613e+00 1.066496947324454825e-01
1.502688657677402340e+00 2.250026792323646774e+00 1.166111670078990720e-01
1.502774076169854034e+00 2.250035213179950144e+00 1.252760435051620824e-01
1.502891549836249618e+00 2.250052190553986975e+00 1.352491353231565219e-01
1.502962383443854799e+00 2.250063912075380923e+00 1.468862234314753656e-01
1.503005055378132893e+00 2.250069062272630482e+00 1.570251160180431149e-01
1.503094254511444960e+00 2.250087369082256483e+00 1.679173010145287304e-01
1.503164036888833044e+00 2.250092602872191261e+00 1.782785022061582902e-01
1.503234234997365970e+00 2.250106206849537216e+00 1.881105495048326082e-01
1.503300675034192846e+00 2.250116218746902597e+00 1.995913144864338851e-01
1.503359326234980697e+00 2.250130719468872442e+00 2.091972250696814972e-01
1.503440345700235659e+00 2.250145718055496236e+00 2.198225571914803889e-01
1.503497344759363807e+00 2.250157406275312244e+00 2.294416641443330906e-01
1.503798654852599004e+00 2.250248925111241416e+00 2.554515960323260337e-01
1.503907968766032832e+00 2.250283539822244716e+00 2.652087624210456296e-01
1.503979800992004012e+00 2.250308179962467570e+00 2.745695723368702934e-01
1.504081928093693232e+00 2.250341357022120015e+00 2.841863190283714924e-01
1.504210625794538680e+00 2.250388030747558332e+00 2.943488721827413612e-01
1.504217881909677201e+00 2.250389935160428401e+00 2.946181753648785540e-01
1.504362686606110389e+00 2.250442469776004817e+00 3.046823830852841142e-01
1.504476481105460284e+00 2.250487435186006913e+00 3.136781542039367432e-01
1.504639546944959605e+00 2.250546277048055988e+00 3.234604635128365824e-01
1.504726610584202984e+00 2.250574153126533528e+00 3.325280849030945451e-01
1.505266561998711339e+00 2.250776132582003708e+00 3.427729302664787037e-01
1.508525976288787485e+00 2.252000442872774677e+00 3.543776452763198193e-01
1.508640719034352262e+00 2.252047512729834722e+00 3.546521146896556842e-01
1.512894157419248042e+00 2.253674412803241989e+00 3.649505556746790447e-01
1.517754171928358708e+00 2.255608097453043914e+00 3.773808841554479598e-01
1.521989704956233203e+00 2.257368842638696638e+00 3.884832063975086625e-01
1.525853074627383510e+00 2.259004515697203619e+00 3.987916986230952143e-01
1.530382131232296050e+00 2.260988366438019703e+00 4.110304513667191184e-01
1.534954252449230783e+00 2.263049507560877860e+00 4.228908241846144334e-01
1.539240805526378209e+00 2.265047147409865680e+00 4.342041667175535746e-01
1.543587369951148869e+00 2.267158486766020165e+00 4.454620868643399123e-01
1.547143234215578200e+00 2.268925640706234592e+00 4.533204166168842142e-01
1.550762110920972603e+00 2.270783340527652960e+00 4.590791725287039493e-01
1.554132841502689377e+00 2.272524706986686738e+00 4.627696577774737530e-01
1.557959771474372923e+00 2.274498203553370068e+00 4.635996131366653117e-01
1.561743297977705058e+00 2.276419006406551482e+00 4.626332631105303239e-01
1.565622931843138055e+00 2.278400208014408346e+00 4.616736656974442243e-01
1.569629979816374643e+00 2.280431356634076590e+00 4.618457203591082583e-01
1.574167906802306449e+00 2.282753171216585830e+00 4.635797246725944509e-01
1.578040635164421834e+00 2.284739904115911546e+00 4.666778719653932872e-01
1.581920486275579574e+00 2.286728750007327005e+00 4.704990381366029872e-01
1.585754696638491446e+00 2.288724118615053982e+00 4.741666039409709321e-01
1.589859901103554574e+00 2.290902522398993835e+00 4.776540362613334589e-01
1.594336732649652477e+00 2.293301592412680723e+00 4.812325499961079833e-01
1.598227699796109569e+00 2.295382768039890831e+00 4.840389024763318560e-01
1.602726740521186688e+00 2.297807739318892484e+00 4.872191805003561749e-01
1.606673219668458774e+00 2.299957237337479921e+00 4.900049936598869227e-01
1.610702927853786104e+00 2.302164462843306669e+00 4.926298432911477843e-01
1.614815457843309821e+00 2.304415660545021005e+00 4.949197711621632356e-01
1.618849855543285088e+00 2.306666742580136376e+00 4.973048319193144051e-01
1.618954135937728189e+00 2.306723829756987421e+00 4.973664422141534924e-01
1.622671888627451153e+00 2.308793145620711584e+00 4.998104779818844379e-01
1.627097083073198558e+00 2.311277420947411620e+00 5.029465401311150607e-01
1.631106937600221185e+00 2.313530155230097307e+00 5.057440455944224311e-01
1.635291195000078135e+00 2.315902380400459482e+00 5.084368684476089362e-01
1.638837664775596892e+00 2.317949421336599425e+00 5.103545173735754004e-01
1.642501859126307640e+00 2.320025130340008790e+00 5.122908397649670320e-01
1.646550627208981599e+00 2.322361955890889007e+00 5.145513413468520980e-01
1.649805360372051055e+00 2.324249209259334314e+00 5.164780395998485041e-01
1.653463494151623747e+00 2.326359803439269847e+00 5.187478985922475694e-01
1.657619650043327342e+00 2.328759103684369336e+00 5.213049600775842007e-01
1.657722275924880417e+00 2.328818041376394810e+00 5.213683303872774788e-01
1.661346721321042441e+00 2.330918237314977493e+00 5.236121096434223077e-01
1.665066606778297098e+00 2.333075249620547797e+00 5.258380590364721829e-01
1.668789139113197928e+00 2.335242784775847458e+00 5.281427951376310714e-01
1.672871418315768688e+00 2.337672643292326935e+00 5.306400467907428364e-01
1.676947995835014638e+00 2.340100950191925655e+00 5.331805352571427070e-01
1.681344867026956180e+00 2.342700143658849932e+00 5.358331437459648017e-01
1.685276959028413790e+00 2.345079889520166105e+00 5.379582106175168077e-01
1.688614889971030486e+00 2.347111251808242649e+00 5.396537955629016059e-01
1.692536525557573057e+00 2.349511327058416033e+00 5.416158763611248483e-01
1.696173856027290316e+00 2.351719159338614418e+00 5.434716418267151461e-01
1.705686873137166604e+00 2.357540970884728360e+00 5.484941787812794844e-01
1.709207645056991742e+00 2.359699516530390007e+00 5.504956294258563920e-01
1.713494753175388574e+00 2.362337115084198302e+00 5.528619365519784612e-01
1.717249984375606831e+00 2.364695761383255324e+00 5.548763122672909498e-01
1.720630091939477246e+00 2.366809639029767265e+00 5.566129226244935779e-01
1.724006141252161672e+00 2.368934121485164024e+00 5.583588087023977353e-01
1.727575999625530212e+00 2.371161761429766646e+00 5.601519987344760754e-01
1.727673177040107255e+00 2.371221913937461956e+00 5.602013935753104024e-01
1.731294865234427105e+00 2.373517349040723534e+00 5.619050802066335448e-01
1.731392470138386708e+00 2.373577653354923545e+00 5.619463839681629880e-01
1.734815840626693584e+00 2.375760416119082841e+00 5.634099133182504104e-01
1.738148085425168521e+00 2.377880828104186328e+00 5.648447637801042864e-01
1.741963476709391889e+00 2.380333621521676157e+00 5.666118514495483982e-01
1.745172218630306915e+00 2.382398139228094180e+00 5.682477818437868811e-01
1.748771658222124437e+00 2.384716619391860082e+00 5.700506894497457955e-01
1.752262850237146674e+00 2.386980566616260013e+00 5.717668708084377993e-01
1.756043422516137653e+00 2.389432991044405430e+00 5.735782369129736047e-01
1.759497238461211532e+00 2.391690846206774523e+00 5.750237436420374548e-01
1.763419839096497022e+00 2.394278744346259202e+00 5.765019394977348721e-01
1.763513184283488133e+00 2.394336824065250280e+00 5.765330322065156388e-01
1.766693094846243817e+00 2.396428508105845623e+00 5.777200769352153209e-01
1.769865240006227136e+00 2.398528934107469368e+00 5.789052752360587251e-01
1.773496947702306814e+00 2.400930362318142830e+00 5.802922543664551513e-01
1.777046109728749990e+00 2.403284658248487027e+00 5.816900263115891700e-01
1.780478897754215195e+00 2.405563232886752001e+00 5.831140415564535218e-01
1.784543510042145398e+00 2.408285521508887861e+00 5.847845586129531981e-01
1.787583991658758586e+00 2.410315324904112710e+00 5.859487503301779032e-01
1.790797260826521908e+00 2.412490575130590731e+00 5.871032343228630435e-01
1.794005978285180491e+00 2.414648899861706610e+00 5.882016233409753658e-01
1.798063400301944004e+00 2.417357948920920485e+00 5.896356585699218389e-01
1.801483255605861089e+00 2.419643144081516706e+00 5.907842399397291722e-01
1.804795887212736760e+00 2.421869465173663638e+00 5.918849512202525309e-01
1.808451578018913430e+00 2.424345013732206677e+00 5.929149438187661936e-01
1.811711707046420150e+00 2.426570880085014537e+00 5.937835405271560951e-01
1.815154537402951185e+00 2.428940091840872118e+00 5.946671785538273358e-01
1.818880852339628040e+00 2.431491568696391159e+00 5.957202173940734369e-01
1.822981665348681224e+00 2.434273005350653829e+00 5.970465870588447244e-01
1.826448127821584499e+00 2.436641112611679372e+00 5.981483350751037875e-01
1.829719322910973611e+00 2.438870317992970271e+00 5.990845133538047484e-01
1.833499330140250905e+00 2.441477995219071051e+00 6.000653389381518377e-01
1.837358624844271482e+00 2.444151946292191901e+00 6.008992278367172313e-01
1.840667076077643349e+00 2.446461364757967161e+00 6.015746768404398592e-01
1.843975700066039725e+00 2.448768619469619434e+00 6.022721447302987752e-01
1.847380901211161719e+00 2.451137229332727596e+00 6.029290637155014787e-01
1.850607636656057320e+00 2.453392504446665789e+00 6.035728424515134360e-01
1.854092215560280366e+00 2.455831041763120393e+00 6.043458428756531831e-01
1.857637657342148252e+00 2.458305169200945883e+00 6.050718186700964063e-01
1.860821092159195000e+00 2.460547119184094633e+00 6.056943459017044562e-01
1.864178877224073938e+00 2.462914074048148549e+00 6.062985746247387953e-01
1.867629306555749658e+00 2.465334447246222638e+00 6.068744194021717941e-01
1.870631285094035867e+00 2.467451143163033489e+00 6.073251604830287587e-01
1.873803547459770957e+00 2.469703647816611447e+00 6.077339490538895550e-01
1.877502425144549347e+00 2.472331792873568190e+00 6.081445485152456865e-01
1.877591573499522992e+00 2.472392403910065539e+00 6.081536403289445891e-01
1.880754628801807549e+00 2.474640341245263109e+00 6.084597392489790035e-01
1.884340224509501560e+00 2.477192719462211645e+00 6.086685739293158370e-01
1.887845750909584952e+00 2.479684400240776743e+00 6.088883869026281426e-01
1.891459570903920140e+00 2.482236477168223931e+00 6.092058217361263628e-01
1.894900995055999182e+00 2.484663237162198168e+00 6.096021780627655096e-01
1.898500894780067894e+00 2.487213508472732038e+00 6.100082450540387224e-01
1.901752510733528911e+00 2.489502166939341343e+00 6.103615845227110537e-01
1.905264982468427792e+00 2.491989573184424600e+00 6.106725813974683836e-01
1.908406024008884927e+00 2.494232661715589217e+00 6.108391376395195804e-01
1.911373893101698362e+00 2.496327673897165145e+00 6.109351552195129154e-01
1.920252532773530696e+00 2.502651535799349070e+00 6.108933224715541455e-01
1.923113219749244873e+00 2.504696157781832522e+00 6.108488041601685126e-01
1.926351614915974286e+00 2.507005645215588441e+00 6.108146772884971432e-01
1.929745097020930444e+00 2.509413306756832718e+00 6.109186694156032438e-01
1.932880644436893336e+00 2.511635601656135641e+00 6.109005965441473007e-01
1.935923492669374912e+00 2.513791143610450973e+00 6.108513286087250416e-01
1.939158505890434370e+00 2.516068238979244587e+00 6.107292928927637865e-01
1.942547134136797027e+00 2.518484051022245040e+00 6.105597008669264580e-01
1.942636880075520267e+00 2.518550977128793722e+00 6.105566963874490272e-01
1.946022098544699874e+00 2.520968621181776115e+00 6.103514936827353354e-01
1.946196843471400761e+00 2.521092722353828197e+00 6.103353514182635609e-01
1.949603190954062315e+00 2.523495661220167996e+00 6.100738335332830387e-01
1.949690048136380138e+00 2.523557258163685812e+00 6.100678328376534232e-01
1.953153301123357499e+00 2.526034386821224498e+00 6.097747062337874890e-01
1.956004465410968063e+00 2.528070225387139658e+00 6.095310352250135066e-01
1.959027167603323516e+00 2.530231885487154830e+00 6.093022468730086016e-01
1.962383603425621237e+00 2.532619237289937875e+00 6.090992682141402881e-01
1.965674930274665666e+00 2.534945824838970463e+00 6.088576377318558608e-01
1.969569453892737299e+00 2.537695664389139072e+00 6.084580898342683009e-01
1.973205722056913469e+00 2.540261559949353654e+00 6.079913701055527087e-01
1.976940473693462152e+00 2.542879992696123637e+00 6.074892867851346967e-01
1.980324628527293296e+00 2.545263174892460789e+00 6.069652178064708359e-01
1.980412955408346276e+00 2.545321787825329807e+00 6.069487285792999343e-01
1.983265634774212138e+00 2.547331178626659476e+00 6.064465898253645904e-01
1.986746833956031910e+00 2.549760437084275466e+00 6.057994086061341266e-01
1.990275221997963806e+00 2.552248482864735823e+00 6.051570384407534142e-01
1.993377572327341252e+00 2.554442349610830831e+00 6.045799516288837827e-01
1.996596931546084974e+00 2.556669515000192128e+00 6.040259544969386329e-01
2.000148356692706741e+00 2.559149286386695810e+00 6.034887066238463493e-01
2.003354658461940385e+00 2.561385453534663625e+00 6.029620005057368948e-01
2.006917150223380908e+00 2.563842239414910740e+00 6.023558677945197726e-01
2.009948486668799106e+00 2.565936809674630670e+00 6.017139869524930074e-01
2.013075731691028381e+00 2.568101746643463468e+00 6.010068658696301469e-01
2.016104512174810459e+00 2.570194492081296023e+00 6.002382926676259611e-01
2.019292255214544252e+00 2.572442033079353596e+00 5.993725018888336198e-01
2.022746028738605872e+00 2.574846678497614061e+00 5.984655794192089706e-01
2.022829920847551310e+00 2.574909108929966273e+00 5.984463283129807243e-01
2.026450722197118637e+00 2.577441855342650356e+00 5.974493478121786216e-01
2.026537548706115910e+00 2.577502192679304471e+00 5.974263763360138091e-01
2.029707684807282586e+00 2.579706830753527136e+00 5.966483152695994940e-01
2.033070824808230981e+00 2.582025604803667385e+00 5.958909925338801150e-01
2.036787941463128693e+00 2.584570934035363976e+00 5.949601127181451954e-01
2.039985514649941045e+00 2.586770213940025265e+00 5.940919541607727616e-01
2.043167318047869330e+00 2.588971234279127565e+00 5.931257966775050905e-01
2.046699627031236535e+00 2.591402238455153828e+00 5.920346010004930992e-01
2.049985297614381530e+00 2.593633225336128056e+00 5.909951731377043327e-01
2.053261631428602740e+00 2.595870591766985314e+00 5.899300721191678143e-01
2.056740966153391970e+00 2.598217005242839495e+00 5.886950749807343675e-01
2.060207736806235257e+00 2.600554121596296397e+00 5.874704819305011094e-01
2.063331227500880161e+00 2.602650719672516821e+00 5.863436826040535621e-01
2.066281804848490111e+00 2.604622806260224799e+00 5.853787863389708912e-01
2.069669472923060027e+00 2.606878466431215458e+00 5.842830230831493887e-01
2.072812643235889762e+00 2.608965693408574094e+00 5.832144999291078991e-01
2.076475486008251714e+00 2.611403554051133113e+00 5.818763462988041368e-01
2.079702577410848185e+00 2.613558054626925475e+00 5.806846757972158324e-01
2.083101485536213104e+00 2.615820737963108655e+00 5.793606504198065554e-01
2.086648072868988901e+00 2.618203446005216151e+00 5.779658405575750502e-01
2.089856168300258332e+00 2.620354038402172847e+00 5.766725333807793952e-01
2.093344018962143505e+00 2.622648086136130097e+00 5.752339237372205982e-01
2.096495699376718314e+00 2.624711705513049331e+00 5.738570163317749939e-01
2.099866761609859189e+00 2.626940777525306636e+00 5.724302566747946353e-01
2.103064034147922978e+00 2.629044815062704821e+00 5.710580127080329138e-01
2.106444298024368500e+00 2.631274744871123783e+00 5.696211312811929606e-01
2.115017058488732893e+00 2.636876951523992485e+00 5.660731650294024142e-01
2.118147224721519617e+00 2.638903957213960982e+00 5.647399908584882500e-01
2.121813999683580754e+00 2.641255938399734937e+00 5.630525851448989760e-01
2.124865482343082590e+00 2.643213430178634749e+00 5.615679899172072442e-01
2.128431574803749449e+00 2.645501037623432694e+00 5.597768779653187199e-01
2.131662993358607761e+00 2.647583369015673593e+00 5.580868560751777174e-01
2.134729553635919430e+00 2.649524968416185899e+00 5.565046796882126001e-01
2.137699726787506638e+00 2.651400707302272508e+00 5.549815957294201851e-01
2.141360363586271909e+00 2.653737581138982726e+00 5.530451450779080291e-01
2.144670471694660296e+00 2.655835980456638268e+00 5.513225443646323498e-01
2.147642195089830786e+00 2.657704681379136069e+00 5.497879635366539341e-01
2.150969699712809824e+00 2.659807424481471561e+00 5.480914761598272289e-01
2.154312035794092139e+00 2.661881262257060676e+00 5.463354715636770109e-01
2.157914397909525661e+00 2.664124556859076787e+00 5.444229872341989074e-01
2.158000584520389786e+00 2.664180657193033763e+00 5.443818040638045419e-01
2.161600331237639949e+00 2.666404388146766724e+00 5.424320735125640613e-01
2.165005293860453151e+00 2.668525103881016047e+00 5.405863154949116511e-01
2.168252282192577152e+00 2.670521354587697349e+00 5.387942451917482334e-01
2.171488388284016136e+00 2.672518276122016978e+00 5.369402741110097521e-01
2.174860806407022285e+00 2.674551770811592455e+00 5.349648252988903341e-01
2.178108636268953013e+00 2.676525434353394850e+00 5.330873192214737877e-01
2.181899995186747709e+00 2.678817988341197776e+00 5.308791027393535700e-01
2.185522182004878911e+00 2.680983196954863423e+00 5.288292120610995628e-01
2.185611411811157367e+00 2.681035907419510700e+00 5.287799241385892079e-01
2.188792870258203127e+00 2.682924224935341773e+00 5.269658957991377735e-01
2.192346522849217383e+00 2.685016628336589051e+00 5.249003603939295104e-01
2.192432844722260743e+00 2.685072059751231421e+00 5.248519555982513740e-01
2.195980468652282802e+00 2.687138990817360185e+00 5.227715756219065701e-01
2.199175191643437000e+00 2.689027028876936676e+00 5.208365269840014022e-01
2.202193091579208506e+00 2.690808730832312978e+00 5.190168863586018810e-01
2.205744187032471437e+00 2.692882498535455138e+00 5.168224419465651254e-01
2.209217435538247898e+00 2.694895962637830600e+00 5.146879140524781571e-01
2.212602654656837142e+00 2.696855717407509623e+00 5.125897258284709546e-01
2.216075816453701997e+00 2.698857161752252320e+00 5.104048443943357549e-01
2.216166007287923900e+00 2.698908790379855649e+00 5.103481418267500347e-01
2.219305884152145136e+00 2.700683117588892568e+00 5.083431299689219474e-01
2.222981277277896517e+00 2.702752865457062725e+00 5.059442446245322467e-01
2.223070951685979679e+00 2.702801910142236697e+00 5.058847902411786057e-01
2.226403471467746975e+00 2.704661362600167429e+00 5.037787324339588757e-01
2.229721223716929490e+00 2.706511372601153376e+00 5.016851807642851435e-01
2.233058835551781751e+00 2.708360803360314595e+00 4.995920267075427135e-01
2.236377483069214023e+00 2.710179224915410856e+00 4.975092844630435995e-01
2.239789459814494066e+00 2.712063508923657107e+00 4.953481482645730738e-01
2.243288706585150116e+00 2.713987421332900940e+00 4.931053198856431563e-01
2.246517138590537144e+00 2.715764491329465180e+00 4.910299961628912802e-01
2.250355711612239684e+00 2.717883672162796582e+00 4.885137503745851095e-01
2.253522618265926702e+00 2.719580852075051514e+00 4.864072885453254447e-01
2.257114087480018405e+00 2.721511800966494476e+00 4.839455497782907956e-01
2.260536709388827781e+00 2.723361082454692994e+00 4.815719368428673097e-01
2.263695757724242696e+00 2.725045635858185378e+00 4.794105662828025416e-01
2.267124975815625554e+00 2.726858382981243167e+00 4.770224591879456688e-01
2.270728996281738077e+00 2.728778260406440115e+00 4.744997258818687835e-01
2.270820176323768091e+00 2.728825848498303230e+00 4.744354959468571886e-01
2.274259232132701314e+00 2.730638262762240753e+00 4.720018534021283019e-01
2.277881350047292752e+00 2.732538433875463468e+00 4.694318026275620670e-01
2.280965529350891252e+00 2.734152832550853507e+00 4.672700375788551019e-01
2.284954495772350214e+00 2.736238459949456914e+00 4.644295773751974110e-01
2.288691108334014679e+00 2.738153771124943070e+00 4.617378386842022620e-01
2.292444744534024359e+00 2.740049940583213051e+00 4.590037840923369417e-01
2.292535428202494785e+00 2.740095924031716201e+00 4.589368941925174861e-01
2.295635430253562426e+00 2.741667178831267204e+00 4.566741221533356376e-01
2.298808693244382972e+00 2.743282468922465078e+00 4.543375403347588160e-01
2.307027878099277896e+00 2.747367283810891792e+00 4.484653586929275848e-01
2.310776715779267576e+00 2.749220878298578086e+00 4.457671079252474855e-01
2.314346283501376611e+00 2.750977441367949528e+00 4.431482813568205503e-01
2.317741301024946132e+00 2.752628267059319178e+00 4.406129390606783325e-01
2.321111162145850670e+00 2.754269664485343938e+00 4.380904138145736981e-01
2.324233280026212434e+00 2.755790776976151157e+00 4.357129218499011802e-01
2.327638814359413999e+00 2.757412626846885484e+00 4.331014933899944852e-01
2.327729323190613542e+00 2.757460145483945801e+00 4.330335396677341131e-01
2.331143351214408632e+00 2.759084509387887962e+00 4.304024531342930948e-01
2.334375747317198435e+00 2.760599421475559812e+00 4.278984709761384786e-01
2.338078312226670175e+00 2.762319267416347479e+00 4.250082288266436303e-01
2.341511227714765386e+00 2.763910122071377984e+00 4.223493893347570749e-01
2.345028693893045357e+00 2.765537713134519571e+00 4.196524151659676849e-01
2.348666608644610410e+00 2.767212967346077690e+00 4.167518704290622544e-01
2.352214587319021444e+00 2.768823499401981358e+00 4.140109695849194527e-01
2.355672580901243762e+00 2.770379340456273987e+00 4.113192429318619503e-01
2.359504210311139882e+00 2.772067373336642326e+00 4.083691120912544825e-01
2.362950343014672772e+00 2.773613260393189339e+00 4.057436685250707109e-01
2.366663470313141282e+00 2.775267841247993417e+00 4.029086050019274889e-01
2.370585373387221750e+00 2.776990598424514900e+00 3.999137221624147198e-01
2.374026020958442729e+00 2.778485869972906919e+00 3.972284484747996558e-01
2.378060800913381456e+00 2.780223546833591630e+00 3.940102739540103927e-01
2.381692679912418953e+00 2.781781349868614583e+00 3.910935535565506216e-01
2.384963733010697418e+00 2.783164405613737458e+00 3.884570883353981041e-01
2.388869319666597768e+00 2.784787354228934309e+00 3.853502452566970327e-01
2.392237409573913176e+00 2.786194335562810931e+00 3.826423505919971380e-01
2.395606699014694918e+00 2.787589869763653638e+00 3.799710409113388754e-01
2.399367706763286812e+00 2.789147069055251560e+00 3.769715108570617090e-01
2.403044354536339799e+00 2.790640468291753162e+00 3.740242620788836736e-01
2.406931192866497149e+00 2.792190975633134009e+00 3.708821558044742561e-01
2.411094508940127223e+00 2.793828292889752429e+00 3.675072824007297734e-01
2.414981595618076238e+00 2.795353414828412486e+00 3.643563258965837326e-01
2.418309388655770054e+00 2.796659806281153404e+00 3.616414929904410713e-01
2.422014165786546602e+00 2.798085849731045016e+00 3.586236174862286186e-01
2.425162791238523408e+00 2.799287496043498358e+00 3.560726381959837816e-01
2.428503436127424919e+00 2.800565404992253704e+00 3.533366247459176490e-01
2.432407412756530274e+00 2.802058475628793843e+00 3.502247335929922767e-01
2.435731154425476497e+00 2.803315014669558014e+00 3.475391143694666618e-01
2.439454306404195805e+00 2.804697501660239567e+00 3.444447602900979621e-01
2.443391792971286947e+00 2.806164031077414744e+00 3.411271655518200996e-01
2.446756898121165147e+00 2.807380515916982233e+00 3.383397605555641396e-01
2.450512909443174792e+00 2.808720002484669465e+00 3.351998184644489065e-01
2.454438862880198968e+00 2.810132454331758289e+00 3.320018527055826341e-01
2.457992099658883767e+00 2.811377681140396767e+00 3.291124434326008763e-01
2.461452422886662994e+00 2.812577076633362871e+00 3.263030882619672446e-01
2.465110545162406464e+00 2.813835177540455312e+00 3.232922665856226008e-01
2.468774387992567654e+00 2.815070271713116856e+00 3.203126255378068166e-01
2.472336079077565252e+00 2.816294472788096748e+00 3.174285886885545582e-01
2.476279598769196344e+00 2.817620748804094077e+00 3.142393024574112737e-01
2.479751275383684117e+00 2.818794201011356915e+00 3.113974202396589397e-01
2.483123062347221577e+00 2.819912523680995875e+00 3.086539497157002043e-01
2.486504516334830939e+00 2.821002430353568791e+00 3.058954945488073229e-01
2.489883080463431320e+00 2.822105569335549013e+00 3.031197634242355776e-01
2.493360083741729127e+00 2.823242310576508984e+00 3.002497960757384288e-01
2.497046392352089139e+00 2.824420178555335337e+00 2.972020277113808229e-01
2.500815834550083050e+00 2.825610180103207192e+00 2.940952989537481410e-01
2.500912055755788010e+00 2.825646354216075906e+00 2.940185276979297990e-01
2.504584774748126463e+00 2.826802389377066849e+00 2.909374315002959399e-01
2.508456037747699430e+00 2.827992398762829040e+00 2.876244327213487995e-01
2.508554926788620243e+00 2.828025208547637170e+00 2.875468540671931583e-01
2.512720173477407393e+00 2.829276628158710061e+00 2.840093470616965599e-01
2.516398771862839556e+00 2.830400091562898623e+00 2.808736586025548099e-01
2.525364135675341348e+00 2.833034938360559973e+00 2.733400894789424496e-01
2.529559548260237101e+00 2.834249153740730165e+00 2.697954409190005953e-01
2.533367675921611273e+00 2.835352452675208745e+00 2.665653709820587913e-01
2.537389215735001535e+00 2.836504330709166410e+00 2.631336020324402947e-01
2.541008579728334382e+00 2.837512308705788300e+00 2.600689873527605722e-01
2.544455769819043311e+00 2.838463798570675323e+00 2.571783712564886804e-01
2.547990715117619764e+00 2.839421099232102730e+00 2.542867325513659127e-01
2.551727808941417930e+00 2.840423042070121973e+00 2.512243078062528778e-01
2.555183646145866128e+00 2.841325580693799147e+00 2.483396155756661117e-01
2.558724976648720784e+00 2.842243705375513851e+00 2.453832426448752657e-01
2.562752878201222551e+00 2.843286715677235232e+00 2.420493573718893454e-01
2.566504425018758972e+00 2.844227121116301937e+00 2.389558585486573905e-01
2.570155240467128621e+00 2.845141550239285166e+00 2.359492016351647792e-01
2.574199084853342256e+00 2.846131636214277894e+00 2.326307277593254175e-01
2.577463084881102429e+00 2.846932307559563391e+00 2.299566427798484247e-01
2.581423933216824285e+00 2.847889445371344141e+00 2.267192303441198098e-01
2.585777559688974048e+00 2.848906583092699840e+00 2.231515891795134710e-01
2.589514205982732520e+00 2.849772527546046597e+00 2.201325569863728793e-01
2.592961901336028774e+00 2.850600730670207472e+00 2.173085038936757862e-01
2.596629135379182163e+00 2.851430758595100201e+00 2.143418324821663445e-01
2.600842368571992580e+00 2.852382489280469446e+00 2.107688843788987632e-01
2.604694278150677000e+00 2.853263368252437093e+00 2.074650251274715029e-01
2.607961878903855002e+00 2.853980567843056981e+00 2.045972247614112061e-01
2.611430016508850649e+00 2.854737765839652219e+00 2.015948087144978640e-01
2.615093675468621370e+00 2.855518793116551990e+00 1.984882078912797165e-01
2.619657696565574234e+00 2.856491380352040643e+00 1.946140390211200388e-01
2.623335757485167896e+00 2.857245745334600073e+00 1.915248803335224126e-01
2.627412925492273565e+00 2.858072908340897111e+00 1.881543040650141274e-01
2.630922479308149153e+00 2.858757745109499204e+00 1.851868660680705547e-01
2.635105829611990025e+00 2.859590484566462365e+00 1.816823204470859321e-01
2.638994078926119702e+00 2.860342237734188053e+00 1.784457944827599618e-01
2.643294337890563561e+00 2.861151972370453489e+00 1.749157242988642336e-01
2.646992190267458689e+00 2.861827781080770627e+00 1.718776595135340368e-01
2.650696430618000310e+00 2.862514067720985711e+00 1.688380311321928118e-01
2.654321768787957669e+00 2.863151135402648428e+00 1.658846441042841902e-01
2.657826820304015847e+00 2.863754061946485407e+00 1.630313069943622739e-01
2.661536002047815153e+00 2.864393400799462697e+00 1.600003309646062799e-01
2.665646756326344402e+00 2.865068438401775719e+00 1.566565741680459312e-01
2.669171714323562927e+00 2.865644977508222890e+00 1.537920691656993188e-01
2.673273468480824810e+00 2.866299114830685113e+00 1.505228822439119152e-01
2.677286249440888000e+00 2.866951856362246254e+00 1.473211678686625614e-01
2.677386913856133255e+00 2.866967050562727160e+00 1.472391203485019506e-01
2.681284460497338706e+00 2.867586922995917664e+00 1.441049659089337631e-01
2.685093106788531969e+00 2.868173257886131644e+00 1.410596872739539043e-01
2.688904048901220367e+00 2.868741143095024260e+00 1.380409098179546934e-01
2.692608251203195024e+00 2.869274221926504165e+00 1.351040467979372772e-01
2.696736635467900989e+00 2.869868039702501594e+00 1.317749749296104889e-01
2.700454894302186215e+00 2.870381834439690305e+00 1.288195068480357808e-01
2.703776892230726592e+00 2.870827551144471190e+00 1.261856283778168830e-01
2.707787518618972378e+00 2.871354459962953243e+00 1.230452878786791465e-01
2.707887084193398408e+00 2.871368011500840645e+00 1.229650481824015457e-01
2.717630861331818970e+00 2.872604663408865111e+00 1.153649872087197104e-01
2.721562628088617597e+00 2.873077657679574237e+00 1.122440996334771457e-01
2.721662739749503679e+00 2.873086584691081136e+00 1.121634538172215784e-01
2.726077557735808732e+00 2.873613963454114018e+00 1.087480290766490443e-01
2.729887906466045067e+00 2.874040613861356785e+00 1.058172402552124136e-01
2.729987574042048948e+00 2.874052045197114325e+00 1.057402188055837078e-01
2.733404419313511191e+00 2.874425622639626532e+00 1.031571120873956138e-01
2.737321639748825142e+00 2.874838909222057204e+00 1.002297587853521604e-01
2.740644158729656610e+00 2.875201257315434855e+00 9.773216581659750768e-02
2.744567084722254968e+00 2.875599831525303962e+00 9.475977711742585019e-02
2.748273071467624007e+00 2.875983989437840282e+00 9.163239998303128464e-02
2.751974476887049548e+00 2.876363914003221112e+00 8.836850575871754709e-02
2.755688536284070622e+00 2.876737595441554163e+00 8.518351521697162254e-02
2.759515015560922713e+00 2.877092721216041760e+00 8.196503577958660913e-02
2.763509642503327868e+00 2.877456218116612341e+00 7.871390175278429602e-02
2.767441428569593409e+00 2.877810457279348366e+00 7.548258162566777452e-02
2.767541462191588586e+00 2.877817489216459634e+00 7.539933096224593623e-02
2.771273599307932933e+00 2.878126822775068483e+00 7.241745260051490884e-02
2.775096225733780564e+00 2.878443456987429094e+00 6.942604989814289695e-02
2.778815437457764492e+00 2.878728263962974321e+00 6.655367147215356105e-02
2.782648441341887491e+00 2.879003598066057990e+00 6.355964871901105540e-02
2.786274714051589996e+00 2.879251729093924794e+00 6.075959880898512688e-02
2.790097134898401610e+00 2.879518775345089487e+00 5.785067087671084268e-02
2.794026762165310984e+00 2.879771916356321793e+00 5.489247910050014390e-02
2.797656855353082062e+00 2.879982331657446881e+00 5.214455118559247621e-02
2.801792196364818466e+00 2.880227944456815514e+00 4.901401989987119734e-02
2.805325156048413149e+00 2.880420775573267811e+00 4.635601998314125421e-02
2.809050259913118630e+00 2.880624032803665635e+00 4.357993027572631961e-02
2.812470883153626922e+00 2.880802231462249452e+00 4.106476239421896074e-02
2.815985319065079651e+00 2.880978582936867038e+00 3.846268489425420239e-02
2.819402384671964246e+00 2.881134855190136790e+00 3.591247508385723292e-02
2.823528339696963485e+00 2.881312402351578150e+00 3.286245649722965845e-02
2.823628802456098708e+00 2.881315378624226042e+00 3.278659645264106470e-02
2.827750485492672272e+00 2.881480914675177196e+00 2.975523743069431737e-02
2.831772043375376136e+00 2.881626881696604414e+00 2.678779409116795185e-02
2.835293510185920685e+00 2.881749961443004437e+00 2.420438894429943408e-02
2.838920078931586488e+00 2.881859791716523844e+00 2.157147493877456870e-02
2.842744574233716737e+00 2.881972283758031939e+00 1.881344103774119925e-02
2.846775199040958881e+00 2.882058191415822535e+00 1.589819324980232262e-02
2.850989650498918948e+00 2.882164506364884193e+00 1.282621785918643294e-02
2.854491039860953983e+00 2.882232319095137996e+00 1.032658836126420371e-02
2.858113758451577002e+00 2.882279017553406320e+00 7.825087537800848661e-03
2.861425977662923614e+00 2.882312830772014500e+00 5.540308845252577864e-03
2.865139893675425320e+00 2.882351828687028217e+00 2.972182260434714889e-03
2.868946065663000589e+00 2.882390137283868281e+00 3.530675591612996594e-04
2.872549323484981265e+00 2.882414262860973686e+00 -2.153677582659843659e-03
2.876444978638385663e+00 2.882430839444663384e+00 -4.901550207230910561e-03
2.876543162346018701e+00 2.882431333864415635e+00 -4.972546082310572851e-03
2.880340771404768851e+00 2.882430730917315387e+00 -7.547398398237313219e-03
2.880442386677572131e+00 2.882431434460324571e+00 -7.614534217355464416e-03
2.884743301365813473e+00 2.882436156743051647e+00 -1.046194359069241124e-02
2.888336921288982229e+00 2.882421288282924543e+00 -1.284057899388235321e-02
2.892322445181817692e+00 2.882399074783259074e+00 -1.551865306978449967e-02
2.895715707691284280e+00 2.882367319397796557e+00 -1.784476709297727268e-02
2.899296452564530835e+00 2.882321751582213487e+00 -2.034807033192028922e-02
2.902790392525925522e+00 2.882264971978803825e+00 -2.283537781098589001e-02
2.903483233913570771e+00 2.882257445478132230e+00 -2.332101280676733904e-02
2.907272817091270944e+00 2.882166435429266649e+00 -2.583473592593238388e-02
2.911257784080778954e+00 2.882068695095638233e+00 -2.833412995436600593e-02
2.915234655750483128e+00 2.881983040676717955e+00 -3.080134594638742757e-02
2.919307690459878035e+00 2.881880380965809341e+00 -3.340164854933898309e-02
2.922975944565791462e+00 2.881785747524350683e+00 -3.579913299204861427e-02
2.927054601488658925e+00 2.881662332341151878e+00 -3.856614926254334913e-02
2.930718914025780109e+00 2.881540410333800928e+00 -4.109719141045806157e-02
2.934680376273107516e+00 2.881402251300021256e+00 -4.357913892427513203e-02
2.934779258767438392e+00 2.881401398696228799e+00 -4.363594312369620254e-02
2.943404323232697184e+00 2.881051761310994053e+00 -4.896138011536111528e-02
2.946788523388113479e+00 2.880909290365152753e+00 -5.109446348521333447e-02
2.950336585793353450e+00 2.880749437629356535e+00 -5.340428466424897158e-02
2.954084291309127863e+00 2.880569563469727257e+00 -5.592973629277302183e-02
2.957747585053744466e+00 2.880359656035669236e+00 -5.826840510727589878e-02
2.961207100646358725e+00 2.880177125676447680e+00 -6.029200904271874578e-02
2.964871758643003563e+00 2.879961939449058317e+00 -6.245025294391643583e-02
2.969099234229490847e+00 2.879696142032339257e+00 -6.499426688023408893e-02
2.972933265021493021e+00 2.879469912729375025e+00 -6.742349789182529307e-02
