7.503453337378129806e-01 2.249966594242897244e+00 -1.344302811730027126e-04
7.504803132199361348e-01 2.249950634374575653e+00 -1.738226412001188696e-04
7.580859341633743309e-01 2.249998137930025788e+00 -8.175352257157264546e-03
7.651872078518139331e-01 2.250005850671184859e+00 -1.641205517600853245e-02
7.716787939002422991e-01 2.249982693265950129e+00 -2.477178412916108269e-02
7.782375372990439910e-01 2.249819921060151273e+00 -3.337654257242005096e-02
7.863463908777166278e-01 2.249574662186289764e+00 -4.069152310493379110e-02
7.938497952043043204e-01 2.249254777802177419e+00 -4.437211759365888852e-02
8.010999482165054308e-01 2.248917783502650813e+00 -4.581644541192535919e-02
8.084276145137120340e-01 2.248564507036463933e+00 -4.500975132734100909e-02
8.165574030563864660e-01 2.248200069940867962e+00 -4.148263515521944528e-02
8.241788932495514031e-01 2.247891880778154938e+00 -3.612518653601742846e-02
8.311950516892187002e-01 2.247658834933597305e+00 -2.975883923434176001e-02
8.390276826610707506e-01 2.247441422778809983e+00 -2.186319261084234897e-02
8.455978812953338641e-01 2.247305010598018793e+00 -1.519723127570133357e-02
8.532443776926221801e-01 2.247218685543530992e+00 -9.578691206366014843e-03
8.608659472778104060e-01 2.247163948327394412e+00 -5.374737689161557773e-03
8.680875612395322349e-01 2.247156637363004084e+00 -2.399819974316613150e-03
8.763977705289741627e-01 2.247197724745134462e+00 3.608526631345801189e-04
8.833721650149983784e-01 2.247226960307370458e+00 2.945913183587728010e-03
8.906989814022998608e-01 2.247290052083962486e+00 5.507868678934818921e-03
8.974759631224648038e-01 2.247347447020782152e+00 7.725391638533998968e-03
9.050089368662631584e-01 2.247429455980713087e+00 1.063236722186688618e-02
9.117567398941939238e-01 2.247506488653789880e+00 1.359386522016214384e-02
9.192538643869693216e-01 2.247627916411310434e+00 1.664776331738980139e-02
9.259855084927439695e-01 2.247740151284606469e+00 1.936630537622023238e-02
9.328717075022142646e-01 2.247873600628133683e+00 2.236570122676420636e-02
9.404882276041051092e-01 2.248063277413161032e+00 2.555106535161119283e-02
9.473511994724784779e-01 2.248248515950704185e+00 2.825959146912318184e-02
9.551696241114803199e-01 2.248494495391760495e+00 3.161164017969964740e-02
9.614594587772977707e-01 2.248690247797334063e+00 3.467584154120115225e-02
9.680659242206515191e-01 2.248938292076542389e+00 3.774832016567764015e-02
9.755783779911437748e-01 2.249243856289058652e+00 4.116502307990729109e-02
9.831234162663478049e-01 2.249562452567210435e+00 4.462571014976952910e-02
9.907671021659880672e-01 2.249912181636960273e+00 4.809595328215418575e-02
9.969406641278661940e-01 2.250216023571322221e+00 5.064537878819294625e-02
1.004031335024844651e+00 2.250587686932762121e+00 5.381982391794495890e-02
1.011161290448357120e+00 2.250958680029863324e+00 5.768547023121721462e-02
1.016929569765911534e+00 2.251321601277909590e+00 6.092976159541237113e-02
1.023746203913214803e+00 2.251736034402741726e+00 6.467751041934369227e-02
1.031621677468357312e+00 2.252267077811210161e+00 6.926882906633535786e-02
1.038065347832121121e+00 2.252721322536043846e+00 7.304632045166872811e-02
1.045485221754367977e+00 2.253279909756532362e+00 7.705210952394779544e-02
1.053036686844776026e+00 2.253869494309558075e+00 8.091244456364538040e-02
1.060228477930733604e+00 2.254437124593685393e+00 8.473280629188248425e-02
1.060403584165187540e+00 2.254456661310553667e+00 8.482846674613801763e-02
1.067496220452996303e+00 2.255102009275810726e+00 8.830479361458666576e-02
1.073882304471831972e+00 2.255686978079074478e+00 9.128145532800195638e-02
1.080267877827135514e+00 2.256285363616499673e+00 9.438857055167648724e-02
1.086974397226016187e+00 2.256925895749093858e+00 9.805996983783075993e-02
1.093317994582934549e+00 2.257563187535514881e+00 1.014328345243684787e-01
1.099648273397982656e+00 2.258239077001016781e+00 1.043155750116876723e-01
1.106820349368767609e+00 2.259011429816786265e+00 1.077414435670902143e-01
1.113122031772869835e+00 2.259696780488131829e+00 1.110250496670121545e-01
1.119384312542240245e+00 2.260423049182109789e+00 1.143842770213809312e-01
1.125273432529451334e+00 2.261122180881522503e+00 1.171159393997989046e-01
1.132147430649947939e+00 2.261941987268424548e+00 1.207647394865356272e-01
1.138323043654354327e+00 2.262726038020465236e+00 1.235537306529847223e-01
1.144640680527411414e+00 2.263551296225245313e+00 1.262513005766149055e-01
1.150463797784069264e+00 2.264294320554045559e+00 1.290934246078617731e-01
1.156823889557349494e+00 2.265121929807850432e+00 1.325048422443159402e-01
1.171804955245561608e+00 2.267186539346678575e+00 1.395686623452146724e-01
1.177901213348371279e+00 2.268060441314247111e+00 1.423784974526033920e-01
1.183640916353748240e+00 2.268869617435104846e+00 1.457056627789299619e-01
1.189655848188662990e+00 2.269759515180700404e+00 1.492704313204093747e-01
1.195974863409972055e+00 2.270721903590725343e+00 1.527249885486499092e-01
1.201942448394283547e+00 2.271642882637057603e+00 1.563837023762348899e-01
1.207737984579846602e+00 2.272569153031922529e+00 1.602077717228142240e-01
1.213168812979289912e+00 2.273445532699841287e+00 1.634677459580591852e-01
1.219530777139839373e+00 2.274501293652617218e+00 1.669411853020841552e-01
1.219688857493648415e+00 2.274527052445253439e+00 1.670301226675777739e-01
1.225723827291756329e+00 2.275556808448145230e+00 1.705511144242420896e-01
1.231577261635171006e+00 2.276558107543879217e+00 1.741884117302814339e-01
1.238020530115991447e+00 2.277707706584663594e+00 1.780430864408373282e-01
1.243491755525940379e+00 2.278699994113588811e+00 1.812990572367268738e-01
1.249085709247563791e+00 2.279747678148162926e+00 1.848637352578507975e-01
1.255474536853496303e+00 2.280953909786683553e+00 1.892253801172011363e-01
1.255632464694037331e+00 2.280986195568208696e+00 1.893296384385118880e-01
1.261933239152075892e+00 2.282205755027271188e+00 1.933526461438831445e-01
1.267737457164867632e+00 2.283358534525026684e+00 1.966083642754904992e-01
1.273848289814188295e+00 2.284597421122469996e+00 2.001522323267315162e-01
1.280517287252655567e+00 2.285949487568418093e+00 2.044316209965675868e-01
1.286418169310886261e+00 2.287183716055994687e+00 2.084907716318172843e-01
1.291812628904151161e+00 2.288340668005642176e+00 2.121639484287346777e-01
1.297337382905547232e+00 2.289548723039558809e+00 2.154546989343258390e-01
1.303150606976774428e+00 2.290829987049939120e+00 2.189195021134985875e-01
1.308357922703054399e+00 2.291994372340579122e+00 2.221886887466730520e-01
1.313375292895388124e+00 2.293142973754223934e+00 2.249913369680986708e-01
1.319239967576900430e+00 2.294512211463615614e+00 2.281715100620990422e-01
1.324658633674081099e+00 2.295773958552140837e+00 2.312877664595300864e-01
1.330381895468884634e+00 2.297119268855781993e+00 2.348508538111379607e-01
1.330528486913882924e+00 2.297153803121649407e+00 2.349451892572655132e-01
1.335614712792522196e+00 2.298370697220103676e+00 2.381239555266630170e-01
1.341371028808463262e+00 2.299788292558986313e+00 2.414025141025832044e-01
1.346548155694005100e+00 2.301071861219495140e+00 2.444380790835843642e-01
1.352714336743378043e+00 2.302618776449409932e+00 2.483408270242563332e-01
1.357878526363362814e+00 2.303921383448438220e+00 2.519199063143373607e-01
1.363131761229841032e+00 2.305297844956470943e+00 2.556551496430934933e-01
1.368261648053643142e+00 2.306645686560754527e+00 2.589839315634952510e-01
1.373193073346377524e+00 2.307945306019192788e+00 2.623487729684444991e-01
1.378383487710521660e+00 2.309344681071981320e+00 2.660173714857403948e-01
1.383709649610481485e+00 2.310799962032366039e+00 2.699406765249085516e-01
1.388818019668594417e+00 2.312249222024863826e+00 2.733776180576609205e-01
1.394617103598425611e+00 2.313871683322083150e+00 2.769359881608446372e-01
1.400534701841913643e+00 2.315543794935555955e+00 2.808038432041828347e-01
1.405200613675918531e+00 2.316895472875450057e+00 2.840195425556336639e-01
1.410496766281623238e+00 2.318459929306812661e+00 2.872296643458136511e-01
1.415373845007334097e+00 2.319912226698555902e+00 2.899048018258334469e-01
1.420512875966336797e+00 2.321461789829554867e+00 2.929589449175491467e-01
1.425385296301069804e+00 2.322933019814352740e+00 2.961670746901438056e-01
1.429854501649255205e+00 2.324300648511801182e+00 2.991330479662446251e-01
1.435051482831030345e+00 2.325921690568743649e+00 3.023452475884434443e-01
1.435184493278068407e+00 2.325967269099781909e+00 3.024194937415660145e-01
1.440077135284149490e+00 2.327509260322601747e+00 3.055556462932811357e-01
1.444866660071104203e+00 2.329029425919670437e+00 3.089752807422745384e-01
1.450318444360286563e+00 2.330787827846669824e+00 3.129560287947185104e-01
1.454931765049428893e+00 2.332278900358642826e+00 3.164811405197842098e-01
1.459493169574157090e+00 2.333803662352408104e+00 3.195521879657158837e-01
1.464685525838540947e+00 2.335551095948783740e+00 3.227384128945647301e-01
1.469616405280417037e+00 2.337206992777987047e+00 3.259432143137945825e-01
1.474782945024890379e+00 2.338969352606317997e+00 3.294400926385884221e-01
1.486476173061864525e+00 2.343016681100684728e+00 3.381550322655338947e-01
1.486603658804457329e+00 2.343062700824225075e+00 3.382507889748539442e-01
1.491586550354964791e+00 2.344844333957291749e+00 3.416890343601908242e-01
1.495886044391738334e+00 2.346383901961318408e+00 3.443875337216764643e-01
1.500786764623437630e+00 2.348154613112467981e+00 3.474973688949267170e-01
1.506055905560118591e+00 2.350089930411154882e+00 3.509729123723612232e-01
1.510763506080775365e+00 2.351850586151507994e+00 3.536699180190558955e-01
1.515466928332840801e+00 2.353584580552859240e+00 3.564883257222028479e-01
1.519935960162946964e+00 2.355266014573776268e+00 3.594334118814438983e-01
1.524384611215196417e+00 2.356942282553438517e+00 3.625210992524510178e-01
1.529220069867822218e+00 2.358786997979471778e+00 3.659652963850160146e-01
1.534006912752548857e+00 2.360632284434716954e+00 3.695717378482611948e-01
1.538268108422299996e+00 2.362309459894810448e+00 3.725966316420647462e-01
1.542503308142105567e+00 2.363996080105487341e+00 3.751579780414117105e-01
1.547567605640229216e+00 2.366023804215062754e+00 3.782056266517792587e-01
1.547689386405987300e+00 2.366070660616275134e+00 3.782805519711584519e-01
1.552136621355007406e+00 2.367839268174106948e+00 3.812105793618501548e-01
1.556586297136519637e+00 2.369631107057616592e+00 3.841745587483117452e-01
1.560988246590437889e+00 2.371429133058365668e+00 3.867747953780545922e-01
1.565142947404500662e+00 2.373147652260097384e+00 3.890552338277798450e-01
1.569405480584870727e+00 2.374912531523158510e+00 3.915562884600476967e-01
1.574139330531755032e+00 2.376873394848035392e+00 3.945088842826516840e-01
1.578645193452773210e+00 2.378748330221544638e+00 3.973791181821158536e-01
1.582911985484473760e+00 2.380546945282310478e+00 4.002282661815013132e-01
1.586782955318711608e+00 2.382208940169567413e+00 4.027580694039606390e-01
1.591664248526534653e+00 2.384310487573895632e+00 4.058007239848464009e-01
1.595848561090093209e+00 2.386115695654499103e+00 4.084603572351612200e-01
1.599806168927824679e+00 2.387813755297034657e+00 4.110731228315345764e-01
1.603733094990225982e+00 2.389513904643826514e+00 4.137586243242050155e-01
1.607773216488918910e+00 2.391276767241953927e+00 4.165332739101337278e-01
1.612440282659060697e+00 2.393384674494106967e+00 4.192592028869352450e-01
1.616631134957735139e+00 2.395291852958673751e+00 4.215788621443902207e-01
1.620820868431679607e+00 2.397192351499513041e+00 4.239249285156184710e-01
1.624893702474877299e+00 2.399048294248175672e+00 4.263162994901887326e-01
1.628959412109701077e+00 2.400924699218729419e+00 4.287473743180413299e-01
1.633127111128855891e+00 2.402846196653633637e+00 4.313764068272744057e-01
1.637690835043713822e+00 2.404974705793628598e+00 4.340756419588608361e-01
1.641577731618742098e+00 2.406804707687276945e+00 4.363834204998969790e-01
1.646247780544691341e+00 2.408994009414122672e+00 4.391160034610544494e-01
1.650336368995213299e+00 2.410941224973036867e+00 4.415100423084781234e-01
1.655204224982938399e+00 2.413273553738023214e+00 4.444333840404232072e-01
1.658932440932275210e+00 2.415073046411194913e+00 4.465211285573368327e-01
1.662947571525748458e+00 2.417030618874647097e+00 4.485511530799988766e-01
1.666649493716454655e+00 2.418826939969529910e+00 4.504169877889488971e-01
1.670459171576267776e+00 2.420684010219075866e+00 4.524389494489191033e-01
1.674260082697914154e+00 2.422559639226220973e+00 4.544750705999991425e-01
1.678061416586705601e+00 2.424423509658371945e+00 4.566218862574633053e-01
1.682197055226310578e+00 2.426484171144772439e+00 4.588901840561110945e-01
1.685957078648975926e+00 2.428373269072963136e+00 4.606815792904419005e-01
1.689820392728378806e+00 2.430308104061726926e+00 4.625413064473961056e-01
1.693786567584822045e+00 2.432298449393012429e+00 4.646446211897993228e-01
1.698380459141573429e+00 2.434618469646178340e+00 4.671679726866859172e-01
1.702649841724298119e+00 2.436800204999749919e+00 4.695196119008319124e-01
1.707023310252204329e+00 2.439015306753051782e+00 4.720251842045410928e-01
1.711124543984361868e+00 2.441135944040071060e+00 4.740400676474949004e-01
1.715100177381030822e+00 2.443217926340781609e+00 4.758438595373741253e-01
1.725453633766342421e+00 2.448624150589552961e+00 4.805292265107724559e-01
1.729845073944934697e+00 2.450923409149809995e+00 4.825792631583636361e-01
1.729948987032374097e+00 2.450979745437110946e+00 4.826292550677986903e-01
1.734089116900728644e+00 2.453176937555085146e+00 4.845488058881202154e-01
1.738018807272185828e+00 2.455254553239079929e+00 4.863616601977238663e-01
1.741633933825697866e+00 2.457182625935506515e+00 4.880426638265901729e-01
1.745843409716891337e+00 2.459437486180170218e+00 4.900382317429966550e-01
1.750055494904577680e+00 2.461709257588895028e+00 4.919483081218871123e-01
1.753840769099967334e+00 2.463761685840885285e+00 4.936842962398031998e-01
1.757803601038050889e+00 2.465929768022278701e+00 4.952416793712313692e-01
1.757906869212557011e+00 2.465985228621391467e+00 4.952812520445735167e-01
1.762077909071981585e+00 2.468250820577632787e+00 4.968117126255423011e-01
1.766015910133225120e+00 2.470425543848773220e+00 4.982716202203862355e-01
1.766119024258232972e+00 2.470483375910667245e+00 4.983112562766289777e-01
1.770361695168445548e+00 2.472821815959379332e+00 4.999317858239229473e-01
1.774094077609523090e+00 2.474900006502732008e+00 5.013764523094782488e-01
1.777714076870135607e+00 2.476912171063064161e+00 5.027565646261835663e-01
1.781538655643450042e+00 2.479046659947687914e+00 5.042300256937819469e-01
1.785651039429660525e+00 2.481347726942229048e+00 5.057369299986123057e-01
1.789936223032775109e+00 2.483760387463355812e+00 5.072820396178794322e-01
1.793820980257759601e+00 2.485941305103291477e+00 5.087042020289362920e-01
1.797427869930444455e+00 2.487948084311420782e+00 5.100255023325156456e-01
1.801418423206561537e+00 2.490182188699701982e+00 5.114184611221296306e-01
1.805406499825038757e+00 2.492424952865238907e+00 5.128722808192862637e-01
1.808859147681112667e+00 2.494391878003318297e+00 5.138456969825871967e-01
1.812582975279707576e+00 2.496541206578291039e+00 5.147955501964943670e-01
1.812779812681009073e+00 2.496651185579419341e+00 5.148416689328459972e-01
1.816625822415630864e+00 2.498847756505978346e+00 5.158509816756928767e-01
1.820875437190563551e+00 2.501264196459718647e+00 5.170107408706294816e-01
1.824814727709403117e+00 2.503510422975999461e+00 5.180649458322769130e-01
1.828457067810220771e+00 2.505607158790732036e+00 5.191473998160466286e-01
1.831889096734539590e+00 2.507586085743897186e+00 5.202934520792924511e-01
1.835669005875174342e+00 2.509786777369211741e+00 5.214050633295645998e-01
1.839238684310565475e+00 2.511884489260282294e+00 5.222933039808005384e-01
1.842922209951737944e+00 2.514036590003059679e+00 5.231968606974358726e-01
1.846906425170837363e+00 2.516349450142838950e+00 5.241415807436204943e-01
1.850980245261918622e+00 2.518726605896517867e+00 5.250810824219260819e-01
1.851075683718091724e+00 2.518781636607234642e+00 5.251044154761423943e-01
1.854721441573369933e+00 2.520937267974156626e+00 5.258064437709837335e-01
1.858536831271522693e+00 2.523196840253822959e+00 5.264142549144235073e-01
1.862368453548136182e+00 2.525465323715993637e+00 5.269442742754718578e-01
1.866309914696545169e+00 2.527800540175544786e+00 5.275027668465562813e-01
1.869761938718004224e+00 2.529852895362032950e+00 5.281604470204792623e-01
1.873215072146565019e+00 2.531882127133366911e+00 5.289531030445001614e-01
1.877246507105633677e+00 2.534250218318332859e+00 5.298614679303262909e-01
1.880518202963752605e+00 2.536174625132568305e+00 5.305872815011002386e-01
1.884214749344276907e+00 2.538367724409400061e+00 5.311593867178174833e-01
1.887715039368118797e+00 2.540458293821097335e+00 5.315948864015630493e-01
1.891313406237723038e+00 2.542623363640708956e+00 5.320006158034933375e-01
1.894912469947442668e+00 2.544778741514996057e+00 5.323508589866954299e-01
1.898317451634037756e+00 2.546827921522958338e+00 5.326893534157332022e-01
1.901644521508323527e+00 2.548828986709602340e+00 5.330131107602736895e-01
1.905151938857400529e+00 2.550920416963153858e+00 5.333539139420849784e-01
1.909500203899462845e+00 2.553506471689949819e+00 5.336016606290454600e-01
1.913201822024127363e+00 2.555712391801863603e+00 5.338911204957728085e-01
1.916592768195103158e+00 2.557746054004617964e+00 5.341649412640372407e-01
1.919978158539901392e+00 2.559782885618986814e+00 5.344661924046362200e-01
1.923848751988211037e+00 2.562112858710812624e+00 5.347588931955435942e-01
1.927517148608381525e+00 2.564316225902768753e+00 5.350125745113540887e-01
1.930911319952633765e+00 2.566361973273385999e+00 5.351999748269781199e-01
1.939055531544515043e+00 2.571285779174285135e+00 5.352815332465671316e-01
1.943072289295941113e+00 2.573726934752873952e+00 5.352120614410769139e-01
1.946998403914765863e+00 2.576091624231584110e+00 5.351512931956178276e-01
1.950472766593311702e+00 2.578165871971154210e+00 5.350752495091913863e-01
1.953951050716610904e+00 2.580232579024389405e+00 5.351476731033109058e-01
1.957499101273823428e+00 2.582343040254639455e+00 5.351538230686451181e-01
1.960772219704413510e+00 2.584287460497963540e+00 5.351324929957338439e-01
1.964485239364214264e+00 2.586512020937571599e+00 5.350285102509705348e-01
1.967901869701568440e+00 2.588587043079743744e+00 5.349394203661759217e-01
1.971518227097517340e+00 2.590771910109745946e+00 5.347752757790076306e-01
1.974942774549675484e+00 2.592832983402516334e+00 5.345688195003123200e-01
1.978545601652522024e+00 2.595007575339275618e+00 5.343588943594389518e-01
1.982075202095650246e+00 2.597133480019520491e+00 5.340974504506799114e-01
1.985671249541409722e+00 2.599293032331702502e+00 5.336840207833117855e-01
1.989156731616394280e+00 2.601388476751692380e+00 5.332215300762334076e-01
1.992647900402760630e+00 2.603485569539176314e+00 5.327040032408431047e-01
1.996731092377031391e+00 2.605908661186078223e+00 5.322014610795172684e-01
2.000262164434206458e+00 2.607997627361401172e+00 5.318912437800854542e-01
2.003604835720299349e+00 2.609967588506489911e+00 5.316068720255826552e-01
2.007484071129653547e+00 2.612280673288723598e+00 5.311116767335100075e-01
2.010956316560319479e+00 2.614365276823090056e+00 5.305883493164207376e-01
2.014623868259926454e+00 2.616556983072482634e+00 5.299706119378541080e-01
2.017946439617523069e+00 2.618524164200983328e+00 5.294264828658519217e-01
2.021820863517791445e+00 2.620801172521725952e+00 5.287606868102119329e-01
2.025326009175189679e+00 2.622883779061091936e+00 5.280960473939290134e-01
2.028544236257761924e+00 2.624795524247264478e+00 5.274552599818616017e-01
2.031669113342752908e+00 2.626642410501878633e+00 5.268144375805700053e-01
2.034702069676838310e+00 2.628434149148057397e+00 5.261622570430684043e-01
2.038381423347434662e+00 2.630603761383622619e+00 5.253959327053002726e-01
2.041687945946000227e+00 2.632557982665986618e+00 5.247265883718301716e-01
2.045734852258007663e+00 2.634941960764457303e+00 5.239051573171230602e-01
2.049520144247241049e+00 2.637148500997510858e+00 5.230812793504137082e-01
2.052998690485849487e+00 2.639201814202909890e+00 5.223086160259280408e-01
2.056411704878668090e+00 2.641193181972958381e+00 5.215150063322229190e-01
2.059796637516004836e+00 2.643188568317257126e+00 5.206812980580141081e-01
2.063338099791350189e+00 2.645275338450593594e+00 5.197304227453508618e-01
2.067099766965883489e+00 2.647462458740026392e+00 5.186377825184685930e-01
2.070585280095254888e+00 2.649498682818493211e+00 5.175411958784313926e-01
2.074244424068079962e+00 2.651633162489177575e+00 5.163852993108623002e-01
2.077644338445264083e+00 2.653607086120740810e+00 5.153488451286749594e-01
2.081147166298796147e+00 2.655608207491563011e+00 5.143925050026701973e-01
2.084537759036671378e+00 2.657561027483380744e+00 5.133650076045174204e-01
2.087945255572661196e+00 2.659498269180485597e+00 5.123354835279971820e-01
2.091545844174617308e+00 2.661536042341004382e+00 5.111414902055742004e-01
2.095224972269954744e+00 2.663630968174759861e+00 5.099504709498515753e-01
2.098586674826214526e+00 2.665580554614310760e+00 5.088102067711808285e-01
2.101895911565650366e+00 2.667462260178140809e+00 5.077318029924091647e-01
2.105217756998304601e+00 2.669318534806650156e+00 5.065422013465988860e-01
2.109424545427208919e+00 2.671724656778998064e+00 5.049881459820171337e-01
2.113283959444818727e+00 2.673896353386545854e+00 5.035407150922878161e-01
2.113375414567247645e+00 2.673946046516632702e+00 5.035041804692974576e-01
2.116870448832758989e+00 2.675894520769245055e+00 5.021599111576333652e-01
2.120088710895206674e+00 2.677683147814445164e+00 5.008636416227206789e-01
2.123604699162377152e+00 2.679620089933947291e+00 4.995756244718297379e-01
2.126913449448068150e+00 2.681453841490696544e+00 4.983828131279088858e-01
2.130226558758724131e+00 2.683272472017915522e+00 4.972155377231899931e-01
2.133715311293030048e+00 2.685193741588307148e+00 4.959242092935928214e-01
2.137477700590343144e+00 2.687275051776619073e+00 4.944362234959153724e-01
2.140615336563491233e+00 2.688994775372138601e+00 4.930998655909766826e-01
2.144016609595450706e+00 2.690865956352557653e+00 4.916300892265713096e-01
2.153117702945107403e+00 2.695835988539964312e+00 4.877013023121244961e-01
2.157060694469594253e+00 2.697991190625679714e+00 4.859519123494584480e-01
2.160659125603058506e+00 2.699926737099424656e+00 4.842389327927794085e-01
2.164079504544048405e+00 2.701771107187160403e+00 4.825258748119855001e-01
2.167865012952541637e+00 2.703820469191780429e+00 4.806030029906537271e-01
2.171383096778783717e+00 2.705694189220574142e+00 4.789347552754424919e-01
2.175279910464483102e+00 2.707743469456563190e+00 4.771305388215487109e-01
2.178722664371765205e+00 2.709540730412489218e+00 4.755434048931588276e-01
2.181861479512502200e+00 2.711194136934239385e+00 4.740485799484476792e-01
2.185619493982380313e+00 2.713197081079917083e+00 4.722437507437369231e-01
2.188737045797755520e+00 2.714853376810937302e+00 4.706796991937052255e-01
2.192417214563086247e+00 2.716785722901263522e+00 4.688148416022204223e-01
2.196115969379170973e+00 2.718700606760220406e+00 4.669237707306689300e-01
2.200106611246696264e+00 2.720752461066193284e+00 4.648418591525496080e-01
2.203703821204707758e+00 2.722587726032696054e+00 4.629396216060234770e-01
2.207383482820273635e+00 2.724464284117886770e+00 4.610203891331756676e-01
2.211449977900146191e+00 2.726525201095007844e+00 4.587455831395472194e-01
2.214878388434923906e+00 2.728249131158821950e+00 4.568366523260063428e-01
2.218574614347554430e+00 2.730146520297095591e+00 4.547942989543618530e-01
2.222578844663613662e+00 2.732133806833043188e+00 4.525920021050626185e-01
2.226491533677540602e+00 2.734084532631516851e+00 4.504373711397675062e-01
2.230217022719965136e+00 2.735942197666990872e+00 4.483369852258650701e-01
2.233497466939518894e+00 2.737534139020330048e+00 4.464715471719759576e-01
2.237316191733560444e+00 2.739389707674667829e+00 4.442267155525087552e-01
2.240588632004842928e+00 2.740982296627045400e+00 4.423090283288775293e-01
2.243682817503139137e+00 2.742465150880774694e+00 4.405074761583450127e-01
2.247044705699610567e+00 2.744096540794502381e+00 4.385895036421963988e-01
2.250139107052447685e+00 2.745573657874180284e+00 4.367825263990524065e-01
2.253503590874872842e+00 2.747175342273265652e+00 4.348175504952144776e-01
2.257230075150358228e+00 2.748953686127603824e+00 4.325801969313416984e-01
2.260671199622764860e+00 2.750610493419279656e+00 4.304479912805395658e-01
2.263936297838558431e+00 2.752152382464552627e+00 4.284747680795492619e-01
2.267504162017864200e+00 2.753818801293348884e+00 4.263507257784602267e-01
2.267599061973148533e+00 2.753863310788512209e+00 4.262958510953303581e-01
2.271343599397669610e+00 2.755590452196564843e+00 4.240611318307550559e-01
2.275194578530699729e+00 2.757371122072716840e+00 4.217590189077828344e-01
2.278392086881449785e+00 2.758856565327419741e+00 4.198012290884433062e-01
2.281679235679448414e+00 2.760346231516440874e+00 4.176978707653178913e-01
2.285537842062308478e+00 2.762089441878345042e+00 4.151885257413865382e-01
2.289191335253069504e+00 2.763751714556167194e+00 4.127856026409665313e-01
2.292958527048464479e+00 2.765430115449508008e+00 4.103358313113421030e-01
2.296816534408939070e+00 2.767164612397713164e+00 4.078702850737898622e-01
2.300786610760263251e+00 2.768926291730609446e+00 4.053166256608690676e-01
2.304392881006912752e+00 2.770508275750384719e+00 4.030082862557138879e-01
2.308165934307923273e+00 2.772174898614973682e+00 4.005587229501572644e-01
2.311672341997629054e+00 2.773681047780997666e+00 3.981840579643974309e-01
2.315162551652689693e+00 2.775206579177800670e+00 3.958223037230692021e-01
2.318494949606609623e+00 2.776623083007041082e+00 3.935460730222646863e-01
2.322496200837360192e+00 2.778309813448393673e+00 3.908714031268288314e-01
2.325717307723265126e+00 2.779654577083941369e+00 3.887314857667559242e-01
2.329698524598892817e+00 2.781344492275159119e+00 3.861534543477310732e-01
2.329793272814699279e+00 2.781380851127674969e+00 3.860898041884859855e-01
2.333303004710700623e+00 2.782846131582283888e+00 3.837316127523965337e-01
2.337099854556253575e+00 2.784419673709797038e+00 3.811268842555436409e-01
2.340708283724438843e+00 2.785899349667742886e+00 3.787154147483100530e-01
2.344324595382007992e+00 2.787374357103963085e+00 3.762456445211546652e-01
2.344420150344720177e+00 2.787410093267125966e+00 3.761762177805703100e-01
2.348134992177172364e+00 2.788904336467118661e+00 3.736133407548496987e-01
2.357200859512006197e+00 2.792546043141871603e+00 3.673204773022009095e-01
2.360846174002866782e+00 2.793975141189984246e+00 3.648315116533172864e-01
2.360941418572457984e+00 2.794007915681382404e+00 3.647619058246285850e-01
2.364577986012857735e+00 2.795442959537228766e+00 3.621343138179868859e-01
2.368206284972415254e+00 2.796866502037568036e+00 3.595398044763496448e-01
2.371670128256047505e+00 2.798188161672845453e+00 3.570096649085705565e-01
2.376009925705287795e+00 2.799838777488090180e+00 3.538678244725579902e-01
2.380060782694387811e+00 2.801363729427166938e+00 3.509695355100776459e-01
2.380155943155957132e+00 2.801399549249807386e+00 3.509006951714213063e-01
2.383726012421563567e+00 2.802759110966171363e+00 3.482944888360032243e-01
2.387466667793862296e+00 2.804165934156184203e+00 3.455940025271935223e-01
2.391039512844382209e+00 2.805487541628628456e+00 3.429861782991355246e-01
2.394424217866346183e+00 2.806737847982540668e+00 3.405324196977052020e-01
2.397983453833041345e+00 2.808030223315439056e+00 3.379932510215862274e-01
2.398078634365284678e+00 2.808070279450702422e+00 3.379255922635872600e-01
2.401446871112850268e+00 2.809294481863027215e+00 3.355181520814196627e-01
2.404924492221550913e+00 2.810538658316995786e+00 3.330164118056168632e-01
2.408402082588096071e+00 2.811772361215083116e+00 3.304727393500768162e-01
2.411969742968032904e+00 2.813026263657069759e+00 3.277978920296867327e-01
2.412063747954371173e+00 2.813062992694617126e+00 3.277287935537248620e-01
2.415646553430769394e+00 2.814298441502158798e+00 3.250602122235100033e-01
2.419232781591550641e+00 2.815523234699787380e+00 3.223695110146951870e-01
2.422625877677133666e+00 2.816693559495183852e+00 3.198557688111342001e-01
2.426214943902682997e+00 2.817930356914507328e+00 3.171897974359009775e-01
2.430206263433387193e+00 2.819263931562165926e+00 3.142690066056201825e-01
2.430304295768296985e+00 2.819297497889364124e+00 3.141979405062553798e-01
2.434391375962695392e+00 2.820666661696986655e+00 3.111565385291704677e-01
2.437803260871047151e+00 2.821794474960061194e+00 3.085738525195630411e-01
2.441894494745567634e+00 2.823148970997418239e+00 3.054190309083662513e-01
2.445502592306819878e+00 2.824318096034896364e+00 3.026590339247964279e-01
2.449133778619525970e+00 2.825492741729756396e+00 2.999060641697459118e-01
2.452653121458136631e+00 2.826611666636189124e+00 2.972909400698816595e-01
2.456657827682318551e+00 2.827876356599771768e+00 2.942591251956934162e-01
2.460977879850284822e+00 2.829219897879966084e+00 2.909404262350163139e-01
2.464703835473014415e+00 2.830358863123947799e+00 2.880247907461697121e-01
2.468523266363125579e+00 2.831545581323691607e+00 2.851118700964960229e-01
2.472251554442359556e+00 2.832693697123686238e+00 2.822710377784547475e-01
2.475598341997005569e+00 2.833692594248360397e+00 2.797517996471125534e-01
2.479224940474617611e+00 2.834782568359655031e+00 2.770409989228312941e-01
2.482462451765623079e+00 2.835741921546401478e+00 2.745905748671805258e-01
2.486178178107748771e+00 2.836829935375088763e+00 2.716988587995957105e-01
2.489997828178618811e+00 2.837938429475112656e+00 2.687478988928354573e-01
2.493824317935033896e+00 2.839025548889889006e+00 2.658330534196777784e-01
2.497353437695775114e+00 2.840027016393348980e+00 2.631234626925499365e-01
2.501497647882091169e+00 2.841190557150084395e+00 2.599494401039060265e-01
2.505054845105359806e+00 2.842166503895406482e+00 2.572290446315917967e-01
2.509111599092141098e+00 2.843263975025969170e+00 2.540352243494411466e-01
2.513359238185168376e+00 2.844403701027030440e+00 2.506490318978228382e-01
2.517512524991186496e+00 2.845499550412505130e+00 2.473930556087436117e-01
2.520864653530887622e+00 2.846371571508415688e+00 2.448283478148927383e-01
2.524929902157766470e+00 2.847435917036342801e+00 2.417504191169685956e-01
2.528603782967024927e+00 2.848350206604880253e+00 2.389859213651487901e-01
2.532195165545090276e+00 2.849238406374483557e+00 2.362485397812595922e-01
2.532293967655295575e+00 2.849259888074241243e+00 2.361678751739010873e-01
2.536562345430629417e+00 2.850318131903814223e+00 2.328763549101527386e-01
2.540242817144348741e+00 2.851222425753955569e+00 2.300368626148728002e-01
2.544289882813048465e+00 2.852216231127173263e+00 2.268964663710501539e-01
2.548060246453043298e+00 2.853100218507220731e+00 2.239665171795078846e-01
2.552329063885025562e+00 2.854129897519663395e+00 2.206073584948241850e-01
2.556224644729275575e+00 2.855052569851944444e+00 2.175487658881190001e-01
2.560104457847063308e+00 2.855927813906941726e+00 2.144527129021288614e-01
2.564090551511107208e+00 2.856828205838111145e+00 2.112531585337959483e-01
2.568203080295454743e+00 2.857757985862439121e+00 2.079291318835087277e-01
2.568302329719888366e+00 2.857776568487130575e+00 2.078477899936386764e-01
2.572008970408403705e+00 2.858595214878898005e+00 2.049327081165810971e-01
2.581929391235378013e+00 2.860739023268592973e+00 1.973136415963858969e-01
2.585535615137081855e+00 2.861485127604554535e+00 1.945834443517460155e-01
2.589348800565157482e+00 2.862268414166011965e+00 1.916158911823177269e-01
2.589451668788870897e+00 2.862290999006331660e+00 1.915442014096378487e-01
2.593131641315118863e+00 2.863039357636199433e+00 1.886906238832503080e-01
2.596827396790077902e+00 2.863774503471844479e+00 1.858228802422085268e-01
2.600533544936622476e+00 2.864515348677837636e+00 1.829822130312759032e-01
2.604452477435137858e+00 2.865281528477258366e+00 1.799884289764909218e-01
2.608551977143703127e+00 2.866067934470689860e+00 1.767654167240574614e-01
2.612054170122194208e+00 2.866728320584870371e+00 1.739753712175471922e-01
2.615976101511662932e+00 2.867445178743420975e+00 1.709004005596296005e-01
2.619696558909557993e+00 2.868130117558692405e+00 1.679727209938817190e-01
2.623610499834605037e+00 2.868820353657549838e+00 1.649422001841427399e-01
2.627133676147365815e+00 2.869440582389095162e+00 1.622240856311122081e-01
2.631347328808794295e+00 2.870176871410321073e+00 1.590461988077033484e-01
2.635451974224690908e+00 2.870873706562929506e+00 1.558898481232992572e-01
2.639273393388467337e+00 2.871486198583009575e+00 1.529338291937891170e-01
2.639373281178331698e+00 2.871500851679059885e+00 1.528554584447699427e-01
2.643498518555549737e+00 2.872156553662568612e+00 1.497047697162745550e-01
2.643597033887243875e+00 2.872178403249571410e+00 1.496338606829246964e-01
2.648042710546353540e+00 2.872869562275918387e+00 1.462278620235031856e-01
2.648143674487472676e+00 2.872887797930813836e+00 1.461527224198288233e-01
2.652369611141816019e+00 2.873563352257329839e+00 1.429155821801301185e-01
2.656499693767938375e+00 2.874181147943835946e+00 1.397841455260711019e-01
2.656599639481312281e+00 2.874194103377489817e+00 1.397056681967902281e-01
2.660427117452545787e+00 2.874753168441015916e+00 1.367621614859182988e-01
2.664156222320474221e+00 2.875298668962601667e+00 1.338954794369928980e-01
2.667903712025380791e+00 2.875832561294410006e+00 1.309734521757209558e-01
2.671634334401724598e+00 2.876359757229563829e+00 1.280544124419140672e-01
2.675554525644052717e+00 2.876906150556628461e+00 1.249178052258576727e-01
2.679298511524757842e+00 2.877412972487222387e+00 1.219846533997636373e-01
2.683038205056015535e+00 2.877902969924509335e+00 1.189712637009835566e-01
2.687179603854338517e+00 2.878437945967039280e+00 1.156932544623099773e-01
2.690516910719454646e+00 2.878837927650196971e+00 1.130743863224026452e-01
2.694176580837265966e+00 2.879269372266486826e+00 1.102306975567516889e-01
2.694580565569752117e+00 2.879318001634957991e+00 1.099263795329968735e-01
2.698635541402129689e+00 2.879785603731393806e+00 1.068840837041649949e-01
2.698736779354132587e+00 2.879797376226726602e+00 1.068106692875621239e-01
2.702488052964318932e+00 2.880227491804737472e+00 1.040571545333850295e-01
2.706234880796733577e+00 2.880652259125355386e+00 1.013074060766543244e-01
2.709980407911340095e+00 2.881071957013210394e+00 9.845943470081977567e-02
2.713533232983494248e+00 2.881461747222007652e+00 9.571117094451343787e-02
2.717488311234893317e+00 2.881885728676518266e+00 9.268327159343130173e-02
2.721424349828645006e+00 2.882283665031599273e+00 8.970917468202560530e-02
2.725054383789414558e+00 2.882651625719670374e+00 8.703382949399407487e-02
2.728497222345701800e+00 2.882980647304559607e+00 8.450484325844705158e-02
2.732136919901551053e+00 2.883326478663365666e+00 8.174597037454850446e-02
2.735875934573688717e+00 2.883655895600785168e+00 7.887916595122429486e-02
2.739802556323127192e+00 2.884003481573056415e+00 7.591842423587003008e-02
2.744050942408112093e+00 2.884350090231183383e+00 7.274430917200390423e-02
2.744150513599924235e+00 2.884355984226151470e+00 7.266770839154736150e-02
2.748402483749318392e+00 2.884692288589131515e+00 6.957090886312845834e-02
2.752561984709453125e+00 2.884993587271577731e+00 6.656219977676644528e-02
2.756814262527695902e+00 2.885318518305782565e+00 6.348385704756785708e-02
2.760858491849123908e+00 2.885600819438407516e+00 6.052711885729484403e-02
2.764999832619624787e+00 2.885889981964111950e+00 5.747492717771859883e-02
2.768641890451616128e+00 2.886117698254400565e+00 5.478123487367381195e-02
2.772694684393449904e+00 2.886366674149051459e+00 5.184285355973339976e-02
2.772796451552305363e+00 2.886375731751831708e+00 5.177128296667887070e-02
2.777046266151076637e+00 2.886614602349814263e+00 4.869849257104139767e-02
2.777146307774367440e+00 2.886616849546646879e+00 4.862320218751067097e-02
2.787145431509129967e+00 2.887159802101655792e+00 4.137771691219613301e-02
2.791089186748224371e+00 2.887345912764182732e+00 3.852361434223908893e-02
2.795330841267172239e+00 2.887525350223283827e+00 3.545896212780466628e-02
2.799185607106580598e+00 2.887682425394514141e+00 3.267868658108744745e-02
2.803038513163618184e+00 2.887827061257138173e+00 2.992953273988959578e-02
2.806997432485473176e+00 2.887965819520722732e+00 2.705694902597052115e-02
2.810533331844814242e+00 2.888069953961194702e+00 2.457560036100369869e-02
2.814475981867187837e+00 2.888197141541491320e+00 2.182980522676558621e-02
2.818425144348320366e+00 2.888286043210299248e+00 1.909447693182343697e-02
2.822274470491710652e+00 2.888377747844617094e+00 1.641391981742448131e-02
2.826318452318307806e+00 2.888447385164308212e+00 1.358822118475907711e-02
2.830050652970531377e+00 2.888522605142609390e+00 1.100240789928785823e-02
2.833689552929039568e+00 2.888591805976573390e+00 8.544636523612753401e-03
2.837115716532366605e+00 2.888644176612393366e+00 6.254283995336703920e-03
2.840944579010368010e+00 2.888699678977994179e+00 3.654416932700937492e-03
2.844978846015775442e+00 2.888741056946056318e+00 9.834082620444439381e-04
2.848713194941722815e+00 2.888764711246524008e+00 -1.556357432470680327e-03
2.852940460881092211e+00 2.888792396204413748e+00 -4.444359835849872979e-03
2.856663920904356058e+00 2.888805638219551941e+00 -7.006913715482813651e-03
2.860990731950165067e+00 2.888782652734191103e+00 -9.847379859679076045e-03
2.865215688217006118e+00 2.888773897175307859e+00 -1.261142964361203558e-02
2.868738176360461800e+00 2.888766638148474009e+00 -1.493430169648758167e-02
2.872855181066374719e+00 2.888726385492305759e+00 -1.766700076982364795e-02
2.876485761591934143e+00 2.888688406045224699e+00 -2.015080052812343037e-02
2.880287282941460969e+00 2.888644756779434442e+00 -2.269689754950923732e-02
2.883891504238955683e+00 2.888573572885173135e+00 -2.492124679164820639e-02
2.888207444339363494e+00 2.888459357318608145e+00 -2.755117505613452825e-02
2.891917274067646648e+00 2.888351094424634891e+00 -2.984876711649101996e-02
2.895805153160297074e+00 2.888249852479087831e+00 -3.228166330100292608e-02
2.899512273983382293e+00 2.888166861050230239e+00 -3.466241143427257337e-02
2.903595434578250423e+00 2.888052785020202684e+00 -3.732727679709677698e-02
2.907381583143265669e+00 2.887940785732476368e+00 -3.979908322866835407e-02
2.910885025003811855e+00 2.887828322281704274e+00 -4.195126187800212597e-02
2.914881957691881187e+00 2.887664290822434143e+00 -4.428884679815534714e-02
2.918565350483576903e+00 2.887516575546963615e+00 -4.647014065740742023e-02
2.922844078526673162e+00 2.887350723139591402e+00 -4.905488015796080625e-02
2.926625972353448013e+00 2.887177234891455946e+00 -5.145309924414234043e-02
2.930397768401264535e+00 2.887016664014123712e+00 -5.389785271703575326e-02
2.934069363321854862e+00 2.886842158477222142e+00 -5.607755648434677859e-02
2.937944832593082811e+00 2.886643074600115710e+00 -5.819498158318430620e-02
2.941699323812019706e+00 2.886449463576242991e+00 -6.031658333692373197e-02
2.945663442049128555e+00 2.886245334416515984e+00 -6.262637985683268405e-02
2.949121755525768940e+00 2.886046151628577139e+00 -6.472980310149573091e-02
2.952763233980792545e+00 2.885837732941476386e+00 -6.704206516879765432e-02
2.956401527023974740e+00 2.885616068834580439e+00 -6.938633545307011652e-02
2.960374106154913143e+00 2.885354346104433532e+00 -7.174781269653845994e-02
2.960474088058748343e+00 2.885345855139339388e+00 -7.180372405618054565e-02
2.964335370888154575e+00 2.885082713821022882e+00 -7.394629604512548138e-02
2.964431335163948411e+00 2.885076116484067477e+00 -7.400006886207498302e-02
2.968663536436779271e+00 2.884783178107811707e+00 -7.639956493151010830e-02
2.968761509514840302e+00 2.884775086590534610e+00 -7.645686305782055381e-02
2.972214867498070845e+00 2.884531861903014693e+00 -7.852716836182291327e-02
2.975848118835747957e+00 2.884266106225946036e+00 -8.074349171280550963e-02
