3.103363280968149396e-04 2.250266928374855091e+00 -7.027639579041076176e-04
4.210554409190617187e-04 2.250406880745768223e+00 -9.495158809941936723e-04
4.288404757542205181e-04 2.250434383216924683e+00 -1.120385159893385859e-03
4.247457984191821412e-04 2.250479012254339661e+00 -1.508841964160514146e-03
4.024896675681940983e-04 2.250537774502286315e+00 -2.162402265348412848e-03
4.200961827566102036e-04 2.250620982687319582e+00 -3.302381154564021370e-03
4.300709124861953891e-04 2.250682429245940863e+00 -4.583923631588960115e-03
3.312892075088003097e-04 2.250736248756851410e+00 -5.969832850868748292e-03
3.432333871122225655e-04 2.250797561402304137e+00 -8.034931799370663777e-03
2.980550281637336929e-04 2.250856891182837938e+00 -1.033041746137126904e-02
2.431543902341182228e-04 2.250907815926766808e+00 -1.307164095170689107e-02
-2.155208993652457661e-06 2.251036340906981792e+00 -1.975182103455354679e-02
-3.620141888169975397e-05 2.251064974747573277e+00 -2.323905491765275791e-02
-7.925025942700364423e-05 2.251132509765149337e+00 -2.674301940858938090e-02
-1.579210733302152669e-04 2.251192030578534897e+00 -3.142214015350196232e-02
-3.476550577770284867e-04 2.251232670990502616e+00 -3.501240358104500822e-02
-3.403959788619848048e-04 2.251275911048576273e+00 -4.042147309049828191e-02
-4.297966596708627240e-04 2.251315958625478064e+00 -4.592305478781801009e-02
-5.345959999914634553e-04 2.251348503731415374e+00 -5.165893714450114221e-02
-6.055815967938166233e-04 2.251419105338627880e+00 -5.782602875026183337e-02
-7.650824423873839319e-04 2.251486265611115645e+00 -6.394905541950644812e-02
-7.818132509062394875e-04 2.251521499164225837e+00 -7.079056246690121346e-02
-8.002480753477522746e-04 2.251599983196422627e+00 -7.763111359963426050e-02
-1.012866005010291948e-03 2.251664565951442043e+00 -8.447524462722026672e-02
-1.114590930824992110e-03 2.251748631770946307e+00 -9.196439048010221495e-02
-1.434600468005080287e-03 2.251788545816742815e+00 -9.991754625344817509e-02
-1.544598382752511434e-03 2.251851050539603438e+00 -1.079061527449054619e-01
-1.545174260748183315e-03 2.251853958596569782e+00 -1.081340271399073572e-01
-1.590379914931279448e-03 2.251942965096279892e+00 -1.172997314999034424e-01
-1.786854680665014850e-03 2.251992713442849681e+00 -1.270265789336772200e-01
-1.854979625521412101e-03 2.252040307639341599e+00 -1.377345768180307239e-01
-1.944099936856034938e-03 2.252081123905856685e+00 -1.488088799648444593e-01
-1.858269882362477421e-03 2.252117469435635400e+00 -1.608265889053123177e-01
-1.804320279285162587e-03 2.252143765798256592e+00 -1.706354492499811970e-01
-1.790877774613515439e-03 2.252182901923372338e+00 -1.827212135385639091e-01
-6.154412300317796403e-04 2.251986432920986214e+00 -1.930583185070736396e-01
3.667386856513708826e-03 2.251134584792533477e+00 -2.043684908985652915e-01
9.877988808265646126e-03 2.249836900275853591e+00 -2.145392500391309909e-01
1.675380056264558215e-02 2.248319148560541159e+00 -2.251303155723752003e-01
2.478280697630318163e-02 2.246456498595111206e+00 -2.375366163551889953e-01
3.129481528417427799e-02 2.244866280153441362e+00 -2.476011323189402924e-01
3.812383336968876157e-02 2.243126192126294605e+00 -2.583339677770423171e-01
4.592759848477716289e-02 2.241035757056255129e+00 -2.705054989194541348e-01
5.317381797062648713e-02 2.238991007302825409e+00 -2.818627679050363377e-01
5.335590676547371375e-02 2.238935352003283974e+00 -2.821578122481575024e-01
5.993681380092424210e-02 2.237001891572270473e+00 -2.921008953947214493e-01
6.761236271123473307e-02 2.234663606612962816e+00 -3.013523392273432799e-01
7.522190186729380001e-02 2.232271951343778760e+00 -3.092308992097152487e-01
8.264227110924024511e-02 2.229890931854715319e+00 -3.146031880753078491e-01
8.941775594482288814e-02 2.227700288102825610e+00 -3.169321407214626962e-01
9.633475788535950102e-02 2.225434212387331190e+00 -3.165304112774603995e-01
1.041244891626307012e-01 2.222936682009853282e+00 -3.128672484522574959e-01
1.043280228272399357e-01 2.222873768432986008e+00 -3.127378326328970060e-01
1.117861629203307922e-01 2.220497437411228958e+00 -3.066312964445598310e-01
1.183975094539968798e-01 2.218424897670975948e+00 -2.996426545931877850e-01
1.259668826564779576e-01 2.216106059465401401e+00 -2.911236488179180792e-01
1.336745427782308759e-01 2.213811179789980432e+00 -2.838468848865315919e-01
1.338624135636524715e-01 2.213756075571855053e+00 -2.836925644428828774e-01
1.403305791501156252e-01 2.211875904603924248e+00 -2.787671385605791641e-01
1.479479159298768276e-01 2.209714468758229078e+00 -2.749972770249639042e-01
1.553580013204667598e-01 2.207640498946923824e+00 -2.723394133218366431e-01
1.627639965065366956e-01 2.205602141801485505e+00 -2.700058796512401216e-01
1.698806568213119261e-01 2.203642557469529528e+00 -2.675751365013990801e-01
1.771968368181514319e-01 2.201656119614443519e+00 -2.648218899114394564e-01
1.850528682478099207e-01 2.199529194597564796e+00 -2.617610236376445298e-01
1.852427671234792850e-01 2.199475494728149183e+00 -2.616868613077548700e-01
1.927816389581642476e-01 2.197470731187128656e+00 -2.587344962884569055e-01
1.929733029068556871e-01 2.197417954805136464e+00 -2.586836047388895721e-01
2.113317252099301546e-01 2.192689581329964277e+00 -2.546327654427766873e-01
2.182145706739702651e-01 2.190937703995697650e+00 -2.531673839141259097e-01
2.253994248756999719e-01 2.189095289040443149e+00 -2.511606826371698409e-01
2.331690154623066447e-01 2.187087261597663979e+00 -2.484146903771533299e-01
2.414878573980695220e-01 2.184981787148009946e+00 -2.449468397616620663e-01
2.484400181299990795e-01 2.183255330985368836e+00 -2.419652192233138210e-01
2.563090056242145476e-01 2.181307123020206351e+00 -2.385524758049318572e-01
2.631620434480324011e-01 2.179656803098002360e+00 -2.355260648633501763e-01
2.700559108859497681e-01 2.178000437850192927e+00 -2.322107547049497012e-01
2.771705644683171155e-01 2.176333502709622447e+00 -2.289188227389307440e-01
2.840624087902783312e-01 2.174725315256139435e+00 -2.258630147813260325e-01
2.909916525306650570e-01 2.173118913174789224e+00 -2.227586952921346009e-01
2.974931111432466690e-01 2.171672612194708307e+00 -2.202613105747074085e-01
3.051087534217527542e-01 2.170021845686102679e+00 -2.183210850987657436e-01
3.053038029228447581e-01 2.169977224406248961e+00 -2.182768116678282244e-01
3.132100815964765639e-01 2.168263554701182372e+00 -2.162084568107856264e-01
3.215523999545431000e-01 2.166473519760143240e+00 -2.137339769879204043e-01
3.284627225484449409e-01 2.164978075459313978e+00 -2.114972128257157358e-01
3.359833721575213872e-01 2.163385769220378840e+00 -2.089504726112272892e-01
3.437710388521807992e-01 2.161733551963264333e+00 -2.060044634226743110e-01
3.512010734433058667e-01 2.160197381364892699e+00 -2.032519953786319500e-01
3.585598223272314367e-01 2.158670812083613111e+00 -2.002144690419619955e-01
3.659601871125970352e-01 2.157182338354929563e+00 -1.970785689332064938e-01
3.661618238552089011e-01 2.157141729463139423e+00 -1.969956491800617659e-01
3.745694526096211563e-01 2.155487317437337680e+00 -1.934549670501795604e-01
3.829971919972352534e-01 2.153849224801508644e+00 -1.899883200520055826e-01
3.907670780080848005e-01 2.152369156464206235e+00 -1.866422288595981360e-01
3.990376201295085523e-01 2.150826793501227741e+00 -1.831879306599657475e-01
4.072813366946513303e-01 2.149312863774220261e+00 -1.797427314779567464e-01
4.138579518686750225e-01 2.148115311691715767e+00 -1.769043394933751678e-01
4.216672647063245960e-01 2.146773883853170251e+00 -1.741605962378108829e-01
4.304241612325774291e-01 2.145282696037760672e+00 -1.718931266542870206e-01
4.381509869842487026e-01 2.143989126418218483e+00 -1.697743475936613899e-01
4.451687500738779057e-01 2.142826885874936416e+00 -1.677607319670707253e-01
4.533789580435629296e-01 2.141458930001890248e+00 -1.651109469730544232e-01
4.602219267589570117e-01 2.140340329884195647e+00 -1.627743410658416823e-01
4.672869013546738226e-01 2.139188997560914185e+00 -1.601292995154660337e-01
4.753738864643747286e-01 2.137901825106198750e+00 -1.570997868015254206e-01
4.836710526284571099e-01 2.136594719938778475e+00 -1.539484369056016155e-01
4.907860960300940989e-01 2.135492771665611578e+00 -1.512208309785603721e-01
4.984776901174993724e-01 2.134310645316133126e+00 -1.480540639960621629e-01
5.065746842133211914e-01 2.133115806313988116e+00 -1.446874089147513753e-01
5.138125552198472556e-01 2.132056130411914108e+00 -1.413258959399528447e-01
5.210933974584116557e-01 2.131017118037564551e+00 -1.380671146610488176e-01
5.291715132580224745e-01 2.129908277030721386e+00 -1.346882513217868838e-01
5.372070515786653289e-01 2.128829643589715825e+00 -1.311918223596394983e-01
5.444574937124623260e-01 2.127882642433521543e+00 -1.281089403342594579e-01
5.517314021412991210e-01 2.126955461409935744e+00 -1.251497891215025693e-01
5.591623701565962001e-01 2.126030219348340466e+00 -1.219730395617633911e-01
5.672305223900286908e-01 2.125049250261547229e+00 -1.186749030801095839e-01
5.747001204011140674e-01 2.124174117801083561e+00 -1.156994576666513785e-01
5.819288545156624526e-01 2.123331198481934745e+00 -1.126639799902311445e-01
5.892860640784438608e-01 2.122544802618306470e+00 -1.098648395461913896e-01
5.894842532602534435e-01 2.122518099826864901e+00 -1.098003036627279994e-01
5.968358522078494044e-01 2.121752141430434779e+00 -1.076262343448002035e-01
6.035954494349650146e-01 2.121058730564839401e+00 -1.056873686782986987e-01
6.115265794206152794e-01 2.120231700801735730e+00 -1.030981466978248690e-01
6.187298465401638303e-01 2.119533761836661423e+00 -1.008739721468779604e-01
6.261263428776212558e-01 2.118811928075734929e+00 -9.839305344033066891e-02
6.339043087052327330e-01 2.118053481353546541e+00 -9.549312175662486024e-02
6.413219554427498359e-01 2.117360712392961197e+00 -9.275487041087722428e-02
6.481254392218027682e-01 2.116730046206740656e+00 -9.011083536180318487e-02
6.675195594041646308e-01 2.115041427331010304e+00 -8.193017688229201068e-02
6.752856319778167693e-01 2.114401007787417797e+00 -7.836502069431126871e-02
6.826408523112359461e-01 2.113821909541948152e+00 -7.498209652352474941e-02
6.898124118273801786e-01 2.113307116907915173e+00 -7.193651529769161390e-02
6.971556670120667709e-01 2.112795799227718874e+00 -6.884445017413737267e-02
7.046966746022655936e-01 2.112282262583636605e+00 -6.560331994694912350e-02
7.124301017239265121e-01 2.111775359697245502e+00 -6.213189936943095543e-02
7.201525207256626038e-01 2.111325417902365942e+00 -5.874064911614489126e-02
7.281955612573030034e-01 2.110837604042022253e+00 -5.515461647272536239e-02
7.368370166922085795e-01 2.110349110701008613e+00 -5.119474851248677350e-02
7.441021980319352247e-01 2.110003911450938574e+00 -4.804072070492213659e-02
7.513251553364390656e-01 2.109674291472811269e+00 -4.502544594141093953e-02
7.581334006839769435e-01 2.109378264368667821e+00 -4.197234970177789876e-02
7.661104438553076879e-01 2.109080242339958389e+00 -3.856244929694235823e-02
7.736844027364141452e-01 2.108803353488243548e+00 -3.544056246874783406e-02
7.810803103092353039e-01 2.108556483460818143e+00 -3.218133518916797137e-02
7.878496924952010927e-01 2.108337297601937887e+00 -2.879793939553278517e-02
7.949959361382223921e-01 2.108148469380510814e+00 -2.552507416002317356e-02
8.028992476746736884e-01 2.107955753824493961e+00 -2.199867160106024414e-02
8.100079802113472338e-01 2.107794020867237883e+00 -1.871197697239432300e-02
8.170930590273438598e-01 2.107666084667108919e+00 -1.561924469091278272e-02
8.251239345206728970e-01 2.107547190042185381e+00 -1.219243294202887462e-02
8.321653891181742813e-01 2.107476133834936149e+00 -8.994467377250925724e-03
8.384574633375574404e-01 2.107433233815894535e+00 -6.231286120546951704e-03
8.449307188177732630e-01 2.107398838270809982e+00 -3.431415710662662558e-03
8.514014709875099562e-01 2.107377119523261566e+00 -4.912292003599452511e-04
8.586266973962822791e-01 2.107384341504708658e+00 3.060995937446661912e-03
8.656286468845577620e-01 2.107417385060982529e+00 6.233115923389438706e-03
8.726056977386923430e-01 2.107486549987115598e+00 9.369619356483780900e-03
8.791628198904741787e-01 2.107545714599345477e+00 1.251867223276945801e-02
8.860873173282259874e-01 2.107628560010815555e+00 1.613049913175530065e-02
8.942692096719362382e-01 2.107786596991666261e+00 2.017252959965739473e-02
9.011335365133142927e-01 2.107930623923026658e+00 2.356007314703375752e-02
9.080170702706106267e-01 2.108100011607011215e+00 2.701615658878868051e-02
9.156068706443463157e-01 2.108342876760628037e+00 3.044108928638264433e-02
9.220532122765161542e-01 2.108551646510305133e+00 3.331287508391262558e-02
9.288690162639652304e-01 2.108784407155347651e+00 3.670117251350515919e-02
9.364305680119049402e-01 2.109075307346548911e+00 4.062604351659437896e-02
9.435365568950498938e-01 2.109383810961135364e+00 4.427571869726775605e-02
9.499087959495612354e-01 2.109682000272670166e+00 4.735978173685821691e-02
9.568070229082960010e-01 2.110016708399330199e+00 5.101761803543367751e-02
9.642424720445370578e-01 2.110388753274660800e+00 5.524210150528126306e-02
9.644235169738480939e-01 2.110397762477903338e+00 5.534496804779764911e-02
9.716298913915694113e-01 2.110816874116829389e+00 5.921007630332517091e-02
9.788047992186028612e-01 2.111271743176965643e+00 6.290697421341158446e-02
9.849021500198315016e-01 2.111664876012346870e+00 6.615918789714507475e-02
9.913062251603508290e-01 2.112094527893503049e+00 6.932852502444221410e-02
9.980432034662324314e-01 2.112586335849626185e+00 7.252613454890963207e-02
9.982201771710208504e-01 2.112599634282350980e+00 7.260921465243226625e-02
1.005981426559152681e+00 2.113167950690103325e+00 7.701654248655960544e-02
1.013017675107451776e+00 2.113721240332256279e+00 8.128816364968592667e-02
1.019328829522544666e+00 2.114265372039430435e+00 8.491059582530442740e-02
1.025405414138940596e+00 2.114789738764995874e+00 8.813564977389386212e-02
1.032184868929158839e+00 2.115386157513698073e+00 9.188980562442172761e-02
1.038731283434498831e+00 2.116008086674836086e+00 9.511581533939278410e-02
1.045431371682068233e+00 2.116682800942583320e+00 9.826425637286821668e-02
1.051613234762841076e+00 2.117299670042191551e+00 1.014189081057893377e-01
1.057284557486402488e+00 2.117865947419448780e+00 1.047702941017967793e-01
1.075299327456694876e+00 2.119853255825447036e+00 1.141762636888354748e-01
1.075468027779138636e+00 2.119872365625330879e+00 1.142602802264184036e-01
1.081038756269541379e+00 2.120516475309774940e+00 1.171512005447802041e-01
1.087094235106405904e+00 2.121248595502805756e+00 1.202552211286319894e-01
1.092970248337453709e+00 2.121963421072945000e+00 1.235372947079714651e-01
1.098864113119796038e+00 2.122710422034607358e+00 1.270906792673845431e-01
1.105222036802423924e+00 2.123517147730710430e+00 1.314537969500736425e-01
1.111050004695386839e+00 2.124288147781824954e+00 1.356301311370885498e-01
1.117315206373257430e+00 2.125162797064894526e+00 1.396888967308271279e-01
1.123894897901691170e+00 2.126101252507913486e+00 1.436214180218300385e-01
1.129978047362166338e+00 2.126983005762450585e+00 1.477377817349767586e-01
1.135885151907852775e+00 2.127880427798297891e+00 1.522728385859895561e-01
1.141839171421671129e+00 2.128804154264596793e+00 1.566730803685503770e-01
1.148104460971930640e+00 2.129804086668092289e+00 1.608407135804351962e-01
1.154013846196517701e+00 2.130754953571494692e+00 1.648516240828532819e-01
1.159802477222455108e+00 2.131733061390325368e+00 1.687588353941288644e-01
1.166114373683868610e+00 2.132840504014894556e+00 1.727163437652557421e-01
1.166270303965294630e+00 2.132867587380535834e+00 1.728060831483347326e-01
1.172707734956949244e+00 2.134013707498467749e+00 1.768052519563110547e-01
1.172863901028870837e+00 2.134041004373553374e+00 1.769081286420957633e-01
1.178351077661605739e+00 2.135025523720459173e+00 1.805901765375590162e-01
1.183822497714769995e+00 2.136025867745377838e+00 1.843847245624531672e-01
1.190199785132595167e+00 2.137242179098612027e+00 1.882578311394015047e-01
1.195594006888197613e+00 2.138293886978701153e+00 1.914820185149023468e-01
1.201123019700275130e+00 2.139369203446457313e+00 1.949851366581265844e-01
1.206966661412729902e+00 2.140527096217158753e+00 1.990024419004906286e-01
1.212732299595034924e+00 2.141721770582718509e+00 2.026274172458192580e-01
1.218345927898801362e+00 2.142901185562523292e+00 2.059189241718046570e-01
1.224226579529869463e+00 2.144141241608333193e+00 2.097810647428567654e-01
1.230260896447264996e+00 2.145438808876624748e+00 2.139493780089272157e-01
1.235892098329940847e+00 2.146664055521525061e+00 2.179754724406524069e-01
1.241440853638636099e+00 2.147904040758975341e+00 2.219027923210946107e-01
1.246334493262841958e+00 2.149015013198821489e+00 2.250616084971286679e-01
1.251376621951459489e+00 2.150172100695914246e+00 2.285014400655197009e-01
1.257596625725315720e+00 2.151631150388744196e+00 2.328947107624591562e-01
1.263578276066641859e+00 2.153059105333249512e+00 2.370461793484624213e-01
1.269006964239704605e+00 2.154390091714155187e+00 2.407266852768339127e-01
1.274859108687473430e+00 2.155845782018416479e+00 2.449678820400723045e-01
1.280383733440364269e+00 2.157228011773649534e+00 2.493846169794541601e-01
1.285577616241158294e+00 2.158565404119687781e+00 2.538309654450771613e-01
1.291878527280276634e+00 2.160212808225591807e+00 2.589385106053501140e-01
1.297571097247961491e+00 2.161733861943259338e+00 2.630215640369200081e-01
1.302942396793878466e+00 2.163173023059487665e+00 2.669631497221030547e-01
1.309037524467004943e+00 2.164850886655644846e+00 2.714801662276829508e-01
1.314054201520749032e+00 2.166280908953352569e+00 2.749565898034190825e-01
1.319595290952436217e+00 2.167860278955820785e+00 2.786785823367098902e-01
1.324571199111984177e+00 2.169291782965839577e+00 2.821630107236220986e-01
1.330357728516168070e+00 2.170980140010809301e+00 2.865229594482389119e-01
1.330494853277846889e+00 2.171020172752255117e+00 2.866307036997734481e-01
1.335444176036760355e+00 2.172491946306238209e+00 2.902442047334659603e-01
1.341156232352906486e+00 2.174226674573488616e+00 2.940780943926300517e-01
1.345620819993716966e+00 2.175589259406220943e+00 2.971687282692245802e-01
1.351306091097256745e+00 2.177340320064013124e+00 3.013612457415031920e-01
1.356614787996569094e+00 2.178992751266153771e+00 3.055426243838521017e-01
1.361441347623463916e+00 2.180533776733120988e+00 3.095940128657981849e-01
1.366097807174441181e+00 2.182025586217156921e+00 3.131872821945484997e-01
1.371006360058104168e+00 2.183616791170774007e+00 3.170742913036838084e-01
1.376444108540443523e+00 2.185418800428776009e+00 3.214719711626702892e-01
1.376575280531278311e+00 2.185460625010056113e+00 3.215796702426264586e-01
1.381188456475611170e+00 2.187027047602768448e+00 3.250975067203804580e-01
1.386152946432962274e+00 2.188713987092236302e+00 3.286150227628905074e-01
1.391224618418417380e+00 2.190428496420542270e+00 3.323493567639439483e-01
1.396288667243132942e+00 2.192184252409246081e+00 3.362326783005551434e-01
1.409214744074602121e+00 2.196753789257012812e+00 3.466128445395822988e-01
1.414484873929650721e+00 2.198674532154217598e+00 3.510258433869095085e-01
1.414611072626936972e+00 2.198720683018597022e+00 3.511444868133118402e-01
1.419290911896740504e+00 2.200445498672740641e+00 3.548049455918250716e-01
1.423457984890068584e+00 2.201987490135660419e+00 3.579762147980869447e-01
1.427618259360687203e+00 2.203541257086368166e+00 3.613563451325449982e-01
1.432134014893261753e+00 2.205265299406773405e+00 3.654216499211482838e-01
1.436843035813483827e+00 2.207070102518084997e+00 3.694920972999510278e-01
1.442145573074135267e+00 2.209156141143400198e+00 3.734306136999843151e-01
1.446597710227051747e+00 2.210916198908011054e+00 3.767552170550445556e-01
1.451636324728856398e+00 2.212913400511903550e+00 3.807126690804674141e-01
1.456057917008185099e+00 2.214699307650391358e+00 3.842772648785631739e-01
1.460312407645089294e+00 2.216446631145583268e+00 3.875360992076166133e-01
1.465002366355097063e+00 2.218378333201928232e+00 3.909396847075937709e-01
1.469797844813101051e+00 2.220372681640700563e+00 3.944573264187318795e-01
1.474610104080052553e+00 2.222392165225066663e+00 3.980610913444655452e-01
1.479162229635941683e+00 2.224316543294162951e+00 4.015701640070202805e-01
1.479281413183016980e+00 2.224368677884596579e+00 4.016640290511204192e-01
1.484270211784868732e+00 2.226524692185471999e+00 4.054152906705823511e-01
1.488872467454136928e+00 2.228526055541312889e+00 4.086316290284198183e-01
1.493831826147325570e+00 2.230682700769490268e+00 4.124359201982362166e-01
1.498194311050554894e+00 2.232603422400928572e+00 4.159737235765637031e-01
1.502763645238781143e+00 2.234614886178708737e+00 4.199243267477758557e-01
1.506949038470372981e+00 2.236493279769451892e+00 4.237696339798992518e-01
1.511202521274478849e+00 2.238435205297485187e+00 4.272764247901086887e-01
1.515665713288069760e+00 2.240501882629104546e+00 4.305516181420542265e-01
1.519668155906679363e+00 2.242360356408790167e+00 4.335314254894002128e-01
1.523891629008031545e+00 2.244335843932261820e+00 4.367579152951446275e-01
1.524004144696302854e+00 2.244385560443747263e+00 4.368452881985575575e-01
1.528233399041809104e+00 2.246376352266953980e+00 4.400744456438579477e-01
1.532448109605055730e+00 2.248351552812343002e+00 4.434822716401762843e-01
1.536267534607558050e+00 2.250174662691220462e+00 4.463752867897364807e-01
1.540954664360455029e+00 2.252455858186462212e+00 4.496641057523844687e-01
1.545409194930139840e+00 2.254627108702804250e+00 4.530424260486168309e-01
1.549879621810837937e+00 2.256785819011186245e+00 4.566435386325963797e-01
1.554217558664530374e+00 2.258929538225206812e+00 4.602646530153804982e-01
1.558639323115680320e+00 2.261139531719569273e+00 4.639260292322403556e-01
1.562691023432134951e+00 2.263196813213748104e+00 4.669066851843524102e-01
1.566500518395446573e+00 2.265138355427832373e+00 4.695800053417432118e-01
1.570538265152199298e+00 2.267191357909994931e+00 4.724736356436983753e-01
1.574122306660897141e+00 2.269031871336572692e+00 4.750586306453540297e-01
1.577919021282677470e+00 2.270986549238754648e+00 4.779029134162914305e-01
1.581819800403015064e+00 2.272995375211501745e+00 4.809379737262318710e-01
1.585867968210877610e+00 2.275123030601826635e+00 4.837467322805973358e-01
1.589792248603026481e+00 2.277218647894757364e+00 4.863498691004580210e-01
1.594569152611539087e+00 2.279769075291496083e+00 4.896909746918414186e-01
1.598491031757463876e+00 2.281858354912587039e+00 4.925937703051528338e-01
1.602421359715552773e+00 2.283974408373945497e+00 4.955362112901487426e-01
1.606531281762751284e+00 2.286215577499060458e+00 4.986977607963710146e-01
1.610092830428809574e+00 2.288182372788164720e+00 5.012027960387506198e-01
1.613637880072619213e+00 2.290135151100702871e+00 5.035702878837524654e-01
1.617384709302018164e+00 2.292222495853486031e+00 5.059983941162455867e-01
1.621522968066767101e+00 2.294548037166097121e+00 5.086822698650271812e-01
1.621623992909702716e+00 2.294607756620764327e+00 5.087495099957592970e-01
1.625458905374437935e+00 2.296756303487474948e+00 5.113217706913502081e-01
1.629890961276350136e+00 2.299271664384064717e+00 5.143135262433300436e-01
1.633783982159072057e+00 2.301506515553497501e+00 5.168232993558631305e-01
1.633887595537573789e+00 2.301567399741193398e+00 5.168873737911446886e-01
1.637663461192932601e+00 2.303734037478857299e+00 5.193030514612786419e-01
1.641326405110102193e+00 2.305847576465504645e+00 5.218441468065867506e-01
1.645185680508098658e+00 2.308076391000511318e+00 5.244861944239530560e-01
1.655107717344062035e+00 2.313897232421511241e+00 5.313435212331856228e-01
1.658734270358320551e+00 2.316044521915042509e+00 5.338159718160225831e-01
1.662909192967205962e+00 2.318563054134571200e+00 5.362948653538407440e-01
1.666284379887158051e+00 2.320587270791235834e+00 5.382577818536898873e-01
1.669846133793226661e+00 2.322748344247783425e+00 5.402684818600629324e-01
1.673328109649619089e+00 2.324838660363328202e+00 5.423398517066164715e-01
1.676897070674530088e+00 2.326987729439257357e+00 5.445134223511595151e-01
1.681239548147565266e+00 2.329656397755995645e+00 5.470395765403064381e-01
1.685249597894273865e+00 2.332113196246760722e+00 5.494134530921033210e-01
1.688859599642544840e+00 2.334355748311454093e+00 5.514877468396506277e-01
1.692269156831843757e+00 2.336480248095455181e+00 5.533886156109301124e-01
1.696456623413793441e+00 2.339100643848488037e+00 5.558667109976295206e-01
1.699755299231797467e+00 2.341164656288214019e+00 5.578111434584711592e-01
1.703442395733458126e+00 2.343490527712198901e+00 5.599484287965926788e-01
1.707415118089120609e+00 2.345998622053614202e+00 5.622389395741542728e-01
1.710678347845105973e+00 2.348080566362956478e+00 5.638795566262256864e-01
1.714887744811916859e+00 2.350765368096446206e+00 5.658695589545565952e-01
1.718800048519680379e+00 2.353292416623588235e+00 5.676590560813004060e-01
1.722039722231338166e+00 2.355385287503962477e+00 5.693808236169365378e-01
1.725371335100657877e+00 2.357536932390931206e+00 5.713078163901947892e-01
1.728873762929583169e+00 2.359812842556338275e+00 5.733113479076661356e-01
1.732537186990669165e+00 2.362216688903292283e+00 5.751481560804683202e-01
1.735626217670201976e+00 2.364245151498157949e+00 5.765792880363541650e-01
1.739082029961224629e+00 2.366538401631109068e+00 5.781058613149057113e-01
1.742348932736067280e+00 2.368704363442560634e+00 5.795559340333861220e-01
1.745987674721722893e+00 2.371128918560127641e+00 5.811844309156201094e-01
1.749538666730974912e+00 2.373475174877470284e+00 5.828511473216724248e-01
1.752979829006289680e+00 2.375780168077384680e+00 5.844773717413718206e-01
1.756878375623248445e+00 2.378396065786604119e+00 5.862636500951191598e-01
1.760479450185635786e+00 2.380820717963608502e+00 5.878899405309956361e-01
1.764250170573029131e+00 2.383378748205488673e+00 5.895467078339516886e-01
1.767371890120035482e+00 2.385492738469088270e+00 5.908381994664851922e-01
1.771138586038548457e+00 2.388053252913249658e+00 5.923525111706532398e-01
1.774623880883487104e+00 2.390427654687661274e+00 5.937032339011913962e-01
1.778376072443188960e+00 2.393003264606394787e+00 5.951753931611928339e-01
1.781873752760750218e+00 2.395376804363478662e+00 5.965003309268827048e-01
1.785167852202232064e+00 2.397623786467498519e+00 5.976195372036867681e-01
1.788541951934465191e+00 2.399929202377117488e+00 5.986536724017799127e-01
1.791898848175128567e+00 2.402247043857316910e+00 5.997254982464551576e-01
1.795618985939358758e+00 2.404830595151061789e+00 6.008603337449018866e-01
1.799422920504005319e+00 2.407472028257504615e+00 6.022292184174546925e-01
1.799511446643903501e+00 2.407534367647994333e+00 6.022652501485947774e-01
1.802943942392968513e+00 2.409926572238208831e+00 6.035420405246005870e-01
1.806011617599052155e+00 2.412063019434392608e+00 6.046422464689907850e-01
1.809527759936983005e+00 2.414516071752564219e+00 6.057124285872298453e-01
1.812669760241144790e+00 2.416697712293225386e+00 6.066446971976169333e-01
1.816421818634669894e+00 2.419330092317908409e+00 6.076822809151745108e-01
1.819565426322190982e+00 2.421524709927147967e+00 6.085661029794888766e-01
1.822800453652053010e+00 2.423807623155082691e+00 6.093672637214353482e-01
1.826104696451225085e+00 2.426134643956738834e+00 6.102054814417710027e-01
1.829330347356420416e+00 2.428406738109594620e+00 6.109999035873645568e-01
1.832248374622054365e+00 2.430486364298377833e+00 6.117275085278955915e-01
1.835707777679085106e+00 2.432945414555537589e+00 6.126451490983280124e-01
1.835886619328359171e+00 2.433066944982994251e+00 6.126820198609679302e-01
1.839168521709308335e+00 2.435411571334820557e+00 6.134734625905043925e-01
1.842358777158006333e+00 2.437673288427915974e+00 6.142043787676119138e-01
1.845906797656596821e+00 2.440201669485353886e+00 6.149350307424611417e-01
1.849087282060307036e+00 2.442482440606824401e+00 6.155997675463318330e-01
1.857106181315940407e+00 2.448228583716121065e+00 6.171180927292868601e-01
1.860186764391819514e+00 2.450439732393723258e+00 6.176898321685201365e-01
1.863241939121803359e+00 2.452648261772219396e+00 6.181589932220387107e-01
1.866651876328761395e+00 2.455116423379966939e+00 6.186733065859563174e-01
1.870504592311831527e+00 2.457894151221186263e+00 6.192886335878073911e-01
1.873583133716575144e+00 2.460097520278154093e+00 6.197591528251694681e-01
1.877170951054666803e+00 2.462693093843939529e+00 6.202373093455929576e-01
1.880236518713876537e+00 2.464904879843436980e+00 6.205589443325133514e-01
1.883377977158923411e+00 2.467188307107071488e+00 6.208250983731270489e-01
1.886586418570695312e+00 2.469524301862795035e+00 6.210110021646013667e-01
1.889630825018118188e+00 2.471738851529416525e+00 6.211987930154150295e-01
1.893474363726601606e+00 2.474516967948990231e+00 6.214464205504801608e-01
1.896595523511696468e+00 2.476781994938655806e+00 6.216169046467115988e-01
1.899554080901817432e+00 2.478940672424803537e+00 6.217575045908123599e-01
1.902928521308081100e+00 2.481398562574355537e+00 6.220209726997734112e-01
1.906324914362484524e+00 2.483870774010267901e+00 6.223359974181865706e-01
1.906411305741094742e+00 2.483933280576577474e+00 6.223434962590649322e-01
1.909350533515469461e+00 2.486072128584369878e+00 6.225340545046011975e-01
1.912558166345942556e+00 2.488392952685008375e+00 6.226777026168813789e-01
1.915597459263548963e+00 2.490583696404425229e+00 6.227325088487665194e-01
1.918704148750984162e+00 2.492851259055220314e+00 6.227307683642346881e-01
1.921879664036619140e+00 2.495175787218516739e+00 6.227148457501915368e-01
1.925083685620166740e+00 2.497491311396369706e+00 6.226540788175978225e-01
1.928294429883680383e+00 2.499820557560959777e+00 6.225545813353565716e-01
1.931834803200692896e+00 2.502379677714625661e+00 6.224050765238218208e-01
1.935282669242424980e+00 2.504872720173567657e+00 6.222382841481928217e-01
1.938708939211247095e+00 2.507385965045402010e+00 6.221372392525094108e-01
1.942397193317640491e+00 2.510071777775675361e+00 6.220798646473851834e-01
1.945219215579245597e+00 2.512129475459028871e+00 6.220223723251758763e-01
1.949163762241309161e+00 2.514995545549794986e+00 6.218210749251061875e-01
1.952325869730397789e+00 2.517300622320358006e+00 6.215747889372281731e-01
1.955659660595363336e+00 2.519731566344735718e+00 6.212436966249987869e-01
1.958559930782603820e+00 2.521840997389582562e+00 6.209426227141583432e-01
1.961883635632281297e+00 2.524267507297611512e+00 6.205175661246979946e-01
1.961970922808725426e+00 2.524327113933757971e+00 6.205032469790734417e-01
1.964942137484582130e+00 2.526503479812953312e+00 6.200910084415272028e-01
1.968273197930741292e+00 2.528915251063219127e+00 6.196255252097598865e-01
1.971263047117912892e+00 2.531084445115766357e+00 6.192489551374430468e-01
1.974263059630091854e+00 2.533256862847345303e+00 6.189172053069931234e-01
1.977606584843154103e+00 2.535668730119425618e+00 6.184433289995922012e-01
1.980584605785478569e+00 2.537848212298374317e+00 6.180380451037169598e-01
1.983585337986468522e+00 2.539998040928257428e+00 6.175173187345627257e-01
1.986653430162342193e+00 2.542225111105310464e+00 6.169927468552246497e-01
1.989740385143256240e+00 2.544426682784342475e+00 6.164114656200889719e-01
1.992563921145881434e+00 2.546459509323685477e+00 6.158400512508980240e-01
1.995630458409478614e+00 2.548678591031033669e+00 6.152027195790459313e-01
1.998692882934482107e+00 2.550889864651220140e+00 6.145381914925777123e-01
2.001770707004231653e+00 2.553100630697480611e+00 6.138201010845341088e-01
2.005029495267799167e+00 2.555418532303206369e+00 6.131061053181570131e-01
2.008184488985392591e+00 2.557683996431745932e+00 6.124916698620266331e-01
2.011338010995925352e+00 2.559930768603493334e+00 6.118503053565748084e-01
2.014951898202482994e+00 2.562481753919646721e+00 6.110772599404983296e-01
2.015037694606443441e+00 2.562541572369458898e+00 6.110561528772602280e-01
2.018628273515561844e+00 2.565098043271636818e+00 6.101189729543741169e-01
2.022116624532558582e+00 2.567578889931872332e+00 6.091879403944742144e-01
2.025272824902248914e+00 2.569824024158661402e+00 6.083356067252835286e-01
2.028858130833764761e+00 2.572362061690525170e+00 6.073612880423769900e-01
2.032099072709042886e+00 2.574659584347660513e+00 6.064484405453132165e-01
2.035516525859773385e+00 2.577089641459427760e+00 6.053714291786300716e-01
2.039034783362354553e+00 2.579565701335884143e+00 6.042127170011891701e-01
2.042384394508456769e+00 2.581897025808101098e+00 6.031649601038059361e-01
2.050176961742415482e+00 2.587352471538032272e+00 6.007909947456075983e-01
2.053081751069880223e+00 2.589386051902926589e+00 5.998834871265565916e-01
2.056751802875449897e+00 2.591963309588924957e+00 5.986890246938738613e-01
2.060081589187233497e+00 2.594300439975920636e+00 5.974983331116928698e-01
2.063130824349791670e+00 2.596444828846158792e+00 5.964225937888062434e-01
2.066620614867493266e+00 2.598869442998891444e+00 5.951222806681550903e-01
2.069863077128978990e+00 2.601131741470820380e+00 5.938592642217550566e-01
2.072860441856081426e+00 2.603195810554577161e+00 5.926470668319204771e-01
2.075885729921657763e+00 2.605244741480976067e+00 5.914801433316287937e-01
2.079317834097097251e+00 2.607573710062066397e+00 5.902299384600193655e-01
2.082334710805922917e+00 2.609603528612137069e+00 5.890499999678359133e-01
2.085437700153305762e+00 2.611699251310267478e+00 5.878088677524155869e-01
2.088543111922039675e+00 2.613802758467200782e+00 5.865098333729462654e-01
2.091369394201994414e+00 2.615703423535980399e+00 5.853588251642873885e-01
2.094803591670048704e+00 2.618008411933661517e+00 5.839403327856675929e-01
2.098501906358900992e+00 2.620477854389357208e+00 5.823474471348517589e-01
2.101602200724978164e+00 2.622573390835661211e+00 5.809175623075851780e-01
2.104875915193611391e+00 2.624764450702990803e+00 5.794055982574162211e-01
2.108150285826531523e+00 2.626955427325828651e+00 5.778976505416191234e-01
2.111849608861976701e+00 2.629414452697809601e+00 5.762318255081013696e-01
2.115226946026932175e+00 2.631640350245247006e+00 5.746790411878039961e-01
2.115313448334402935e+00 2.631694700351849825e+00 5.746388750813562485e-01
2.118424169350165531e+00 2.633737970404181006e+00 5.732129433436051746e-01
2.121871475075015834e+00 2.636021469823137231e+00 5.715654725741085018e-01
2.124808395354332191e+00 2.637974203738095547e+00 5.701282163740056808e-01
2.127757725435865499e+00 2.639893130903423035e+00 5.686742743921042731e-01
2.131340678396012933e+00 2.642202638322767694e+00 5.668725354083251622e-01
2.134819663003627799e+00 2.644447805637955007e+00 5.650956224901421132e-01
2.138399447433202649e+00 2.646737855167055731e+00 5.633055298283656809e-01
2.138486031851058122e+00 2.646791841263679057e+00 5.632600393994593446e-01
2.141610934420431711e+00 2.648793252996996639e+00 5.616553905689346537e-01
2.145151078055148375e+00 2.651065598307766003e+00 5.598923380520606230e-01
2.148272997297602238e+00 2.653063709739073239e+00 5.582593232029648966e-01
2.151667841358325894e+00 2.655229367562109921e+00 5.564612451293191597e-01
2.154539426325702056e+00 2.657050398205736741e+00 5.549625121507766323e-01
2.158291905517502496e+00 2.659392398238793032e+00 5.529855540927155477e-01
2.162184521740456500e+00 2.661869293308868567e+00 5.508644274888758741e-01
2.165412240669345678e+00 2.663883101439413981e+00 5.490689285620657945e-01
2.168383189959943280e+00 2.665722943203088224e+00 5.473755343519586258e-01
2.171357944189897360e+00 2.667559439561395962e+00 5.456743247078019721e-01
2.174508717319049378e+00 2.669517120516487818e+00 5.438004359514946318e-01
2.177565667416513140e+00 2.671411514612434868e+00 5.419752591904699601e-01
2.180612841980044792e+00 2.673305171443510986e+00 5.401666443229393710e-01
2.184105516638334521e+00 2.675475132148459778e+00 5.380460005831643189e-01
2.187275083923040153e+00 2.677392487085410444e+00 5.361041409584281769e-01
2.190251596851509497e+00 2.679211369737199977e+00 5.343118474126006268e-01
2.193503230921140634e+00 2.681178811761513625e+00 5.324028772680530208e-01
2.197024744697974263e+00 2.683285830237193359e+00 5.302936629649301903e-01
2.197112915318201853e+00 2.683337901978648521e+00 5.302384885751898480e-01
2.200476264909686730e+00 2.685332650967501955e+00 5.282022699873901717e-01
2.200564820975192681e+00 2.685383436029293414e+00 5.281473521364444812e-01
2.203831739727126759e+00 2.687318753777844904e+00 5.261309797441701130e-01
2.207259068789135359e+00 2.689357516430131323e+00 5.239839828549952561e-01
2.211057428477811726e+00 2.691612411235245528e+00 5.215904031315635736e-01
2.214230092821940499e+00 2.693480395305544395e+00 5.196077550728419592e-01
2.217868937042614785e+00 2.695599958427868259e+00 5.172556312379055221e-01
2.217958052765690802e+00 2.695651184507822595e+00 5.172027888705789112e-01
2.221226899786974851e+00 2.697549025388069843e+00 5.150738777774613864e-01
2.224420135946167054e+00 2.699412989447075972e+00 5.129270324340471365e-01
2.232966772221625984e+00 2.704350219961801027e+00 5.072193629302477191e-01
2.236282351300257432e+00 2.706215818371228821e+00 5.050088316325699322e-01
2.236372401320609882e+00 2.706265020447635727e+00 5.049463780906158217e-01
2.239843872040670369e+00 2.708238541313031877e+00 5.026081908067897563e-01
2.243339085321227167e+00 2.710197572110482511e+00 5.002338999883724213e-01
2.246941312119757672e+00 2.712182336289014728e+00 4.978078380706052464e-01
2.250275502219003521e+00 2.714008426974949373e+00 4.955117192338429066e-01
2.253794118452088657e+00 2.715928067266298651e+00 4.930898565103703501e-01
2.257211463514170013e+00 2.717780633553031677e+00 4.907618890496500130e-01
2.257301358078604991e+00 2.717828673087683278e+00 4.907003398760876878e-01
2.260635174162498373e+00 2.719641426792881678e+00 4.883635619940777661e-01
2.263859690245718426e+00 2.721392778643508148e+00 4.861311101793460709e-01
2.267729335888988729e+00 2.723488628687675828e+00 4.834883125983129859e-01
2.271231208737674923e+00 2.725363690295200314e+00 4.810595639335779605e-01
2.275005710250847191e+00 2.727384166427616385e+00 4.784398677312380888e-01
2.278627861274075350e+00 2.729289445056853225e+00 4.759258824750237094e-01
2.282241167131254134e+00 2.731181816535931617e+00 4.733410266166381830e-01
2.285950547905007291e+00 2.733101945116003684e+00 4.707261395463309128e-01
2.289565882049451773e+00 2.734959840900932804e+00 4.681329043957567770e-01
2.292556521121623447e+00 2.736510959029069934e+00 4.659411387575762564e-01
2.295908122908533855e+00 2.738238180561665125e+00 4.634921551550866270e-01
2.299266075223442840e+00 2.739980868268697467e+00 4.609758892022757792e-01
2.302733080814647337e+00 2.741733339150135507e+00 4.583783237503110675e-01
2.306131512741619982e+00 2.743427487296506317e+00 4.558186104618167644e-01
2.309895018237433373e+00 2.745296592219068188e+00 4.529794359783722579e-01
2.313472642436170901e+00 2.747065662451430246e+00 4.502759868971232815e-01
2.313564251835095398e+00 2.747110430714594820e+00 4.502070647189081454e-01
2.317235584255751046e+00 2.748916201118805525e+00 4.474094416952508202e-01
2.320543142505965495e+00 2.750542241156411549e+00 4.449119267834309444e-01
2.324147001410934887e+00 2.752294382122748573e+00 4.422327670997063809e-01
2.324238800385153514e+00 2.752336780950985329e+00 4.421585489806320046e-01
2.327842179113434273e+00 2.754089445889636334e+00 4.393684134935250118e-01
2.327932585012278732e+00 2.754136437985731600e+00 4.392984811290312486e-01
2.331692009434565893e+00 2.755954703000281114e+00 4.363967438254941489e-01
2.335085913447496164e+00 2.757562662647079499e+00 4.338390028291067568e-01
2.338867591956391934e+00 2.759336522959395133e+00 4.309345048564113267e-01
2.342010315421674704e+00 2.760812168326242322e+00 4.285316970701755768e-01
2.345239954209873190e+00 2.762310562695878158e+00 4.260827471788218301e-01
2.348839113633591325e+00 2.763982702362763888e+00 4.233410640292467608e-01
2.352166636173790071e+00 2.765530843477778333e+00 4.207200274166713605e-01
2.355604999880883010e+00 2.767099438883887430e+00 4.179957873184018680e-01
2.359120761764686325e+00 2.768683202510175079e+00 4.152657157299272095e-01
2.362383637034438433e+00 2.770145847892366398e+00 4.127189533858194870e-01
2.366270573428047364e+00 2.771869630990400069e+00 4.096858037496583504e-01
2.369617176013380622e+00 2.773350716389511028e+00 4.070794903769903161e-01
2.372684607004357904e+00 2.774704114527368315e+00 4.046713950221406675e-01
2.376149686788564530e+00 2.776216698497245616e+00 4.019238619720270078e-01
2.379419984514451247e+00 2.777634319273770025e+00 3.993152792267203322e-01
2.383162829161004748e+00 2.779239327887551791e+00 3.962484303942595543e-01
2.383256321900862673e+00 2.779279003278307236e+00 3.961704662985482961e-01
2.386715582807802161e+00 2.780757234020341251e+00 3.934068583665918384e-01
2.390279954915676797e+00 2.782268755933262838e+00 3.905432583558595683e-01
2.393478291547030068e+00 2.783607854547091698e+00 3.879503876887659408e-01
2.396673745097547048e+00 2.784944031053632418e+00 3.853344997283678630e-01
2.400796219192971481e+00 2.786670128563500715e+00 3.819902252085739525e-01
2.404866621518215286e+00 2.788349696244179832e+00 3.786280426228459395e-01
2.408928348419579812e+00 2.790017231890070448e+00 3.752758170891789535e-01
2.412439929320375320e+00 2.791447565497774175e+00 3.724068890474186988e-01
2.416111799640458635e+00 2.792916407944522117e+00 3.694574535782139679e-01
2.416206669619743952e+00 2.792953612249392314e+00 3.693805362210663135e-01
2.419968353002674988e+00 2.794476355546299029e+00 3.662782994555286997e-01
2.423738651857902493e+00 2.795966170306253495e+00 3.631517295152254521e-01
2.432191135384992098e+00 2.799255200535004207e+00 3.562073675187280575e-01
2.435590350217776034e+00 2.800568325270438308e+00 3.534407372872468978e-01
2.439103645569343559e+00 2.801888627504816487e+00 3.506184277637656721e-01
2.443182744901803538e+00 2.803409163074454202e+00 3.472161121733097766e-01
2.446788100319616355e+00 2.804747252263496637e+00 3.441565406142917394e-01
2.450692654184625674e+00 2.806184210577409743e+00 3.409190212711756818e-01
2.454229585616941378e+00 2.807467194043590464e+00 3.379686029993210217e-01
2.458051633130875491e+00 2.808840919473511555e+00 3.347425338761123581e-01
2.461672911599601221e+00 2.810137933267064181e+00 3.317124511512475338e-01
2.465010138885936897e+00 2.811339476914920699e+00 3.289230927331224796e-01
2.468560581243803842e+00 2.812593393197809100e+00 3.259118616207081764e-01
2.472504860330186016e+00 2.813958278564304472e+00 3.225563127488205173e-01
2.476250922510546015e+00 2.815242776680969339e+00 3.194146362435193454e-01
2.479916226728005491e+00 2.816492360576564380e+00 3.163168452787772922e-01
2.483871200153912717e+00 2.817819348489291720e+00 3.130138818537749335e-01
2.487644799185229516e+00 2.819068324559077965e+00 3.098145606952565356e-01
2.490831268224229067e+00 2.820120178048201254e+00 3.071316829495177592e-01
2.494985071516394814e+00 2.821476124149008946e+00 3.036644773112635032e-01
2.498461702310598831e+00 2.822616496899932770e+00 3.007126271685343633e-01
2.502052235418228854e+00 2.823750989984255888e+00 2.976965010571117620e-01
2.505464413022162606e+00 2.824810309660743979e+00 2.948402310292784212e-01
2.508782865969763964e+00 2.825829287492636510e+00 2.920850882050219921e-01
2.512093455666174702e+00 2.826845626723186733e+00 2.893361268988980939e-01
2.515682757586047646e+00 2.827953044854339737e+00 2.863160010286228130e-01
2.519669841397984111e+00 2.829176578562677236e+00 2.828763057461291530e-01
2.519768692120585740e+00 2.829201475987378700e+00 2.827881231339305912e-01
2.523373349709345792e+00 2.830294277938051994e+00 2.797186764078773424e-01
2.526981226015402093e+00 2.831383248116229101e+00 2.766306989219707302e-01
2.530795958899958897e+00 2.832507788502735657e+00 2.733714090403959185e-01
2.534210906005765374e+00 2.833496172874798269e+00 2.704913618500994210e-01
2.537822715116237582e+00 2.834527115154830579e+00 2.674503867341789243e-01
2.541540219460175276e+00 2.835579244752500117e+00 2.642695557286733887e-01
2.545151860411948963e+00 2.836597658202986594e+00 2.612387474285793876e-01
2.549267844403776628e+00 2.837742629489253154e+00 2.578186854312741194e-01
2.553087898041978221e+00 2.838766396687412819e+00 2.546282213062746602e-01
2.556814338368926798e+00 2.839762094080820365e+00 2.515267382338808866e-01
2.560731579076023223e+00 2.840799090780426361e+00 2.482608305511564972e-01
2.564851489651089000e+00 2.841877787617074436e+00 2.447872408726358973e-01
2.568385394587516579e+00 2.842796310729065912e+00 2.418281566995679754e-01
2.572214168733068185e+00 2.843767391993681670e+00 2.386336525601184533e-01
2.575946183370358966e+00 2.844727598764319687e+00 2.355283062646034709e-01
2.580094479511238159e+00 2.845750401628886372e+00 2.320869752407159203e-01
2.584147377791091937e+00 2.846751444028954747e+00 2.286492610305398687e-01
2.584244689093134539e+00 2.846772898148276276e+00 2.285632358619252014e-01
2.587885517195645413e+00 2.847657003015390043e+00 2.255183691537082924e-01
2.591543660296426133e+00 2.848515905780844015e+00 2.224432513772559572e-01
2.595112124516887331e+00 2.849344409815379731e+00 2.194586309506329769e-01
2.599069582846927240e+00 2.850260725733002598e+00 2.161383161014497623e-01
2.602650247103313497e+00 2.851073003515151250e+00 2.131577483818248575e-01
2.606901695307534794e+00 2.852031915872737855e+00 2.095037406819373060e-01
2.607002287984297340e+00 2.852055873358643634e+00 2.094166060883508318e-01
2.610561166354605778e+00 2.852842132331423031e+00 2.063228929744876372e-01
2.613821030460167893e+00 2.853570144233259498e+00 2.034840573973082656e-01
2.617589237731374308e+00 2.854372670118737965e+00 2.002276494362608961e-01
2.621057228505652592e+00 2.855116920130620350e+00 1.972539968463123128e-01
2.624836129787342376e+00 2.855901857473079453e+00 1.940325515834445957e-01
2.628820181149046586e+00 2.856716667669767507e+00 1.906406864959174219e-01
2.632202227640843883e+00 2.857402596177101017e+00 1.877907445258591990e-01
2.635872604354205784e+00 2.858131639438588056e+00 1.847248274913336763e-01
2.639243123530584878e+00 2.858797156571012632e+00 1.819217643325780898e-01
2.642527647048901418e+00 2.859427357693812954e+00 1.791966474193529280e-01
2.651823673044711338e+00 2.861131371743249829e+00 1.716180686596119609e-01
2.655623793571440405e+00 2.861797003573697928e+00 1.685356487224291266e-01
2.659312849317952310e+00 2.862447817818368989e+00 1.655475963804901307e-01
2.663284437257257498e+00 2.863158513533799798e+00 1.623436820997888608e-01
2.666566769115660041e+00 2.863744966922745050e+00 1.596682418015136218e-01
2.670259587125484835e+00 2.864361451691161520e+00 1.566116520782052657e-01
2.673857834091798225e+00 2.864952004193328516e+00 1.536537780154171584e-01
2.677642562749028343e+00 2.865583744640916031e+00 1.505678771022941620e-01
2.681551930457288790e+00 2.866205193686782504e+00 1.474059064030265043e-01
2.685644435694914733e+00 2.866846072553458136e+00 1.440664723727966279e-01
2.685745304499357111e+00 2.866862387875955598e+00 1.439849168104556931e-01
2.689446922163529763e+00 2.867426481931971693e+00 1.409911934117890897e-01
2.692948407880473738e+00 2.867937412725545254e+00 1.381587296041187629e-01
2.696457550469612219e+00 2.868445301018839988e+00 1.353270455092589197e-01
2.700267518250236698e+00 2.868973532684754968e+00 1.322439057581336896e-01
2.700366688497826573e+00 2.868990511559748491e+00 1.321647951271701371e-01
2.704176930043405758e+00 2.869523833637321442e+00 1.291300308186769386e-01
2.707893135109714855e+00 2.870014528625348227e+00 1.261892911359795977e-01
2.711912239002760128e+00 2.870528319162091613e+00 1.230222178241344999e-01
2.715424027703308152e+00 2.870992149069635513e+00 1.202116606952815386e-01
2.718840947389422613e+00 2.871427743419189937e+00 1.174995420743957658e-01
2.722858652800773882e+00 2.871920809581973266e+00 1.143069506690991832e-01
2.727294670364738938e+00 2.872472073283601102e+00 1.108164502790391637e-01
2.731319496654793344e+00 2.872931877644333110e+00 1.076290276217940073e-01
2.735246200181071785e+00 2.873382139114728062e+00 1.046139925257238562e-01
2.738758744830417147e+00 2.873785849811509419e+00 1.019497649926491140e-01
2.742786276685877933e+00 2.874224945816696408e+00 9.892083929182088342e-02
2.746914957151336267e+00 2.874654333693023478e+00 9.573935209177711347e-02
2.750340041422219439e+00 2.875012043011321961e+00 9.309551787399039657e-02
2.754169828463646219e+00 2.875391113365404205e+00 9.013491732953553270e-02
2.758379716269582005e+00 2.875808079210249613e+00 8.664040344036470775e-02
2.762383428583788714e+00 2.876188875224541697e+00 8.301610539416882928e-02
2.766786166345446496e+00 2.876617742857815685e+00 7.913862008273297999e-02
2.770387122795474610e+00 2.876943227383914170e+00 7.609347731718150987e-02
2.774093247923199446e+00 2.877270502486719561e+00 7.303080280126203472e-02
2.778232670493323120e+00 2.877591261932193500e+00 6.963754564803226188e-02
2.782366613662199395e+00 2.877914178023111447e+00 6.634692179972657977e-02
2.786293273814758553e+00 2.878176749681499391e+00 6.329865212658637719e-02
2.786393395975330645e+00 2.878182856811534407e+00 6.322021603070894502e-02
2.790820198673491515e+00 2.878468710394855634e+00 5.984945525358230378e-02
2.794548865949365357e+00 2.878723718849171664e+00 5.700758490093765091e-02
2.798485211875464618e+00 2.878965781710336014e+00 5.402647906095287000e-02
2.798585969729133094e+00 2.878971120810370543e+00 5.395149834576435516e-02
2.802613631112817583e+00 2.879211333133641304e+00 5.093258564775280522e-02
2.806433849299449612e+00 2.879436920259506927e+00 4.810780454157968095e-02
2.810053563595819703e+00 2.879635908292296875e+00 4.539875141951266180e-02
2.813574600899058087e+00 2.879800447273897390e+00 4.276670004387429780e-02
2.817691659712451724e+00 2.879983715329317295e+00 3.969691945362667507e-02
2.821419314519047372e+00 2.880138177255156418e+00 3.693126742208730634e-02
2.825432179482591177e+00 2.880306541783324015e+00 3.393816018887411273e-02
2.829357428578946898e+00 2.880473141697962092e+00 3.104136133100330805e-02
2.829459945097392737e+00 2.880476379862233038e+00 3.096961180843764080e-02
2.833679652077433886e+00 2.880605765637087146e+00 2.792619139980693013e-02
2.837404543626328657e+00 2.880746661952462429e+00 2.521351328040080664e-02
2.841122867678609332e+00 2.880869560857855838e+00 2.253727262204554757e-02
2.844629445895077158e+00 2.880974982933816264e+00 2.002394291376437263e-02
2.848636226309392061e+00 2.881092023163786209e+00 1.712225308301512997e-02
2.852362437021008557e+00 2.881174366706029222e+00 1.435658639698353910e-02
2.855765195595612482e+00 2.881249399792746413e+00 1.187569073021761505e-02
2.859388691657294146e+00 2.881322764375481071e+00 9.289371454105889436e-03
2.863396191699363325e+00 2.881368726271340108e+00 6.504022985695812227e-03
2.867306224356812816e+00 2.881401387447338536e+00 3.760623533474654473e-03
2.870908805320004031e+00 2.881444333552649617e+00 1.237712550382756268e-03
2.880598604968208409e+00 2.881473443570537807e+00 -5.628520556708793351e-03
2.883989227521073673e+00 2.881455887465364185e+00 -8.019941121444995602e-03
2.887593632614473993e+00 2.881424706437747396e+00 -1.044195719293936238e-02
2.891402043841699410e+00 2.881396631532080477e+00 -1.297478646604580468e-02
2.894994248074450827e+00 2.881340563233458774e+00 -1.536325257895220821e-02
2.898989734614902947e+00 2.881300185991985785e+00 -1.803034179638835638e-02
2.902690022391388958e+00 2.881260437456969470e+00 -2.053173589771827012e-02
2.906179677746028922e+00 2.881198003784579242e+00 -2.293779066866282954e-02
2.910267588523540283e+00 2.881129856163040515e+00 -2.556319318317135450e-02
2.914357602191411267e+00 2.881037923295115544e+00 -2.810483864760413009e-02
2.917750230826468005e+00 2.880957380609694418e+00 -3.026208844940534229e-02
2.921412367919537623e+00 2.880870197807403610e+00 -3.263673256890402968e-02
2.924989217996999180e+00 2.880780562259724231e+00 -3.503742676715772969e-02
2.928868700165062400e+00 2.880667287410103139e+00 -3.775657404076180473e-02
2.932726460991922135e+00 2.880548330138740010e+00 -4.045707850081187856e-02
2.936386304843875639e+00 2.880415143536306122e+00 -4.274859448824303021e-02
2.936487014633698767e+00 2.880413365368090339e+00 -4.281057144136284770e-02
2.940664816615156330e+00 2.880249392313672274e+00 -4.540506154294580293e-02
2.944328706678098762e+00 2.880090326133085910e+00 -4.767022039332741851e-02
2.948296635904354090e+00 2.879920785035701147e+00 -5.020743267248271857e-02
2.951945825393794909e+00 2.879743666900568488e+00 -5.256215650960534280e-02
2.955986396905740943e+00 2.879562626093381983e+00 -5.523778555688362707e-02
2.959354246074001438e+00 2.879368776064280766e+00 -5.725322514080642688e-02
2.963094188561417042e+00 2.879151202004469390e+00 -5.941750099436201443e-02
2.967124709449671549e+00 2.878935587953886710e+00 -6.177267996059450372e-02
2.967221061630819445e+00 2.878930542220131450e+00 -6.182980126056416420e-02
2.971048818867150665e+00 2.878725907730337763e+00 -6.420585053052590974e-02
2.974582394975451738e+00 2.878522529125349116e+00 -6.650975599558991980e-02
