1.645151410932235801e-03 5.480723803841557398e-04 -1.195897782146016091e-05 -1.979213366876947643e-05
2.610968800900688794e-02 8.347342895692617948e-03 -4.323757217940237200e-06 1.119643181402394611e-05
4.985000284023341499e-02 1.615771837645159706e-02 3.468134305111897836e-06 9.822787594682407748e-06
7.225691226457563177e-02 2.397830264633551284e-02 7.656412133315475670e-06 -2.528478373340786998e-06
9.274008554008360272e-02 3.180848728772226602e-02 7.527232423735224697e-06 -1.321803323366121094e-05
1.107394664928085942e-01 3.964288985465739407e-02 4.306343446680917094e-06 -1.703177997105882602e-05
1.257616245710263536e-01 4.747451076947161591e-02 -6.142948173301070373e-08 -1.424002736724573685e-05
1.374171323576252601e-01 5.530831524428823920e-02 -3.975838482971926848e-06 -7.886148375922271932e-06
1.453865193164669833e-01 6.313843240329243545e-02 -6.709056952188702396e-06 -1.410625007686148005e-06
1.494595711167205354e-01 7.096690493704822800e-02 -8.389793342555146565e-06 2.866321349744802665e-06
1.495240012677042096e-01 7.879656357503715680e-02 -9.610176451826441717e-06 4.331028891565583803e-06
1.455824783729471050e-01 8.661432940061490615e-02 -1.092146443798283437e-05 3.631201432165379124e-06
1.377441415567957073e-01 9.443158810530866143e-02 -1.250016972155431609e-05 1.898209317893104035e-06
1.261873312441818828e-01 1.022686890362208556e-01 -1.409340158204833472e-05 2.010600389348414456e-07
1.112808849801354555e-01 1.100873361741838696e-01 -1.513407484726417729e-05 -9.574217804499292419e-07
9.338688944876143150e-02 1.179127429829474327e-01 -1.503747656061301057e-05 -1.627189313627742202e-06
7.298530577610777559e-02 1.257422991839282356e-01 -1.342051666458156094e-05 -2.280166134872809398e-06
5.061833637533476316e-02 1.335755246495003434e-01 -1.028197102900930955e-05 -3.407795995626221820e-06
2.689147427546607211e-02 1.414083292212565957e-01 -6.049317837131830570e-06 -5.152415614229145383e-06
2.445028842649698414e-03 1.492381992375132471e-01 -1.462063591570254457e-06 -7.303107449299843553e-06
-2.206232958896351889e-02 1.570636708524498215e-01 2.620784640631012166e-06 -9.342615077250662121e-06
-4.597692880577729235e-02 1.648864143785043757e-01 5.482169332375703085e-06 -1.080670437355945499e-05
-6.865265286249710996e-02 1.727058764504620092e-01 6.720022572621861273e-06 -1.130475076552555745e-05
-8.949223775874125264e-02 1.805269399648248008e-01 6.332507712873224009e-06 -1.048943006424052570e-05
-1.079181812438843729e-01 1.883431422313774917e-01 4.785846642185203316e-06 -8.498083858774842551e-06
-1.234581723630487349e-01 1.961625852388929336e-01 2.785782541527777925e-06 -5.399164078069894873e-06
-1.357206699600367883e-01 2.040043005925247788e-01 1.171770330527819366e-06 -1.704996371781713206e-06
-1.443144183085696697e-01 2.118263395925024939e-01 6.172659151241035874e-07 1.944667727821367554e-06
-1.490476344880949100e-01 2.196505827468803740e-01 1.380724035725123959e-06 4.834305665523562222e-06
-1.497912407805279122e-01 2.274742190531663100e-01 3.068850373620543362e-06 6.649203666943057016e-06
-1.465233446999570088e-01 2.352972608346433347e-01 4.651389606606118820e-06 7.443102676821851410e-06
-1.393275271177805419e-01 2.431194190014199230e-01 4.726746588945010950e-06 7.471874073570343555e-06
-1.283882971968661191e-01 2.509445072793050069e-01 1.944468447298025762e-06 7.334785465196394498e-06
-1.139990133870732447e-01 2.587710365975968707e-01 -4.256557442552451437e-06 7.758763015277775487e-06
-9.654702534361292443e-02 2.666008074832145747e-01 -1.253529650102956567e-05 8.773083780244986433e-06
-7.650888942347582045e-02 2.744333764820672816e-01 -1.864596738984007038e-05 9.573171460694464852e-06
-5.442769004857845455e-02 2.822685877176375202e-01 -1.419768125471097024e-05 7.581704035591797463e-06
-3.092822716773123773e-02 2.900928804134257355e-01 1.426525873059000888e-05 -1.998816520964109871e-06
