0.000000000000000000e+00
0.000000000000000000e+00
0.000000000000000000e+00
0.000000000000000000e+00
0.000000000000000000e+00
0.000000000000000000e+00
0.000000000000000000e+00
0.000000000000000000e+00
0.000000000000000000e+00
0.000000000000000000e+00
0.000000000000000000e+00
0.000000000000000000e+00
0.000000000000000000e+00
0.000000000000000000e+00
0.000000000000000000e+00
0.000000000000000000e+00
0.000000000000000000e+00
0.000000000000000000e+00
0.000000000000000000e+00
0.000000000000000000e+00
0.000000000000000000e+00
0.000000000000000000e+00
0.000000000000000000e+00
0.000000000000000000e+00
0.000000000000000000e+00
0.000000000000000000e+00
0.000000000000000000e+00
0.000000000000000000e+00
0.000000000000000000e+00
0.000000000000000000e+00
0.000000000000000000e+00
0.000000000000000000e+00
0.000000000000000000e+00
2.000000000000000000e+00
2.200000000000000000e+01
3.300000000000000000e+01
5.500000000000000000e+01
6.200000000000000000e+01
6.500000000000000000e+01
6.800000000000000000e+01
7.100000000000000000e+01
7.400000000000000000e+01
7.700000000000000000e+01
8.000000000000000000e+01
8.300000000000000000e+01
8.500000000000000000e+01
9.000000000000000000e+01
9.200000000000000000e+01
9.500000000000000000e+01
9.700000000000000000e+01
1.000000000000000000e+02
1.030000000000000000e+02
1.060000000000000000e+02
1.090000000000000000e+02
1.110000000000000000e+02
1.140000000000000000e+02
1.160000000000000000e+02
1.190000000000000000e+02
1.210000000000000000e+02
1.240000000000000000e+02
1.260000000000000000e+02
1.290000000000000000e+02
1.320000000000000000e+02
1.340000000000000000e+02
1.360000000000000000e+02
1.400000000000000000e+02
1.410000000000000000e+02
1.450000000000000000e+02
1.460000000000000000e+02
1.500000000000000000e+02
1.520000000000000000e+02
1.550000000000000000e+02
1.570000000000000000e+02
1.590000000000000000e+02
1.620000000000000000e+02
1.640000000000000000e+02
1.670000000000000000e+02
1.690000000000000000e+02
1.710000000000000000e+02
1.740000000000000000e+02
1.760000000000000000e+02
1.790000000000000000e+02
1.810000000000000000e+02
1.840000000000000000e+02
1.860000000000000000e+02
1.880000000000000000e+02
1.910000000000000000e+02
1.930000000000000000e+02
1.950000000000000000e+02
1.980000000000000000e+02
2.000000000000000000e+02
2.020000000000000000e+02
2.050000000000000000e+02
2.060000000000000000e+02
2.090000000000000000e+02
2.110000000000000000e+02
2.140000000000000000e+02
2.160000000000000000e+02
2.180000000000000000e+02
2.200000000000000000e+02
2.230000000000000000e+02
2.250000000000000000e+02
2.280000000000000000e+02
2.290000000000000000e+02
2.320000000000000000e+02
2.340000000000000000e+02
2.370000000000000000e+02
2.380000000000000000e+02
2.410000000000000000e+02
2.430000000000000000e+02
2.460000000000000000e+02
2.480000000000000000e+02
2.500000000000000000e+02
2.520000000000000000e+02
2.550000000000000000e+02
2.560000000000000000e+02
2.590000000000000000e+02
2.610000000000000000e+02
2.640000000000000000e+02
2.660000000000000000e+02
2.680000000000000000e+02
2.700000000000000000e+02
2.730000000000000000e+02
2.740000000000000000e+02
2.770000000000000000e+02
2.790000000000000000e+02
2.810000000000000000e+02
2.830000000000000000e+02
2.860000000000000000e+02
2.880000000000000000e+02
2.900000000000000000e+02
2.920000000000000000e+02
2.950000000000000000e+02
2.970000000000000000e+02
3.000000000000000000e+02
3.010000000000000000e+02
3.040000000000000000e+02
3.050000000000000000e+02
3.080000000000000000e+02
3.100000000000000000e+02
3.120000000000000000e+02
3.140000000000000000e+02
3.170000000000000000e+02
3.190000000000000000e+02
3.210000000000000000e+02
3.230000000000000000e+02
3.260000000000000000e+02
3.280000000000000000e+02
3.300000000000000000e+02
3.320000000000000000e+02
3.350000000000000000e+02
3.360000000000000000e+02
3.390000000000000000e+02
3.410000000000000000e+02
3.440000000000000000e+02
3.450000000000000000e+02
3.480000000000000000e+02
3.500000000000000000e+02
3.530000000000000000e+02
3.540000000000000000e+02
3.570000000000000000e+02
3.590000000000000000e+02
3.610000000000000000e+02
3.630000000000000000e+02
3.660000000000000000e+02
3.680000000000000000e+02
3.700000000000000000e+02
3.720000000000000000e+02
3.750000000000000000e+02
3.770000000000000000e+02
3.790000000000000000e+02
3.810000000000000000e+02
3.840000000000000000e+02
3.850000000000000000e+02
3.880000000000000000e+02
3.900000000000000000e+02
3.920000000000000000e+02
3.940000000000000000e+02
3.960000000000000000e+02
3.990000000000000000e+02
4.010000000000000000e+02
4.030000000000000000e+02
4.050000000000000000e+02
4.070000000000000000e+02
4.090000000000000000e+02
4.120000000000000000e+02
4.140000000000000000e+02
4.160000000000000000e+02
4.180000000000000000e+02
4.210000000000000000e+02
4.230000000000000000e+02
4.250000000000000000e+02
4.270000000000000000e+02
4.290000000000000000e+02
4.310000000000000000e+02
4.340000000000000000e+02
4.360000000000000000e+02
4.380000000000000000e+02
4.400000000000000000e+02
4.430000000000000000e+02
4.450000000000000000e+02
4.470000000000000000e+02
4.490000000000000000e+02
4.510000000000000000e+02
4.530000000000000000e+02
4.550000000000000000e+02
4.570000000000000000e+02
4.600000000000000000e+02
4.620000000000000000e+02
4.650000000000000000e+02
4.660000000000000000e+02
4.690000000000000000e+02
4.710000000000000000e+02
4.730000000000000000e+02
4.750000000000000000e+02
4.780000000000000000e+02
4.800000000000000000e+02
4.820000000000000000e+02
4.840000000000000000e+02
4.860000000000000000e+02
4.880000000000000000e+02
4.910000000000000000e+02
4.920000000000000000e+02
4.940000000000000000e+02
4.960000000000000000e+02
4.990000000000000000e+02
5.010000000000000000e+02
5.030000000000000000e+02
5.050000000000000000e+02
5.080000000000000000e+02
5.100000000000000000e+02
5.120000000000000000e+02
5.140000000000000000e+02
5.170000000000000000e+02
5.180000000000000000e+02
5.210000000000000000e+02
5.230000000000000000e+02
5.260000000000000000e+02
5.270000000000000000e+02
5.300000000000000000e+02
5.320000000000000000e+02
5.340000000000000000e+02
5.360000000000000000e+02
5.380000000000000000e+02
5.400000000000000000e+02
5.430000000000000000e+02
5.450000000000000000e+02
