0.000000000000000000e+00
0.000000000000000000e+00
7.000000000000000000e+00
1.700000000000000000e+01
2.500000000000000000e+01
3.500000000000000000e+01
4.200000000000000000e+01
5.200000000000000000e+01
5.900000000000000000e+01
6.800000000000000000e+01
7.400000000000000000e+01
8.500000000000000000e+01
9.000000000000000000e+01
9.800000000000000000e+01
1.050000000000000000e+02
1.130000000000000000e+02
1.190000000000000000e+02
1.240000000000000000e+02
1.330000000000000000e+02
1.360000000000000000e+02
1.370000000000000000e+02
1.390000000000000000e+02
1.410000000000000000e+02
1.430000000000000000e+02
1.450000000000000000e+02
1.470000000000000000e+02
1.480000000000000000e+02
1.510000000000000000e+02
1.520000000000000000e+02
1.550000000000000000e+02
1.560000000000000000e+02
1.590000000000000000e+02
1.600000000000000000e+02
1.630000000000000000e+02
1.640000000000000000e+02
1.670000000000000000e+02
1.680000000000000000e+02
1.710000000000000000e+02
1.720000000000000000e+02
1.750000000000000000e+02
1.760000000000000000e+02
1.790000000000000000e+02
1.810000000000000000e+02
1.830000000000000000e+02
1.850000000000000000e+02
1.870000000000000000e+02
1.890000000000000000e+02
1.910000000000000000e+02
1.930000000000000000e+02
1.960000000000000000e+02
1.980000000000000000e+02
2.000000000000000000e+02
2.020000000000000000e+02
2.040000000000000000e+02
2.060000000000000000e+02
2.090000000000000000e+02
2.110000000000000000e+02
2.130000000000000000e+02
2.150000000000000000e+02
2.180000000000000000e+02
2.200000000000000000e+02
2.220000000000000000e+02
2.240000000000000000e+02
2.270000000000000000e+02
2.280000000000000000e+02
2.310000000000000000e+02
2.320000000000000000e+02
2.340000000000000000e+02
2.370000000000000000e+02
2.390000000000000000e+02
2.410000000000000000e+02
2.430000000000000000e+02
2.460000000000000000e+02
2.470000000000000000e+02
2.500000000000000000e+02
2.510000000000000000e+02
2.540000000000000000e+02
2.550000000000000000e+02
2.580000000000000000e+02
2.590000000000000000e+02
2.620000000000000000e+02
2.630000000000000000e+02
2.660000000000000000e+02
2.680000000000000000e+02
2.700000000000000000e+02
2.720000000000000000e+02
2.740000000000000000e+02
2.760000000000000000e+02
2.780000000000000000e+02
2.790000000000000000e+02
2.820000000000000000e+02
2.840000000000000000e+02
2.860000000000000000e+02
2.880000000000000000e+02
2.900000000000000000e+02
2.920000000000000000e+02
2.950000000000000000e+02
2.970000000000000000e+02
2.990000000000000000e+02
3.010000000000000000e+02
3.030000000000000000e+02
3.050000000000000000e+02
3.080000000000000000e+02
3.090000000000000000e+02
3.120000000000000000e+02
3.140000000000000000e+02
3.170000000000000000e+02
3.180000000000000000e+02
3.210000000000000000e+02
3.220000000000000000e+02
3.250000000000000000e+02
3.270000000000000000e+02
3.290000000000000000e+02
3.310000000000000000e+02
3.340000000000000000e+02
3.360000000000000000e+02
3.380000000000000000e+02
3.400000000000000000e+02
3.420000000000000000e+02
3.440000000000000000e+02
3.470000000000000000e+02
3.490000000000000000e+02
3.520000000000000000e+02
3.530000000000000000e+02
3.560000000000000000e+02
3.580000000000000000e+02
3.600000000000000000e+02
3.620000000000000000e+02
3.650000000000000000e+02
3.670000000000000000e+02
3.690000000000000000e+02
3.710000000000000000e+02
3.730000000000000000e+02
3.760000000000000000e+02
3.780000000000000000e+02
3.810000000000000000e+02
3.820000000000000000e+02
3.850000000000000000e+02
3.870000000000000000e+02
3.890000000000000000e+02
3.910000000000000000e+02
3.940000000000000000e+02
3.970000000000000000e+02
3.980000000000000000e+02
4.010000000000000000e+02
4.030000000000000000e+02
4.060000000000000000e+02
4.070000000000000000e+02
4.100000000000000000e+02
4.120000000000000000e+02
4.150000000000000000e+02
4.170000000000000000e+02
4.190000000000000000e+02
4.210000000000000000e+02
4.240000000000000000e+02
4.260000000000000000e+02
4.280000000000000000e+02
4.300000000000000000e+02
4.320000000000000000e+02
4.350000000000000000e+02
4.360000000000000000e+02
4.390000000000000000e+02
4.410000000000000000e+02
4.430000000000000000e+02
4.450000000000000000e+02
4.480000000000000000e+02
4.500000000000000000e+02
4.530000000000000000e+02
4.550000000000000000e+02
4.570000000000000000e+02
4.590000000000000000e+02
4.620000000000000000e+02
4.630000000000000000e+02
4.660000000000000000e+02
4.680000000000000000e+02
4.700000000000000000e+02
4.720000000000000000e+02
4.750000000000000000e+02
4.760000000000000000e+02
4.790000000000000000e+02
4.810000000000000000e+02
4.840000000000000000e+02
4.850000000000000000e+02
4.880000000000000000e+02
4.900000000000000000e+02
4.930000000000000000e+02
4.940000000000000000e+02
4.970000000000000000e+02
4.990000000000000000e+02
5.010000000000000000e+02
5.030000000000000000e+02
5.060000000000000000e+02
5.070000000000000000e+02
5.110000000000000000e+02
5.120000000000000000e+02
5.150000000000000000e+02
5.170000000000000000e+02
5.190000000000000000e+02
5.210000000000000000e+02
5.240000000000000000e+02
5.250000000000000000e+02
5.280000000000000000e+02
5.300000000000000000e+02
5.320000000000000000e+02
5.340000000000000000e+02
5.370000000000000000e+02
5.380000000000000000e+02
5.410000000000000000e+02
5.430000000000000000e+02
5.460000000000000000e+02
5.480000000000000000e+02
