1.619356014676038343e-03 5.467830497868948888e-04 -1.809469348193784813e-06 -1.835098990539500222e-05
2.611823034633404747e-02 8.338904307147277511e-03 6.719442698917676423e-06 8.895442060427799171e-06
4.986457025353635553e-02 1.616019700295439135e-02 1.270329928911682390e-05 1.389395053731194944e-05
7.226444401604702195e-02 2.399350224394053779e-02 1.387825229681903293e-05 9.991016463738554960e-06
9.273793473558937517e-02 3.182896418662870680e-02 1.065395755191943716e-05 4.759190897304609578e-06
1.107308326060151560e-01 3.965871503513389990e-02 5.047096146694572654e-06 1.275006581952196871e-06
1.257516057381687646e-01 4.747853672048212015e-02 -4.617895941129042682e-07 -1.136172553957934454e-07
1.374100529593356990e-01 5.529874131776867791e-02 -3.938874959039649614e-06 -1.732474999689713071e-07
1.453846571574919089e-01 6.311861271386236261e-02 -4.532058401686891590e-06 3.335123681693289143e-07
1.494630645334737440e-01 7.094313152275442957e-02 -2.519781120420516827e-06 1.084199976380888111e-06
1.495315550288993933e-01 7.877512749714485341e-02 1.025109001246798800e-06 2.070723416967511691e-06
1.455922399447366067e-01 8.659915391734017420e-02 4.751550906534244814e-06 3.331374313161937327e-06
1.377544213451893096e-01 9.442319315646857669e-02 7.525317943990404442e-06 4.742591546854086781e-06
1.261970388000193677e-01 1.022644548196601499e-01 8.674253440755834378e-06 5.935120059722326999e-06
1.112895620642538747e-01 1.100827712428538718e-01 8.090131874474182653e-06 6.448892337337526369e-06
9.339452839981880750e-02 1.179031709065106875e-01 6.145878389682419882e-06 5.916957581896019005e-06
7.299202261906773126e-02 1.257243732567959460e-01 3.518055671845858177e-06 4.237350449726617483e-06
5.062411090884202242e-02 1.335481782351025659e-01 9.621805320109929803e-07 1.618906923763978499e-06
2.689604012533752461e-02 1.413729925880699012e-01 -8.963836435291657982e-07 -1.475285935917385805e-06
2.447843374494955773e-03 1.491984072176204823e-01 -1.678043452933646022e-06 -4.405702014776995940e-06
-2.206198402741466752e-02 1.570241990494884166e-01 -1.310933640651712519e-06 -6.511625406024820276e-06
-4.597982808439719099e-02 1.648522667086427251e-01 1.442354801466363470e-08 -7.227416704814667888e-06
-6.865936741692066358e-02 1.726812154822208734e-01 1.874748772521662308e-06 -6.276850814905803139e-06
-8.950277942297073241e-02 1.805141862867848113e-01 3.679825759201115120e-06 -3.814317638163045246e-06
-1.079318650880276703e-01 1.883425785057026014e-01 4.865848554844396783e-06 -3.575239230752070274e-07
-1.234733879484609109e-01 1.961722678462665959e-01 4.926628102319904923e-06 3.167929873327279166e-06
-1.357351087577604309e-01 2.040206253851137297e-01 3.647422585675674039e-06 5.730585164522516624e-06
-1.443254635433875166e-01 2.118448382775423300e-01 1.173758283253480818e-06 6.344099262556171184e-06
-1.490530380924334208e-01 2.196670643342241436e-01 -1.939072291506361971e-06 4.394750068388353989e-06
-1.497897673237391369e-01 2.274856523999948532e-01 -4.844017035604245120e-06 -2.505173399851562059e-07
-1.465154440713976602e-01 2.353024553227989479e-01 -6.533101905816159229e-06 -7.064682459201285834e-06
-1.393158414356668873e-01 2.431192903607052036e-01 -6.068875345577208339e-06 -1.481281538088120836e-05
-1.283775153239460065e-01 2.509416452932364816e-01 -3.034884794076792061e-06 -2.175775687440675149e-05
-1.139948838456847635e-01 2.587686355388384984e-01 1.957166458344517692e-06 -2.598102113544687177e-05
-9.655453377720903119e-02 2.666011980566819206e-01 6.810972011774113466e-06 -2.579152950862097869e-05
-7.652901638665599027e-02 2.744361198586904860e-01 7.299927235032986840e-06 -2.040550480392891845e-05
-5.445313722980584664e-02 2.822686857824092677e-01 -3.344211495285060445e-06 -1.053206424674256799e-05
-3.093800135710567459e-02 2.900793254095103690e-01 -3.478135601379780592e-05 9.597194965592288255e-07
