0.000000000000000000e+00
0.000000000000000000e+00
0.000000000000000000e+00
0.000000000000000000e+00
0.000000000000000000e+00
0.000000000000000000e+00
0.000000000000000000e+00
0.000000000000000000e+00
3.000000000000000000e+00
5.000000000000000000e+00
8.000000000000000000e+00
1.000000000000000000e+01
1.200000000000000000e+01
1.400000000000000000e+01
1.700000000000000000e+01
1.900000000000000000e+01
2.100000000000000000e+01
2.300000000000000000e+01
2.600000000000000000e+01
2.800000000000000000e+01
3.000000000000000000e+01
3.200000000000000000e+01
3.400000000000000000e+01
3.600000000000000000e+01
3.800000000000000000e+01
4.100000000000000000e+01
4.300000000000000000e+01
4.500000000000000000e+01
4.800000000000000000e+01
5.000000000000000000e+01
5.200000000000000000e+01
5.400000000000000000e+01
5.700000000000000000e+01
5.900000000000000000e+01
6.100000000000000000e+01
6.300000000000000000e+01
6.500000000000000000e+01
6.700000000000000000e+01
7.000000000000000000e+01
7.200000000000000000e+01
7.400000000000000000e+01
7.600000000000000000e+01
7.800000000000000000e+01
8.100000000000000000e+01
8.300000000000000000e+01
8.500000000000000000e+01
8.800000000000000000e+01
8.900000000000000000e+01
9.200000000000000000e+01
9.400000000000000000e+01
9.600000000000000000e+01
9.800000000000000000e+01
1.000000000000000000e+02
1.030000000000000000e+02
1.050000000000000000e+02
1.040000000000000000e+02
1.020000000000000000e+02
1.010000000000000000e+02
1.000000000000000000e+02
9.900000000000000000e+01
9.800000000000000000e+01
9.700000000000000000e+01
9.600000000000000000e+01
9.500000000000000000e+01
9.400000000000000000e+01
9.300000000000000000e+01
9.100000000000000000e+01
9.000000000000000000e+01
8.900000000000000000e+01
8.800000000000000000e+01
8.700000000000000000e+01
8.600000000000000000e+01
8.500000000000000000e+01
8.400000000000000000e+01
8.300000000000000000e+01
8.200000000000000000e+01
8.000000000000000000e+01
7.900000000000000000e+01
7.800000000000000000e+01
7.700000000000000000e+01
7.600000000000000000e+01
7.500000000000000000e+01
7.400000000000000000e+01
7.300000000000000000e+01
7.200000000000000000e+01
7.100000000000000000e+01
6.900000000000000000e+01
6.800000000000000000e+01
6.700000000000000000e+01
6.600000000000000000e+01
6.500000000000000000e+01
1.860000000000000000e+02
1.870000000000000000e+02
1.890000000000000000e+02
1.910000000000000000e+02
1.940000000000000000e+02
1.960000000000000000e+02
1.980000000000000000e+02
2.000000000000000000e+02
2.020000000000000000e+02
2.050000000000000000e+02
2.060000000000000000e+02
2.090000000000000000e+02
2.110000000000000000e+02
2.130000000000000000e+02
2.150000000000000000e+02
2.180000000000000000e+02
2.200000000000000000e+02
2.220000000000000000e+02
2.240000000000000000e+02
2.270000000000000000e+02
2.280000000000000000e+02
2.310000000000000000e+02
2.320000000000000000e+02
2.350000000000000000e+02
2.360000000000000000e+02
2.390000000000000000e+02
2.410000000000000000e+02
2.430000000000000000e+02
2.450000000000000000e+02
2.470000000000000000e+02
2.500000000000000000e+02
2.520000000000000000e+02
2.540000000000000000e+02
2.560000000000000000e+02
2.590000000000000000e+02
2.600000000000000000e+02
2.630000000000000000e+02
2.650000000000000000e+02
2.670000000000000000e+02
2.690000000000000000e+02
2.710000000000000000e+02
2.730000000000000000e+02
2.750000000000000000e+02
2.780000000000000000e+02
2.800000000000000000e+02
2.810000000000000000e+02
2.810000000000000000e+02
2.810000000000000000e+02
2.810000000000000000e+02
2.810000000000000000e+02
2.810000000000000000e+02
2.810000000000000000e+02
2.810000000000000000e+02
2.810000000000000000e+02
2.810000000000000000e+02
2.810000000000000000e+02
2.810000000000000000e+02
2.810000000000000000e+02
2.810000000000000000e+02
2.810000000000000000e+02
2.810000000000000000e+02
2.810000000000000000e+02
2.810000000000000000e+02
2.810000000000000000e+02
2.810000000000000000e+02
2.810000000000000000e+02
2.810000000000000000e+02
2.810000000000000000e+02
3.320000000000000000e+02
3.330000000000000000e+02
3.360000000000000000e+02
3.380000000000000000e+02
3.400000000000000000e+02
3.430000000000000000e+02
3.450000000000000000e+02
3.480000000000000000e+02
3.490000000000000000e+02
3.510000000000000000e+02
3.540000000000000000e+02
3.560000000000000000e+02
3.580000000000000000e+02
3.600000000000000000e+02
3.630000000000000000e+02
3.640000000000000000e+02
3.670000000000000000e+02
3.690000000000000000e+02
3.710000000000000000e+02
3.730000000000000000e+02
3.760000000000000000e+02
3.770000000000000000e+02
3.800000000000000000e+02
3.820000000000000000e+02
3.840000000000000000e+02
3.870000000000000000e+02
3.890000000000000000e+02
3.910000000000000000e+02
3.930000000000000000e+02
3.950000000000000000e+02
3.980000000000000000e+02
4.000000000000000000e+02
4.020000000000000000e+02
4.040000000000000000e+02
4.070000000000000000e+02
4.080000000000000000e+02
4.110000000000000000e+02
4.130000000000000000e+02
4.150000000000000000e+02
4.170000000000000000e+02
4.200000000000000000e+02
4.220000000000000000e+02
4.240000000000000000e+02
4.260000000000000000e+02
4.290000000000000000e+02
4.300000000000000000e+02
4.400000000000000000e+02
4.510000000000000000e+02
4.620000000000000000e+02
4.730000000000000000e+02
4.810000000000000000e+02
4.810000000000000000e+02
4.810000000000000000e+02
4.810000000000000000e+02
4.810000000000000000e+02
4.810000000000000000e+02
4.810000000000000000e+02
4.810000000000000000e+02
4.810000000000000000e+02
4.810000000000000000e+02
4.810000000000000000e+02
4.810000000000000000e+02
4.810000000000000000e+02
4.810000000000000000e+02
4.810000000000000000e+02
4.810000000000000000e+02
4.810000000000000000e+02
4.810000000000000000e+02
4.810000000000000000e+02
4.810000000000000000e+02
4.810000000000000000e+02
4.810000000000000000e+02
4.810000000000000000e+02
4.810000000000000000e+02
4.810000000000000000e+02
4.810000000000000000e+02
4.810000000000000000e+02
4.810000000000000000e+02
4.810000000000000000e+02
4.810000000000000000e+02
4.810000000000000000e+02
4.810000000000000000e+02
5.120000000000000000e+02
5.130000000000000000e+02
5.160000000000000000e+02
5.180000000000000000e+02
5.200000000000000000e+02
5.220000000000000000e+02
5.250000000000000000e+02
5.260000000000000000e+02
5.280000000000000000e+02
5.310000000000000000e+02
5.330000000000000000e+02
5.350000000000000000e+02
5.370000000000000000e+02
5.400000000000000000e+02
5.420000000000000000e+02
5.440000000000000000e+02
5.460000000000000000e+02
