1.633990460521238643e-03 5.089126299711711852e-04 -1.697828317780526998e-05 6.799077947708767090e-06
2.610564100131616480e-02 8.365304933634696086e-03 3.448513145369825842e-06 4.833467682518578821e-06
4.984625352761288403e-02 1.618826676446040100e-02 1.151826228308268734e-05 7.884330900563466554e-07
7.225140865156713665e-02 2.400149780978952721e-02 1.305983209268460912e-05 -2.262366665629022999e-06
9.273415374213003770e-02 3.181945259289489097e-02 1.194090743136331260e-05 -2.918456007817147789e-06
1.107363224389558976e-01 3.964386143865109013e-02 1.021124920681421099e-05 -1.502444562813861526e-06
1.257646240031013996e-01 4.746937739356646424e-02 8.659300478650844529e-06 6.423902350258086994e-07
1.374283213667037151e-01 5.529987882565527701e-02 7.332603261068119844e-06 1.947362168292506065e-06
1.454057541878039927e-01 6.312789049804387598e-02 6.025380208714585939e-06 1.373981559007734274e-06
1.494844390659434419e-01 7.095452472473531835e-02 4.584753855690213827e-06 -1.166836168535948352e-06
1.495505767634433825e-01 7.878258490235945377e-02 2.954357988199877012e-06 -4.953794473371809847e-06
1.456064580740281666e-01 8.659949455240754934e-02 1.226209108727564469e-06 -8.733316192310472479e-06
1.377619886848923947e-01 9.441713142477771437e-02 -3.899274244651533023e-07 -1.118547168495550407e-05
1.261971947936398331e-01 1.022559804283749707e-01 -1.697216556589261287e-06 -1.141618044956721538e-05
1.112829893533763548e-01 1.100774019795727893e-01 -2.459291208230210620e-06 -9.081302693084130818e-06
9.338332120067284470e-02 1.179059479246135078e-01 -2.511645117104050258e-06 -4.487760502096951941e-06
7.297939614182899493e-02 1.257382351439053358e-01 -1.733596834279445237e-06 1.595510868677508246e-06
5.061384471276648284e-02 1.335731488489942109e-01 -1.608663478950771001e-07 8.060176288403206202e-06
2.689179342649804932e-02 1.414062803806201696e-01 1.924034410869180120e-06 1.362203650586892954e-05
2.452420810667814421e-03 1.492351624123405551e-01 4.086491083776629810e-06 1.716953391711295587e-05
-2.204724378791008896e-02 1.570586919054610398e-01 5.813146093903283240e-06 1.798457187078680167e-05
-4.595546208196293198e-02 1.648790526596442818e-01 6.739754725646274516e-06 1.603286400451955956e-05
-6.862782398050581989e-02 1.726962252028070854e-01 6.633399173069561050e-06 1.184770125348437523e-05
-8.946804038255042058e-02 1.805155471844598625e-01 5.330732007574132707e-06 6.269412192039484261e-06
-1.078988219103003826e-01 1.883307761220851528e-01 3.002526166917290832e-06 5.326949896555366183e-07
-1.234468844555749595e-01 1.961500921303102052e-01 -2.132301296384807589e-07 -4.429050098394896616e-06
-1.357190729127612239e-01 2.039923731522530759e-01 -3.842438615145751335e-06 -7.730187341152723262e-06
-1.443219832239741318e-01 2.118153958723659191e-01 -7.223552325499277143e-06 -8.853823842438368906e-06
-1.490619230725197808e-01 2.196406986776200110e-01 -9.519327362242543234e-06 -7.648160579624919877e-06
-1.498083881742019730e-01 2.274652450709569174e-01 -1.002250715195391619e-05 -4.558569260279094549e-06
-1.465391451919876853e-01 2.352889641229498618e-01 -8.216078828778412114e-06 -4.211670901906430662e-07
-1.393388635539331288e-01 2.431115817305350701e-01 -3.851481217846115018e-06 3.838786447196134775e-06
-1.283943160160432584e-01 2.509370793626877205e-01 2.636084596346153646e-06 7.192475371256727088e-06
-1.140017091313009767e-01 2.587642524312723236e-01 9.811718565828117766e-06 8.638930805822077062e-06
-9.655095452648544685e-02 2.665950747192605830e-01 1.522398778343182470e-05 7.669581665589907728e-06
-7.651913466100300487e-02 2.744292463568523965e-01 1.488229291404681734e-05 4.003926793115919000e-06
-5.444613482939408139e-02 2.822665712809677707e-01 3.266981317891865245e-06 -2.170685082371488446e-06
-3.094777479086460725e-02 2.900933498247751929e-01 -2.683713477230485861e-05 -1.041070751631963197e-05
