2.546515333342027801e-06 1.659247136816848411e-03 -6.434137699358429197e-06 -1.224474781220851586e-05
2.276703215764984151e-03 2.611741705974059136e-02 1.338205074767388704e-05 2.726717012139524075e-05
8.518043907286916919e-03 4.984994489392233913e-02 1.552009664141641056e-05 3.028037796353483737e-05
1.855127532911197974e-02 7.224916497481002897e-02 1.019437298291551620e-05 1.847368626670100933e-05
3.210808104873508206e-02 9.272794101182989246e-02 3.447873390415049411e-06 5.676057332210741349e-06
4.882211065988711213e-02 1.107286106996834829e-01 -1.842952124030673125e-06 -1.631670833374622929e-06
6.823525903837261708e-02 1.257583803690342505e-01 -4.736212072263253846e-06 -2.533602761969114468e-06
8.984743857280436119e-02 1.374261562573908524e-01 -5.288232814330432909e-06 7.148389062941955225e-07
1.130716688098328954e-01 1.454090877657953640e-01 -3.952043855077591578e-06 5.030484141423043317e-06
1.372949394988407235e-01 1.494931957487734830e-01 -1.332912287713482295e-06 8.113810565173727547e-06
1.618755875424383317e-01 1.495630721176362254e-01 1.811890911570197728e-06 9.000135897842163893e-06
1.861080307610233908e-01 1.456201263624443132e-01 4.670166160305301852e-06 7.930460843387485462e-06
2.093714197738336946e-01 1.377745049406991218e-01 6.553534871187635574e-06 5.801157299405383024e-06
2.310914480343004562e-01 1.262069730095086162e-01 6.978733339520116040e-06 3.495446185491624018e-06
2.505789307286645506e-01 1.112898251792255599e-01 5.878688404506231790e-06 1.614725810895725908e-06
2.673818418136794106e-01 9.338820620379582882e-02 3.581765553723008728e-06 2.843191578959252839e-07
2.810436511099808077e-01 7.298422306662130654e-02 7.588168963520069127e-07 -6.802967976685736916e-07
2.911971031218923422e-01 5.062048686714422374e-02 -1.824874222105143441e-06 -1.656361990673684593e-06
2.975645593284516055e-01 2.690087494854367933e-02 -3.585540601935090513e-06 -3.076689333266084250e-06
2.999744398783805721e-01 2.462828470594864531e-03 -4.213205232046332789e-06 -5.200942103906460344e-06
2.983634605901148706e-01 -2.203826346702788402e-02 -3.729780050743868258e-06 -8.016170084316760584e-06
2.927757351611709469e-01 -4.595101354490608442e-02 -2.321528369225253612e-06 -1.110172895521690740e-05
2.833633716186029772e-01 -6.863029827044278552e-02 -3.429062368535045926e-07 -1.380946473826121000e-05
2.703738175453029302e-01 -8.947865946936821302e-02 1.684742423722126278e-06 -1.554333704622900704e-05
2.541706339053217967e-01 -1.079164177203705971e-01 3.423738502138089714e-06 -1.571467759397038297e-05
2.351746899441906069e-01 -1.234689357650071151e-01 4.442439199810870166e-06 -1.426132014218884065e-05
2.138396235238140264e-01 -1.357415021881674400e-01 4.649908723905899757e-06 -1.133377878090124254e-05
1.908493176465235752e-01 -1.443401692121238922e-01 4.134666737112073815e-06 -7.459109324210408725e-06
1.667601027967483829e-01 -1.490715141644979036e-01 3.221646699586720548e-06 -3.256750719884967268e-06
1.422215538669066859e-01 -1.498071255003987079e-01 2.105362110040185127e-06 4.729525523088835901e-07
1.178875487579718606e-01 -1.465278498324281975e-01 8.538463399353233672e-07 3.071613826229315452e-06
9.441219033687001105e-02 -1.393212107484853857e-01 -4.977959813315990556e-07 4.334582859269963530e-06
7.241825740721810623e-02 -1.283762844961678640e-01 -2.056871574546709118e-06 4.428377073550702682e-06
5.250514588427860480e-02 -1.139899107894737085e-01 -3.855163379466379928e-06 3.802928725166930667e-06
3.520964653673964301e-02 -9.654863367345727088e-02 -5.054015965880313311e-06 3.282604034397289523e-06
2.099479769310831981e-02 -7.652212038647161763e-02 -3.544491112304870088e-06 3.383659320909654649e-06
1.023233814168079958e-02 -5.443719610415524018e-02 5.220927956718150574e-06 4.048823238303656131e-06
3.203327800336666035e-03 -3.089114780154683659e-02 2.911915208449280637e-05 3.956525011361175200e-06
