1.500323118694230518e+00 7.502755197260975173e-01 -7.221742826716424013e-04
1.500419265282630921e+00 7.503929425738647963e-01 -9.467517429897073181e-04
1.500438841091697562e+00 7.504135701983579709e-01 -9.469306353800615141e-04
1.500491409269349763e+00 7.504246344104700261e-01 -8.127222509241258672e-04
1.500592727250824154e+00 7.504403105113146566e-01 -4.214235803301784778e-04
1.500596077004685114e+00 7.504383243907408740e-01 -4.090115594272056548e-04
1.500674446848252686e+00 7.504367904950363100e-01 3.899301879569251725e-04
1.500807721554920926e+00 7.504406222004196270e-01 3.602689635545880745e-03
1.500873910154812751e+00 7.504357640354144543e-01 5.005217547486546723e-03
1.501001615800414024e+00 7.504361402883246157e-01 6.626898244134238856e-03
1.501094924466548797e+00 7.504319509548033063e-01 8.902559773896966469e-03
1.501124029477758803e+00 7.504339977382739058e-01 1.221696196427687030e-02
1.501179452298975869e+00 7.504393877328755513e-01 1.514484789753575526e-02
1.501277969454966499e+00 7.504416910717248701e-01 1.853852271043471972e-02
1.501391981622849370e+00 7.504573776340142111e-01 2.157356724974388365e-02
1.501546441763201623e+00 7.504432624137051810e-01 2.569180547046773233e-02
1.501654323420745341e+00 7.504513643822664504e-01 2.941976043092756760e-02
1.501862763595597450e+00 7.504637741505585380e-01 3.399136275576550292e-02
1.501865033040996167e+00 7.504631490806817906e-01 3.411758412408956442e-02
1.501955869386534470e+00 7.504605801247303809e-01 3.913496187819930777e-02
1.502032383856019893e+00 7.504653775952407901e-01 4.439634995235012399e-02
1.502170696226900803e+00 7.504711524508275167e-01 4.977024782610052489e-02
1.502240363008243040e+00 7.504689850571615306e-01 5.643637038479654144e-02
1.502331475708218012e+00 7.504860302924903914e-01 6.368703360982964912e-02
1.502412511182396493e+00 7.504876622691026844e-01 7.033422132634348234e-02
1.502482260076707599e+00 7.504879545499031357e-01 7.739908297693220973e-02
1.502588251180047907e+00 7.504963625174220221e-01 8.512411899945895866e-02
1.502717766055795989e+00 7.505045991269586603e-01 9.243871791991256637e-02
1.502809087255906562e+00 7.505077954165908505e-01 1.004893949196540431e-01
1.502904144778860029e+00 7.505182033066274405e-01 1.098882369601524300e-01
1.503004194119592629e+00 7.505310150696676841e-01 1.189118388192237641e-01
1.503102241248955195e+00 7.505396572561227053e-01 1.283549928864376466e-01
1.503254433178164984e+00 7.505571610697939766e-01 1.386754314935985388e-01
1.503344369976264083e+00 7.505782924340357321e-01 1.486295133317652450e-01
1.503498939268644419e+00 7.505975643896513061e-01 1.578863630094188286e-01
1.503568373290068649e+00 7.506097627261040239e-01 1.679297093405407448e-01
1.503605523502926200e+00 7.506123534235981110e-01 1.775300863803088991e-01
1.503651138293810696e+00 7.506215218350752449e-01 1.882758445569752970e-01
1.503772945776205239e+00 7.506470928398674136e-01 1.996646797168646070e-01
1.503905520511495508e+00 7.506813324313773572e-01 2.096284791771604039e-01
1.504033028857347798e+00 7.507127378258765527e-01 2.183933619983927932e-01
1.504084079588857259e+00 7.507180065546997794e-01 2.279981772760057146e-01
1.504159862913266199e+00 7.507451295401691427e-01 2.387119520223644764e-01
1.504220902322694897e+00 7.507590661339805793e-01 2.483344117392310979e-01
1.504307461361957809e+00 7.507802911766942033e-01 2.596105899379710369e-01
1.504369509803749505e+00 7.507957365535357086e-01 2.689772834760398856e-01
1.504428521765235560e+00 7.508130900167431232e-01 2.794692532817149577e-01
1.504561723727287026e+00 7.508463230775902497e-01 2.895927187311546080e-01
1.504687355735083720e+00 7.508951611189478292e-01 3.010897684317017653e-01
1.504758806778050184e+00 7.509191003544002374e-01 3.113597685626360856e-01
1.504840368994882827e+00 7.509596051971556552e-01 3.207697033013554577e-01
1.504944774553101494e+00 7.510057941233474477e-01 3.303762919988120772e-01
1.505074500524835823e+00 7.510670457172949899e-01 3.405154700282009839e-01
1.505176557987405239e+00 7.511123870485805210e-01 3.507059368061823390e-01
1.505294374261684220e+00 7.511649036621337316e-01 3.606282181414880439e-01
1.505402033357618352e+00 7.512103706338075781e-01 3.703324294590904509e-01
1.505505272643932635e+00 7.512652116474937136e-01 3.805348722486170399e-01
1.505669286077399249e+00 7.513458001296866584e-01 3.914505093124700519e-01
1.505806023545292804e+00 7.514180166897383994e-01 4.027138194194785359e-01
1.505943829198178374e+00 7.514817868211618457e-01 4.129228601015645927e-01
1.506060574392645623e+00 7.515488397922868158e-01 4.253383986471650502e-01
1.506186581690977189e+00 7.516122107877303282e-01 4.355217222357863904e-01
1.506325519098247856e+00 7.516963795457529685e-01 4.456067303865430262e-01
1.506451169403246526e+00 7.517496786538175879e-01 4.555825806043086734e-01
1.506552726477983883e+00 7.518080268044903258e-01 4.658728844962598536e-01
1.506664042301973705e+00 7.518743064609009208e-01 4.772366787561354018e-01
1.506668969613951470e+00 7.518722625771445678e-01 4.775201212777634985e-01
1.506791480927090143e+00 7.519365715880488299e-01 4.877736825464868420e-01
1.507124378208673843e+00 7.521207800939312405e-01 5.140763658820581838e-01
1.507230785709598120e+00 7.521907727569479007e-01 5.242778292141332397e-01
1.507335863162119427e+00 7.522669944844843082e-01 5.341923874796344895e-01
1.507414293180924014e+00 7.523191762847643016e-01 5.439973550614174425e-01
1.507416648355024202e+00 7.523187762493156461e-01 5.442861034455880320e-01
1.507522014343042116e+00 7.523922693660861638e-01 5.535240642039205294e-01
1.507647780564281836e+00 7.524829061297613197e-01 5.634576257448056236e-01
1.507759632438471664e+00 7.525616477977536967e-01 5.725459657841730499e-01
1.507861817077429167e+00 7.526457654778743178e-01 5.833382218564016064e-01
1.507960863814174157e+00 7.527231217977241595e-01 5.935788432488172672e-01
1.508071056880546879e+00 7.528219697108148312e-01 6.043245652324026329e-01
1.508160491711477924e+00 7.528896425401252479e-01 6.138671886167624825e-01
1.508290694194828196e+00 7.529791352792415404e-01 6.247173169081126076e-01
1.508396351462774287e+00 7.530622880419888254e-01 6.350357395442810526e-01
1.508465306216619561e+00 7.531280867342751151e-01 6.452928553929012656e-01
1.508588792089381680e+00 7.532169784643494292e-01 6.567016647544086094e-01
1.508699247679601063e+00 7.533139247623437118e-01 6.680476981133436354e-01
1.508819711126119900e+00 7.534010143533967918e-01 6.795321342621828409e-01
1.508902253538891181e+00 7.534722724914938441e-01 6.888946193507943239e-01
1.508985126420133938e+00 7.535459765218835981e-01 6.999061049966494030e-01
1.509089313075458350e+00 7.536231753765384456e-01 7.108563246572924266e-01
1.509189928687337812e+00 7.537192665552017168e-01 7.219375437465346268e-01
1.509304116498057402e+00 7.538226898933428899e-01 7.333481202752069050e-01
1.509367437102188347e+00 7.538723842281881415e-01 7.432355604988397646e-01
1.509414359937885086e+00 7.539334371852818295e-01 7.543345961160993207e-01
1.509505669469552336e+00 7.540332692146061166e-01 7.648377359487854577e-01
1.509570400845882787e+00 7.541041230361147374e-01 7.743515790072320604e-01
1.509648367338148667e+00 7.541902650106148132e-01 7.849944163712427869e-01
1.509751057352577863e+00 7.542860910068085456e-01 7.964445538598136087e-01
1.509829815077217585e+00 7.543689407779737843e-01 8.077733993797524548e-01
1.509831261521998869e+00 7.543694437524031127e-01 8.080573060001828845e-01
1.509907156983566701e+00 7.544559127543231103e-01 8.186985349648262522e-01
1.509950761200688829e+00 7.545060768633603532e-01 8.290289400567262268e-01
1.510054078217230478e+00 7.546163234821229304e-01 8.409135157932008386e-01
1.510162636237767808e+00 7.547415973114869336e-01 8.530704072309397423e-01
1.510237454938914370e+00 7.548420022336039814e-01 8.634346789485365381e-01
1.510322598753538692e+00 7.549579357342169894e-01 8.734290136352310663e-01
1.510375636526200438e+00 7.550412733132625398e-01 8.834898276476195189e-01
1.510465392607019064e+00 7.551479949420394355e-01 8.945642386124604828e-01
1.510540958275557344e+00 7.552508926995668004e-01 9.055098109688296537e-01
1.510604617385043369e+00 7.553437221829408799e-01 9.166830822587842542e-01
1.510607619276698177e+00 7.553470569546441027e-01 9.172445051002171557e-01
1.510672784258138668e+00 7.554369260222675297e-01 9.279777778005424693e-01
1.510735082295299181e+00 7.555369378470859765e-01 9.391312723677590624e-01
1.510793681286002776e+00 7.556648852304275188e-01 9.487635248470759342e-01
1.510876147346030152e+00 7.557837646432706835e-01 9.588114028466959704e-01
1.510942282400251857e+00 7.558978762684038788e-01 9.698212354670857627e-01
1.510956451385420118e+00 7.559374074983846725e-01 9.811580888846511694e-01
1.511021555878037326e+00 7.560332152380596638e-01 9.910903841374775203e-01
1.511090557054108441e+00 7.561595920267172311e-01 1.001774197182240034e+00
1.511150937329869270e+00 7.562667766193161833e-01 1.012760371381085989e+00
1.511237163930333693e+00 7.563931767702702924e-01 1.024026359446533974e+00
1.511299442571416574e+00 7.565160078110491071e-01 1.033831708932488658e+00
1.511341732739260646e+00 7.565935397587519873e-01 1.044594747412220137e+00
1.511411142873367197e+00 7.567136404364535052e-01 1.054358051018008835e+00
1.511440426707045592e+00 7.568046985097204304e-01 1.064318807431573477e+00
1.511512021556215668e+00 7.569560455856866321e-01 1.074279107331261640e+00
1.511576760926344853e+00 7.570958108938723452e-01 1.085246048673778496e+00
1.511629118463669208e+00 7.572347410944826329e-01 1.095741301489546293e+00
1.511776332483849572e+00 7.575556158594376477e-01 1.123582835241783595e+00
1.511821273933818155e+00 7.576620424576201440e-01 1.133841355337105838e+00
1.511848672174642028e+00 7.577529425669171648e-01 1.143752399828651622e+00
1.511881976002397820e+00 7.578496219233228359e-01 1.153817713640790776e+00
1.511909105599262615e+00 7.579386359877844370e-01 1.163991467748329844e+00
1.511940555431251942e+00 7.580381014327274292e-01 1.173613696873271106e+00
1.511964099033770159e+00 7.581295393546814143e-01 1.183510605928499215e+00
1.511999012903386896e+00 7.582411680263833054e-01 1.193900373533430814e+00
1.512034878532274362e+00 7.583755011837471915e-01 1.204246683086893421e+00
1.512061708775124247e+00 7.584780695721751176e-01 1.215249664910388994e+00
1.512094946380886817e+00 7.585786942721376436e-01 1.225934216611647365e+00
1.512124129807254969e+00 7.587045706788737576e-01 1.237625291078373602e+00
1.512125799679220339e+00 7.587071861599414824e-01 1.237908280232031366e+00
1.512160141987869855e+00 7.588600849906051993e-01 1.247881830957215055e+00
1.512181969302750284e+00 7.589607822637787216e-01 1.257186540520010443e+00
1.512199472286157365e+00 7.590122806551087287e-01 1.266576982528992090e+00
1.512216532052682139e+00 7.591090319985420720e-01 1.276674435179301126e+00
1.512243558694065682e+00 7.592128115426503010e-01 1.286458739439419574e+00
1.512250269210320353e+00 7.593300827859309488e-01 1.299971471131242895e+00
1.512265723129867512e+00 7.594324804439236409e-01 1.310419543617080684e+00
1.512284255926998444e+00 7.595502427278277846e-01 1.320416306962248543e+00
1.512283029940848511e+00 7.595518837936637846e-01 1.320693941187972342e+00
1.512280032027403021e+00 7.596497550442988800e-01 1.331412530803456340e+00
1.512305089735766384e+00 7.598007636003808463e-01 1.343497868660110672e+00
1.512305628938761748e+00 7.598929643551314284e-01 1.353983294932799231e+00
1.512314021815206244e+00 7.599864512688603302e-01 1.365081002016778511e+00
1.512324097011237489e+00 7.600661545567211075e-01 1.375347670544088130e+00
1.512330032156110171e+00 7.601634055530912537e-01 1.385513652802796702e+00
1.512334065722809706e+00 7.602537311478967386e-01 1.395916161212946038e+00
1.512332329173980972e+00 7.603491953006785709e-01 1.406409028270348305e+00
1.512335655221435760e+00 7.604386389562968196e-01 1.416471077500206732e+00
1.512341650600510734e+00 7.605476332264071715e-01 1.427613111217441055e+00
1.512356408660757934e+00 7.607010038886315995e-01 1.438796364293737584e+00
1.512361913256219825e+00 7.608004786448170353e-01 1.449594414500914086e+00
1.512372108191861519e+00 7.609164355312676431e-01 1.461037934052963116e+00
1.512373711112921626e+00 7.610336919409915746e-01 1.472011968839189500e+00
1.512379498284396773e+00 7.611676217466318839e-01 1.482956228100273499e+00
1.512362380593828881e+00 7.613237058632290610e-01 1.492123308337061971e+00
1.512364790942682946e+00 7.615021906681511688e-01 1.502743574043329922e+00
1.512370035645160149e+00 7.616577531207761043e-01 1.512642823948410209e+00
1.512363337612462333e+00 7.617249724166234026e-01 1.524387850853532012e+00
1.512342494984995955e+00 7.617923738132252875e-01 1.535357349082726808e+00
1.512345455868862265e+00 7.619123598187973467e-01 1.546605227647459335e+00
1.512346015915015940e+00 7.620483128217844238e-01 1.557229986731826221e+00
1.512337224273038183e+00 7.621730078843741429e-01 1.567482561983688960e+00
1.512330244049101102e+00 7.623162657048192514e-01 1.578287008334431585e+00
1.512320187941718519e+00 7.624357620902805222e-01 1.588350301678597809e+00
1.512304493753042101e+00 7.625840135890897820e-01 1.597365042610669583e+00
1.512295608426182714e+00 7.627082577344707071e-01 1.607095715676383652e+00
1.512279804142238282e+00 7.628586612779112430e-01 1.617800779984296833e+00
1.512265213399079267e+00 7.630408790423660603e-01 1.629701309815567267e+00
1.512262577029367838e+00 7.630422430091761132e-01 1.629977541087087367e+00
1.512232002101840056e+00 7.632273766893705735e-01 1.642265620850601904e+00
1.512215045491769772e+00 7.633709568869117001e-01 1.651835094116075986e+00
1.512166701623254061e+00 7.637013730287494084e-01 1.677908342448192203e+00
1.512145838998688596e+00 7.638334576439324008e-01 1.687862926685898879e+00
1.512124982359470016e+00 7.639512873818000704e-01 1.698088920669497126e+00
1.512085469116947412e+00 7.641761475934579773e-01 1.708068192350694181e+00
1.511757643078773139e+00 7.663929733348305851e-01 1.718298007146686235e+00
1.510950319420762300e+00 7.714720943550776866e-01 1.730049815711904859e+00
1.510184434698223388e+00 7.759732572438160503e-01 1.740583196701646296e+00
1.509413401740575145e+00 7.801929294637128809e-01 1.750741470619427531e+00
1.508509092704558352e+00 7.847771230087784433e-01 1.761838349054335007e+00
1.507447653038102908e+00 7.898303498460922389e-01 1.773731361452351996e+00
1.506631366807205108e+00 7.937070737663856068e-01 1.781364094800537368e+00
1.505702726810286052e+00 7.975514773073338892e-01 1.787178781148627271e+00
1.504738599304807911e+00 8.017838497255408425e-01 1.791133973192636564e+00
1.503864842241579680e+00 8.056123479211465543e-01 1.792325741078402590e+00
1.503053094229094500e+00 8.086865867657222484e-01 1.791499444908996264e+00
1.503017678537235335e+00 8.087787814342890513e-01 1.791419203998197984e+00
1.502096226279943325e+00 8.123398049988969083e-01 1.786003295875427499e+00
1.501358382632608679e+00 8.156158054947204583e-01 1.779427644334709457e+00
1.500563179225784083e+00 8.192493338423929572e-01 1.771339173392929123e+00
1.499795925391156137e+00 8.228966883422208500e-01 1.763183063015675289e+00
1.499034900977329610e+00 8.268564761577908984e-01 1.753761424265129154e+00
1.498075435042195203e+00 8.318865356305313874e-01 1.742220717837364319e+00
1.497296533586494061e+00 8.362934088937372668e-01 1.731882972810863563e+00
1.496596913924792105e+00 8.404593340901111986e-01 1.722303589637474985e+00
1.495976215131679110e+00 8.443425169425810006e-01 1.714784431496185979e+00
1.495323282395541575e+00 8.486164216568258256e-01 1.708263031699026158e+00
1.494699714564874160e+00 8.529899716055890924e-01 1.702768400891287781e+00
1.494040063890952563e+00 8.574818489847473302e-01 1.698470733228691687e+00
1.493473124056011736e+00 8.616142983520771459e-01 1.695018989130246290e+00
1.492908909158351616e+00 8.657242396697062414e-01 1.691828481936994866e+00
1.492282625694209441e+00 8.705166540039674938e-01 1.687902060868329279e+00
1.491706414228142208e+00 8.749068775424811983e-01 1.684121994907118891e+00
1.491170611278302971e+00 8.790511705666093079e-01 1.680389114312902610e+00
1.490639057173612336e+00 8.834530244484815054e-01 1.675964548211828831e+00
1.490176337016862362e+00 8.875958320195337370e-01 1.671666002469302414e+00
1.489716468375282821e+00 8.917103133616701705e-01 1.667416107824307048e+00
1.489263795891902165e+00 8.960739356250182475e-01 1.662908819949646899e+00
1.488834965826979939e+00 9.003276256930816679e-01 1.658355457520298337e+00
1.488377292588026535e+00 9.049123285236878589e-01 1.653492266403918221e+00
1.488003649062074718e+00 9.090268491645804305e-01 1.649317870373235406e+00
1.487621117677952132e+00 9.130146814486006512e-01 1.645537404688226291e+00
1.487266609333433465e+00 9.170717126981591250e-01 1.641693814498758064e+00
1.486943477126988933e+00 9.210490352192834962e-01 1.637776305262381937e+00
1.486642565207216826e+00 9.249908274364919691e-01 1.633867939468201858e+00
1.486314164446194352e+00 9.296001774464596190e-01 1.629103905688168208e+00
1.486040573408490051e+00 9.338592321173264654e-01 1.624558144842918717e+00
1.485781344212889765e+00 9.379219242018165259e-01 1.620363705817868372e+00
1.485525361288512425e+00 9.420892687224443618e-01 1.616334767496842462e+00
1.485320146150228338e+00 9.462625288045017902e-01 1.612399895602803612e+00
1.485123002761860489e+00 9.504183436207120916e-01 1.608387693960975140e+00
1.484953408759166926e+00 9.544636002848612133e-01 1.604451609455787242e+00
1.484802741893475719e+00 9.583965439646534579e-01 1.600771023009543104e+00
1.484659303869527047e+00 9.627653204255063324e-01 1.596734687197468805e+00
1.484538370431277343e+00 9.666821180869076269e-01 1.593016482011200718e+00
1.484418023514330054e+00 9.711477557352115042e-01 1.588773901665392563e+00
1.484316328575171928e+00 9.750643316648577308e-01 1.585040873609562251e+00
1.484105518228150178e+00 9.857141440482078965e-01 1.574673329306116587e+00
1.484081270629712179e+00 9.898352804598938848e-01 1.570912598561953200e+00
1.484077183799536348e+00 9.934959027701090184e-01 1.567586210816970915e+00
1.484081050151042858e+00 9.978035766387826078e-01 1.563595556118938079e+00
1.484067674728575481e+00 1.001651452242815488e+00 1.560030457131087900e+00
1.484064672887132064e+00 1.006054216886194341e+00 1.555902778477771475e+00
1.484113120832767585e+00 1.009998995427058732e+00 1.552406717549521975e+00
1.484165224551861950e+00 1.014156730365208148e+00 1.548803610077085890e+00
1.484237893041687073e+00 1.018086725904139067e+00 1.545374696914466162e+00
1.484305312467766758e+00 1.021898811418038067e+00 1.542044405439220833e+00
1.484382298175964676e+00 1.025933896332736683e+00 1.538401879565451935e+00
1.484483978873247123e+00 1.029844026123407197e+00 1.534877186536915961e+00
1.484623145609982098e+00 1.034195572877194103e+00 1.531034206090037486e+00
1.484757176506267706e+00 1.038533794240668051e+00 1.527330526911293784e+00
1.484897070255082330e+00 1.042423272258170108e+00 1.523994615473884817e+00
1.484898247885465761e+00 1.042531619292977219e+00 1.523904420782844049e+00
1.485051445329723441e+00 1.046613882671078244e+00 1.520318835340515040e+00
1.485222798724959548e+00 1.050488748063605815e+00 1.516844276550034731e+00
1.485412719765648593e+00 1.054689533777906085e+00 1.513099616572542772e+00
1.485645866568589879e+00 1.059111008639771923e+00 1.509345508507880629e+00
1.485651726671299633e+00 1.059219698413699895e+00 1.509254532454535447e+00
1.485898480589236348e+00 1.063409172610867648e+00 1.505763188470215619e+00
1.486105192201523151e+00 1.067059692952165628e+00 1.502696884671028688e+00
1.486375766482060934e+00 1.071235021486519390e+00 1.499138437972829196e+00
1.486637654755798010e+00 1.074973134684049425e+00 1.495951741934104851e+00
1.486911094356909269e+00 1.078610084298385674e+00 1.492828719177793584e+00
1.487235759775504818e+00 1.082876051920817373e+00 1.489197752484559656e+00
1.487551401370865722e+00 1.086830245893104951e+00 1.486049623196883163e+00
1.487866814603974630e+00 1.090778903536231859e+00 1.482954536998632111e+00
1.488174178295154526e+00 1.094499186062105833e+00 1.480078090423459836e+00
1.488492752029500599e+00 1.098326571722365808e+00 1.477044122245026792e+00
1.488843851289899378e+00 1.102150859655375070e+00 1.473983246241202139e+00
1.489248036642045303e+00 1.106271663946863715e+00 1.470639755899976642e+00
1.489713574596218670e+00 1.111035499978914709e+00 1.466987583931789851e+00
1.490076293217302617e+00 1.114621919050098109e+00 1.464278807623083045e+00
1.490502648953338838e+00 1.118826314995061688e+00 1.461059152856799992e+00
1.490928020817803290e+00 1.122722438731621253e+00 1.458049317747731610e+00
1.491399348051564377e+00 1.126923731769407411e+00 1.454781225341376771e+00
1.491851957837227349e+00 1.130904996397339657e+00 1.451697506137306082e+00
1.492345855147685363e+00 1.134995570719520508e+00 1.448619806999625004e+00
1.492812182810300925e+00 1.138972062044331768e+00 1.445769442894796475e+00
1.493385053320687605e+00 1.143569673700318923e+00 1.442429069812589670e+00
1.493947812565112665e+00 1.147959882856813163e+00 1.439267125671726877e+00
1.494432267606487841e+00 1.151720202623551348e+00 1.436544798957020586e+00
1.494960383724550645e+00 1.155779971753075230e+00 1.433546736867419735e+00
1.495574101046183380e+00 1.160473756516518185e+00 1.430189653181810350e+00
1.496184213426241749e+00 1.164840857357539061e+00 1.427085006173361537e+00
1.496735437384026701e+00 1.168795604727333792e+00 1.424279472140981495e+00
1.497271702039861374e+00 1.172628040734290389e+00 1.421543467376515935e+00
1.497799726590022029e+00 1.176238419147235259e+00 1.419008698841804472e+00
1.498455089123218231e+00 1.180594404391207775e+00 1.415893406175184888e+00
1.498966199343573891e+00 1.184006782685516068e+00 1.413531231748645478e+00
1.499660123921870980e+00 1.188449950408007272e+00 1.410492745543316939e+00
1.500382329868779507e+00 1.192887825050754191e+00 1.407518134311496194e+00
1.501055851470041613e+00 1.197003578798141232e+00 1.404747335963611565e+00
1.501667359315673744e+00 1.200799623702940799e+00 1.402200956933434828e+00
1.502263440671451677e+00 1.204392928714825395e+00 1.399779775124777803e+00
1.502889040909366924e+00 1.208091903389617361e+00 1.397368240053254773e+00
1.503567473255505105e+00 1.212088902862993756e+00 1.394810681657062013e+00
1.504308757538336261e+00 1.216391611515494020e+00 1.392043794899752385e+00
1.505923411427197101e+00 1.225473329948850942e+00 1.386279024981962316e+00
1.506624280061716448e+00 1.229339656451966745e+00 1.383821834782429816e+00
1.507450374112074609e+00 1.233710033953831608e+00 1.381102583637622727e+00
1.508141853949033440e+00 1.237376945780383153e+00 1.378800272182872710e+00
1.508907249183553345e+00 1.241448829759668193e+00 1.376247214619574999e+00
1.509662071878710154e+00 1.245330237409749019e+00 1.373796848738398024e+00
1.509681104769794446e+00 1.245430711595090223e+00 1.373733515597000965e+00
1.510528383360397520e+00 1.249792203254825429e+00 1.371028280242621467e+00
1.511334181431443380e+00 1.253873222561955991e+00 1.368524383467062844e+00
1.512003914784622705e+00 1.257209394594520413e+00 1.366505313042840397e+00
1.512807226509060410e+00 1.261156713007454133e+00 1.364195090063713645e+00
1.513580347858189512e+00 1.264921059531373793e+00 1.362004209444692471e+00
1.514462274557887733e+00 1.269055479290308597e+00 1.359639659287120939e+00
1.515238451981745227e+00 1.272775630497698929e+00 1.357527223912098790e+00
1.515998410597763302e+00 1.276413159395811459e+00 1.355463028756312971e+00
1.516865736352170257e+00 1.280440398737507257e+00 1.353192959771700066e+00
1.517782013965357057e+00 1.284577192988387129e+00 1.350843476050821224e+00
1.518671655096962114e+00 1.288492740329985065e+00 1.348672415001973768e+00
1.519449897869004529e+00 1.292004349721024070e+00 1.346714423810127181e+00
1.520277754941239623e+00 1.295728590869579477e+00 1.344661728769178000e+00
1.521214700332742975e+00 1.299740147649577793e+00 1.342465972664410589e+00
1.522168113130973444e+00 1.303829909804481435e+00 1.340290614664688684e+00
1.523017132602163537e+00 1.307529620540493820e+00 1.338325149815497772e+00
1.523874772735107408e+00 1.311227629326876754e+00 1.336382302724574478e+00
1.524699058688725462e+00 1.314716011333015189e+00 1.334559388598258733e+00
1.525546551664586969e+00 1.318312929231300945e+00 1.332658877435473510e+00
1.526595415199684558e+00 1.322701248182159617e+00 1.330379832814602592e+00
1.527620837849358315e+00 1.326982873036770094e+00 1.328157605809260566e+00
1.527644183029528202e+00 1.327080251629282115e+00 1.328107324063575012e+00
1.528545529150946658e+00 1.330774940623744573e+00 1.326184097018863861e+00
1.529465237214449713e+00 1.334548903131116626e+00 1.324278590839320646e+00
1.529492564224326667e+00 1.334646244365908174e+00 1.324224701191525577e+00
1.530524348333762497e+00 1.338821729152774420e+00 1.322166935313459524e+00
1.531363481675991345e+00 1.342200820345407664e+00 1.320499678464435611e+00
1.532287781465852650e+00 1.345851156483908628e+00 1.318697439744007660e+00
1.533257682603243799e+00 1.349714434518392459e+00 1.316786716560430115e+00
1.534115058137683230e+00 1.353081014529155635e+00 1.315110893477044351e+00
1.534998186030246403e+00 1.356529921152200391e+00 1.313427284899428393e+00
1.535908300903209289e+00 1.360072003293018028e+00 1.311751587367391059e+00
1.536994493017202368e+00 1.364209636253265412e+00 1.309756246989150164e+00
1.537969419207150246e+00 1.367942304137694798e+00 1.307970813775209962e+00
1.538869367311253455e+00 1.371386718443677877e+00 1.306338610405510581e+00
1.539870519732699394e+00 1.375133912287487270e+00 1.304555990414630884e+00
1.540739338735984232e+00 1.378374040067492201e+00 1.303016922590776394e+00
1.541873068983918182e+00 1.382492018131930234e+00 1.301118933412510614e+00
1.543029164280380838e+00 1.386713530356777468e+00 1.299136826724863747e+00
1.543967374272951387e+00 1.390154368281740105e+00 1.297560085560072407e+00
1.544980610308176017e+00 1.393785734325443393e+00 1.295942993981985758e+00
1.546124439688897345e+00 1.397894339089161608e+00 1.294093975974311306e+00
1.547197505636590531e+00 1.401724066831798066e+00 1.292374970217518904e+00
1.548290747695149294e+00 1.405627525575021686e+00 1.290666348215921300e+00
1.549387919152653392e+00 1.409532234343728430e+00 1.288947894165433317e+00
1.551695636909120823e+00 1.417641569883580033e+00 1.285319954413615351e+00
1.552706767028405599e+00 1.421149742040853425e+00 1.283780933639963928e+00
1.553780806064161579e+00 1.424854574165709931e+00 1.282169305529736070e+00
1.554810598881054995e+00 1.428388428106069030e+00 1.280637327915814971e+00
1.555848905920241609e+00 1.431897287515280226e+00 1.279165503790565594e+00
1.556913037947198486e+00 1.435505155749670081e+00 1.277642244355408963e+00
1.558008733817732638e+00 1.439211543706572449e+00 1.276127002752199369e+00
1.559137390914637988e+00 1.443001460865896313e+00 1.274585835966359770e+00
1.560299575214113776e+00 1.446896579190045218e+00 1.273015020569808975e+00
1.560324657779498914e+00 1.446993444637602710e+00 1.272982507055795187e+00
1.561414355011405908e+00 1.450586642537449400e+00 1.271539830828956941e+00
1.562498276939944697e+00 1.454170043967524251e+00 1.270076607503110022e+00
1.563649764549670973e+00 1.457964528096724166e+00 1.268530776795628645e+00
1.563679029966232870e+00 1.458059566114224825e+00 1.268492419867881305e+00
1.564959472574032118e+00 1.462135537044455980e+00 1.266818901307878775e+00
1.566260567003145310e+00 1.466297865952622015e+00 1.265176503773883798e+00
1.567460388563773455e+00 1.470162006404782007e+00 1.263647331056694023e+00
1.568572520363401557e+00 1.473757449338337633e+00 1.262228999296446386e+00
1.569794149470247424e+00 1.477622021518258499e+00 1.260730023457352855e+00
1.570955594980234737e+00 1.481287075233021167e+00 1.259349840184571745e+00
1.572034789291523627e+00 1.484673813353608374e+00 1.258013436303085930e+00
1.573334346808101358e+00 1.488743769284091023e+00 1.256381344202294637e+00
1.573364288842689085e+00 1.488842498478778031e+00 1.256339395706907558e+00
1.574685554915776553e+00 1.492886077272311596e+00 1.254804024193436840e+00
1.575864328871070086e+00 1.496543096810379225e+00 1.253411692641625663e+00
1.577042769085109208e+00 1.500115324828464214e+00 1.252103351472156900e+00
1.578195647838009696e+00 1.503583771986214401e+00 1.250849854028736940e+00
1.579448446204913425e+00 1.507446894795790193e+00 1.249476677463787322e+00
1.580628338101039976e+00 1.511012481834779209e+00 1.248233331199970708e+00
1.581772128738843985e+00 1.514462389310090806e+00 1.247038444559398718e+00
1.583072471273157422e+00 1.518417850921719436e+00 1.245677288719428510e+00
1.584345129101923266e+00 1.522246097109806851e+00 1.244354995050416246e+00
1.585532807909877384e+00 1.525796723777096853e+00 1.243109219456266290e+00
1.586891201824238484e+00 1.529823054799872795e+00 1.241687527056621887e+00
1.588173834829118114e+00 1.533659789320753308e+00 1.240311228824301670e+00
1.589385171569494215e+00 1.537191217359197948e+00 1.239052112012875018e+00
1.590583659219208634e+00 1.540732033881890395e+00 1.237767430971263183e+00
1.591890693125821432e+00 1.544562115697774907e+00 1.236387267806440704e+00
1.593194019539281747e+00 1.548378866292049016e+00 1.235035669200170272e+00
1.594405160593765247e+00 1.551928363843638303e+00 1.233798015593005282e+00
1.595466763404107535e+00 1.554973471168577426e+00 1.232793707966587826e+00
1.595501617246127157e+00 1.555069765857788555e+00 1.232762789233622591e+00
1.596739100645079956e+00 1.558586061370007547e+00 1.231484454361083669e+00
1.597998829403358023e+00 1.562210531826625726e+00 1.230110313853335136e+00
1.599189545254282807e+00 1.565635265182861335e+00 1.228901069817949665e+00
1.600357823480472952e+00 1.568962883701711331e+00 1.227717833793945168e+00
1.601657308558637416e+00 1.572659857839905584e+00 1.226467483602626807e+00
1.602950193252377531e+00 1.576271172291285882e+00 1.225360705180189802e+00
1.604185288733752213e+00 1.579686525671435637e+00 1.224338128928443181e+00
1.605512339145186873e+00 1.583406410311112067e+00 1.223187693109227592e+00
1.605547112375802721e+00 1.583500325866448177e+00 1.223158505925894923e+00
1.606807509531990918e+00 1.587005128442928514e+00 1.222025348438483316e+00
1.608103799381929822e+00 1.590622217648068659e+00 1.220860830575941636e+00
1.609464064371677772e+00 1.594412650064090720e+00 1.219651944645780306e+00
1.610697947584045719e+00 1.597837510124431759e+00 1.218533153406219149e+00
1.612080910418853152e+00 1.601621937456634059e+00 1.217364963899634445e+00
1.613258665745747056e+00 1.604848560480594433e+00 1.216305066128909207e+00
1.614455336176527256e+00 1.608159931883522686e+00 1.215151556100399599e+00
1.615696427871170515e+00 1.611571351724117473e+00 1.213949712176496165e+00
1.616963564227458239e+00 1.614969418623744879e+00 1.212786061338602339e+00
1.620245364059256454e+00 1.623835373427988893e+00 1.209848451302480754e+00
1.621429152467322110e+00 1.627057395650733262e+00 1.208787063994589683e+00
1.622759976891662514e+00 1.630635086449584659e+00 1.207668039998600618e+00
1.624044280453140088e+00 1.634107596426089160e+00 1.206270323513703113e+00
1.625391263118639351e+00 1.637660338441726093e+00 1.204698571164924070e+00
1.626793976105896711e+00 1.641398300550581668e+00 1.203051426934856893e+00
1.627998447181379094e+00 1.644540241297626659e+00 1.202018001895331034e+00
1.629391563302417190e+00 1.648130023208784767e+00 1.201220160761834244e+00
1.629428466896312822e+00 1.648222480556372771e+00 1.201199397609628905e+00
1.631010199535871896e+00 1.652379072400912197e+00 1.200283125393319494e+00
1.632510941878002386e+00 1.656245898386169646e+00 1.199426108095062560e+00
1.633886736688743291e+00 1.659817380845726165e+00 1.198576204364313336e+00
1.635231652289049320e+00 1.663283209125934192e+00 1.197649052212356846e+00
1.636646601490020725e+00 1.666956815457294461e+00 1.196549564760547302e+00
1.637986428365616920e+00 1.670439490550981176e+00 1.195496826304580429e+00
1.639473396860831267e+00 1.674281573573944248e+00 1.194338321130352876e+00
1.640848737886964503e+00 1.677746581248360513e+00 1.193289606426222171e+00
1.642267151461465069e+00 1.681397501645339521e+00 1.192162317652495140e+00
1.643570636866007018e+00 1.684780238507435079e+00 1.190857615687533011e+00
1.644958775685764429e+00 1.688316436848054547e+00 1.189439994805989498e+00
1.646249789639259831e+00 1.691586168882273089e+00 1.188145695057338802e+00
1.647796807180362588e+00 1.695502577958999169e+00 1.186701552817432281e+00
1.649172058580900213e+00 1.698967133901313709e+00 1.185447538843624971e+00
1.650559242105045454e+00 1.702423700307292842e+00 1.184289201806090874e+00
1.651904261829152398e+00 1.705769176382872843e+00 1.183288768731907581e+00
1.653413298296919631e+00 1.709496839899086851e+00 1.182349673170887128e+00
1.653446886701566809e+00 1.709589629665829058e+00 1.182335397649414421e+00
1.654818469932591185e+00 1.712960877621590328e+00 1.181611381981725994e+00
1.656145096500793334e+00 1.716234411190931564e+00 1.180910286543792154e+00
1.656184368577023225e+00 1.716327624301190902e+00 1.180889019387670880e+00
1.657635844327254526e+00 1.719868292144081545e+00 1.180064030970599864e+00
1.659144861626247858e+00 1.723503084343643188e+00 1.179182442291622834e+00
1.660516990573886353e+00 1.726848866291228246e+00 1.178330415743396253e+00
1.662036367540472792e+00 1.730569632736173924e+00 1.177371889299440033e+00
1.663581907950946848e+00 1.734365910690021106e+00 1.176075306986506863e+00
1.665004698963005181e+00 1.737879857004080097e+00 1.174818040018277054e+00
1.666486033748276530e+00 1.741488408648130148e+00 1.173527205943615925e+00
1.667886169890100412e+00 1.744914056632121291e+00 1.172357434167060619e+00
1.669415605839140060e+00 1.748625734557578415e+00 1.171131462032686699e+00
1.669451240348366117e+00 1.748716887042224721e+00 1.171104685539715140e+00
1.670909835055234272e+00 1.752223554040452047e+00 1.170024056841309168e+00
1.672338760001458979e+00 1.755663791519026962e+00 1.168955115104811648e+00
1.673731597267405391e+00 1.759027398948105780e+00 1.167144941030567651e+00
1.675159187873113131e+00 1.762486385390858556e+00 1.163346172545681734e+00
1.676458861511465059e+00 1.765583068941594336e+00 1.159644033069838986e+00
1.678058509896173778e+00 1.769344833886799195e+00 1.156420765845998622e+00
1.679724053604017220e+00 1.773104817292689983e+00 1.156090993107381060e+00
1.681592858842637428e+00 1.777347132525759266e+00 1.157397866246045570e+00
1.683264018697828712e+00 1.781175637847023152e+00 1.159011002640796484e+00
1.684714930812239331e+00 1.784494040616523280e+00 1.160211263259163905e+00
1.686236308720297172e+00 1.788004355193969497e+00 1.160358745029158367e+00
1.687700085222079593e+00 1.791405547099146123e+00 1.159699682529934384e+00
1.689216448902015166e+00 1.794894521945399779e+00 1.158649087514444176e+00
1.690677543827665552e+00 1.798294993559397703e+00 1.157462504005808190e+00
1.692235662397416185e+00 1.801963575337144130e+00 1.156164390540723286e+00
1.693785034592478977e+00 1.805542449279011308e+00 1.154927004356705700e+00
1.693823597231564282e+00 1.805635875989573425e+00 1.154899716637509233e+00
1.695355373648090413e+00 1.809188409957699806e+00 1.153112619750461310e+00
1.696839284038873963e+00 1.812637178386177661e+00 1.149566158296521534e+00
1.698484833879694289e+00 1.816447102629671795e+00 1.145332940388870346e+00
1.699994294965289976e+00 1.819850549617455515e+00 1.141833863227187829e+00
1.701361168553113590e+00 1.822908415155849227e+00 1.139723687248526129e+00
1.705271073731665865e+00 1.831478297636444985e+00 1.136186360503779857e+00
1.707020337875639671e+00 1.835235053957001039e+00 1.135385101154307019e+00
1.708713219192619093e+00 1.838871130314327473e+00 1.136970690271823958e+00
1.710550407700158315e+00 1.842841208014760257e+00 1.139301857507655447e+00
1.712033834944251431e+00 1.846066245722626453e+00 1.141024024504633250e+00
1.713658104073253918e+00 1.849643347981959396e+00 1.141631979195201207e+00
1.715240268651657907e+00 1.853125278553412691e+00 1.141261162007433105e+00
1.716755816595583184e+00 1.856499622593732468e+00 1.140461243028562111e+00
1.718176334964771845e+00 1.859715663947969944e+00 1.139326898213509853e+00
1.719704854094370239e+00 1.863091036415821744e+00 1.135998894073009913e+00
1.721241719463372899e+00 1.866529353961494442e+00 1.132135976920725762e+00
1.722735670777397976e+00 1.869816512963417887e+00 1.128827407361551627e+00
1.724133680616716457e+00 1.872842841554721582e+00 1.126545169370756660e+00
1.725609627010917135e+00 1.875972160581363291e+00 1.124917486876296779e+00
1.727113400992520642e+00 1.879112718771358104e+00 1.123741068089114448e+00
1.728884757849235232e+00 1.882769593583998091e+00 1.123521737210005700e+00
1.730683441478570561e+00 1.886521804768917621e+00 1.125088500346987930e+00
1.732392056601927521e+00 1.890073466416173575e+00 1.126473926190684649e+00
1.732434727269205998e+00 1.890164626223994837e+00 1.126504519763959600e+00
1.734140624461801394e+00 1.893788017933786039e+00 1.126816126972915333e+00
1.735786750495190933e+00 1.897255506637802736e+00 1.126455436851953262e+00
1.737580711479230988e+00 1.901067275208801144e+00 1.125891669523903627e+00
1.739205081727283719e+00 1.904524917631753134e+00 1.125039119550672151e+00
1.740725706457205924e+00 1.907819227982797239e+00 1.123562497207517552e+00
1.742175677823570190e+00 1.910892532772916486e+00 1.120889546316730767e+00
1.743769091226197165e+00 1.914344913222706390e+00 1.117304758132882325e+00
1.745405922092426509e+00 1.917790347872890822e+00 1.114021713789612233e+00
1.747139678797934748e+00 1.921423923358944963e+00 1.111313800015301556e+00
1.748746738192236805e+00 1.924718733895669720e+00 1.109556022804082165e+00
1.750480217194790189e+00 1.928198532883146576e+00 1.108246993016100079e+00
1.752167709118665595e+00 1.931599265528577192e+00 1.107224234738616975e+00
1.753800184708882881e+00 1.934845325208374156e+00 1.106613935223901279e+00
1.755642289738351680e+00 1.938526911533765773e+00 1.107729030644214019e+00
1.757274580814666809e+00 1.941787299076233708e+00 1.109033198336131232e+00
1.758840571422704446e+00 1.944955253012108809e+00 1.109855566809785810e+00
1.760637602142025360e+00 1.948570489235875947e+00 1.109963097155814316e+00
1.762462748174272065e+00 1.952278198248490693e+00 1.109495736327269721e+00
1.762505797287888365e+00 1.952367017845278774e+00 1.109482918871597112e+00
1.764021549939053246e+00 1.955474826009122369e+00 1.108475918118747350e+00
1.765556819669023225e+00 1.958677969687109499e+00 1.105770678108486615e+00
1.767021178819470739e+00 1.961713593354017071e+00 1.102525492926980322e+00
1.768457302740743531e+00 1.964611591010783753e+00 1.099427965399700780e+00
1.770032605241133705e+00 1.967758727317753698e+00 1.096739907906078448e+00
1.771771877164752373e+00 1.971194659305115504e+00 1.094642229631628272e+00
1.773616554093541131e+00 1.974812877542273304e+00 1.092987890636619497e+00
1.775297472532943344e+00 1.978087172857057041e+00 1.091795935700770936e+00
1.776895478306241838e+00 1.981159086197737951e+00 1.090920483809274311e+00
1.778783203314709738e+00 1.984780004927228170e+00 1.090812412238830742e+00
1.780496007639668976e+00 1.988043064424548145e+00 1.091898340323333549e+00
1.782120834741709681e+00 1.991179667899811934e+00 1.092929409671006935e+00
1.783972154843452618e+00 1.994754262443533044e+00 1.093498837441717830e+00
1.785709499336496808e+00 1.998145308554317490e+00 1.093382834345610011e+00
1.787546439942334420e+00 2.001733758852308753e+00 1.092809886909357875e+00
1.789425907629679902e+00 2.005384058189158658e+00 1.091821275597684382e+00
1.791292367480845193e+00 2.009112427252023103e+00 1.089658964189980539e+00
1.792827166327516819e+00 2.012136435410702973e+00 1.086198542689744695e+00
1.794450284191362988e+00 2.015340671310968279e+00 1.082293562927104436e+00
1.796075995997854502e+00 2.018422211777031183e+00 1.078707711817783022e+00
1.797937693110793766e+00 2.022008208474408875e+00 1.075885144554559636e+00
1.799491630530952957e+00 2.024900533527847379e+00 1.074204299823033226e+00
1.801303184849478711e+00 2.028241401148634271e+00 1.072834314689814939e+00
1.802958050197174256e+00 2.031310649634332499e+00 1.071882410880229619e+00
1.804865333733653099e+00 2.034794306435911082e+00 1.071837889275971900e+00
1.806756184343730309e+00 2.038284682843844564e+00 1.073218154551635273e+00
1.811562706414362900e+00 2.047138938445286271e+00 1.076354812685639484e+00
1.813450938760755360e+00 2.050688772729479581e+00 1.077230325514944020e+00
1.813500764730211268e+00 2.050776226050099904e+00 1.077239094779931738e+00
1.815396860304416604e+00 2.054330041301163590e+00 1.076518771667342778e+00
1.817228037526610995e+00 2.057814515599972971e+00 1.072967351834013705e+00
1.818860649279851138e+00 2.060885410926129424e+00 1.067805775070195029e+00
1.820561981435528942e+00 2.064062809631242779e+00 1.062672721201813220e+00
1.822572651920705944e+00 2.067773474197931893e+00 1.058026882680067393e+00
1.824295354231371347e+00 2.070898818190908486e+00 1.055233605583890455e+00
1.826250543643167301e+00 2.074367474188461014e+00 1.053303976184446045e+00
1.828378774911263438e+00 2.078127864104224898e+00 1.051936866589760822e+00
1.830600672500158899e+00 2.082014944033753867e+00 1.051922924760735123e+00
1.830648999242842967e+00 2.082105030107217924e+00 1.051968506359461264e+00
1.832561892541387794e+00 2.085459427592928794e+00 1.054058501193216868e+00
1.834395405905549392e+00 2.088683118172207642e+00 1.055341429510279871e+00
1.836280374479544619e+00 2.092033280909663784e+00 1.055776472049857251e+00
1.836379810329150430e+00 2.092205725484081569e+00 1.055780782750942004e+00
1.838430491153608903e+00 2.095859363692218924e+00 1.055359662798897702e+00
1.840285608845666054e+00 2.099166586761116449e+00 1.054332095119060453e+00
1.842106404036582656e+00 2.102371068185902914e+00 1.053146096087364425e+00
1.844024707118707918e+00 2.105742128732482676e+00 1.051763245911501166e+00
1.845789750000172980e+00 2.108901595107660842e+00 1.050219699920897254e+00
1.847325710662919951e+00 2.111652401206391083e+00 1.047451882487480779e+00
1.849217278516232188e+00 2.114951529165011834e+00 1.042660873199013238e+00
1.851203989098247238e+00 2.118443507175106433e+00 1.037762713493011191e+00
1.853231424402283611e+00 2.121934718561556021e+00 1.033844117459930434e+00
1.853278963256284495e+00 2.122018001315201463e+00 1.033764724592795226e+00
1.855196473272058721e+00 2.125281034371597322e+00 1.031151982289831626e+00
1.856943933485426079e+00 2.128194029216089689e+00 1.030672721739873232e+00
1.858828751607645380e+00 2.131331845085326915e+00 1.031769778630163614e+00
1.860517951165715944e+00 2.134163403326512665e+00 1.032976194486034061e+00
1.862418006561268324e+00 2.137343268783884476e+00 1.033665219702216920e+00
1.864092471416125774e+00 2.140180385428141374e+00 1.033650490617626483e+00
1.865983028050958614e+00 2.143349074803227339e+00 1.032988808631444044e+00
1.867978945469347840e+00 2.146681198177845751e+00 1.031923251632764105e+00
1.869808947345864114e+00 2.149762555265100517e+00 1.030721887471191200e+00
1.871781148454605859e+00 2.153110431701195537e+00 1.029346227816096082e+00
1.873912133971403993e+00 2.156697241478326532e+00 1.027772898551940539e+00
1.875705791224309360e+00 2.159762909806335784e+00 1.025832255261866388e+00
1.877551559454397001e+00 2.162892729114107127e+00 1.021412347704035106e+00
1.879379692518066136e+00 2.165929517230487100e+00 1.017488441867120397e+00
1.881421365117632138e+00 2.169237339817572163e+00 1.015758985725843999e+00
1.883665725504514832e+00 2.172877712946819528e+00 1.016533059318502019e+00
1.885493330998108341e+00 2.175836791730787478e+00 1.017988330016927678e+00
1.887834272630495747e+00 2.179612704592252648e+00 1.019390228314750679e+00
1.889811979902293437e+00 2.182861892945445081e+00 1.019875189473962163e+00
1.891829846337499843e+00 2.186248614671150392e+00 1.017945534289655507e+00
1.893736073359297833e+00 2.189423232460208979e+00 1.014704308751276152e+00
1.895602728291611250e+00 2.192511985336802471e+00 1.011125349848962074e+00
1.897588722801490713e+00 2.195758191217879407e+00 1.007617178753532183e+00
1.899616979883102630e+00 2.199037761921789347e+00 1.004928156272071327e+00
1.901628340323770594e+00 2.202257684951614003e+00 1.002836227339238162e+00
1.903765517163191756e+00 2.205627376001082496e+00 1.001012650258301884e+00
1.905796656425593705e+00 2.208814324166261223e+00 1.000025805811120216e+00
1.907962482796587755e+00 2.212177957148463214e+00 9.996521548589892836e-01
1.908017948500138727e+00 2.212265007746834655e+00 9.996445979127196457e-01
1.909992409696711579e+00 2.215314090850955875e+00 9.992214280911398960e-01
1.912126622508635077e+00 2.218648984989565420e+00 9.984710429337237958e-01
1.914243155177802747e+00 2.221951171585108575e+00 9.976711513963216760e-01
1.919534135045500856e+00 2.230137949429957800e+00 9.948855449937471507e-01
1.921547100766241911e+00 2.233268454952104687e+00 9.936387951457574808e-01
1.923424628224331023e+00 2.236199638870534301e+00 9.921473541013775543e-01
1.925444991036411091e+00 2.239404171989342274e+00 9.888123886517559136e-01
1.927304138851885007e+00 2.242247493922356671e+00 9.849248332220997826e-01
1.929204254714479871e+00 2.245142725509376991e+00 9.815459495723948269e-01
1.931267776986704821e+00 2.248234865458771381e+00 9.802569966753577058e-01
1.933262147636927608e+00 2.251205647812124067e+00 9.805521207591677557e-01
1.935290079153058507e+00 2.254238342206539514e+00 9.811276480167350211e-01
1.937276529465273844e+00 2.257229243480212588e+00 9.809410307758300585e-01
1.939307303130334059e+00 2.260324133091973664e+00 9.790176828873603521e-01
1.941324241320212307e+00 2.263433161787541614e+00 9.765706945467523825e-01
1.943226886809315657e+00 2.266277843146843995e+00 9.740771833975998550e-01
1.945347101687955771e+00 2.269484243739241069e+00 9.714694796645014785e-01
1.947276877177275711e+00 2.272374648665508978e+00 9.693529643560080400e-01
1.949616816859496726e+00 2.275853930783538814e+00 9.670470969388370586e-01
1.949669795811979967e+00 2.275936716624927136e+00 9.669970216586034617e-01
1.951801300013520812e+00 2.279112906544098927e+00 9.647029383143587156e-01
1.953712575785712779e+00 2.281858723761943430e+00 9.613233639571870937e-01
1.955940781963904973e+00 2.285102527418906071e+00 9.572961590184078107e-01
1.958353425186166064e+00 2.288522306494864544e+00 9.556587087113589396e-01
1.960936769877371422e+00 2.292179250910921784e+00 9.555369624286307317e-01
1.963339022187209348e+00 2.295559749115930082e+00 9.558747448013205084e-01
1.965492488328091758e+00 2.298631615737021683e+00 9.556599863336436851e-01
1.967450293553772322e+00 2.301420925653416383e+00 9.549876617869117457e-01
1.969521683849271954e+00 2.304381058094084445e+00 9.537597243343460818e-01
1.971424214365611327e+00 2.307135042929924218e+00 9.519248544267341350e-01
1.973403359807174517e+00 2.310017133449784765e+00 9.487955334000136576e-01
1.975366367717811045e+00 2.312821192222007660e+00 9.452877911058172877e-01
1.977699604401154998e+00 2.316137547701851318e+00 9.414356820205395104e-01
1.980012838376168816e+00 2.319317169874843376e+00 9.388934429316920793e-01
1.982556479449068210e+00 2.322774604889838557e+00 9.385954061932557657e-01
1.984704554077118654e+00 2.325708112843585251e+00 9.390343488489698576e-01
1.986897868802781630e+00 2.328711770409009674e+00 9.393516565344077751e-01
1.989137437438524225e+00 2.331780067180888594e+00 9.388326720509372336e-01
1.991653391324396560e+00 2.335299989178812208e+00 9.360958006315199809e-01
1.993817290937690778e+00 2.338284520926198873e+00 9.329726332606198547e-01
1.995914403633493039e+00 2.341188781808188235e+00 9.299242334883788264e-01
1.998008016039635848e+00 2.344066769153771101e+00 9.270593631304085980e-01
2.000481914821986784e+00 2.347441059114982576e+00 9.241373365747884705e-01
2.002737018756922005e+00 2.350480684322088898e+00 9.218292462926798159e-01
2.004997471719308866e+00 2.353450148337461023e+00 9.198968057597292081e-01
2.007268995382219146e+00 2.356448252276579503e+00 9.185964029601746406e-01
2.009455446083892927e+00 2.359331152599908776e+00 9.171501507233270623e-01
2.011719754788112713e+00 2.362276547041449071e+00 9.155739662463792117e-01
2.013973958032294842e+00 2.365234171925612472e+00 9.138262685687598141e-01
2.016350960300553830e+00 2.368330669537280553e+00 9.119477399734530199e-01
2.018728436098918166e+00 2.371418993484648574e+00 9.100078964562230421e-01
2.021228408877745242e+00 2.374674853513871309e+00 9.078720098835769692e-01
2.023495538326812060e+00 2.377590041312884317e+00 9.059608031328113542e-01
2.025987022472993004e+00 2.380827455352162225e+00 9.038079699916242715e-01
2.026050090323603392e+00 2.380905171421226818e+00 9.037507742070842731e-01
2.028102723634801485e+00 2.383600599307338364e+00 9.017809745054123916e-01
2.030385707461062061e+00 2.386516131841700972e+00 9.000476226163108828e-01
2.032731234840836176e+00 2.389511410214692599e+00 8.982916904546508485e-01
2.034923487871154624e+00 2.392260658230188852e+00 8.966220118844511200e-01
2.037482889644433026e+00 2.395463585338481138e+00 8.945766807609234483e-01
2.039852707234953932e+00 2.398436666265489237e+00 8.926208729024101007e-01
2.042324240540995817e+00 2.401565122201148483e+00 8.904769924435862460e-01
2.044745837471120264e+00 2.404609145527205172e+00 8.883669092263352107e-01
2.047279346411762013e+00 2.407763229996987775e+00 8.857039126358318137e-01
2.053106895209353411e+00 2.415002122478760338e+00 8.770194796421363348e-01
2.055508486215393393e+00 2.417964195403834005e+00 8.734991707006991568e-01
2.057846194369681303e+00 2.420799965470977977e+00 8.703839245462626772e-01
2.060430753627535250e+00 2.423893742010220897e+00 8.687919279074335366e-01
2.062822135252332156e+00 2.426685003873432223e+00 8.680978015845842721e-01
2.065298289490968386e+00 2.429643603533003571e+00 8.673454581360861004e-01
2.067867917482779205e+00 2.432699374358926026e+00 8.657118548410428494e-01
2.070421098345524680e+00 2.435775398043067419e+00 8.630828048925677232e-01
2.072665344214613903e+00 2.438434513584876839e+00 8.605211846876469339e-01
2.075039980705951415e+00 2.441256342638210786e+00 8.578056208739247568e-01
2.077429081391262145e+00 2.444060390078724776e+00 8.552817608674835315e-01
2.079952182586474407e+00 2.446976992388150585e+00 8.532860250540418301e-01
2.082465824654897268e+00 2.449883537091483987e+00 8.518337770618816807e-01
2.085208260824323645e+00 2.452982405882162986e+00 8.502555192049474631e-01
2.087784761288348889e+00 2.455935823632094728e+00 8.485562657547035537e-01
2.090098520672167393e+00 2.458627234901974212e+00 8.464499689103190949e-01
2.092408635566855857e+00 2.461301599576710686e+00 8.438356716102600741e-01
2.094994789380231204e+00 2.464245589026655914e+00 8.406696422782570233e-01
2.097470176493606342e+00 2.467061651244712106e+00 8.377475620060436112e-01
2.100157224144713286e+00 2.470128473488843568e+00 8.347327615818252999e-01
2.102684189553102989e+00 2.472955068801478973e+00 8.320798831353238834e-01
2.104992980354701171e+00 2.475504071994614641e+00 8.301029213107944393e-01
2.107378740282980445e+00 2.478112841239317632e+00 8.284043999026007299e-01
2.109788369764627802e+00 2.480778503465260520e+00 8.263913139392229379e-01
2.112054500569053417e+00 2.483291450476013296e+00 8.241897842150597286e-01
2.114671292141857784e+00 2.486169458036230573e+00 8.215268394101462590e-01
2.117171687688700565e+00 2.488900581249900767e+00 8.189168480247481785e-01
2.119957874399402087e+00 2.491933566716763693e+00 8.160016654665875890e-01
2.122487461811161769e+00 2.494643465803487281e+00 8.134493622614390462e-01
2.125170434109158180e+00 2.497497194772520412e+00 8.108075238941117036e-01
2.127772793186882616e+00 2.500275435583969585e+00 8.082740644357288007e-01
2.127838722932976712e+00 2.500349620525978533e+00 8.082102500586786364e-01
2.130655281211582430e+00 2.503345942590378570e+00 8.056687318418229715e-01
2.133612273304124507e+00 2.506472396100954292e+00 8.028537425177976194e-01
2.133681424934754212e+00 2.506547544034852582e+00 8.027913153005441504e-01
2.136157678266153326e+00 2.509153015561088385e+00 8.003948634554582942e-01
2.139195845837951193e+00 2.512346410455928769e+00 7.974229942349546629e-01
2.141901401742662081e+00 2.515158986579888900e+00 7.948125903697791372e-01
2.144535533936935856e+00 2.517898326888305505e+00 7.922054033953204177e-01
2.146816528901035692e+00 2.520262989580380975e+00 7.899978019014852748e-01
2.149248216608436568e+00 2.522755464864387065e+00 7.876552957830784685e-01
2.152194237467100368e+00 2.525745682401325354e+00 7.847950660667037948e-01
2.152265243256499705e+00 2.525817888407416500e+00 7.847261542486348995e-01
2.154998434831164822e+00 2.528589984827455339e+00 7.820159626230167582e-01
2.157462704098127126e+00 2.531060371802702047e+00 7.795796306065293502e-01
2.160064833325055833e+00 2.533668662162116725e+00 7.769601973442646914e-01
2.160134233204462184e+00 2.533737679921010066e+00 7.768910557726377286e-01
2.162519950631947019e+00 2.536133591343729066e+00 7.745262473638605538e-01
2.165495956400405042e+00 2.539079137317756363e+00 7.715460090045854757e-01
2.168407195300550150e+00 2.541961099207118657e+00 7.686306615446977242e-01
2.170979368487309547e+00 2.544484736664629931e+00 7.660456402099865558e-01
2.174046667541716271e+00 2.547488307463511958e+00 7.629551109060974667e-01
2.176721967208502750e+00 2.550067803986925785e+00 7.602653367717931987e-01
2.179537904574554208e+00 2.552780702716006100e+00 7.574098423517842127e-01
2.182126934643060068e+00 2.555274750850752508e+00 7.548072142877513269e-01
2.184810262801184066e+00 2.557830726426018053e+00 7.520958572118698893e-01
2.187707854168646993e+00 2.560598999293175471e+00 7.491199258486591628e-01
2.190804203959972440e+00 2.563554758803174405e+00 7.459408152989851493e-01
2.193572118877515020e+00 2.566172315521185965e+00 7.431050343671593561e-01
2.193647844979363715e+00 2.566243682301486029e+00 7.430312900356698114e-01
2.196402759408946359e+00 2.568834656354219703e+00 7.402410550873993467e-01
2.199048876703902700e+00 2.571285898072719789e+00 7.375265655751670479e-01
2.201930977055932992e+00 2.573920655241472843e+00 7.345978855491870352e-01
2.202004082814687180e+00 2.573987957941104909e+00 7.345233777742077308e-01
2.204828126642901953e+00 2.576562517129810104e+00 7.318332222250999441e-01
2.211612128993031945e+00 2.582709446100691864e+00 7.259731208256668955e-01
2.214555389425465037e+00 2.585367986704285581e+00 7.231538000804746957e-01
2.217131504174682632e+00 2.587684302269962267e+00 7.202381343529602464e-01
2.219968908385930639e+00 2.590263988555804531e+00 7.169016237216691012e-01
2.222778507283664329e+00 2.592769645107662946e+00 7.135593392927769285e-01
2.225533499683705507e+00 2.595183185276792148e+00 7.104168587148000924e-01
2.225605023428588680e+00 2.595249813569154629e+00 7.103354210171372030e-01
2.228381359952861906e+00 2.597672402653143031e+00 7.075652381862888030e-01
2.231278330868992743e+00 2.600159065859067198e+00 7.050861035398297005e-01
2.234027274129217311e+00 2.602503200481938173e+00 7.026688159053470217e-01
2.236500651765204850e+00 2.604636117083389379e+00 7.000779896128892510e-01
2.239113744990818056e+00 2.606868102192072101e+00 6.969520227609430352e-01
2.242108943308896762e+00 2.609433265909252508e+00 6.932049163310038953e-01
2.245115223250582659e+00 2.611966268977157224e+00 6.895988190592791112e-01
2.247610585116375681e+00 2.614091892821141627e+00 6.865898478176919451e-01
2.250293844450257374e+00 2.616313830706061161e+00 6.835710057094480652e-01
2.253042820932345869e+00 2.618629956670254444e+00 6.805237811443116680e-01
2.255595278368309753e+00 2.620722900455040971e+00 6.779822366503104325e-01
2.258484171947419128e+00 2.623065082659020497e+00 6.756610471306306875e-01
2.261768622384487504e+00 2.625712962701856057e+00 6.730758811150956422e-01
2.264739401619805470e+00 2.628111916399283210e+00 6.705471756113909887e-01
2.267587580368524147e+00 2.630428691664207008e+00 6.674368606677308913e-01
2.270578826005146933e+00 2.632821721603038512e+00 6.633381237517893547e-01
2.270656727355300220e+00 2.632883791336340096e+00 6.632267118933635741e-01
2.273388226784041510e+00 2.635048274326617257e+00 6.594541948387800945e-01
2.276026515481395673e+00 2.637143199323246368e+00 6.560092687304815984e-01
2.278917837689199200e+00 2.639412371795462064e+00 6.524362120146161015e-01
2.281544559771167879e+00 2.641436206659860897e+00 6.497283892026692875e-01
2.284426904222032206e+00 2.643620639012036477e+00 6.473566924619658103e-01
2.287305214242062235e+00 2.645819640896867497e+00 6.449806251818624991e-01
2.290263329543426707e+00 2.648068642844601861e+00 6.424418952536136151e-01
2.293225030019840016e+00 2.650318917942040997e+00 6.397263059252394912e-01
2.296746068283971098e+00 2.652951337306844515e+00 6.363578576652284546e-01
2.299825808612244060e+00 2.655303688141436691e+00 6.327038280408076032e-01
2.302785279461634804e+00 2.657509977741697949e+00 6.283322729747385926e-01
2.305864699782222971e+00 2.659803259344943438e+00 6.236874015225349899e-01
2.309018090626098640e+00 2.662104536694248402e+00 6.197305330869122830e-01
2.311793710402409996e+00 2.664103201322649994e+00 6.169700834916671539e-01
2.314728954026565866e+00 2.666210766412108413e+00 6.142287064823528375e-01
2.317752484784965539e+00 2.668363057289285578e+00 6.114285165167538949e-01
2.320380217730922290e+00 2.670224253317623919e+00 6.089466265370228060e-01
2.323413344277963422e+00 2.672354522446576119e+00 6.059447486223235035e-01
2.326608422613250404e+00 2.674605086553476063e+00 6.026978288323326938e-01
2.329978634417961825e+00 2.676938227499261469e+00 5.992487076142075653e-01
2.333092145776776150e+00 2.679058885251986766e+00 5.966408515452678030e-01
2.335983740217858706e+00 2.681040232353622432e+00 5.944633704872130942e-01
2.338884106007190322e+00 2.683051718553413512e+00 5.910132366715078467e-01
2.339210794327684084e+00 2.683271221453318311e+00 5.905792255881161523e-01
2.342284443001156014e+00 2.685397704466091717e+00 5.863898713564684728e-01
2.345317742544085426e+00 2.687458181948768399e+00 5.820375130357184901e-01
2.348785337120493200e+00 2.689780052834165325e+00 5.772604397677640886e-01
2.351681808242917615e+00 2.691712372634345041e+00 5.735913472083589149e-01
2.354610216949929224e+00 2.693629304043924755e+00 5.701725455168059620e-01
2.357695186022480627e+00 2.695584665995913287e+00 5.673057857543686300e-01
2.360580099858799130e+00 2.697421635218459457e+00 5.654625659485313927e-01
2.364158928462865461e+00 2.699693490490738590e+00 5.631164092765795770e-01
2.367552194631591167e+00 2.701832567216264636e+00 5.605776606906240911e-01
2.370594249252392594e+00 2.703763222718718495e+00 5.579524129212427574e-01
2.373598040492982175e+00 2.705708761556463671e+00 5.545528612262350387e-01
2.376495291795909459e+00 2.707520033805178805e+00 5.497434942928817181e-01
2.379809834429810422e+00 2.709580744596354229e+00 5.437301445123882138e-01
2.379893424421756887e+00 2.709629610100096286e+00 5.435763734024406935e-01
2.383175242138968031e+00 2.711635968641249672e+00 5.381134886780405413e-01
2.386924123508467943e+00 2.713898991890808965e+00 5.339860377180200013e-01
2.390134925228950991e+00 2.715807000698699625e+00 5.309169576647272404e-01
2.393201445616597756e+00 2.717604473099234141e+00 5.282203483520495624e-01
2.396574168503605495e+00 2.719589498686673767e+00 5.252588184928024262e-01
2.399346416148085748e+00 2.721201431049590891e+00 5.227497016886993864e-01
2.407584371988943595e+00 2.725968709410144797e+00 5.147712152846172229e-01
2.410878477236888084e+00 2.727858364451490658e+00 5.115145910104195170e-01
2.414034494340297599e+00 2.729686144158994132e+00 5.077864949853200249e-01
2.417273741259565067e+00 2.731507902385317266e+00 5.032885171000838209e-01
2.420554454195120719e+00 2.733361778910642137e+00 4.988288225131917164e-01
2.423502636757851381e+00 2.734985380188244442e+00 4.949724098694362473e-01
2.426900392752546765e+00 2.736865813043135809e+00 4.908221734903382982e-01
2.426987223798008575e+00 2.736911357809453271e+00 4.907199554811020326e-01
2.430633157741600936e+00 2.738876131287818705e+00 4.870056085557881165e-01
2.433926264521515392e+00 2.740618308906163314e+00 4.845205806198690790e-01
2.437326901099976517e+00 2.742401529508073921e+00 4.819353463025666806e-01
2.437418662688136006e+00 2.742447764630824736e+00 4.818694351540502852e-01
2.441225217631905586e+00 2.744457821489780347e+00 4.785062359034260582e-01
2.444513713708992064e+00 2.746181570216926993e+00 4.754601381433571361e-01
2.447451947276908957e+00 2.747699002967376458e+00 4.726351075503913979e-01
2.450456898943091932e+00 2.749271573325973606e+00 4.696128500547950280e-01
2.453376704070657333e+00 2.750770015353568798e+00 4.666071910964154079e-01
2.456930222322554869e+00 2.752551521462992756e+00 4.636441542746974065e-01
2.460400601162114675e+00 2.754318129964883344e+00 4.607369657170741206e-01
2.460488664193367647e+00 2.754364053051840511e+00 4.606361228619626491e-01
2.463913803888069687e+00 2.756094925313961941e+00 4.555887569930825443e-01
2.467156678725613173e+00 2.757734067623783591e+00 4.500353306233439987e-01
2.470526366776828908e+00 2.759404093150626291e+00 4.444850886105786159e-01
2.473841383031088803e+00 2.761014792572080712e+00 4.394711758225641196e-01
2.477543398914772155e+00 2.762776508430204281e+00 4.348037716049805712e-01
2.480634663329968959e+00 2.764234240394966235e+00 4.312025135570087819e-01
2.483943216437221491e+00 2.765755806543858331e+00 4.282959273135819034e-01
2.487450265100488167e+00 2.767351368204202799e+00 4.260765174316241688e-01
2.490656519738660979e+00 2.768791190631039179e+00 4.240577761807004520e-01
2.494135766055913805e+00 2.770366886189098654e+00 4.214512331753311192e-01
2.497323999830055818e+00 2.771804205351654726e+00 4.188430399699414886e-01
2.500344317047686893e+00 2.773174907429235780e+00 4.159885184565363381e-01
2.503807544927538764e+00 2.774741855963776871e+00 4.124646766668215725e-01
2.506879739934913420e+00 2.776087562277240295e+00 4.098807983842017166e-01
2.510792794080568324e+00 2.777780709298322215e+00 4.077197993776444651e-01
2.513816485957690361e+00 2.779095658793603540e+00 4.054059207457911818e-01
2.516921163898095948e+00 2.780458181804201345e+00 4.012662874999187168e-01
2.519845888759259633e+00 2.781718282479529680e+00 3.959171145764627808e-01
2.523462346396642353e+00 2.783251856195904317e+00 3.890341175467946222e-01
2.526779246312875316e+00 2.784654044884142809e+00 3.833332048987956875e-01
2.530300483286867408e+00 2.786117606127029855e+00 3.780919110108807435e-01
2.530484073421553681e+00 2.786195220813200368e+00 3.778329453030719876e-01
2.533979012399275366e+00 2.787579514586806528e+00 3.739730598383739779e-01
2.537092219841547980e+00 2.788796317009173187e+00 3.715335627727722745e-01
2.540587730010932965e+00 2.790152710060884278e+00 3.688307623177487504e-01
2.544509535432361247e+00 2.791666922589584043e+00 3.658061940410092250e-01
2.547997716320586470e+00 2.792992679634759945e+00 3.628411261263652099e-01
2.551761356201976305e+00 2.794414193081198761e+00 3.593843738639799223e-01
2.551857197542264810e+00 2.794451033490843894e+00 3.592956385536447694e-01
2.555081965386331255e+00 2.795647458147036524e+00 3.563591213137026759e-01
2.559174435511851975e+00 2.797162674132176008e+00 3.540113893755341690e-01
2.559270658847021984e+00 2.797196594032246519e+00 3.539566766253434693e-01
2.563343262038831671e+00 2.798704072039778890e+00 3.512566850991329925e-01
2.567228066237324136e+00 2.800134605987376624e+00 3.483971323115250818e-01
2.570927804878842871e+00 2.801488996919391905e+00 3.454387348439362238e-01
2.574121697030822276e+00 2.802671710750396450e+00 3.420417894420978433e-01
2.577148241485361257e+00 2.803747619600259089e+00 3.368730589098380968e-01
2.580344169294373380e+00 2.804877458417124991e+00 3.303737591525101602e-01
2.584455958856014757e+00 2.806338553283601822e+00 3.229925974470614913e-01
2.588414427607564683e+00 2.807697730110365164e+00 3.172632058459906590e-01
2.597166957946318355e+00 2.810566046828965270e+00 3.072409942872370014e-01
2.600640597304781032e+00 2.811677467922606866e+00 3.036384841257069311e-01
2.604212178440321601e+00 2.812788247725228175e+00 3.003198115948651492e-01
2.607810798716358569e+00 2.813895149173531340e+00 2.977858505380034382e-01
2.611549661089315411e+00 2.815044427127286308e+00 2.957973767214179261e-01
2.615699043447626160e+00 2.816307756363728210e+00 2.931794737593254041e-01
2.619236956249344495e+00 2.817377313937441397e+00 2.905677711041764200e-01
2.622956192489292349e+00 2.818510703469231160e+00 2.874352243700707410e-01
2.623150068945240498e+00 2.818569454629181070e+00 2.872633335531271648e-01
2.626491805688878856e+00 2.819579395699371105e+00 2.840645920798318680e-01
2.630022154416198799e+00 2.820638984236199853e+00 2.805019495944153785e-01
2.633386711058796514e+00 2.821615935558982713e+00 2.774333865115300446e-01
2.637385840092907330e+00 2.822759953229242225e+00 2.748441686362364522e-01
2.641097623711037290e+00 2.823810424971973099e+00 2.724130937625334759e-01
2.645277230804891744e+00 2.824984295175719140e+00 2.694173365212322868e-01
2.648688112309980358e+00 2.825933713319518592e+00 2.666903450411077237e-01
2.652742475456076665e+00 2.827063899539858483e+00 2.631491304487944549e-01
2.656263974582223852e+00 2.828069892575678868e+00 2.592305967612944517e-01
2.659499087220337010e+00 2.828948641812979226e+00 2.533850619143643290e-01
2.663350620024333537e+00 2.829993423490804627e+00 2.456154094383858344e-01
2.666738860705769376e+00 2.830884106011958501e+00 2.393416175749712438e-01
2.670637418511298655e+00 2.831887725527875599e+00 2.334512911616741515e-01
2.674635574371851732e+00 2.832848748094285884e+00 2.284809930356047347e-01
2.678175581187276943e+00 2.833676782350862400e+00 2.247727571551091930e-01
2.682111758027053483e+00 2.834565584187052067e+00 2.211359973588956085e-01
2.685772386117068145e+00 2.835368301907925215e+00 2.182794286909893466e-01
2.689209061050351401e+00 2.836126632554852200e+00 2.158841902648518385e-01
2.692547998480973703e+00 2.836861072719057741e+00 2.134117807406604173e-01
2.696379191376448770e+00 2.837683094559651398e+00 2.103035745674749768e-01
2.700012847333639332e+00 2.838457358233959837e+00 2.071484064959218663e-01
2.704027692541114192e+00 2.839305715200161728e+00 2.035115106291238152e-01
2.708075460969191717e+00 2.840134503611174033e+00 2.005905164896281401e-01
2.712315139015237797e+00 2.840999334807122079e+00 1.978848220281833603e-01
2.712413518349921393e+00 2.841017850973799330e+00 1.978194080720653558e-01
2.716235077785990271e+00 2.841794046294690901e+00 1.950624763689409458e-01
2.719883864958207109e+00 2.842528619507135978e+00 1.920607383848299821e-01
2.723524620013535014e+00 2.843247821631571082e+00 1.889546948826403838e-01
2.723919570314211391e+00 2.843329090041968321e+00 1.886091105547507696e-01
2.727641980690985513e+00 2.844054209844225412e+00 1.852021504726329704e-01
2.731276309513644751e+00 2.844764019667522792e+00 1.817835844282995050e-01
2.735150399446188985e+00 2.845469522796719275e+00 1.785938027813485096e-01
2.739060693205768171e+00 2.846181416939729480e+00 1.759921164409779804e-01
2.743120867730952206e+00 2.846895218623934909e+00 1.732764984936411845e-01
2.746687614373738651e+00 2.847527599983100011e+00 1.707587555761516662e-01
2.750133300979107798e+00 2.848154539495929782e+00 1.680956518585187687e-01
2.753960046801131156e+00 2.848842711814599138e+00 1.648323587946269042e-01
2.757939005945283739e+00 2.849509707764836808e+00 1.620679374122662442e-01
2.761603317174865513e+00 2.850090983113522380e+00 1.597523304872905114e-01
2.765661032131728980e+00 2.850749292198426765e+00 1.569406539735196116e-01
2.769263023154948655e+00 2.851348110190175866e+00 1.535968286515350112e-01
2.772415765989202363e+00 2.851870657089270455e+00 1.484304256588511450e-01
2.775995015157245227e+00 2.852433536891842980e+00 1.409989632551729710e-01
2.779369256460308968e+00 2.852944569700444966e+00 1.341206441355429491e-01
2.783304435350299588e+00 2.853499752689086844e+00 1.270954659738859072e-01
2.783402380889087091e+00 2.853510029485011756e+00 1.269362128700370906e-01
2.787111063195363947e+00 2.854004648418462242e+00 1.220834969371671908e-01
2.790823278588890233e+00 2.854476292551357375e+00 1.183571586555266092e-01
2.794428369937348666e+00 2.854900498174222090e+00 1.151129654161401478e-01
2.798206121224634746e+00 2.855340293182622169e+00 1.120232300907230416e-01
2.802324697815333998e+00 2.855810058606834012e+00 1.086491177792477947e-01
2.805932631774030295e+00 2.856207807318140279e+00 1.056530843005423353e-01
2.809522809874550386e+00 2.856566454266598942e+00 1.029286473590943080e-01
2.813544454611021095e+00 2.856988929333477589e+00 9.983724407563228376e-02
2.822940942502000894e+00 2.857915025124188269e+00 9.258597489710841677e-02
2.826723911201785011e+00 2.858257294378792057e+00 8.966968318237382440e-02
2.830890242108956123e+00 2.858637093722201428e+00 8.617926487243995903e-02
2.834980617381457790e+00 2.858990907155150030e+00 8.289850968258402619e-02
2.838478793943882472e+00 2.859285935115308153e+00 8.025679451441627976e-02
2.842269408550545773e+00 2.859591210644547132e+00 7.733002849688830338e-02
2.845645838161770413e+00 2.859851870323764089e+00 7.470767362187122340e-02
2.849322258828842269e+00 2.860141637728184527e+00 7.173572280119448752e-02
2.853100229367383278e+00 2.860425439315444240e+00 6.862066400270500077e-02
2.856466616096019706e+00 2.860666893596986782e+00 6.579523536300162234e-02
2.860454708493147535e+00 2.860925522292457668e+00 6.282005685264036021e-02
2.864234376756458200e+00 2.861169595292434753e+00 6.012547288583924843e-02
2.867925935188702091e+00 2.861390957231037646e+00 5.743798521225583487e-02
2.871590914059295674e+00 2.861624364793005526e+00 5.466204718230716075e-02
2.875573257217151735e+00 2.861868043724086874e+00 5.152090160508082661e-02
2.879428155473766182e+00 2.862097011483212050e+00 4.841749222688776499e-02
2.879527963488533793e+00 2.862101670947069021e+00 4.833839079138910894e-02
2.883204377889545533e+00 2.862285199067210684e+00 4.559367100253132465e-02
2.886981957827140732e+00 2.862477534019130410e+00 4.285826816749169904e-02
2.887080347644499945e+00 2.862481642677907168e+00 4.278561259071719108e-02
2.891142826063992199e+00 2.862649715849156618e+00 3.971678835402664420e-02
2.891240851870048090e+00 2.862653116394487718e+00 3.963985931817478464e-02
2.895384797424615186e+00 2.862834271163873900e+00 3.639122426092668283e-02
2.899249634185381730e+00 2.862986642306731611e+00 3.332200997870789910e-02
2.899346733281680244e+00 2.862988005097317323e+00 3.324128659662987928e-02
2.902995559974540285e+00 2.863149038818907144e+00 3.028860054607231123e-02
2.906741996547363094e+00 2.863276719954269911e+00 2.727071968551711412e-02
2.910210216778216008e+00 2.863396470497184598e+00 2.467307544212376386e-02
2.913885884874836130e+00 2.863511258931388248e+00 2.197031047705812895e-02
2.917150103157634344e+00 2.863600719841020048e+00 1.956592399991229775e-02
2.920801223013961945e+00 2.863703358673475918e+00 1.680442696328893551e-02
2.924639532528977348e+00 2.863792894660663002e+00 1.384865060102336010e-02
2.928292740618008150e+00 2.863869216155193076e+00 1.099638372225866280e-02
2.931929055722697797e+00 2.863925865942734461e+00 8.115246160715915841e-03
2.935875454457269385e+00 2.863982552021767436e+00 5.026840483975169270e-03
2.939923541549966046e+00 2.864014670248434591e+00 1.999341366608762410e-03
2.943578209592493167e+00 2.864047420426761192e+00 -7.722229684983544654e-04
2.946914861985063805e+00 2.864064080993682371e+00 -3.259629467977905558e-03
2.950352711215790791e+00 2.864057389478445348e+00 -5.883302021993690699e-03
2.953793352378313308e+00 2.864066695036532550e+00 -8.568636891498861846e-03
2.957331447562774329e+00 2.864050227227768808e+00 -1.123495521668225854e-02
2.961064430145394333e+00 2.864038724594389240e+00 -1.401876054848713235e-02
2.961162920028190371e+00 2.864037930197842918e+00 -1.409214354851136969e-02
2.964592284239730979e+00 2.864005778503150079e+00 -1.667584462816872407e-02
2.968218008883241055e+00 2.863972741142791101e+00 -1.942025909663516736e-02
2.971549676900320236e+00 2.863938880719245628e+00 -2.195341502202153086e-02
2.975248585631459441e+00 2.863890479922097221e+00 -2.478965474087910237e-02
