7.503716826044637411e-01 1.499934300465372461e+00 -1.291781163477730252e-04
7.505350746320148536e-01 1.499899434691019495e+00 -1.817158186118828607e-04
7.516682689508747961e-01 1.499930667325189315e+00 -1.151565057961044178e-03
7.554660242847933693e-01 1.499957541896809188e+00 -4.156284935717372182e-03
7.623733712313054411e-01 1.499974248927820941e+00 -7.616896381051777541e-03
7.689910825884066492e-01 1.499957783724241045e+00 -9.500675682609208833e-03
7.765681387885342568e-01 1.499871150155047683e+00 -9.562339861733664889e-03
7.826212850531918397e-01 1.499809916873865889e+00 -7.609589001106771729e-03
7.898887756601717935e-01 1.499769421771424804e+00 -3.293984883735178153e-03
7.900688327612621631e-01 1.499768321891719935e+00 -3.151190228616207890e-03
8.062728445236265751e-01 1.499820827814645874e+00 1.284741885565796916e-02
8.130605612764463253e-01 1.499930268039998404e+00 2.059260406913695010e-02
8.196163341696284244e-01 1.500082607119737066e+00 2.756399033458405493e-02
8.265146803603147241e-01 1.500292488863451457e+00 3.394864552734189189e-02
8.334109445741680888e-01 1.500543962101687612e+00 4.043954611509583547e-02
8.390292143587206874e-01 1.500774150684808461e+00 4.583447327897090945e-02
8.453055512759239942e-01 1.501089277149964207e+00 5.173617141071153863e-02
8.513886378790744835e-01 1.501416316362313541e+00 5.728784999440634379e-02
8.572672876784173113e-01 1.501768139125066126e+00 6.246874941618384830e-02
8.634529165620972169e-01 1.502169651253857596e+00 6.767517921401333680e-02
8.697753712656643987e-01 1.502620511652145829e+00 7.290059125709882903e-02
8.763949621418287705e-01 1.503108238939759422e+00 7.852283088745874717e-02
8.829979757033796783e-01 1.503644789138657067e+00 8.419788168945804840e-02
8.831609646554993143e-01 1.503658017635506994e+00 8.433777160969427311e-02
8.903850650822459079e-01 1.504294257514617206e+00 9.042474425336070876e-02
8.964317089174778097e-01 1.504840075023371693e+00 9.558634467377889743e-02
9.024419245655028732e-01 1.505426765120102539e+00 1.007753038233159537e-01
9.082801115597681774e-01 1.506030088103028852e+00 1.058903387976404542e-01
9.142357841338664137e-01 1.506678803938762856e+00 1.112048930603851543e-01
9.206348522027480996e-01 1.507400216029149975e+00 1.167792489274485507e-01
9.263742345806975642e-01 1.508074033020509797e+00 1.219680224046746780e-01
9.322412260152005414e-01 1.508808546698982678e+00 1.273804517687376903e-01
9.382421712202410058e-01 1.509584899497381727e+00 1.326426248521338502e-01
9.439317772597793921e-01 1.510356529067755194e+00 1.375717322431148082e-01
9.492619007247479201e-01 1.511092808962275047e+00 1.424024952848119696e-01
9.555562350150923479e-01 1.512020097507493555e+00 1.481340282313480528e-01
9.613482474945802547e-01 1.512899483433605807e+00 1.535556880086681453e-01
9.668840802375060495e-01 1.513760996369442058e+00 1.587398506572340884e-01
9.732923159804983682e-01 1.514816474264611967e+00 1.650494075313036768e-01
9.789405102673818249e-01 1.515752886146521705e+00 1.705667713200966218e-01
9.845685823203900178e-01 1.516723015309364708e+00 1.761256145612053459e-01
9.897880547793413974e-01 1.517665758595471814e+00 1.813364423004077963e-01
9.950532201056443427e-01 1.518656357367503373e+00 1.862104511657869388e-01
1.000260873337645240e+00 1.519637760163162987e+00 1.912940360819747609e-01
1.006044818549367337e+00 1.520777635242914316e+00 1.970391861276485079e-01
1.011225932453895693e+00 1.521835767802144357e+00 2.018324592923335659e-01
1.016522244080414250e+00 1.522915369463363033e+00 2.069080974588526634e-01
1.021789288061497825e+00 1.524041097362442754e+00 2.120592822521612242e-01
1.026600959618543696e+00 1.525081180825679006e+00 2.167888825785540263e-01
1.031810073676206585e+00 1.526234244069604173e+00 2.222111236754036601e-01
1.037126991680246579e+00 1.527467836406570356e+00 2.281620452157468448e-01
1.042926999479908412e+00 1.528825951278476980e+00 2.344189612886379004e-01
1.049202930067411943e+00 1.530341775597449550e+00 2.414470253108869924e-01
1.054559310029782093e+00 1.531679200340948732e+00 2.475921775827208682e-01
1.059566428833496055e+00 1.532949275642935039e+00 2.535906937641211889e-01
1.064560808845907980e+00 1.534279581241758006e+00 2.590571406801260856e-01
1.069257601019815818e+00 1.535522602035748196e+00 2.639840298986679823e-01
1.074765244328662606e+00 1.537044466227458051e+00 2.697396510882411058e-01
1.080386722581258896e+00 1.538603681441690574e+00 2.757881374273495334e-01
1.080522410731067584e+00 1.538639167210234415e+00 2.759359190476164958e-01
1.085541664733463474e+00 1.540075811439463926e+00 2.812827658237778694e-01
1.090252856049737096e+00 1.541433724268806316e+00 2.862365474534727672e-01
1.094934946555307320e+00 1.542816863595979138e+00 2.912014474719300527e-01
1.100137319729075358e+00 1.544391548911418610e+00 2.967149071143180272e-01
1.105315429836050356e+00 1.545985576316748933e+00 3.023880661564438133e-01
1.110720672713548796e+00 1.547695668590735707e+00 3.081014736894311934e-01
1.122016569168916122e+00 1.551357578704562368e+00 3.199684300338251908e-01
1.126853850418188863e+00 1.552969354637874888e+00 3.251520203502033524e-01
1.131923885456950885e+00 1.554677018121994880e+00 3.309209566501045141e-01
1.136682320677398605e+00 1.556328034944526983e+00 3.367430251133750052e-01
1.141665332366232244e+00 1.558091292253936055e+00 3.428774359154084794e-01
1.146103028164716431e+00 1.559679080641402704e+00 3.483684531464784628e-01
1.151129893738958909e+00 1.561528087303845069e+00 3.547089275742019709e-01
1.155998063243950824e+00 1.563338801637392805e+00 3.607875218067960188e-01
1.160974733324781516e+00 1.565236131825059829e+00 3.667178422701021234e-01
1.166305390862711011e+00 1.567313061278767572e+00 3.726015653657449578e-01
1.170844734664829856e+00 1.569084911456203990e+00 3.777868241934457805e-01
1.175376265630868389e+00 1.570899347180162220e+00 3.830398662899934248e-01
1.179630863024813348e+00 1.572614469695063244e+00 3.880820259943429384e-01
1.184072049498758439e+00 1.574454423923889568e+00 3.931327056518595930e-01
1.188636170410942050e+00 1.576338910856386111e+00 3.982938993525737548e-01
1.193693192544380555e+00 1.578501749963721723e+00 4.039132075109151399e-01
1.198103965618513067e+00 1.580382656167545585e+00 4.092125875256708567e-01
1.198225962793737720e+00 1.580435013387751608e+00 4.093584566550479975e-01
1.203056554008950618e+00 1.582553117350441907e+00 4.158510346532733326e-01
1.203173308455645074e+00 1.582602386557380614e+00 4.160126825795563144e-01
1.207385888219578485e+00 1.584486371574931107e+00 4.214935957690887913e-01
1.211951170333466887e+00 1.586563211433767995e+00 4.269802543225661995e-01
1.216374441861176825e+00 1.588583288932188031e+00 4.322259641011196307e-01
1.221005038938130616e+00 1.590746964214039050e+00 4.378798521950943989e-01
1.225359159707144929e+00 1.592789572117376151e+00 4.432882531490778266e-01
1.229733578791845305e+00 1.594895473191476842e+00 4.486811469081171677e-01
1.234377403558475139e+00 1.597158153238045442e+00 4.542039918481470817e-01
1.238842162167519856e+00 1.599352636774751257e+00 4.596288933142038124e-01
1.243536510340126133e+00 1.601703477840729306e+00 4.652393580756964409e-01
1.247535755053112538e+00 1.603728657916855038e+00 4.701719242069261062e-01
1.251726682950244474e+00 1.605852442191806118e+00 4.758041821616043054e-01
1.256020165526129606e+00 1.608093246619742178e+00 4.816274917959285085e-01
1.259702010205527412e+00 1.610043426749475870e+00 4.864915867396048532e-01
1.264048615261444741e+00 1.612339296852989712e+00 4.918563434576634363e-01
1.268253180126108326e+00 1.614620226498823641e+00 4.970182427066545672e-01
1.268361250052254308e+00 1.614680889357142268e+00 4.971541166514155119e-01
1.272655275986364964e+00 1.617018192397135623e+00 5.025850813650121207e-01
1.272763669189671543e+00 1.617075046344993439e+00 5.027183513790519642e-01
1.276946135318103082e+00 1.619406760786328947e+00 5.078165347538039498e-01
1.280883660253661960e+00 1.621594889868445577e+00 5.128618101043302957e-01
1.285095126789009168e+00 1.623985674224407205e+00 5.181481892711837789e-01
1.289069353203270651e+00 1.626270268076387859e+00 5.229852326577072441e-01
1.292714393840960430e+00 1.628373013190097751e+00 5.274544082665851841e-01
1.296426996877684479e+00 1.630537188640355017e+00 5.322897524943429604e-01
1.299923559584953647e+00 1.632611300241711305e+00 5.369144193839099355e-01
1.303737398318385532e+00 1.634894465519383777e+00 5.419361723683243648e-01
1.307495945342209476e+00 1.637159639296738689e+00 5.469542685025148288e-01
1.311151470326066715e+00 1.639399004602937415e+00 5.516647009384693101e-01
1.314570623309289532e+00 1.641508862645413291e+00 5.558791421880450168e-01
1.318372516656754145e+00 1.643890434166016323e+00 5.605364846310650906e-01
1.322149081124594172e+00 1.646280389651313181e+00 5.652372952912995130e-01
1.325916720285377215e+00 1.648697726856703127e+00 5.698640869002418174e-01
1.329850476353698241e+00 1.651235000504183148e+00 5.748102744746818038e-01
1.333387601529146593e+00 1.653525228685520432e+00 5.791783908011014503e-01
1.343109233096843713e+00 1.659958288010741523e+00 5.912786194826806785e-01
1.346403925128628387e+00 1.662171114996362942e+00 5.953916451745865368e-01
1.349851661595961705e+00 1.664504876326195149e+00 5.998289208915860149e-01
1.353189170773832828e+00 1.666801796245643841e+00 6.040712173222948511e-01
1.356884423753010882e+00 1.669363458432360225e+00 6.087347201737095537e-01
1.356978763688161838e+00 1.669430392682249797e+00 6.088544046483531647e-01
1.360534247400215335e+00 1.671943894218233195e+00 6.131225269806830358e-01
1.364266174719166447e+00 1.674606438656759622e+00 6.174998318446378587e-01
1.368015185836817027e+00 1.677251361125018381e+00 6.220724885899977519e-01
1.371916843775113026e+00 1.680035979420306802e+00 6.269298827270765040e-01
1.375237819602256995e+00 1.682457490308790327e+00 6.312057923241298774e-01
1.378723930931756492e+00 1.685013547518624977e+00 6.357360811794671163e-01
1.382016218429790833e+00 1.687436390793609631e+00 6.397763741234447910e-01
1.385181977679080356e+00 1.689800429940381044e+00 6.436301586293708965e-01
1.388422331855146297e+00 1.692250889630051436e+00 6.475488513623083309e-01
1.391563884497816872e+00 1.694639842606292079e+00 6.513872730124109500e-01
1.395123044852603744e+00 1.697368512165646770e+00 6.557636142475005148e-01
1.398610442711941015e+00 1.700047143902670088e+00 6.600386392916034461e-01
1.401891048337909229e+00 1.702594443862656348e+00 6.640399779930087343e-01
1.405248858378068899e+00 1.705226240395037784e+00 6.682573719869628892e-01
1.408645476433222354e+00 1.707938327572637860e+00 6.723416020188432984e-01
1.411681407797547916e+00 1.710380516612931112e+00 6.758888127889745023e-01
1.414808313724122968e+00 1.712915386616102209e+00 6.795542917001151650e-01
1.417982884917507125e+00 1.715510755250938990e+00 6.832897633623268296e-01
1.420993210409658536e+00 1.717956489539675280e+00 6.868416406737912761e-01
1.423897960317265010e+00 1.720339793904926751e+00 6.903667451448606274e-01
1.427228807481788042e+00 1.723118251235257192e+00 6.942236741670211320e-01
1.430440847201397636e+00 1.725815347975897307e+00 6.980393543717575700e-01
1.433451253355654709e+00 1.728370793058199517e+00 7.015722459067493810e-01
1.436552503419567639e+00 1.731013868350051332e+00 7.050994432270116796e-01
1.439627842829265703e+00 1.733662437526229283e+00 7.086039225818472342e-01
1.443177330785182733e+00 1.736729655138581130e+00 7.127045538496401544e-01
1.446308090908640986e+00 1.739468395537429934e+00 7.162673406873119042e-01
1.449340410635321597e+00 1.742150320192908719e+00 7.196992892864396696e-01
1.452374499338444647e+00 1.744820900602437552e+00 7.231875958555166184e-01
1.455229367549627062e+00 1.747367914425637325e+00 7.264177731909808866e-01
1.458862773149826708e+00 1.750626505363694019e+00 7.303822398039510055e-01
1.462306476037433800e+00 1.753746035714511375e+00 7.340367001952160519e-01
1.465582561531237449e+00 1.756739408065426833e+00 7.376833249955400129e-01
1.468943877476901694e+00 1.759816372701242804e+00 7.414251723407413452e-01
1.472062553450146805e+00 1.762678794138586857e+00 7.448696374212521176e-01
1.475380913269932259e+00 1.765779286739480813e+00 7.484302963219964244e-01
1.478605869251196303e+00 1.768816550189225678e+00 7.518925823766469119e-01
1.481426600378729308e+00 1.771470871585262508e+00 7.547819661575415617e-01
1.484386042477659595e+00 1.774274318695742814e+00 7.577895412791705310e-01
1.487502442922467694e+00 1.777243355625662158e+00 7.609797558439231890e-01
1.490512584094673798e+00 1.780129381954746126e+00 7.641073632649418856e-01
1.493743022468354331e+00 1.783262797292282986e+00 7.675092508832714877e-01
1.496807540333038311e+00 1.786251294409897383e+00 7.707835986613712498e-01
1.499633642795807020e+00 1.789029630834565454e+00 7.737241352140221684e-01
1.502459808590720591e+00 1.791801787065146367e+00 7.766748541304056008e-01
1.502536287088968692e+00 1.791875566950779763e+00 7.767522532352856279e-01
1.505256405669204600e+00 1.794582642622970070e+00 7.794256294096364446e-01
1.508258342106308714e+00 1.797598211717725158e+00 7.823016707249303980e-01
1.511102796902894063e+00 1.800456363739045162e+00 7.849683294778919684e-01
1.513659377813998841e+00 1.803017889188606171e+00 7.873544272499353180e-01
1.520422716863047530e+00 1.809939774137718782e+00 7.938397695826633349e-01
1.523171244793750656e+00 1.812744395056455016e+00 7.965490014270456554e-01
1.526370037965968152e+00 1.816011271876378341e+00 7.997250551620970205e-01
1.529305576484903284e+00 1.819063741629361797e+00 8.025910925006910501e-01
1.532442889071703229e+00 1.822349305763444116e+00 8.054572789131766442e-01
1.535406572922871415e+00 1.825489144616351922e+00 8.080402748965291870e-01
1.538294405889685246e+00 1.828542014057450649e+00 8.105490891412262533e-01
1.541061105921971208e+00 1.831447833415490667e+00 8.129858280203533516e-01
1.543640110730817971e+00 1.834228993120486262e+00 8.153137626023652107e-01
1.546216168042553907e+00 1.836993538669290382e+00 8.176294927914647959e-01
1.549137338085529336e+00 1.840154257576262609e+00 8.201715868089199946e-01
1.551902644732798153e+00 1.843160504452869608e+00 8.225765914303712067e-01
1.554594472148844719e+00 1.846094368726322044e+00 8.248747838545031907e-01
1.557125847373580729e+00 1.848885811138927249e+00 8.269441103813012228e-01
1.559739242304110984e+00 1.851745006146624295e+00 8.290864957591328466e-01
1.562754238136401241e+00 1.855082829192447491e+00 8.314207597348437506e-01
1.565276700483961836e+00 1.857879293346036853e+00 8.334240615600614355e-01
1.568131313104570879e+00 1.861067609233507003e+00 8.357602021663091962e-01
1.570565614834787738e+00 1.863811813161430075e+00 8.376906640392457470e-01
1.573017520744026232e+00 1.866539104155615636e+00 8.396690244392178704e-01
1.575742004848689426e+00 1.869571128395486781e+00 8.418156921328590059e-01
1.578455788934659765e+00 1.872628210273281413e+00 8.438730895972033075e-01
1.581147306391961216e+00 1.875667209495532450e+00 8.458715976216496513e-01
1.583689966584924003e+00 1.878570970778406624e+00 8.477158940985469737e-01
1.586173851402095325e+00 1.881392787781137166e+00 8.495605091361312367e-01
1.588694542826387224e+00 1.884293810731060947e+00 8.514633900410274459e-01
1.591078915692874407e+00 1.887039882010158376e+00 8.531899486876733940e-01
1.593525229745590632e+00 1.889896256890523318e+00 8.549218321824345601e-01
1.595818375792806165e+00 1.892570131013622703e+00 8.565464134668270280e-01
1.598113540467585025e+00 1.895246011287484933e+00 8.581524636066729661e-01
1.600879531161694125e+00 1.898492958065785663e+00 8.600161961381149744e-01
1.603489132570820264e+00 1.901565551077910587e+00 8.617248764095304381e-01
1.605891534057853232e+00 1.904405965036669812e+00 8.632860623418446844e-01
1.606023938696509390e+00 1.904565168806064523e+00 8.633699728878266866e-01
1.608773997403814882e+00 1.907807860663660371e+00 8.651731177159045494e-01
1.608839134157825201e+00 1.907885414655415834e+00 8.652150576947181815e-01
1.611244913690579095e+00 1.910752773542777172e+00 8.667791278652799969e-01
1.613629103865911851e+00 1.913598870198791602e+00 8.683336006535488094e-01
1.616083633413177623e+00 1.916528543477912683e+00 8.698961968078443574e-01
1.618740541285979662e+00 1.919713191190708823e+00 8.715422175871664345e-01
1.621442646101181495e+00 1.922957654376451053e+00 8.731686805928980943e-01
1.624066000983247493e+00 1.926140939572240862e+00 8.747164770242512599e-01
1.626490496037737987e+00 1.929086259189866759e+00 8.761562608274051644e-01
1.629056271039784232e+00 1.932197589762123746e+00 8.776525143286331154e-01
1.631795622145944202e+00 1.935538064418702575e+00 8.792741656702814934e-01
1.634147912790358870e+00 1.938400665132691714e+00 8.806157598464132708e-01
1.636362975339478831e+00 1.941108686441941122e+00 8.818198252918156843e-01
1.638583597851438256e+00 1.943815090653169708e+00 8.830417250825864928e-01
1.640794735910158675e+00 1.946540472383182951e+00 8.842077646631661958e-01
1.643141173731802240e+00 1.949415746893451651e+00 8.853588317025287147e-01
1.645391358632389611e+00 1.952215174398784336e+00 8.864854734379346013e-01
1.647704786485379547e+00 1.955090893713082645e+00 8.876102033882660169e-01
1.650230672689107170e+00 1.958222177736736791e+00 8.888862199474394377e-01
1.652479663330166826e+00 1.961026808151864698e+00 8.899978066394094167e-01
1.654800480652941275e+00 1.963915045763923839e+00 8.911422090245110228e-01
1.660442568365660065e+00 1.970991692759049174e+00 8.937806878480655248e-01
1.662941275927843687e+00 1.974127013446280055e+00 8.949219096944234231e-01
1.665258064902332524e+00 1.977014540578546420e+00 8.959302070260972695e-01
1.667549129419227949e+00 1.979908736378041878e+00 8.969068127892445563e-01
1.669898842773572145e+00 1.982886398875125744e+00 8.978720109036872898e-01
1.672251804147322440e+00 1.985868988964513360e+00 8.988631451184426746e-01
1.672378035107268346e+00 1.986029471590100570e+00 8.989191637407107915e-01
1.674548959630458356e+00 1.988763353644267706e+00 8.997444410281318916e-01
1.676776151879868504e+00 1.991597049024095067e+00 9.005848027434683045e-01
1.676837898626343915e+00 1.991676686080419367e+00 9.006087012332408825e-01
1.679166551623000103e+00 1.994662024886423524e+00 9.015045938844443718e-01
1.679294821018756378e+00 1.994823677838417630e+00 9.015506782630762217e-01
1.681707945538576165e+00 1.997882564983492371e+00 9.024383957964149383e-01
1.683893232139320961e+00 2.000703847870131558e+00 9.032303785775661620e-01
1.686590743426049421e+00 2.004186439825960342e+00 9.041779513557873793e-01
1.688845198522059832e+00 2.007096246861014954e+00 9.049697984558605635e-01
1.691293800061238528e+00 2.010252147290318536e+00 9.057857526231983814e-01
1.693613821722810275e+00 2.013240883290310812e+00 9.065627518762162662e-01
1.695794963365755637e+00 2.016076727626936016e+00 9.072639868971803523e-01
1.697980698016297918e+00 2.018912057436965668e+00 9.079154062724704710e-01
1.700739002772108766e+00 2.022473119080986592e+00 9.087074896926009560e-01
1.703028152835085240e+00 2.025469439903109237e+00 9.093337023994132462e-01
1.705388592295339567e+00 2.028539963350618258e+00 9.099697783714603139e-01
1.707811187862995350e+00 2.031713220284446564e+00 9.106233344029303067e-01
1.710363927400772255e+00 2.035025165864970731e+00 9.113036391775841683e-01
1.712790580413720454e+00 2.038187442712860342e+00 9.119305914709331384e-01
1.715150429498446538e+00 2.041282029647984331e+00 9.124621514282611479e-01
1.717557335448622435e+00 2.044451243882912994e+00 9.129802943444190744e-01
1.717618056235196367e+00 2.044531248122860578e+00 9.129917675695591317e-01
1.719848328203407828e+00 2.047462400938813154e+00 9.134185624509350010e-01
1.722065197856951002e+00 2.050387532532794488e+00 9.138188361620346312e-01
1.724290273778343430e+00 2.053304076679474122e+00 9.142324582272515210e-01
1.726814185517701272e+00 2.056626141998816770e+00 9.147130679750222759e-01
1.726875019527698063e+00 2.056709173612055519e+00 9.147277858697789865e-01
1.729485604731050952e+00 2.060114355336200020e+00 9.152608467039018425e-01
1.732071348056493321e+00 2.063527984617748334e+00 9.158237395456922947e-01
1.732134330879800510e+00 2.063608139583555712e+00 9.158357591533986541e-01
1.734338991208822289e+00 2.066532211251745466e+00 9.162105024192994662e-01
1.736666210636944374e+00 2.069614165865784283e+00 9.165804639070512794e-01
1.739109247980311856e+00 2.072863230325020290e+00 9.169413207560738188e-01
1.741500109764813065e+00 2.076032868216712846e+00 9.172392919214572560e-01
1.744186125983202329e+00 2.079610108739316843e+00 9.175467935564863842e-01
1.746446150547111831e+00 2.082613419064303972e+00 9.177690224340201430e-01
1.748519876288418207e+00 2.085382974738263950e+00 9.179882040066202897e-01
1.750893184665561986e+00 2.088538967243508182e+00 9.182094307477512984e-01
1.753157174479546221e+00 2.091545152302719757e+00 9.183945486921034629e-01
1.755483486801171278e+00 2.094639638772382462e+00 9.185585857412829069e-01
1.757794424961523383e+00 2.097725723400178044e+00 9.187844576314627698e-01
1.760235783516681529e+00 2.100976626497135236e+00 9.189558473535256455e-01
1.762634991880488222e+00 2.104137804688308577e+00 9.190832432938085272e-01
1.765098953669123949e+00 2.107380798642004116e+00 9.192180834348679941e-01
1.767574437937206477e+00 2.110625102045659673e+00 9.193158741353150143e-01
1.767635629163677669e+00 2.110706065470633330e+00 9.193181800960965600e-01
1.770027735807838898e+00 2.113877468679139504e+00 9.193438657382798640e-01
1.772318711201268160e+00 2.116883062726421905e+00 9.193516582056751041e-01
1.774468544446294871e+00 2.119722708290816104e+00 9.193590016304536983e-01
1.776728697328628925e+00 2.122726925482930849e+00 9.192962993212278056e-01
1.779233757225567425e+00 2.126053003367989191e+00 9.192407904825394827e-01
1.781687883901514446e+00 2.129329607094917254e+00 9.192106763115623913e-01
1.783766764145384265e+00 2.132092327391813313e+00 9.192446946495894666e-01
1.785981940815410063e+00 2.135026681459129883e+00 9.192130234110403864e-01
1.788374449072915651e+00 2.138192951575835554e+00 9.191569350644207548e-01
1.788434510386084142e+00 2.138273131549319750e+00 9.191523661574142468e-01
1.790698023867004718e+00 2.141286008712437017e+00 9.190535818299528925e-01
1.793084044057563720e+00 2.144448667164574385e+00 9.189261022672768897e-01
1.795286388799889776e+00 2.147368954258929818e+00 9.187659779021959405e-01
1.797612537561402046e+00 2.150453100224563485e+00 9.185670116382493866e-01
1.799796536934314295e+00 2.153390675868909643e+00 9.183119492996149047e-01
1.801815365742726716e+00 2.156076975869666512e+00 9.181228120524931313e-01
1.807368487662452061e+00 2.163452614247347139e+00 9.175157060767648032e-01
1.809817786246104454e+00 2.166697883263713820e+00 9.173627995533067958e-01
1.812203572007658803e+00 2.169852025696662245e+00 9.171771755415312199e-01
1.814462270154149959e+00 2.172851068821339382e+00 9.169191833762294630e-01
1.816862852309377274e+00 2.176002701119901683e+00 9.166188436311349941e-01
1.819323092624663518e+00 2.179251809007014096e+00 9.162223147780063082e-01
1.821456091282476208e+00 2.182077057225146000e+00 9.158676679968458245e-01
1.823768162501231860e+00 2.185150273700810164e+00 9.154582838925654498e-01
1.825970056668371200e+00 2.188042988397872257e+00 9.150663628383420845e-01
1.828224848627055366e+00 2.191032720750588414e+00 9.146053757204637424e-01
1.830368186408369624e+00 2.193860685955707712e+00 9.142873118970762381e-01
1.832639155043538803e+00 2.196831730057760446e+00 9.139514308475659154e-01
1.835165205005832689e+00 2.200143620954693624e+00 9.135584016321097733e-01
1.837364435028959964e+00 2.203039910007018598e+00 9.131416147779879422e-01
1.839525212271096555e+00 2.205868661189535729e+00 9.126514806547524339e-01
1.842125195139503013e+00 2.209234891550369451e+00 9.120624082846366942e-01
1.842187085852948769e+00 2.209314172851175151e+00 9.120461078924961829e-01
1.844291604647402272e+00 2.212055733804548563e+00 9.115188727496862375e-01
1.846385260632841696e+00 2.214796737315066100e+00 9.109848490308801727e-01
1.848478655197150378e+00 2.217524594817396277e+00 9.104171029964323036e-01
1.850880592041329598e+00 2.220655835662494137e+00 9.097941431407642332e-01
1.853163150007719473e+00 2.223627482890445428e+00 9.091580043681639633e-01
1.855562651473458669e+00 2.226765335115000966e+00 9.086180026112273822e-01
1.858113274878053778e+00 2.230063017571694228e+00 9.081702472263043502e-01
1.860541995325398323e+00 2.233192514731971556e+00 9.076258716573826213e-01
1.862841286258152707e+00 2.236155382466048280e+00 9.070137759061405180e-01
1.865376481868605607e+00 2.239450194038104858e+00 9.062400216310343426e-01
1.867606885010277162e+00 2.242329379656220922e+00 9.055106691675339770e-01
1.869710450347366937e+00 2.245054055682003114e+00 9.047714522102201506e-01
1.871986029416961017e+00 2.248013002473308930e+00 9.040011324089513023e-01
1.874648851394744131e+00 2.251459246263042502e+00 9.030903906095492095e-01
1.876815366342484026e+00 2.254262628885304487e+00 9.023017075388148900e-01
1.879464917665596202e+00 2.257684955068264276e+00 9.013698611298557317e-01
1.881758917052979818e+00 2.260650059219279751e+00 9.006473469390672282e-01
1.884063278875762304e+00 2.263593049459363904e+00 8.999214296946689284e-01
1.886750970344366118e+00 2.267017517193571585e+00 8.990651844122780068e-01
1.889188729375802955e+00 2.270122409905929395e+00 8.981876254119065539e-01
1.891799433632038507e+00 2.273463952197253501e+00 8.972305978006348548e-01
1.894244242053896077e+00 2.276552850069641476e+00 8.963064967102740699e-01
1.896668080293538505e+00 2.279647214019390411e+00 8.953657412225914936e-01
1.898918584444046820e+00 2.282503619356899716e+00 8.944048930414697507e-01
1.901235008056755493e+00 2.285444179842848200e+00 8.933549748066835772e-01
1.903680270160360344e+00 2.288528154166530548e+00 8.922714299609585398e-01
1.905888660384083666e+00 2.291311473807692067e+00 8.914110687444317671e-01
1.908360429515123080e+00 2.294385812497671928e+00 8.905505035199350328e-01
1.910879013676692439e+00 2.297558928501861608e+00 8.896236676103681518e-01
1.910941822288716896e+00 2.297637986906935659e+00 8.896006349333918095e-01
1.913076861634653403e+00 2.300325671117301685e+00 8.887340760879003376e-01
1.915279646037409966e+00 2.303104486062507839e+00 8.878099986322525172e-01
1.915342680473690828e+00 2.303182701191718529e+00 8.877850385628013319e-01
1.917601959399703349e+00 2.306017908031635866e+00 8.867149960699748368e-01
1.920067146572296934e+00 2.309083708084330944e+00 8.854861025101146144e-01
1.922721388871990511e+00 2.312390240422054877e+00 8.841486687918463927e-01
1.928806607411560403e+00 2.319927004278183436e+00 8.810332209809506043e-01
1.931179718296162084e+00 2.322830355363147525e+00 8.798194382769037869e-01
1.933501247298298864e+00 2.325643784457285257e+00 8.788061383599505838e-01
1.936091692097812400e+00 2.328764881903413908e+00 8.779851429116327655e-01
1.938518692129786780e+00 2.331723821945530073e+00 8.769638368375438642e-01
1.940898920991865895e+00 2.334600945875245692e+00 8.758331521648780038e-01
1.943195908426269547e+00 2.337413794558596880e+00 8.746194865230747517e-01
1.945841634528838737e+00 2.340600676400836022e+00 8.731219056284731383e-01
1.947968332469198538e+00 2.343159070241359831e+00 8.719456770840924298e-01
1.950282704721834071e+00 2.345958376092249775e+00 8.706741150900992876e-01
1.952926282237188227e+00 2.349139237889294130e+00 8.691817842199550670e-01
1.955482213512504508e+00 2.352167053132048213e+00 8.684043264217304881e-01
1.958083642467600249e+00 2.355246122455131541e+00 8.681013750367010395e-01
1.961009476126241990e+00 2.358727328212896879e+00 8.672042119768581525e-01
1.963254275165566165e+00 2.361423759047768023e+00 8.658878960509739375e-01
1.965926838654463493e+00 2.364650140162547487e+00 8.639537525310333477e-01
1.968539626315583213e+00 2.367790274630356517e+00 8.619510903575144933e-01
1.971432240862588170e+00 2.371260554148862276e+00 8.596997558475185652e-01
1.973788323803878253e+00 2.374018584758434969e+00 8.579345122125437983e-01
1.976075595795673934e+00 2.376724153535285655e+00 8.563077571829899037e-01
1.978389532038563603e+00 2.379413880770433920e+00 8.547534322160236231e-01
1.980977128843269375e+00 2.382384918929011164e+00 8.532892728816529049e-01
1.983150937542374814e+00 2.384918173139820130e+00 8.520799069814606330e-01
1.985396333976958250e+00 2.387512753650868458e+00 8.508484277906577242e-01
1.987863385632787860e+00 2.390342406545194809e+00 8.494536051987396919e-01
1.990182882253200836e+00 2.393007988413094811e+00 8.480974170467200368e-01
1.992635929022730901e+00 2.395832955212439774e+00 8.465961477243095779e-01
1.994885247325118627e+00 2.398423996587515816e+00 8.452081235934409964e-01
1.997607333082842329e+00 2.401537885316978205e+00 8.435057540167280044e-01
1.999743035549458536e+00 2.403954931930250449e+00 8.421845336991379272e-01
2.001980826840658700e+00 2.406519405484415675e+00 8.406805212823834639e-01
2.004842195293468077e+00 2.409772538930912589e+00 8.386845706455721139e-01
2.007336212735470138e+00 2.412560315150893864e+00 8.370590822264158959e-01
2.009684705773998381e+00 2.415204270531474684e+00 8.356910409722896338e-01
2.011992598474262373e+00 2.417774925657499629e+00 8.343369353575094127e-01
2.014214916361773966e+00 2.420255274973575510e+00 8.330153756495553008e-01
2.016776369486568132e+00 2.423118345346076286e+00 8.314147873621402507e-01
2.019129904126331532e+00 2.425747099136368767e+00 8.299115654251626450e-01
2.021489422288814453e+00 2.428367897633892714e+00 8.283965957647638767e-01
2.024178115976283721e+00 2.431349363247994777e+00 8.263962624771780119e-01
2.026594818184528357e+00 2.434046584518798628e+00 8.244432640209093943e-01
2.029162584312546702e+00 2.436848666296186572e+00 8.224478091987255102e-01
2.031894283227823284e+00 2.439811305019287779e+00 8.205428538241922309e-01
2.034438801857466395e+00 2.442570618154642048e+00 8.190915867722272647e-01
2.037186846049178435e+00 2.445533089616235944e+00 8.175558962524910323e-01
2.037256255924662529e+00 2.445607716365464590e+00 8.175145922423223688e-01
2.040010846470368122e+00 2.448563762544282874e+00 8.158183776639743590e-01
2.042576306673037578e+00 2.451292187556906921e+00 8.141824284501983922e-01
2.045051237834318414e+00 2.453939183097256560e+00 8.125476951204030351e-01
2.047861010112602465e+00 2.456951057362863011e+00 8.104516633326404040e-01
2.053794560984128381e+00 2.463320873029823943e+00 8.054100965354998864e-01
2.056547213714376987e+00 2.466244039766364970e+00 8.030328037522632689e-01
2.059151322296114195e+00 2.468939683906429927e+00 8.012656863692476650e-01
2.061741926971183858e+00 2.471638733580676650e+00 7.998254824617523351e-01
2.064428568792836316e+00 2.474413931162504188e+00 7.983396514885234829e-01
2.066885388628850517e+00 2.476948730477360083e+00 7.968750387635216148e-01
2.069623433680009228e+00 2.479779717436775055e+00 7.951037407447758554e-01
2.072476759575643257e+00 2.482738670917009838e+00 7.927845140210978414e-01
2.072547084164646947e+00 2.482805386484685961e+00 7.927175995911276418e-01
2.075037540788278179e+00 2.485371654450985623e+00 7.902869363416789028e-01
2.077384560531432278e+00 2.487808582400445445e+00 7.879443151972796988e-01
2.080364593480311441e+00 2.490826178371846389e+00 7.857447653750827543e-01
2.082869295398454668e+00 2.493324084023385900e+00 7.844390764537296779e-01
2.085428455419605420e+00 2.495900641014404009e+00 7.830939317804126443e-01
2.087836372599167767e+00 2.498326961342263175e+00 7.817131610692669152e-01
2.090616764885028900e+00 2.501094040317239475e+00 7.799564680185894217e-01
2.093521657144889581e+00 2.504012939049576225e+00 7.778988848239384302e-01
2.095954607797654745e+00 2.506461728991840943e+00 7.756703915760108092e-01
2.098421081643369046e+00 2.508937444719123278e+00 7.728022732252579630e-01
2.100900107023162100e+00 2.511377973301666344e+00 7.699295538358463808e-01
2.103254215486046075e+00 2.513702162043705890e+00 7.673411774383759321e-01
2.106173816375203067e+00 2.516524031034613529e+00 7.650000972581769698e-01
2.109399883801715614e+00 2.519613322851444792e+00 7.633458086915294594e-01
2.111952094406966296e+00 2.522064168747147228e+00 7.620664933469101232e-01
2.114943071613731185e+00 2.524960509967939082e+00 7.602974889966090943e-01
2.117557526781546962e+00 2.527474894061029875e+00 7.585960930165309701e-01
2.120093283211785362e+00 2.529899233933095015e+00 7.567881039148011135e-01
2.122948445664742945e+00 2.532631181010494448e+00 7.541349071255915026e-01
2.125567569184021899e+00 2.535116589905046514e+00 7.508986683027091269e-01
2.128485130042292894e+00 2.537942124092085638e+00 7.472933615050310063e-01
2.131203400060913022e+00 2.540467281333859795e+00 7.446473500834244197e-01
2.131278264258407162e+00 2.540535191927228986e+00 7.445887283082365249e-01
2.134181369001650008e+00 2.543204339925517310e+00 7.427588650704284312e-01
2.137318998149616789e+00 2.546069565382405031e+00 7.409668645822099498e-01
2.140139846099541998e+00 2.548662226383124008e+00 7.392225135517551671e-01
2.143181284921955143e+00 2.551463094247264696e+00 7.371233724152681521e-01
2.145913084804200288e+00 2.553976833259377521e+00 7.350495149421584218e-01
2.149058683478738629e+00 2.556856917490102354e+00 7.321141884239115161e-01
2.151787622049198490e+00 2.559364857232757196e+00 7.287764807958324598e-01
2.154416025823203906e+00 2.561754712232831466e+00 7.253343971135691737e-01
2.157190274386962869e+00 2.564231835527840619e+00 7.224010046441787791e-01
2.159968166651626387e+00 2.566718848766242900e+00 7.201102315824886579e-01
2.162673137888272645e+00 2.569128497744416428e+00 7.181331973030962157e-01
2.165549842786011148e+00 2.571668743906921684e+00 7.160142187803890668e-01
2.168271830978298453e+00 2.574065860420119201e+00 7.139007948322486641e-01
2.171064006260077228e+00 2.576515588011327296e+00 7.116409339080715935e-01
2.173633847688889453e+00 2.578763258408223180e+00 7.094533245627082652e-01
2.176627726807233820e+00 2.581408709042624761e+00 7.063228904029833499e-01
2.179484859057616575e+00 2.583884746930853460e+00 7.028827114871051274e-01
2.182068956999815512e+00 2.586126645239048560e+00 7.000987497788349057e-01
2.184755393350497066e+00 2.588413418626560158e+00 6.976400009140157898e-01
2.187763102137574744e+00 2.590931857034944663e+00 6.950895085638090221e-01
2.187841384426972180e+00 2.590997142476767046e+00 6.950247989296023388e-01
2.190761746719251946e+00 2.593459722484257490e+00 6.925282168207171907e-01
2.193827851178144606e+00 2.596048394362397538e+00 6.899089111581566680e-01
2.196598277114746978e+00 2.598360813502499145e+00 6.874871505733975985e-01
2.199449417823265307e+00 2.600747249730163801e+00 6.849193362166308141e-01
2.202287480135638020e+00 2.603127612584030359e+00 6.823126839625104356e-01
2.205226327557576749e+00 2.605564483250286223e+00 6.792766326632349028e-01
2.208319277622798893e+00 2.608093600634327380e+00 6.760126532901301610e-01
2.215080839193342754e+00 2.613617535907834188e+00 6.693185839134053738e-01
2.217891305798694201e+00 2.615876140253059923e+00 6.665661925845702829e-01
2.221185245016020549e+00 2.618508522439820574e+00 6.634480006651525263e-01
2.221261796953682754e+00 2.618571545583744609e+00 6.633756311053533583e-01
2.224410755918815319e+00 2.621056987017307716e+00 6.604333906799284559e-01
2.227168974049908989e+00 2.623230700264458370e+00 6.578240482611041884e-01
2.229922234588003427e+00 2.625398040565908975e+00 6.552474804553299892e-01
2.232860838036415885e+00 2.627641560531909448e+00 6.532787974371691009e-01
2.235797719868399369e+00 2.629921045625822629e+00 6.519566409851592637e-01
2.238836541368014466e+00 2.632289683780957290e+00 6.489812826254971467e-01
2.241410170823716186e+00 2.634288514471714304e+00 6.460598041726953733e-01
2.244295721799993260e+00 2.636529761921778459e+00 6.425715497712072288e-01
2.247212495305928037e+00 2.638763695693792322e+00 6.391047212886141748e-01
2.249836311855561100e+00 2.640753760553476326e+00 6.360875134534673681e-01
2.252882894758283072e+00 2.643029922370187634e+00 6.327869698056264314e-01
2.256101633082627345e+00 2.645437257394747554e+00 6.294227180639550001e-01
2.259533563394469091e+00 2.647917587897671510e+00 6.270694062062607266e-01
2.262358301258337256e+00 2.649981845579328255e+00 6.269747998394529231e-01
2.265363257666618946e+00 2.652162369974777612e+00 6.271658637798800395e-01
2.268453908493839322e+00 2.654401710575209350e+00 6.268942887112312068e-01
2.272005525700353523e+00 2.657007364051088061e+00 6.253984795155622667e-01
2.275034138301311071e+00 2.659238773746230855e+00 6.216912966581134015e-01
2.277722170721857786e+00 2.661190806272603737e+00 6.162077958554950108e-01
2.280829338886061208e+00 2.663443880734244651e+00 6.101979311473451073e-01
2.284055559200671937e+00 2.665758764968557237e+00 6.054971784076131902e-01
2.287059884360133744e+00 2.667881924839015539e+00 6.018738579819739032e-01
2.290590190946607763e+00 2.670337653936845967e+00 5.984158630419145197e-01
2.293826658713896460e+00 2.672549722046418719e+00 5.954766063898188078e-01
2.296733206190942234e+00 2.674541039206874249e+00 5.928245799608631295e-01
2.299801250559380339e+00 2.676638108388677217e+00 5.899748047929965766e-01
2.303114508319973996e+00 2.678881349044427207e+00 5.868545198459874657e-01
2.306077994530895570e+00 2.680881607623716079e+00 5.838416272585483791e-01
2.308904698096125863e+00 2.682821599720607963e+00 5.802916318071402735e-01
2.311635832867971807e+00 2.684620052109849553e+00 5.766852890348572735e-01
2.314809654368394032e+00 2.686722560416947125e+00 5.727056018585409136e-01
2.317738128979120127e+00 2.688641170317261686e+00 5.692835243525888878e-01
2.320750098792823124e+00 2.690622251692273537e+00 5.659499535684541227e-01
2.324296092312644113e+00 2.692897172287718188e+00 5.622765806681412348e-01
2.327268696640705681e+00 2.694806356738189912e+00 5.592066525816237199e-01
2.330245693023273112e+00 2.696675628266786973e+00 5.561973312444359330e-01
2.333309742978604717e+00 2.698577222739147352e+00 5.538228306656642896e-01
2.336617233911402192e+00 2.700612281237546597e+00 5.535497035370899876e-01
2.339668501090166330e+00 2.702508357352211732e+00 5.541262942859711549e-01
2.342483722954453285e+00 2.704251442971258967e+00 5.538417765272125592e-01
2.345311975731958931e+00 2.706048111276230905e+00 5.515803380050751104e-01
2.348114056123756122e+00 2.707821767355932607e+00 5.474059314792630859e-01
2.351342027155134407e+00 2.709804479367630137e+00 5.404224280271492376e-01
2.354364556539172426e+00 2.711652308932146482e+00 5.338338090808198988e-01
2.357624815747102698e+00 2.713638614015512207e+00 5.280418994473154992e-01
2.360919619197757946e+00 2.715566514144136967e+00 5.244309931173273265e-01
2.364446925606090488e+00 2.717605053401977777e+00 5.214802186185458766e-01
2.367781962093638448e+00 2.719508281748296064e+00 5.189975449773661653e-01
2.375303715141753091e+00 2.723771257204608442e+00 5.133539567529844527e-01
2.378620049892265165e+00 2.725653582837265443e+00 5.106715474242161656e-01
2.381942378548662198e+00 2.727499412064385620e+00 5.084277648964298235e-01
2.385635015195624931e+00 2.729572059703311293e+00 5.078238795909559844e-01
2.388772068377482682e+00 2.731340493824210736e+00 5.053524768569189751e-01
2.392066200665869946e+00 2.733216562866054744e+00 5.007064975707695709e-01
2.395146023350505082e+00 2.734921245208489893e+00 4.951605075842062109e-01
2.398490143638831285e+00 2.736756306047094967e+00 4.891014288823221645e-01
2.401934095746684150e+00 2.738634505382715467e+00 4.835413517251436755e-01
2.405839988233322124e+00 2.740713877155790179e+00 4.784242531308358082e-01
2.409046031946790567e+00 2.742375958870688635e+00 4.752908862838695625e-01
2.412012556068162006e+00 2.743885384487565915e+00 4.736644697244902780e-01
2.415315845373708914e+00 2.745586701934720875e+00 4.721303708613209249e-01
2.418611382241160790e+00 2.747256208319674542e+00 4.704175556465377550e-01
2.421979190033022977e+00 2.748981742465686828e+00 4.682525536771022789e-01
2.425269763060219574e+00 2.750661127379859572e+00 4.654945507781804159e-01
2.428260204797690669e+00 2.752173921268433965e+00 4.626928110828180674e-01
2.431764745152453777e+00 2.754017286230922679e+00 4.587191284081735265e-01
2.434612675364079326e+00 2.755445379734276390e+00 4.544425836857827750e-01
2.438482151373828621e+00 2.757381904402466333e+00 4.484948356432136296e-01
2.442028853207963035e+00 2.759139091595937288e+00 4.433432588239408223e-01
2.445633886908369803e+00 2.760909958676077913e+00 4.387488149181102415e-01
2.448798879398996320e+00 2.762430670796181431e+00 4.351391282778062086e-01
2.452175297935260900e+00 2.764035658634451664e+00 4.315304507196007222e-01
2.455642150204732310e+00 2.765656646805965568e+00 4.279950135536106370e-01
2.458873366799396720e+00 2.767134484384715876e+00 4.249745013656708315e-01
2.462459640698831720e+00 2.768741813001678320e+00 4.228875586010889531e-01
2.466228601695731992e+00 2.770433798790055135e+00 4.207188992163669039e-01
2.469625157940017246e+00 2.771960914347689098e+00 4.185515022536679397e-01
2.472640981164065721e+00 2.773315937938229503e+00 4.162885029006588855e-01
2.475641247842107706e+00 2.774671980000317006e+00 4.136368727857923644e-01
2.479003361842937014e+00 2.776156984198355104e+00 4.103947751033373836e-01
2.482706530764538400e+00 2.777746096007049026e+00 4.076795509348701274e-01
2.485934638900867188e+00 2.779169703322363461e+00 4.061135727366059767e-01
2.489239792438376231e+00 2.780654650440021136e+00 4.024722049293470993e-01
2.492693614261310309e+00 2.782144031238091841e+00 3.966175134751265263e-01
2.492781201712371164e+00 2.782181397341258133e+00 3.964624521574779403e-01
2.496202650762222142e+00 2.783626735778641947e+00 3.906524128612521296e-01
2.500027992045086300e+00 2.785257283933741057e+00 3.847568520234865286e-01
2.503624502723342360e+00 2.786762807832697142e+00 3.795905529526593658e-01
2.503716028904818813e+00 2.786800095082898387e+00 3.794688464715511023e-01
2.507561832406844271e+00 2.788346962463806200e+00 3.749409995212281133e-01
2.510867111397632634e+00 2.789641787241976090e+00 3.721236884968084357e-01
2.514068980239417606e+00 2.790901327213920702e+00 3.695835585135242574e-01
2.517356383664867359e+00 2.792175046254378401e+00 3.669954527746948081e-01
2.520835569864083858e+00 2.793523942386227699e+00 3.640446997970112064e-01
2.524132578787212644e+00 2.794792814657078850e+00 3.611497390806784891e-01
2.527790770856483515e+00 2.796189488291585867e+00 3.577230646958259874e-01
2.531271106779586333e+00 2.797491132127560398e+00 3.543831040487490092e-01
2.534812910096944094e+00 2.798781576895125411e+00 3.517184354458011697e-01
2.538438945990924012e+00 2.800103725970715551e+00 3.508160318155709168e-01
2.541718180887145628e+00 2.801310838527192537e+00 3.500911686849632609e-01
2.545641555245769183e+00 2.802767028716134590e+00 3.480354514205235006e-01
2.549096441734755025e+00 2.804063073828275687e+00 3.435938081749787543e-01
2.552390397033073910e+00 2.805259502046863140e+00 3.375996296124680884e-01
2.556244556995615813e+00 2.806626790905802693e+00 3.301014463876540961e-01
2.560171625962550657e+00 2.808022453269656715e+00 3.229670445192147632e-01
2.563969256597344870e+00 2.809326244337126077e+00 3.173607957953361036e-01
2.567628322070200753e+00 2.810540495957016383e+00 3.133046787185975179e-01
2.571206334161336038e+00 2.811700826111811935e+00 3.098425063535213408e-01
2.580310357083876127e+00 2.814590448045768856e+00 3.021921366235553741e-01
2.584212752400960156e+00 2.815818813521607566e+00 2.989042295857900489e-01
2.588014827366568404e+00 2.816994528541046705e+00 2.960234057384287798e-01
2.591920025681898387e+00 2.818172698481665961e+00 2.933520953523363617e-01
2.595692369947515843e+00 2.819312980322455253e+00 2.906635220836721878e-01
2.599543426671883317e+00 2.820472137268345669e+00 2.876062680285048079e-01
2.599641909560143738e+00 2.820503565409207880e+00 2.875303457057705736e-01
2.603459459961726452e+00 2.821657546775689696e+00 2.840982752607480455e-01
2.607000815781217895e+00 2.822720962759696306e+00 2.807852246281691277e-01
2.611235523893734367e+00 2.823936375729275916e+00 2.779391588362805643e-01
2.611335746972903493e+00 2.823964683781831297e+00 2.779094317474410381e-01
2.614861799338668025e+00 2.824965715810703770e+00 2.767491149787478788e-01
2.618795320896936119e+00 2.826086045761520005e+00 2.754708059295535860e-01
2.622914740581703263e+00 2.827259035722308855e+00 2.737481056822234637e-01
2.626246991388047736e+00 2.828225827625990618e+00 2.711899359072896254e-01
2.629609172641143466e+00 2.829202670295293043e+00 2.664872762231471626e-01
2.632685520102287402e+00 2.830038291685788465e+00 2.604786575781378177e-01
2.636190954523039309e+00 2.830979976304575096e+00 2.528569335486544056e-01
2.639979430611127498e+00 2.832022702023330396e+00 2.458084782733495899e-01
2.640078192896511577e+00 2.832053844447901536e+00 2.456450363942913606e-01
2.643780504224589656e+00 2.833030653436209079e+00 2.397069206411963083e-01
2.647590566268765322e+00 2.833983815961905517e+00 2.355004106140659859e-01
2.651249229653515727e+00 2.834864890207902111e+00 2.319914736320482784e-01
2.655012653842414139e+00 2.835760345457190912e+00 2.286767768780729182e-01
2.658892853419296820e+00 2.836667058918285633e+00 2.256774307605965701e-01
2.662659045620086040e+00 2.837534715465418245e+00 2.228498254324371430e-01
2.662756693063990987e+00 2.837555854552274326e+00 2.227731544189990032e-01
2.666395473714437081e+00 2.838382983885240574e+00 2.198155675200641201e-01
2.670243894036613774e+00 2.839243397558544935e+00 2.165781830071560887e-01
2.673797748001826236e+00 2.840038419021291727e+00 2.134852139855465125e-01
2.677927793992004535e+00 2.840949755868643400e+00 2.098342812989053285e-01
2.678026944071237203e+00 2.840969749807307654e+00 2.097461819638037905e-01
2.681818129311990262e+00 2.841772374572322235e+00 2.066949734243530845e-01
2.685520018330793235e+00 2.842542636789280319e+00 2.043264649473177652e-01
2.689176739363514645e+00 2.843300686879544514e+00 2.019781646667610508e-01
2.693328801906249570e+00 2.844159426096521059e+00 1.991008366624626713e-01
2.693427162971870459e+00 2.844178632380537142e+00 1.990269532105477801e-01
2.696967508365696098e+00 2.844913019483115590e+00 1.962219470360118956e-01
2.700695442255327983e+00 2.845662060520474768e+00 1.929975561556762087e-01
2.704211006743549639e+00 2.846377195479195876e+00 1.898726262162551415e-01
2.707544790092490494e+00 2.847026992174674476e+00 1.874424585950240918e-01
2.711078601975429159e+00 2.847687350527647432e+00 1.859514139212280481e-01
2.715048240594547746e+00 2.848440582181367642e+00 1.843686430242294505e-01
2.718624380269500485e+00 2.849103493919399543e+00 1.825525829811174561e-01
2.722440334895435576e+00 2.849825105089102806e+00 1.800850565283089455e-01
2.722539646897451426e+00 2.849840929748581608e+00 1.800117261915549216e-01
2.726114465496252581e+00 2.850542945813365314e+00 1.771451902317603133e-01
2.729809807024050627e+00 2.851251430839160328e+00 1.739314761953389687e-01
2.733266917759969772e+00 2.851877387216738668e+00 1.701818409607604443e-01
2.736343950575774731e+00 2.852422625304288140e+00 1.648972210010101191e-01
2.739452193860712370e+00 2.852955350047489347e+00 1.588214215750532177e-01
2.743127762238527279e+00 2.853578841957616241e+00 1.515790524251658944e-01
2.743222909634911666e+00 2.853590984351194848e+00 1.513934003920094640e-01
2.746953603315044568e+00 2.854201759842982078e+00 1.454934865435432712e-01
2.750998729027257284e+00 2.854835217137986270e+00 1.404700162301500410e-01
2.751096838437076197e+00 2.854849712928872574e+00 1.403492174036042872e-01
2.755197149339973173e+00 2.855441675648483724e+00 1.361615804537907592e-01
2.759287779776024241e+00 2.855989189948854534e+00 1.325455175314519396e-01
2.762577149568329560e+00 2.856416927817526208e+00 1.297298472284085513e-01
2.766179681218730924e+00 2.856892784231790383e+00 1.267728945957152520e-01
2.770071855737652911e+00 2.857383984883004047e+00 1.235663094977677984e-01
2.773757921169869967e+00 2.857841561541687891e+00 1.205248374500916125e-01
2.777340593679332947e+00 2.858295688940145407e+00 1.175733895302732285e-01
2.780641263875561542e+00 2.858695800562626399e+00 1.147817292260799316e-01
2.784551486167179846e+00 2.859155045911288440e+00 1.116572455634355088e-01
2.788556913985792640e+00 2.859610365567492263e+00 1.084908399746344204e-01
2.792378709209237808e+00 2.860043938897245397e+00 1.053783929399852576e-01
2.801667476830222991e+00 2.861044204179322037e+00 9.788624053271106906e-02
2.805253798457079562e+00 2.861405281414031609e+00 9.493145822573847981e-02
2.808780319862005381e+00 2.861755224046487633e+00 9.227105681887801114e-02
2.812701326009859670e+00 2.862117597726212104e+00 8.946894727351877019e-02
2.816985626849220825e+00 2.862504590030075846e+00 8.639212467940876605e-02
2.820578554320656739e+00 2.862831063703114687e+00 8.365950041181506591e-02
2.824186039909410528e+00 2.863164161524744067e+00 8.080505638439564042e-02
2.828163094365906183e+00 2.863509166887160617e+00 7.757419939279736054e-02
2.828262935351860019e+00 2.863519360886805920e+00 7.749303408108454416e-02
2.832062271743125859e+00 2.863826489041077394e+00 7.462227537934865151e-02
2.836444198111570003e+00 2.864158841652305831e+00 7.187489118571326052e-02
2.839931663068747003e+00 2.864425090838722987e+00 6.960470908555616010e-02
2.843614680555928143e+00 2.864701862590960602e+00 6.697532489372007292e-02
2.847589519635831401e+00 2.864998915857074557e+00 6.395413863276838695e-02
2.847688974738684209e+00 2.865009378297894038e+00 6.388119298017036485e-02
2.851256600645964312e+00 2.865260400507495753e+00 6.101839852178046752e-02
2.855132253980420476e+00 2.865524560467671122e+00 5.780245637268950631e-02
2.858739632873092962e+00 2.865757849025166060e+00 5.526657471226793100e-02
2.862647144672302524e+00 2.865979980857504827e+00 5.280259743346780998e-02
2.866324026626525967e+00 2.866189093701484225e+00 5.040554996422193235e-02
2.869821897636407382e+00 2.866388646221523118e+00 4.795141162022534265e-02
2.873990094851083477e+00 2.866610281277666594e+00 4.484446631579722814e-02
2.877461794301434228e+00 2.866793478408786733e+00 4.216625868017505330e-02
2.881231888382529860e+00 2.866983955610495016e+00 3.913028251592538809e-02
2.884532458196872096e+00 2.867142659516931147e+00 3.661306633686610412e-02
2.888116246465908254e+00 2.867292980173112404e+00 3.430523359219492252e-02
2.892396909157906482e+00 2.867440024900683504e+00 3.147675353126030973e-02
2.895886137537469818e+00 2.867572864854925463e+00 2.903569308612241259e-02
2.895985610123694709e+00 2.867578965401373914e+00 2.896685573183373913e-02
2.899739085260520266e+00 2.867707911475743998e+00 2.617019963033272167e-02
2.903001570272141674e+00 2.867798274584536067e+00 2.366121906864618665e-02
2.906540596252974673e+00 2.867927585714828531e+00 2.091023364724627770e-02
2.910223901773226096e+00 2.868020805733193512e+00 1.829668569985417118e-02
2.913884217875000626e+00 2.868099920181705009e+00 1.588708426002409524e-02
2.917350532025966725e+00 2.868184376965293936e+00 1.356785995493105419e-02
2.921491048814027547e+00 2.868271731234903754e+00 1.063912570228106591e-02
2.925042680179956722e+00 2.868343159373223816e+00 7.967475577420363164e-03
2.928686254316703597e+00 2.868427326076477435e+00 5.113193482696290308e-03
2.932725207215098884e+00 2.868473755397311198e+00 2.219836803551351097e-03
2.936092001225893089e+00 2.868497443376964107e+00 -1.566025595215893415e-04
2.939641084686988926e+00 2.868514643473956127e+00 -2.700492234905387760e-03
2.943187506436715672e+00 2.868543107223574751e+00 -5.337263153602989779e-03
2.947223364552709945e+00 2.868549175685237707e+00 -8.378694624984915282e-03
2.947320010746579566e+00 2.868552146600758856e+00 -8.450518660935942006e-03
2.951141509227784177e+00 2.868546105390950451e+00 -1.138171832325159116e-02
2.954558201843284326e+00 2.868544456893905803e+00 -1.404787175523490410e-02
2.958194988999987007e+00 2.868526696335130133e+00 -1.667388974183272102e-02
2.961819607816568833e+00 2.868493980483160399e+00 -1.924479696513274954e-02
2.965152348689335415e+00 2.868454567832998237e+00 -2.164638857005290323e-02
2.968768900168078595e+00 2.868392478965719583e+00 -2.433983181807100951e-02
2.972184857616329889e+00 2.868349199841894404e+00 -2.693170039797256055e-02
