3.104327593526981510e-04 1.500266858838037454e+00 -7.027884640943167765e-04
4.237144876592796594e-04 1.500406201057751021e+00 -9.646716392264955819e-04
4.345996954734088202e-04 1.500440123387866809e+00 -1.148022643677912898e-03
4.367475151253880084e-04 1.500489850485125176e+00 -1.545942190689161095e-03
4.364395240429100320e-04 1.500539015297806422e+00 -2.229629914467128222e-03
4.428643492086284383e-04 1.500632164022448256e+00 -3.393462274220657333e-03
4.600065233812261623e-04 1.500662617051486292e+00 -4.853681645436729551e-03
4.612752103181211316e-04 1.500664818697748704e+00 -4.892675975736945210e-03
3.566308723330982589e-04 1.500704055064631115e+00 -6.232568568548941396e-03
3.659868556616513446e-04 1.500777623816126116e+00 -8.274489757460205125e-03
3.656106681850235240e-04 1.500777502360466809e+00 -8.335840200253579954e-03
2.755078312835501642e-04 1.500811816399103993e+00 -1.074099892114011370e-02
2.063332953410046411e-04 1.500865452835600689e+00 -1.379104553515102770e-02
1.876142470231337289e-04 1.500907230902977618e+00 -1.689010037095154890e-02
1.897157882119401839e-04 1.500960742264926484e+00 -1.996401203474462704e-02
2.009525304849102412e-04 1.501002992741651942e+00 -2.398218353747182119e-02
1.734212914637836556e-04 1.501073491438887464e+00 -2.863717070995191669e-02
-3.500594152588271113e-05 1.501089545720827090e+00 -3.257395205909020125e-02
-3.545814006920486317e-04 1.501145907948717495e+00 -3.607295812716606459e-02
-3.799593709844020784e-04 1.501143670352289128e+00 -3.673025235973076397e-02
-4.487333840328469603e-04 1.501179884881332249e+00 -4.212588659025435361e-02
-5.890415901912554597e-04 1.501250922677431987e+00 -4.795992714919296990e-02
-7.245722336427229404e-04 1.501296143988499754e+00 -5.432967011674920410e-02
-7.224463475932613177e-04 1.501299395945471682e+00 -5.449174935528931091e-02
-7.561964798607073712e-04 1.501383465101235437e+00 -6.140112228601159183e-02
-7.551254045845348650e-04 1.501392730205367787e+00 -6.156417618239056616e-02
-8.837735898838197657e-04 1.501435991670524439e+00 -6.837956689840114788e-02
-1.048919901296678503e-03 1.501481271483583457e+00 -7.575098235448397832e-02
-1.583327303617258763e-03 1.501649536192258605e+00 -9.430626617108497922e-02
-1.625962191666587009e-03 1.501741518930702624e+00 -1.024771944426120102e-01
-1.770408966161297892e-03 1.501792729499077605e+00 -1.103937458629040830e-01
-1.838108955056233507e-03 1.501841499715974804e+00 -1.186455731928564572e-01
-1.927716773196024025e-03 1.501877694093552096e+00 -1.278691041635062753e-01
-1.925898877230512729e-03 1.501878937395892288e+00 -1.281229787354117300e-01
-1.989825609208441259e-03 1.501933727537066554e+00 -1.376792309123201219e-01
-2.002892704061953744e-03 1.501964888615259230e+00 -1.486930245166387665e-01
-2.048282731195984196e-03 1.502007259573898024e+00 -1.594420796139839613e-01
-2.012901067290039092e-03 1.502059705972381032e+00 -1.695234715318277019e-01
-1.980641211926877088e-03 1.502093900063730114e+00 -1.796065688409047012e-01
-1.923934161542142918e-03 1.502121530340685185e+00 -1.917087712444927039e-01
-1.889447000971836155e-03 1.502153516260464894e+00 -2.017827761143771714e-01
-1.828396167937361427e-03 1.502184273262167746e+00 -2.113422487197913480e-01
-1.779618822094201913e-03 1.502204519188251819e+00 -2.222925153839273305e-01
-1.779516151786168787e-03 1.502205170717628047e+00 -2.225720646449370621e-01
-1.708835935879102208e-03 1.502217299647607751e+00 -2.333592199353015373e-01
-1.593706889420634654e-03 1.502223259895854035e+00 -2.440893989355158999e-01
-1.499283891918487543e-03 1.502220162429267480e+00 -2.550861898004272987e-01
-1.500081903771141589e-03 1.502220689685894950e+00 -2.553710185190883331e-01
-1.435511131234912252e-03 1.502237379495997782e+00 -2.659174330275326792e-01
-1.334178691438689390e-03 1.502233371822759178e+00 -2.779647266527431881e-01
-1.268952323325044096e-03 1.502254952530334808e+00 -2.879621787750637485e-01
-1.097777725776634405e-03 1.502236894140836831e+00 -2.999850884993029987e-01
-1.003492222159049763e-03 1.502227801121386763e+00 -3.103569572658200215e-01
-9.001015704867623701e-04 1.502208932189094570e+00 -3.211190035128451137e-01
-8.311720114575621432e-04 1.502218657963880766e+00 -3.307692377648918658e-01
-7.385761743216312514e-04 1.502212253655288654e+00 -3.416425528733170736e-01
-6.377634226124515027e-04 1.502190596549921597e+00 -3.515320242692013264e-01
-4.751298859045974265e-04 1.502163199080249312e+00 -3.647145305744639576e-01
-4.686842850379069336e-04 1.502160450659687729e+00 -3.650150404259924763e-01
-3.005830662329150860e-04 1.502129800881578214e+00 -3.757544375367112832e-01
-1.827546662412776746e-04 1.502101342467790701e+00 -3.871950285016091398e-01
-5.242113109664436887e-05 1.502075528489713374e+00 -3.971627199475050718e-01
6.541200032112587381e-05 1.502037550009885924e+00 -4.085271740443604527e-01
1.839846243712056628e-04 1.502027965326608649e+00 -4.201283265652489551e-01
7.377615416099547740e-04 1.501803461974888121e+00 -4.309789320430527648e-01
3.247351023328799713e-03 1.500643086224937583e+00 -4.407905284615165065e-01
8.155085671944617420e-03 1.498311557598241528e+00 -4.510931909592869604e-01
1.457314201476912763e-02 1.495204049635050714e+00 -4.610510997168574820e-01
2.217223520559997302e-02 1.491421687304191446e+00 -4.726642335169065068e-01
2.988332768403290790e-02 1.487441101294370904e+00 -4.846916858337316225e-01
3.776978721999937894e-02 1.483254575010131360e+00 -4.972185716526803523e-01
4.399361312195338575e-02 1.479851855143513806e+00 -5.072527945432034890e-01
5.129314823529618206e-02 1.475764823053552055e+00 -5.191463430549940750e-01
5.801719444540604648e-02 1.471884994685770609e+00 -5.296542573586154878e-01
6.485635944021450605e-02 1.467852667861449856e+00 -5.392206862913787591e-01
7.262232018993404481e-02 1.463183130178453917e+00 -5.473381554062553001e-01
8.042155680866171219e-02 1.458406288608865120e+00 -5.521647324410970947e-01
8.061422952749131010e-02 1.458288397265983027e+00 -5.522377458829684782e-01
8.759435989035735393e-02 1.454006411256847375e+00 -5.531707889000573308e-01
9.656753730706368888e-02 1.448483402336123493e+00 -5.497359169552038516e-01
1.041131756115551005e-01 1.443895522766877049e+00 -5.436403114116353796e-01
1.118797320924264649e-01 1.439228941720677390e+00 -5.350949540821537953e-01
1.187338294808836237e-01 1.435209752850925113e+00 -5.262739879370588181e-01
1.257192194769407301e-01 1.431182759890349487e+00 -5.167142942777650516e-01
1.435132568176768486e-01 1.421306675294582877e+00 -4.918373250752939296e-01
1.513193798366215259e-01 1.417177708943799574e+00 -4.808719370416227323e-01
1.592336526214934711e-01 1.413057156878899212e+00 -4.707622492547925419e-01
1.655058520267727873e-01 1.409881968221192716e+00 -4.651369863837736540e-01
1.727804723694512379e-01 1.406290820721567192e+00 -4.598745479037233408e-01
1.797889621119604375e-01 1.402926370846106829e+00 -4.559573110370983562e-01
1.864083676545165991e-01 1.399783647676887899e+00 -4.529118476041292252e-01
1.938041035617701635e-01 1.396260061142881481e+00 -4.495789167455371271e-01
2.002714841242621280e-01 1.393206833436792857e+00 -4.459686790908052867e-01
2.067998569104450290e-01 1.390161931470714096e+00 -4.434179267046317041e-01
2.084296529251668251e-01 1.389409285857903242e+00 -4.428655141826572383e-01
2.147239337801063463e-01 1.386488162864614182e+00 -4.402748340411672401e-01
2.214572042012874220e-01 1.383346496594704655e+00 -4.362233480811198438e-01
2.291002074433850511e-01 1.379804926773523066e+00 -4.312874162672826750e-01
2.363134864083584752e-01 1.376517915116465263e+00 -4.264924424277966586e-01
2.365002516942042443e-01 1.376434399611552895e+00 -4.263679505809610526e-01
2.439720686970264507e-01 1.373059514307401807e+00 -4.209792106318728799e-01
2.441587189289035065e-01 1.372974689870328779e+00 -4.208225533936607032e-01
2.510872316313390029e-01 1.369902752035643045e+00 -4.149473126598495210e-01
2.580903092603946680e-01 1.366875869799184962e+00 -4.106146083141005709e-01
2.650050033706764507e-01 1.363905292664433722e+00 -4.067314226249745257e-01
2.725674529777532551e-01 1.360652772972009705e+00 -4.017515820020598483e-01
2.794899086803199761e-01 1.357731772905542478e+00 -3.970544335807367764e-01
2.875000365150444104e-01 1.354385015019802463e+00 -3.915992735381289003e-01
2.951416691776182488e-01 1.351255035216012867e+00 -3.860295882643890453e-01
3.021859068113643132e-01 1.348390797472423186e+00 -3.799783132506331929e-01
3.091361943521268585e-01 1.345640026538962530e+00 -3.738919560836911904e-01
3.168536035265206996e-01 1.342619714647580675e+00 -3.677623407285841028e-01
3.237775220781319852e-01 1.339957429167740521e+00 -3.627470233341801298e-01
3.313867718776289939e-01 1.337108306227415611e+00 -3.578194003425410052e-01
3.389467064396121665e-01 1.334338867032319964e+00 -3.532521562408552085e-01
3.458378174401434690e-01 1.331843697872117094e+00 -3.488743634346104794e-01
3.527883353461220284e-01 1.329314538695947956e+00 -3.435459615148405144e-01
3.600930260720173748e-01 1.326721271118737278e+00 -3.377897921703658102e-01
3.682689727719489214e-01 1.323865659632172509e+00 -3.304665706518776225e-01
3.752628380641461203e-01 1.321476510803022197e+00 -3.236945338018226148e-01
3.827108835705005374e-01 1.319018194200861194e+00 -3.173066603324637414e-01
3.828928313486638646e-01 1.318957396256608128e+00 -3.171782732594974896e-01
3.895626037670436581e-01 1.316820274353394549e+00 -3.127549327716379612e-01
3.964582797258158209e-01 1.314623578408159021e+00 -3.080774375095488571e-01
4.033188654282374164e-01 1.312464195000096367e+00 -3.034617876654253088e-01
4.114446029145656381e-01 1.309960258144220235e+00 -2.981265364478724589e-01
4.183518484164414075e-01 1.307839841489031318e+00 -2.931143638744344582e-01
4.262753137642033008e-01 1.305475758907072237e+00 -2.869671483134080825e-01
4.331761804661836690e-01 1.303446674521993476e+00 -2.814949399400886731e-01
4.401666820533095548e-01 1.301451235220440816e+00 -2.757422377444769812e-01
4.476984465531410051e-01 1.299334286325498855e+00 -2.687361183485323934e-01
4.542520026401876687e-01 1.297556253527937464e+00 -2.628282895980112444e-01
4.614355113007341802e-01 1.295643131778292823e+00 -2.571455853468690989e-01
4.616194872661280035e-01 1.295596601190958763e+00 -2.570196338124576818e-01
4.691227675458842783e-01 1.293671398110420201e+00 -2.520766915317420587e-01
4.764623118867518103e-01 1.291816820649223541e+00 -2.470965355086935655e-01
4.841392983186912358e-01 1.289899655073877494e+00 -2.418645572921545028e-01
4.910109521213754102e-01 1.288208827926337507e+00 -2.367727323287943386e-01
5.068130709821998536e-01 1.284473448090036385e+00 -2.241980515152433573e-01
5.136377214301873773e-01 1.282918090379845166e+00 -2.187239961567245261e-01
5.199780025573983444e-01 1.281525659287707564e+00 -2.133288152321337061e-01
5.269808360159322635e-01 1.280032726886125571e+00 -2.069233837049581914e-01
5.337352619103168383e-01 1.278618756995012040e+00 -2.008493922538208687e-01
5.401829824347060827e-01 1.277325527457945809e+00 -1.950390340846551440e-01
5.473468559623576590e-01 1.275910222028231233e+00 -1.883266675992541772e-01
5.550338602750608530e-01 1.274478108110488117e+00 -1.814158351619472032e-01
5.626350905503750832e-01 1.273088591944498082e+00 -1.746743571417537499e-01
5.694714249509262860e-01 1.271909456491393087e+00 -1.691750228456553595e-01
5.767675217376327934e-01 1.270706935567967211e+00 -1.638308765144867174e-01
5.840394257109832177e-01 1.269540983012027890e+00 -1.586205237091394549e-01
5.842160379022897088e-01 1.269512977405226506e+00 -1.584924806225892491e-01
5.915222889301643416e-01 1.268372698793573061e+00 -1.530416624298033268e-01
5.985220150900362190e-01 1.267316997681049440e+00 -1.475447837106248494e-01
5.987017367567331050e-01 1.267290255229637008e+00 -1.474083974742139980e-01
6.056285087278747703e-01 1.266278515826291917e+00 -1.417466706233792006e-01
6.123757659522485186e-01 1.265333342394345140e+00 -1.361635396764839800e-01
6.191759900960722707e-01 1.264409448902049427e+00 -1.304390602159275492e-01
6.253792544016761878e-01 1.263603905419724116e+00 -1.247379157824325541e-01
6.326308119544679087e-01 1.262713372310005910e+00 -1.181349763587642848e-01
6.388565589392888322e-01 1.261977053447555175e+00 -1.122332629760380007e-01
6.452241188114771209e-01 1.261281875644903572e+00 -1.060557101420998571e-01
6.523882957302814534e-01 1.260528130337679187e+00 -9.911597465899832371e-02
6.584841926777766918e-01 1.259942572140572814e+00 -9.341603624930533423e-02
6.647796510006054316e-01 1.259353380437223446e+00 -8.754044696613282051e-02
6.712078685023994407e-01 1.258806334570944152e+00 -8.146256203005360075e-02
6.778134482426697582e-01 1.258284553717168519e+00 -7.539090599259359871e-02
6.851911438005140464e-01 1.257751717115887402e+00 -6.853620231304273502e-02
6.926050682559217186e-01 1.257263940738401642e+00 -6.153088474869482238e-02
6.991055602017530735e-01 1.256876517109517311e+00 -5.524426697269525788e-02
7.050616913014937648e-01 1.256561314661849504e+00 -4.950541644390958618e-02
7.116395113356527302e-01 1.256252622469481661e+00 -4.332792988208142293e-02
7.177469233293858331e-01 1.255989114826148612e+00 -3.755171253879934640e-02
7.238435929165408789e-01 1.255780530138123297e+00 -3.177117141259511862e-02
7.310554972331582135e-01 1.255580267712106846e+00 -2.483401659142542295e-02
7.372237643531056595e-01 1.255439941687319871e+00 -1.897290027582572425e-02
7.434740543172924099e-01 1.255349795193835716e+00 -1.310501721612288527e-02
7.506374008749882032e-01 1.255262867556714124e+00 -6.143438357339592142e-03
7.567650934821614772e-01 1.255219174504493163e+00 -1.665536781556976431e-04
7.637539896399831996e-01 1.255234358036313225e+00 6.658885895280230831e-03
7.700748238317117744e-01 1.255296912709119361e+00 1.284628516438452925e-02
7.702404626971578461e-01 1.255301886365647102e+00 1.301392194763553029e-02
7.762763186134825633e-01 1.255396745534817393e+00 1.907177973702211052e-02
7.821061229047819863e-01 1.255515750715797463e+00 2.505699381131471642e-02
7.884277896818462361e-01 1.255681852868647308e+00 3.155607359709369092e-02
7.949050868864706576e-01 1.255900727516534587e+00 3.809594434761546383e-02
8.010171541075317148e-01 1.256150771544909395e+00 4.426899670768145306e-02
8.080500624686799416e-01 1.256474886140017899e+00 5.132877912098130629e-02
8.137921594433883410e-01 1.256782168157397184e+00 5.720045142301053570e-02
8.197843392126353823e-01 1.257137001099793316e+00 6.343535836189262422e-02
8.254619474001001489e-01 1.257514703718740412e+00 6.937223847820084277e-02
8.309600051540382282e-01 1.257920694868532641e+00 7.503100158058118030e-02
8.369208104365926104e-01 1.258386563510512479e+00 8.110610037928689398e-02
8.427468594570722837e-01 1.258867794848608890e+00 8.699607711589968373e-02
8.484506323568983266e-01 1.259375041305320408e+00 9.312777305630159930e-02
8.614352081566354347e-01 1.260691476306010861e+00 1.075542976885893037e-01
8.669290660578833352e-01 1.261297025777215586e+00 1.136327932471522112e-01
8.723419776871902398e-01 1.261917996685054444e+00 1.196702637110580170e-01
8.781913277896810088e-01 1.262635639128396825e+00 1.259906031516222213e-01
8.839687244661508236e-01 1.263382612533982874e+00 1.325284961901917469e-01
8.841185606528343399e-01 1.263404265454879161e+00 1.326910624629997204e-01
8.906168710715848258e-01 1.264284739473407804e+00 1.398665544528797933e-01
8.965154015788900921e-01 1.265140596535286210e+00 1.462328025120534780e-01
9.019402047399598388e-01 1.265938106635138061e+00 1.520970296582355163e-01
9.075954692875076724e-01 1.266824002655038806e+00 1.585911182755642690e-01
9.131253822888518723e-01 1.267723957410427094e+00 1.647932437373749448e-01
9.182029525724462182e-01 1.268590270038452372e+00 1.704107077154097538e-01
9.233767507829077070e-01 1.269478538296229253e+00 1.762244841010302820e-01
9.291096303808212831e-01 1.270518963630898890e+00 1.826853757887098861e-01
9.347914984338570044e-01 1.271572242211936876e+00 1.893377415392473173e-01
9.349344961577351620e-01 1.271601870909715881e+00 1.895030741906468807e-01
9.401398327755919881e-01 1.272616016636112235e+00 1.956368717932221724e-01
9.452049430844766675e-01 1.273635975028985401e+00 2.015060162976678448e-01
9.506361889348380334e-01 1.274753836199554735e+00 2.078771762220754105e-01
9.563115849323903239e-01 1.275961081722465362e+00 2.147638929622154580e-01
9.615657540665665248e-01 1.277129646280680042e+00 2.209801214307341444e-01
9.671176962079769401e-01 1.278385934567575433e+00 2.278171371091900488e-01
9.723520918545942582e-01 1.279633577692335544e+00 2.345389611810481389e-01
9.772832991032255334e-01 1.280812887902074815e+00 2.409002756362103870e-01
9.826906885174548911e-01 1.282156787457608527e+00 2.479758146487364423e-01
9.876649190569809500e-01 1.283440726860735737e+00 2.542758337841998229e-01
9.922079800930942994e-01 1.284632247265998561e+00 2.599326126767995682e-01
9.976443337941439671e-01 1.286097945860420033e+00 2.667161343517864269e-01
1.003141319045345758e+00 1.287611931562792078e+00 2.737662749706136212e-01
1.008116242505978644e+00 1.289037931883470600e+00 2.801110881015026477e-01
1.013712562557197661e+00 1.290681219406349944e+00 2.870650971671304119e-01
1.018657013841045567e+00 1.292146049223773296e+00 2.929594671832816410e-01
1.023165999172745533e+00 1.293530408065390436e+00 2.984680046773726114e-01
1.027943903646458601e+00 1.294997093266431420e+00 3.042800151723981661e-01
1.032778345908969220e+00 1.296548814139520278e+00 3.103880984717770630e-01
1.037497479922727894e+00 1.298080188335165808e+00 3.162036413158043069e-01
1.042424868656270265e+00 1.299702794468393430e+00 3.223297107110720261e-01
1.047431252355473408e+00 1.301389624529599276e+00 3.287332461706363729e-01
1.051912094734720471e+00 1.302924255090580630e+00 3.345092769623115858e-01
1.056530594532900436e+00 1.304547919718607174e+00 3.408559880655268604e-01
1.061489734973695809e+00 1.306323041109098027e+00 3.475674460530192578e-01
1.065921647072989975e+00 1.307953348190387777e+00 3.535545595337525882e-01
1.069953942888083320e+00 1.309450144966592067e+00 3.590239903530793586e-01
1.074800113381993105e+00 1.311281044599187151e+00 3.656955648424281002e-01
1.079427766233801433e+00 1.313078338228326425e+00 3.718424035945189776e-01
1.084087349931844191e+00 1.314903679431643546e+00 3.783480734238551801e-01
1.088367060760746075e+00 1.316629414199346204e+00 3.840061440392586456e-01
1.093114619265320941e+00 1.318563004977831632e+00 3.902023643284410759e-01
1.097486026204937737e+00 1.320366144518840157e+00 3.959382720670260314e-01
1.108093130826294459e+00 1.324874313353536559e+00 4.103405850140834921e-01
1.112148500577257559e+00 1.326666057414934485e+00 4.159699657428355124e-01
1.116938402357456228e+00 1.328804348966911242e+00 4.225004890070765406e-01
1.121654870597939002e+00 1.330939092925254918e+00 4.290054908745246642e-01
1.125776015681539288e+00 1.332835241089865619e+00 4.346283387995435454e-01
1.130489591313204034e+00 1.335030473087657432e+00 4.414840755817059370e-01
1.134410148376598038e+00 1.336906694576839305e+00 4.468286515724097518e-01
1.138520111448406036e+00 1.338891185243543669e+00 4.524464309143532703e-01
1.142403351671685829e+00 1.340791198280077090e+00 4.578157293001643424e-01
1.146373297567960581e+00 1.342762077193950132e+00 4.632771943234507139e-01
1.151053734111946447e+00 1.345095327212798786e+00 4.699167140848733992e-01
1.155175245478191171e+00 1.347199972769862919e+00 4.758116167282899767e-01
1.159169452795035360e+00 1.349274102290855870e+00 4.813575799817297884e-01
1.163153798637330372e+00 1.351345277502286946e+00 4.868167343168205985e-01
1.167107875732205535e+00 1.353439869669980755e+00 4.922297090391045682e-01
1.170935591632326300e+00 1.355499873341815098e+00 4.976344646930605520e-01
1.174845892133442371e+00 1.357639584065858163e+00 5.033845532368669273e-01
1.178912104695154062e+00 1.359886014069532800e+00 5.094703260646527010e-01
1.182881849526405516e+00 1.362133218731713225e+00 5.153345246591318762e-01
1.187214936008382127e+00 1.364592376495682213e+00 5.215008570797624587e-01
1.191132580589645329e+00 1.366866014915225858e+00 5.268742146193412523e-01
1.194916964734471732e+00 1.369078733026386496e+00 5.321766717644499378e-01
1.198688526643233887e+00 1.371322027439638047e+00 5.374123213688586365e-01
1.202250772005649226e+00 1.373429777704408661e+00 5.424518041307224703e-01
1.206066474867480531e+00 1.375735686363601662e+00 5.478572112525730287e-01
1.209365931382974546e+00 1.377758673450657723e+00 5.524874450885772781e-01
1.212938503491141962e+00 1.379960013510349359e+00 5.575197170519372580e-01
1.216702506347593138e+00 1.382336352528729106e+00 5.628707673043693571e-01
1.220148170971580015e+00 1.384504738827159187e+00 5.678538220917216384e-01
1.223677171564020449e+00 1.386770671178954473e+00 5.729360812597333874e-01
1.227587068205898690e+00 1.389311243631441872e+00 5.784915449368086549e-01
1.230973985921799851e+00 1.391522655799474428e+00 5.833440307624170318e-01
1.234324450691168806e+00 1.393740092318328738e+00 5.880567052488491209e-01
1.237659556303296160e+00 1.396001546048161845e+00 5.926700840282189686e-01
1.241572185622969560e+00 1.398646288052926012e+00 5.980851397857002150e-01
1.245258155751312712e+00 1.401154973014433036e+00 6.032700937706076960e-01
1.249170933779608417e+00 1.403876689211980500e+00 6.088095439666280084e-01
1.249262122898535887e+00 1.403940677514118773e+00 6.089425259288573367e-01
1.252595280364580344e+00 1.406267351127717502e+00 6.138182851352818048e-01
1.255848997793517441e+00 1.408570078843280227e+00 6.185311502544570406e-01
1.259729433896602746e+00 1.411350069498346960e+00 6.239917982688849563e-01
1.263673960075639258e+00 1.414196946773988106e+00 6.294298099797527302e-01
1.266774705284676728e+00 1.416468048274748481e+00 6.337275774776043313e-01
1.269941934934733396e+00 1.418818981382241606e+00 6.380985703523535113e-01
1.273465119727459349e+00 1.421451236843223054e+00 6.429716016020852187e-01
1.277051696429602146e+00 1.424143004730621609e+00 6.480783809413602770e-01
1.280632441550347611e+00 1.426853188731102895e+00 6.531831893111437193e-01
1.283804690576435759e+00 1.429313537808815093e+00 6.574906943471819920e-01
1.287416255113830399e+00 1.432129330085856189e+00 6.623738269613577145e-01
1.290405016687417916e+00 1.434474477179511265e+00 6.664712461034880686e-01
1.293723751960449642e+00 1.437086003544509882e+00 6.711210800874946036e-01
1.296914817158800748e+00 1.439648202328406068e+00 6.756147438256525639e-01
1.304833053926647501e+00 1.446092683484225594e+00 6.866667635030820893e-01
1.307987675998683264e+00 1.448706520602462966e+00 6.910558463212930214e-01
1.311191261437203881e+00 1.451388292929528756e+00 6.953528999435747426e-01
1.314207792771207473e+00 1.453918636032960343e+00 6.993496456685360796e-01
1.317303279485739109e+00 1.456539915137925689e+00 7.034905145830017137e-01
1.320561628884809657e+00 1.459320482704910216e+00 7.079027153222093860e-01
1.323391207972612227e+00 1.461736691000192323e+00 7.117306550573103685e-01
1.326103573266623092e+00 1.464101711269592876e+00 7.154090321278676612e-01
1.329545406849287126e+00 1.467122091578925813e+00 7.199888335435643549e-01
1.332400342217378908e+00 1.469636262760558143e+00 7.237815070353064151e-01
1.335568296022528134e+00 1.472450199563620332e+00 7.278861592278687009e-01
1.338466000211230078e+00 1.475057966454888625e+00 7.316156183841678873e-01
1.341665613291078918e+00 1.477943093465058810e+00 7.357934532575243214e-01
1.341743005982880987e+00 1.478017267786178035e+00 7.358944637682064416e-01
1.344863084662407893e+00 1.480866247963900317e+00 7.399249322829949405e-01
1.347713359105559228e+00 1.483495584358764718e+00 7.436342473200714398e-01
1.350807581240949240e+00 1.486345840814295327e+00 7.477520754324317176e-01
1.353725988359987698e+00 1.489087500837624090e+00 7.516067723532585676e-01
1.357104093975826542e+00 1.492261068331881990e+00 7.559251141962232134e-01
1.359989969411863564e+00 1.495020616679210601e+00 7.594715010665057386e-01
1.363101284763791776e+00 1.497983982721390328e+00 7.633576338066946354e-01
1.363177197324938472e+00 1.498057380378559289e+00 7.634533731181066818e-01
1.366245982842758222e+00 1.501045150996669131e+00 7.672845407306921883e-01
1.369017502494412897e+00 1.503716280110254155e+00 7.707913449312538967e-01
1.372146760935161636e+00 1.506790678934847083e+00 7.747698308496648867e-01
1.374883194474038284e+00 1.509487652602242491e+00 7.782495683129136976e-01
1.377927091266290205e+00 1.512485144384690283e+00 7.821092633331245825e-01
1.378004959937034535e+00 1.512561723476780307e+00 7.822054687712208798e-01
1.381167739122777238e+00 1.515722019103302065e+00 7.861052015963782003e-01
1.383929945142004625e+00 1.518516199388503907e+00 7.894302135007759125e-01
1.387001641032056254e+00 1.521602847829870209e+00 7.931082158191712361e-01
1.389829970054602182e+00 1.524498042410319165e+00 7.963841894301035840e-01
1.392628445975938822e+00 1.527391253839007534e+00 7.997289322302810755e-01
1.395412334338880012e+00 1.530289937962667990e+00 8.030553308640173693e-01
1.398186370191388583e+00 1.533186044958487759e+00 8.064428164077338534e-01
1.400726055790875391e+00 1.535866123308074149e+00 8.094605405194188474e-01
1.403333103564482265e+00 1.538635217262174670e+00 8.125113975825888346e-01
1.406134531071821403e+00 1.541629210378531400e+00 8.157071971805105459e-01
1.406205683023697972e+00 1.541706806434050891e+00 8.157867236523733689e-01
1.408883310238342901e+00 1.544544409220754089e+00 8.188269608376775865e-01
1.411467474629454211e+00 1.547333537318556163e+00 8.216693747179090179e-01
1.414093160562687190e+00 1.550188987694581799e+00 8.245857224053417811e-01
1.416721326078963727e+00 1.553063983603536924e+00 8.274835836731307959e-01
1.419634143065713339e+00 1.556232138104077123e+00 8.308479320060427886e-01
1.422683642169349616e+00 1.559586746890303521e+00 8.343866755845059657e-01
1.425273710574707087e+00 1.562465686110388274e+00 8.373617772687576011e-01
1.427849827154122231e+00 1.565348290072343884e+00 8.402654654428316494e-01
1.430413281022933969e+00 1.568254192495805999e+00 8.430681766600452987e-01
1.433094667653401988e+00 1.571304415730144122e+00 8.459318583176868023e-01
1.435578819822314722e+00 1.574131783263666096e+00 8.485366939110982054e-01
1.438167881416733573e+00 1.577115508717012116e+00 8.512568134453245561e-01
1.440972109843642990e+00 1.580339777520866740e+00 8.541793466696531167e-01
1.443283010303463731e+00 1.583026717227452362e+00 8.566073183536395685e-01
1.445982007646854584e+00 1.586199433218094423e+00 8.594319468165340092e-01
1.448538161535626312e+00 1.589202874216539163e+00 8.620681429240997229e-01
1.450762873592160496e+00 1.591809874461751040e+00 8.643709427552751512e-01
1.453258306195221117e+00 1.594759156239874187e+00 8.669191971488769966e-01
1.455985600908378919e+00 1.598013729646917236e+00 8.696782584426091534e-01
1.458567270526100135e+00 1.601111232816748275e+00 8.721957627718438522e-01
1.460961822607546479e+00 1.603961765028517394e+00 8.745375867677428472e-01
1.466974550617799355e+00 1.611243166688418826e+00 8.804868905602842855e-01
1.469465607836879961e+00 1.614288591824508678e+00 8.829413355777019357e-01
1.472079005895372994e+00 1.617502550620117274e+00 8.854092477942790973e-01
1.474742587077096712e+00 1.620794578217945148e+00 8.878924475070938405e-01
1.477076244271190442e+00 1.623694405849033906e+00 8.900407843457058821e-01
1.479344941866172158e+00 1.626510128347771644e+00 8.920956940014610481e-01
1.481753875680004606e+00 1.629497299914333119e+00 8.942122418609872447e-01
1.484318081745885642e+00 1.632733457316587700e+00 8.965471467266854511e-01
1.486429050482483305e+00 1.635396737981140936e+00 8.984339418977568270e-01
1.488789351711291120e+00 1.638401424767494063e+00 9.004880507840680171e-01
1.490872903428593466e+00 1.641080317934254129e+00 9.022946970143419509e-01
1.493351009496327819e+00 1.644238625499562234e+00 9.044449638488077925e-01
1.496147635101092721e+00 1.647823833361387935e+00 9.068209580354797961e-01
1.498478368743591416e+00 1.650830924260032528e+00 9.088374754923209675e-01
1.500664666671295944e+00 1.653683505262560915e+00 9.107158425997848861e-01
1.503110956426461531e+00 1.656874392525880424e+00 9.127554889387101689e-01
1.505300229312811933e+00 1.659733231340793980e+00 9.146093996199560205e-01
1.507934328430210469e+00 1.663170301659192329e+00 9.167571719052041157e-01
1.510544524620124340e+00 1.666601966086802333e+00 9.188990073465300723e-01
1.513155921918919455e+00 1.670041334819167833e+00 9.209669960480916240e-01
1.515503445248809200e+00 1.673145816614711290e+00 9.228432685174706718e-01
1.515565115250501860e+00 1.673226086932697143e+00 9.228917162573678779e-01
1.517850678386065022e+00 1.676257693739226173e+00 9.246242429647182348e-01
1.520293197622265780e+00 1.679563459314840523e+00 9.263817781318601785e-01
1.522732669512992576e+00 1.682847371144202464e+00 9.282435676532148072e-01
1.524934946343202480e+00 1.685805429607555084e+00 9.299568162943454563e-01
1.527144713477126547e+00 1.688780556340686800e+00 9.315982138848778460e-01
1.529462119710190970e+00 1.691904974215423296e+00 9.333317951321692396e-01
1.529521355089063617e+00 1.691986131050927433e+00 9.333769866142845872e-01
1.531872867095904089e+00 1.695205879398023585e+00 9.350678167886504744e-01
1.534427194411882134e+00 1.698675561227884767e+00 9.368915585303275728e-01
1.536661978178587740e+00 1.701747489226044685e+00 9.384457887288263356e-01
1.538754138158744400e+00 1.704639449552840524e+00 9.399026104984677943e-01
1.541154176945675580e+00 1.707954293498163523e+00 9.415931004948553396e-01
1.543436406614989043e+00 1.711118407398026120e+00 9.431486608735024646e-01
1.545997068694223042e+00 1.714693133459508800e+00 9.448527212190309665e-01
1.548136902226564082e+00 1.717668994327948617e+00 9.462852272559670874e-01
1.550201230806524499e+00 1.720585312650304566e+00 9.476109031926025494e-01
1.552505518324560185e+00 1.723834874247519799e+00 9.490476374069973797e-01
1.554689302839443732e+00 1.726920827904078637e+00 9.504006694952567003e-01
1.557098542048310774e+00 1.730340053168456294e+00 9.519063257994762051e-01
1.557157301512164471e+00 1.730420511356023816e+00 9.519415438995568746e-01
1.559255391253074441e+00 1.733413685101432566e+00 9.532472928188058248e-01
1.561178189570753050e+00 1.736171490664484285e+00 9.544118212517768152e-01
1.563148082169232733e+00 1.739005573135632643e+00 9.555546504455879608e-01
1.565062890161952325e+00 1.741762132368158245e+00 9.566862995812636106e-01
1.567144594359445087e+00 1.744763679422598690e+00 9.578580694840767018e-01
1.569279182131881001e+00 1.747859062827091803e+00 9.590482577646255447e-01
1.571428434973237254e+00 1.750949907579995912e+00 9.602010626250165881e-01
1.573417823705047347e+00 1.753791554499766203e+00 9.612451316089675180e-01
1.575593425227989286e+00 1.756971084316003129e+00 9.624207384159368939e-01
1.577834348243934537e+00 1.760235511063277691e+00 9.636200148885082362e-01
1.580011433964581435e+00 1.763424651365879336e+00 9.648157373179899743e-01
1.585589441177707615e+00 1.771559680620988564e+00 9.676758308784344509e-01
1.587769975143044299e+00 1.774746370043663202e+00 9.687695676221756980e-01
1.589945677067805763e+00 1.777931744336302744e+00 9.698386772659814969e-01
1.592044858655027761e+00 1.781043251697809859e+00 9.708510812398220002e-01
1.594374415343927431e+00 1.784485850579499377e+00 9.718985881483538369e-01
1.596837378448158873e+00 1.788104314272966011e+00 9.730006752139913617e-01
1.599001918605455597e+00 1.791306396433130610e+00 9.739551552357641473e-01
1.601185316463243247e+00 1.794591154205423589e+00 9.748636211742954805e-01
1.603514971571929237e+00 1.798045028345781393e+00 9.758364428088678322e-01
1.605704280485560798e+00 1.801325419538690742e+00 9.768049872804923650e-01
1.607911179871145846e+00 1.804627023338539971e+00 9.777582111099837325e-01
1.607968036213206053e+00 1.804709585611379952e+00 9.777821995999596005e-01
1.609810921662728989e+00 1.807498463358296448e+00 9.785327686235436584e-01
1.612102980694272603e+00 1.810960530973578564e+00 9.794088123002225865e-01
1.614352403502508304e+00 1.814344633977964305e+00 9.802662381827144111e-01
1.614408695873689403e+00 1.814429103603639071e+00 9.802908254140630939e-01
1.616728252332918725e+00 1.817885303476467485e+00 9.811539033331818649e-01
1.619069104923315239e+00 1.821436803108142266e+00 9.819586320604221097e-01
1.621290707365255379e+00 1.824840388293784477e+00 9.826937511453267549e-01
1.623588097437579369e+00 1.828299535052325453e+00 9.834480436931410940e-01
1.626002205618924723e+00 1.831929553513049314e+00 9.842555554420892028e-01
1.628138411314069778e+00 1.835149643464733193e+00 9.849505586840122673e-01
1.630469032705873955e+00 1.838706853229850502e+00 9.857882694248598643e-01
1.632474580457569102e+00 1.841753079242790081e+00 9.865102831111292048e-01
1.634867355702525504e+00 1.845404327310238957e+00 9.872914935914913759e-01
1.636970062944863802e+00 1.848630095659829387e+00 9.878963605856411201e-01
1.639223475815390296e+00 1.852114812503362407e+00 9.885310846357383552e-01
1.641258539674080641e+00 1.855262540625027601e+00 9.890780201259645743e-01
1.643458167446585128e+00 1.858656037508277459e+00 9.896372960887865888e-01
1.645601044128932156e+00 1.861969433684511621e+00 9.901584866471547786e-01
1.647510562870936779e+00 1.864940001792382507e+00 9.905759129068061331e-01
1.649369076406695944e+00 1.867822477028966421e+00 9.909836351393507270e-01
1.651623231089884181e+00 1.871299703414204485e+00 9.914760590914963867e-01
1.653587252109005590e+00 1.874362444758324475e+00 9.918850661622735654e-01
1.655766620370441755e+00 1.877760304363487398e+00 9.924299202239650342e-01
1.657923953765993552e+00 1.881065601652404329e+00 9.930484737017999386e-01
1.659826527509818739e+00 1.884041631454036470e+00 9.934835036154260335e-01
1.661909106830736116e+00 1.887263075373458276e+00 9.938898398396626144e-01
1.663873410169073308e+00 1.890316808690423622e+00 9.942186209158362376e-01
1.665832114555707788e+00 1.893369729789838640e+00 9.945684381838986177e-01
1.667742790624824334e+00 1.896338158648420036e+00 9.948520350673477619e-01
1.669764411306251750e+00 1.899490421221309955e+00 9.951184294247539253e-01
1.671770131713447904e+00 1.902630450758162617e+00 9.953909492826237271e-01
1.673715109022422265e+00 1.905701268521204028e+00 9.956332160638272644e-01
1.675984221350995451e+00 1.909264200623434160e+00 9.959048362794917786e-01
1.678146628146063524e+00 1.912662480248181751e+00 9.961508806435864782e-01
1.678200793922298262e+00 1.912747635054144801e+00 9.961549797243924864e-01
1.680205323489880831e+00 1.915904378779518247e+00 9.964154715954448571e-01
1.682236007047957171e+00 1.919049797897900644e+00 9.967700535933562422e-01
1.684269958832081970e+00 1.922198123591536856e+00 9.970930889436075972e-01
1.686501843294992531e+00 1.925684446994399668e+00 9.973981871343995387e-01
1.688670220679946432e+00 1.929102891826042665e+00 9.976149758232988329e-01
1.690471530335442063e+00 1.931908869169503662e+00 9.977291704414829043e-01
1.692539469828624688e+00 1.935155025015599772e+00 9.977838803157821346e-01
1.694718832914553275e+00 1.938568638098247643e+00 9.978157691120222994e-01
1.694773467096617248e+00 1.938655007095389626e+00 9.978184097532986074e-01
1.697011163086682206e+00 1.942143096243289735e+00 9.978976127631146165e-01
1.699353020322230012e+00 1.945801707734702068e+00 9.979718863680715479e-01
1.701129757013042587e+00 1.948619579153465065e+00 9.980103828596506021e-01
1.702981726666220164e+00 1.951507276078804143e+00 9.980483458828101062e-01
1.705011899452118396e+00 1.954675199963132215e+00 9.984157699435353139e-01
1.707148952376249307e+00 1.957985041896956657e+00 9.988218617789957898e-01
1.707203702334493478e+00 1.958070141650085860e+00 9.988265128652125124e-01
1.712085125632882843e+00 1.965735363178872319e+00 9.988752139811296615e-01
1.714104659329630298e+00 1.968888583685794780e+00 9.988419542194911793e-01
1.716166535035108520e+00 1.972122786315944953e+00 9.987947898830216165e-01
1.718174191342834334e+00 1.975274541084569124e+00 9.986720552096737258e-01
1.720232090469136388e+00 1.978515511410888994e+00 9.985624658360576777e-01
1.722284321669240725e+00 1.981734596671527848e+00 9.984248460918438983e-01
1.724349721023011872e+00 1.984972605878375207e+00 9.982621503985326106e-01
1.726257775137316930e+00 1.987941100374325032e+00 9.980840087299429619e-01
1.728642085045575039e+00 1.991676392168959531e+00 9.978948325584633405e-01
1.730772857837764134e+00 1.995006670982704122e+00 9.978781085437385956e-01
1.732942669691249771e+00 1.998402982214187329e+00 9.981013658822972534e-01
1.732996583895647147e+00 1.998486764942245530e+00 9.981039882400849494e-01
1.735004358550771952e+00 2.001646344042754766e+00 9.981958794624411491e-01
1.737070615331877121e+00 2.004869697760781833e+00 9.982437862131022799e-01
1.739242879613567494e+00 2.008279906392142600e+00 9.981086945804078514e-01
1.739293709354534645e+00 2.008365443323945509e+00 9.981050955054735496e-01
1.741433366346014866e+00 2.011760190105159829e+00 9.977069281456565353e-01
1.741487448129131144e+00 2.011844674068937522e+00 9.976948387984724276e-01
1.743495344251956736e+00 2.014992149655579823e+00 9.973064422155716313e-01
1.745426283217516250e+00 2.018041451049888746e+00 9.969182813409719346e-01
1.747568717912733494e+00 2.021442229871932561e+00 9.965080865553528344e-01
1.747621752166516718e+00 2.021525222254281662e+00 9.964981467509901325e-01
1.749439064543299338e+00 2.024402026143226063e+00 9.961713002151550977e-01
1.751539291015724586e+00 2.027718861559901775e+00 9.957693561897144052e-01
1.753594351202694357e+00 2.030943758579902614e+00 9.953671545678129950e-01
1.755549621644862279e+00 2.034011088833990399e+00 9.950656471480207044e-01
1.757730599127666160e+00 2.037416679406404363e+00 9.948773305694574853e-01
1.759654269206944344e+00 2.040387095123902927e+00 9.947247758514392579e-01
1.761556857569802848e+00 2.043372513472434537e+00 9.945400536408302017e-01
1.763525162567949556e+00 2.046414570821314616e+00 9.942901841391484918e-01
1.765552034168719420e+00 2.049553181126231749e+00 9.939792898759102213e-01
1.767688125664853116e+00 2.052858082409466434e+00 9.935854876541019287e-01
1.769857456008219643e+00 2.056260530120498142e+00 9.931682621113918641e-01
1.769911967891722560e+00 2.056344003600966808e+00 9.931583077292386319e-01
1.771932666792006561e+00 2.059472144904141544e+00 9.926360134534759627e-01
1.774049674343449734e+00 2.062773777383411389e+00 9.919971860763308058e-01
1.776034955984548080e+00 2.065825756773659094e+00 9.914047955679664570e-01
1.777983893693405593e+00 2.068866127703298030e+00 9.908461237467856009e-01
1.780159149371698168e+00 2.072206213277875797e+00 9.908990341847149219e-01
1.782106359368962556e+00 2.075196083289423399e+00 9.915433226476972894e-01
1.784052251269942602e+00 2.078179484639643526e+00 9.921281176438644378e-01
1.786030924477366222e+00 2.081241012976923876e+00 9.920411999918904433e-01
1.787973176488527827e+00 2.084276462615453074e+00 9.911148035490531250e-01
1.790063749317399200e+00 2.087556263497652775e+00 9.899436644249477446e-01
1.791803337365471593e+00 2.090319699211927063e+00 9.890056202800110441e-01
1.793659531536371032e+00 2.093189037177509704e+00 9.880336381613129548e-01
1.795691594274918090e+00 2.096307492483112878e+00 9.870606607227763174e-01
1.797863653055425504e+00 2.099681691091278779e+00 9.861018729068870003e-01
1.799887394780254946e+00 2.102807404705030692e+00 9.853109150188904541e-01
1.801853945456521222e+00 2.105830273617663284e+00 9.846137885066018614e-01
1.803868272940561290e+00 2.108936842478036588e+00 9.838932932819169919e-01
1.805802881477488020e+00 2.111882431636669555e+00 9.833801070898864349e-01
1.807656502247645625e+00 2.114670489907747086e+00 9.831476836453132417e-01
1.809605062734300107e+00 2.117623253762438651e+00 9.829167182317586349e-01
1.811629363364910317e+00 2.120655025175332220e+00 9.826034662204515824e-01
1.813744960619115387e+00 2.123862540582212688e+00 9.821461912339495282e-01
1.819242079728751182e+00 2.132175815058051871e+00 9.807602973349150988e-01
1.821187392145325656e+00 2.135121382043441596e+00 9.802104186873197289e-01
1.823356034899183742e+00 2.138386058379996513e+00 9.791275316980688759e-01
1.825441986353297796e+00 2.141573881866146500e+00 9.778342669238400120e-01
1.827739171642199345e+00 2.145064201807571624e+00 9.765112154920514431e-01
1.829742544095799506e+00 2.148064656165972863e+00 9.756090165453082941e-01
1.831802712273609135e+00 2.151098116105147895e+00 9.766600191502301520e-01
1.833823638535406531e+00 2.154092054301242953e+00 9.793957419232940387e-01
1.836019993000757689e+00 2.157379495835331173e+00 9.817365950943967023e-01
1.838260817880476905e+00 2.160807947865954759e+00 9.812640135806108832e-01
1.840222847091121494e+00 2.163786260198016009e+00 9.793224132778538538e-01
1.842205225327817608e+00 2.166818296562367685e+00 9.759810893018832090e-01
1.844149392784377062e+00 2.169771467050129132e+00 9.727524039400470279e-01
1.846360201093764752e+00 2.173116446978258676e+00 9.696432187359506072e-01
1.846413794245571394e+00 2.173200154442149312e+00 9.695779401051038970e-01
1.848776416940602241e+00 2.176680905344025252e+00 9.671271137638277615e-01
1.851019449541261741e+00 2.180010772822807752e+00 9.657027276998039200e-01
1.853133125329649467e+00 2.183086016946920171e+00 9.645729422091959826e-01
1.855283759534658961e+00 2.186162300689977300e+00 9.640499246659640642e-01
1.857423744775782648e+00 2.189250150353902136e+00 9.642384439648234995e-01
1.859623617491138470e+00 2.192415506043689621e+00 9.643225526057083163e-01
1.862166811268000766e+00 2.196077193737230093e+00 9.641089833160157996e-01
1.864476464650738130e+00 2.199399022870779596e+00 9.636159403789960054e-01
1.864534447648729110e+00 2.199481841354877343e+00 9.636062939530419813e-01
1.866899853508728224e+00 2.202878464853980311e+00 9.627795833872230258e-01
1.869135597921363523e+00 2.206102680467393107e+00 9.618518117116531263e-01
1.871437247872995924e+00 2.209450452169371193e+00 9.602619970928767401e-01
1.873418442946243490e+00 2.212316793459565112e+00 9.583920632187494792e-01
1.875558976435476533e+00 2.215415424308680770e+00 9.564320832607460243e-01
1.877652909952168603e+00 2.218468585174913965e+00 9.546904741844673969e-01
1.879749691416721102e+00 2.221459504777326899e+00 9.536019719246778825e-01
1.882128370350207636e+00 2.224805049878451513e+00 9.547199645521801115e-01
1.882188502166126209e+00 2.224889879678449311e+00 9.547890520158753835e-01
1.884275164553182780e+00 2.227859532345720428e+00 9.579753464998864709e-01
1.886422075989454994e+00 2.230916900133339098e+00 9.615191116131595050e-01
1.888490286472430002e+00 2.233904374449251051e+00 9.640941217989222878e-01
1.890545707168697520e+00 2.236878565636251093e+00 9.641500007988286214e-01
1.892586198605747727e+00 2.239898126740866413e+00 9.621067704937223963e-01
1.892639962758889682e+00 2.239976705922700262e+00 9.619945247332151173e-01
1.894589135315779771e+00 2.242784031197813999e+00 9.569969970212554022e-01
1.896609860244532042e+00 2.245754177566214871e+00 9.511328973573645040e-01
1.898828000238631297e+00 2.248944622937188331e+00 9.453681149859680666e-01
1.898882836381823536e+00 2.249026023396790919e+00 9.452356834676456376e-01
1.900996792470747376e+00 2.252005076340700462e+00 9.408041004945941754e-01
1.903410957191686403e+00 2.255383515533449401e+00 9.380505646328205493e-01
1.903527445968135945e+00 2.255549897425505712e+00 9.379403525176868150e-01
1.905730155824283178e+00 2.258592926257382505e+00 9.362298041287112627e-01
1.907926140777285839e+00 2.261552540329656580e+00 9.361134482751261032e-01
1.910152275845860670e+00 2.264577513211062154e+00 9.365457180038775364e-01
1.912367117064574851e+00 2.267583031403995086e+00 9.368203535684954675e-01
1.914445949690016580e+00 2.270435471416117235e+00 9.365981915495209531e-01
1.916969437499257856e+00 2.273863350482087764e+00 9.357385818743659822e-01
1.919246300392145832e+00 2.276943832950405699e+00 9.346815691972989448e-01
1.921887644297345599e+00 2.280508869066283140e+00 9.332323594954898827e-01
1.923993872348377598e+00 2.283408586869874135e+00 9.317354477752660680e-01
1.926022687552789048e+00 2.286220665388979612e+00 9.296394301815252836e-01
1.928177474238410793e+00 2.289189504709703282e+00 9.273820653775385336e-01
1.930252452495598181e+00 2.291983873868119304e+00 9.258215164621363957e-01
1.932483545844875472e+00 2.294956473404886399e+00 9.262826942281682241e-01
1.934670437216817973e+00 2.297875483521961915e+00 9.287037135863004389e-01
1.936967349061318178e+00 2.300935473501727557e+00 9.312118766847335971e-01
1.937030474698116178e+00 2.301016286640674924e+00 9.312587801291136724e-01
1.939191230903970053e+00 2.303938575792883192e+00 9.321593745927136965e-01
1.941613516524433480e+00 2.307243425991748254e+00 9.305356001675815225e-01
1.941668382151051198e+00 2.307315978277681978e+00 9.304635636770369755e-01
1.943592076508587452e+00 2.310006205254309108e+00 9.269754902983663447e-01
1.945822202027045256e+00 2.313036845953312604e+00 9.211905707468325266e-01
1.948276827250600141e+00 2.316338154436391239e+00 9.152486428724636580e-01
1.950356072780287109e+00 2.319138540755904643e+00 9.108909310049894126e-01
1.956175472760512957e+00 2.326728842966029998e+00 9.041476021303549437e-01
1.958383978860781305e+00 2.329578763911443140e+00 9.021836342768070338e-01
1.960933362092256882e+00 2.332787449058749019e+00 9.014806298472404222e-01
1.963265725435847209e+00 2.335743884275521154e+00 9.012328668274985910e-01
1.965477350196304762e+00 2.338532481601732993e+00 9.008088211962264058e-01
1.968068846796330540e+00 2.341820770223960402e+00 8.998669367852685230e-01
1.970529862276035438e+00 2.344909090769709437e+00 8.987579655905466591e-01
1.972839790125183290e+00 2.347835732324337066e+00 8.974664111238773723e-01
1.975147692260634136e+00 2.350776301372774491e+00 8.960761964084609232e-01
1.977341942577921285e+00 2.353530627360634231e+00 8.946698049671987230e-01
1.979765739516068157e+00 2.356578450477695874e+00 8.936089895156417162e-01
1.982244854205992945e+00 2.359658958137799800e+00 8.932519077956763143e-01
1.984479003368435635e+00 2.362433419869947038e+00 8.926903283759644037e-01
1.986761656127439268e+00 2.365251010794655162e+00 8.918690856218272067e-01
1.989167229641877199e+00 2.368241497126809314e+00 8.906559260276349921e-01
1.991408028707408961e+00 2.371061114691495497e+00 8.893258583214226354e-01
1.994037300369499555e+00 2.374329938416898766e+00 8.876117199826679682e-01
1.996342741113430908e+00 2.377205514107584516e+00 8.860100002728198421e-01
1.998848872049761916e+00 2.380306967115885186e+00 8.841854606270680428e-01
2.001378626185613463e+00 2.383491025257713503e+00 8.818467140358796641e-01
2.003550598301601759e+00 2.386165960838927180e+00 8.787760129443449308e-01
2.005737312043434528e+00 2.388852306150147431e+00 8.759791878082734407e-01
2.008099229777294159e+00 2.391681092552483623e+00 8.751208115609218074e-01
2.008229092148319239e+00 2.391837192711647297e+00 8.751326432836092906e-01
2.010890527870205613e+00 2.395018613191282952e+00 8.756949730343155380e-01
2.013532255050755282e+00 2.398182637092929781e+00 8.762018301265559472e-01
2.015951616014587611e+00 2.401104360653119052e+00 8.761770428409996203e-01
2.018121680035132481e+00 2.403731804766173763e+00 8.756459819970112690e-01
2.020614061214959900e+00 2.406803432406236620e+00 8.736979754345477467e-01
2.020669247382055556e+00 2.406881056057805335e+00 8.736289511958786891e-01
2.022433520950824626e+00 2.409033420280118687e+00 8.710768865604137101e-01
2.024653970576601125e+00 2.411713350965613678e+00 8.660755761819086684e-01
2.026926330964955003e+00 2.414394138569339709e+00 8.607282558941945494e-01
2.029271796985375076e+00 2.417183783785188833e+00 8.558261380243922245e-01
2.031586526874493703e+00 2.419881079532907542e+00 8.522502164092009558e-01
2.034100247587638854e+00 2.422738408106492436e+00 8.508036315814669903e-01
2.036813695533113755e+00 2.425827369725381821e+00 8.521972530451373817e-01
2.039331212182856845e+00 2.428722069138264494e+00 8.556893667314637852e-01
2.041574324219857406e+00 2.431310455133700366e+00 8.581642908621629484e-01
2.044044045149072009e+00 2.434195602129311631e+00 8.581162846434994274e-01
2.046142868416013449e+00 2.436745810067297402e+00 8.562083060146047364e-01
2.048305243246757446e+00 2.439288750039044551e+00 8.517648288423705916e-01
2.050777084772658743e+00 2.442170357681940018e+00 8.446358707577966696e-01
2.053169917165524438e+00 2.444935212291859283e+00 8.382596225349235874e-01
2.055823919599280014e+00 2.447918901365764288e+00 8.321510607142139637e-01
2.058718698337664410e+00 2.451118542064027572e+00 8.289427894181347067e-01
2.058788157029642463e+00 2.451191960292011807e+00 8.289102808015227364e-01
2.061490201976828640e+00 2.454125378122297363e+00 8.281826520000126202e-01
2.064161115865462026e+00 2.457025009629409062e+00 8.264762747971639012e-01
2.066761626889794368e+00 2.459847612016353491e+00 8.246000640170672025e-01
2.069021834486731048e+00 2.462285445006541007e+00 8.226822094173635858e-01
2.071636851032840898e+00 2.465090742258657652e+00 8.203870948427496312e-01
2.074454881270053619e+00 2.468106336661262112e+00 8.179211163735938817e-01
2.076849430262556861e+00 2.470692231678825568e+00 8.158255361196552480e-01
2.079588090124087962e+00 2.473634401585336207e+00 8.135135389463946654e-01
2.082499201675215961e+00 2.476710834311918852e+00 8.120834715689351224e-01
2.084990268088492638e+00 2.479334561334546994e+00 8.134597301971654426e-01
2.085062155490469582e+00 2.479410365316415898e+00 8.135346623324740678e-01
2.087909221406284210e+00 2.482432907588471682e+00 8.163391703897920904e-01
2.087976045307513129e+00 2.482503411365193813e+00 8.163699082260066353e-01
2.090759116947961349e+00 2.485508426794450276e+00 8.158843274530266365e-01
2.093002774504128638e+00 2.487998003224974219e+00 8.134033758982018858e-01
2.095383001381606380e+00 2.490591180555584927e+00 8.088944267990678672e-01
2.097767998450065008e+00 2.493118638301250467e+00 8.035363463635928349e-01
2.104046778536317053e+00 2.499764073083145632e+00 7.915319351837291073e-01
2.106461861273684288e+00 2.502262667908782046e+00 7.876114675948308053e-01
2.109129947001647576e+00 2.504958158215179864e+00 7.845008323304080156e-01
2.111823363532125519e+00 2.507627813355971291e+00 7.828172187117073966e-01
2.114507150954862968e+00 2.510294357520541642e+00 7.814358751000621828e-01
2.117036279579791902e+00 2.512807418579128704e+00 7.801017440283297688e-01
2.120043115583925886e+00 2.515785497607543331e+00 7.783428550140387703e-01
2.122995751939156683e+00 2.518709206563396030e+00 7.762577284482583551e-01
2.125806437197533594e+00 2.521475449470035102e+00 7.740461370072644343e-01
2.128542530327083071e+00 2.524151985123259667e+00 7.717261221337005095e-01
2.131111339031820151e+00 2.526639631669243435e+00 7.701733159592027977e-01
2.133692559726686699e+00 2.529152295501732262e+00 7.709773248697020520e-01
2.136313223491581592e+00 2.531700988721945045e+00 7.729175504992563672e-01
2.138801770853577366e+00 2.534147904570104082e+00 7.726122265441561776e-01
2.141441184980408252e+00 2.536822332726781593e+00 7.699935045019480340e-01
2.143854956933237244e+00 2.539191072034802765e+00 7.656569746480764715e-01
2.146538739713799604e+00 2.541813100956017646e+00 7.599764016274319633e-01
2.148982884852887576e+00 2.544192725747270956e+00 7.551577380716107957e-01
2.151762678490918290e+00 2.546860570008221636e+00 7.506341353648351422e-01
2.151835128175654255e+00 2.546927798618727756e+00 7.505271599287332007e-01
2.154451124918916882e+00 2.549396885985963479e+00 7.476304444783805625e-01
2.157601354745309674e+00 2.552304867135590349e+00 7.472278974623342007e-01
2.160728733307931915e+00 2.555221106067031123e+00 7.500982587102529298e-01
2.163478163834092971e+00 2.557801768694281996e+00 7.537210739955135796e-01
2.166241998233547239e+00 2.560390201199861160e+00 7.551191857405642471e-01
2.166311880944003398e+00 2.560461173073031116e+00 7.551158682417006274e-01
2.168941151069136097e+00 2.562990458768322988e+00 7.536281688433096315e-01
2.169007384983347997e+00 2.563051599438568751e+00 7.535721118185527700e-01
2.171496639554497232e+00 2.565409202674614697e+00 7.504651687931068738e-01
2.173637376520161091e+00 2.567413406913206853e+00 7.451930745506791798e-01
2.175846720587418126e+00 2.569419949517184776e+00 7.380504310906457199e-01
2.178494771036812327e+00 2.571892466955967294e+00 7.297175680032079725e-01
2.181238241511594289e+00 2.574398746757778245e+00 7.224362107432008573e-01
2.183870799695901255e+00 2.576753567540107870e+00 7.182376478442825674e-01
2.187294748851198900e+00 2.579730062159231618e+00 7.163774979506776219e-01
2.190552907544613959e+00 2.582575920389880597e+00 7.162595372248775627e-01
2.193080768914167145e+00 2.584804155639170986e+00 7.140305953835970332e-01
2.196356292228648588e+00 2.587715946939527445e+00 7.097589743805973184e-01
2.199023336647235816e+00 2.590068113840212405e+00 7.058360837210611027e-01
2.201808459515628424e+00 2.592486753224384266e+00 7.018620927958306721e-01
2.204762139179059943e+00 2.595043552526103525e+00 6.980022302854815841e-01
2.208065352855084651e+00 2.597805428406750217e+00 6.952246511375036464e-01
2.210892389702054484e+00 2.600172491410306819e+00 6.955396317246029803e-01
2.213764657093725052e+00 2.602564036192820396e+00 6.974446276145771506e-01
2.216755812689017446e+00 2.605078348192981785e+00 6.992003877893535613e-01
2.219604546908003240e+00 2.607510230904482640e+00 6.983701734669045535e-01
2.222364925893090870e+00 2.609905885403128512e+00 6.953592329225695146e-01
2.224641757040923817e+00 2.611866718703041990e+00 6.906328429269247282e-01
2.227116985952794170e+00 2.613896418388371057e+00 6.839572434331311346e-01
2.229684416413558523e+00 2.616028109207553243e+00 6.769170538728752629e-01
2.232676818862648904e+00 2.618481010990215019e+00 6.700573417239163998e-01
2.235913670744714477e+00 2.621051729672378983e+00 6.661727906509669062e-01
2.238752317002627557e+00 2.623277995240592908e+00 6.652697944713851230e-01
2.241946047486267357e+00 2.625782497743942123e+00 6.659001492820838530e-01
2.244782184267888336e+00 2.628010432038794697e+00 6.662435814559528602e-01
2.247523667514679246e+00 2.630169143048239455e+00 6.656995343573510748e-01
2.250540430848168683e+00 2.632622741475985961e+00 6.625597549600081848e-01
2.253166376277251803e+00 2.634757399000697831e+00 6.575254626621516163e-01
2.255850034390510572e+00 2.636859742324757505e+00 6.520889224077944801e-01
2.263034797852269353e+00 2.642369164043449903e+00 6.433626751366385843e-01
2.266382779198114594e+00 2.644887037853195011e+00 6.401051288477600520e-01
2.269427669612056775e+00 2.647170827159629702e+00 6.374797206334797961e-01
2.269507589610942233e+00 2.647229994379619811e+00 6.374116611674763844e-01
2.272544233008590542e+00 2.649506011014546303e+00 6.348612546901923892e-01
2.275994620205211483e+00 2.652079139549789577e+00 6.319080463180727358e-01
2.279201239860456862e+00 2.654442155052050722e+00 6.290114360920460168e-01
2.281881673148347112e+00 2.656425130513503596e+00 6.260745083207994721e-01
2.285344498114439293e+00 2.658992416628759514e+00 6.211930920744460627e-01
2.288125664189486042e+00 2.661012394364624001e+00 6.172010198452183571e-01
2.291340440371889109e+00 2.663340449578940117e+00 6.127718675473119436e-01
2.294324150375029348e+00 2.665502693281389224e+00 6.091468557377954784e-01
2.297439639675453282e+00 2.667684520696963268e+00 6.056928720738473659e-01
2.300478668434697838e+00 2.669805606493367733e+00 6.024440202009629930e-01
2.303682230036605993e+00 2.672045887368525552e+00 5.990985927599548067e-01
2.303763815970000017e+00 2.672106400527515468e+00 5.990173028011178680e-01
2.306575877410849795e+00 2.674035526516207462e+00 5.963933563421698336e-01
2.309937537778426364e+00 2.676293549717426057e+00 5.953987280473801436e-01
2.313095045526829985e+00 2.678437157943928781e+00 5.964502083470738514e-01
2.316504726245290247e+00 2.680753521213294022e+00 5.975625130937679552e-01
2.319379773614792306e+00 2.682721787475875086e+00 5.963124746953272215e-01
2.322169766242799138e+00 2.684677413338212304e+00 5.931217799904318078e-01
2.324943274038302032e+00 2.686560295684927713e+00 5.871218396099511239e-01
2.328186998203090941e+00 2.688714530722413620e+00 5.783864963008997773e-01
2.328266565599582449e+00 2.688765133178716127e+00 5.781584962939332328e-01
2.331654334423134411e+00 2.690990528517998470e+00 5.701506705199199665e-01
2.334934195120691225e+00 2.693119234080422419e+00 5.659062435398498625e-01
2.337982433062403054e+00 2.695057741660162876e+00 5.640530459611012848e-01
2.341816584936020185e+00 2.697473023500926992e+00 5.625998213512222179e-01
2.345102546332141991e+00 2.699538300570153204e+00 5.611549520194938356e-01
2.347888186584008885e+00 2.701295046447190984e+00 5.596174549013244182e-01
2.351429624864317613e+00 2.703508024585990377e+00 5.566316689858612499e-01
2.354390249900786269e+00 2.705356879546579663e+00 5.537591227845299890e-01
2.357727884335309110e+00 2.707469920023509058e+00 5.486793380416210564e-01
2.360664542432208801e+00 2.709284283055246156e+00 5.436026245926273148e-01
2.363775873391473770e+00 2.711224397250687979e+00 5.385553092387966867e-01
2.366819681759136706e+00 2.713092404849192896e+00 5.341566623678404291e-01
2.369896094104147810e+00 2.714946292647176129e+00 5.302159721982091511e-01
2.373591982940681522e+00 2.717156373680433834e+00 5.259337157447662170e-01
2.377044454683236108e+00 2.719198703733375577e+00 5.221326046025043244e-01
2.377131970966344543e+00 2.719246206546972466e+00 5.220386471668747586e-01
2.380551922104884977e+00 2.721217159293054522e+00 5.188591327694862532e-01
2.384180365677623925e+00 2.723284635935197429e+00 5.178921938230458544e-01
2.387664221688064359e+00 2.725271115485936146e+00 5.181216325036175352e-01
2.391123659920350253e+00 2.727239593683913554e+00 5.178799272817278254e-01
2.394052629961560985e+00 2.728912895016917695e+00 5.171533150436906645e-01
2.397678511172845806e+00 2.731027867511535590e+00 5.135825151768224073e-01
2.400671710578201612e+00 2.732722549577833782e+00 5.078916773410555585e-01
2.403434215188599676e+00 2.734262053353378796e+00 5.012327265890270667e-01
2.406759758125233351e+00 2.736105341586410056e+00 4.934935279777822870e-01
2.410182076026404996e+00 2.737979825593294336e+00 4.877255009737035962e-01
2.413707780375370593e+00 2.739880310306912925e+00 4.832839127274805580e-01
2.417552659219903699e+00 2.741903909742218648e+00 4.795030318341806375e-01
2.420676692940780139e+00 2.743523734816504245e+00 4.767655036371395982e-01
2.424144979707026248e+00 2.745320233246088648e+00 4.737780916632235995e-01
2.427815429174929651e+00 2.747205027001045075e+00 4.704246845289749568e-01
2.431391613438651955e+00 2.749021586335758993e+00 4.670612281569689883e-01
2.434828376600083999e+00 2.750734850481264537e+00 4.641371841220944261e-01
2.438416222295318292e+00 2.752530962884429222e+00 4.635088816698452741e-01
2.441701246758533728e+00 2.754191365075556952e+00 4.631210481415478086e-01
2.449465817907163778e+00 2.758116373368243224e+00 4.531891727253340441e-01
2.452742124272166535e+00 2.759742937701793686e+00 4.469502862888798944e-01
2.456012445577098191e+00 2.761313278509185842e+00 4.403282214504507519e-01
2.459132837777287861e+00 2.762805573507617574e+00 4.352522748498081628e-01
2.462322447260572034e+00 2.764271334549825987e+00 4.318169267921449506e-01
2.465867149633255373e+00 2.765898394675490479e+00 4.288637723947872904e-01
2.465957060118515898e+00 2.765939291404318823e+00 4.287926412681953292e-01
2.469405722473474452e+00 2.767525279465776755e+00 4.260497270929767266e-01
2.472699977240863323e+00 2.769025470918546894e+00 4.232560688120503567e-01
2.476080524605396960e+00 2.770535658481048991e+00 4.202614111691294063e-01
2.476170925011687451e+00 2.770577737262384765e+00 4.201797246656840401e-01
2.480039413825708472e+00 2.772310907883603015e+00 4.171554254379747362e-01
2.484051243490033922e+00 2.774071005872294382e+00 4.166372564059513950e-01
2.487441015113897258e+00 2.775586426360299175e+00 4.164787108166467244e-01
2.491073397946237389e+00 2.777196771276177589e+00 4.154627508827080096e-01
2.494622447006405785e+00 2.778798037304758495e+00 4.130176647711168436e-01
2.497336017150859178e+00 2.780011195867756246e+00 4.094372437886262261e-01
2.500223643926349659e+00 2.781327249149261327e+00 4.034651905273269890e-01
2.503680920993489600e+00 2.782775841900019920e+00 3.943755343502750033e-01
2.507269828478416063e+00 2.784291943834733107e+00 3.862705575991032814e-01
2.510876052014675786e+00 2.785776873482525673e+00 3.796125521034174333e-01
2.514453668337162107e+00 2.787216666464927606e+00 3.752489811449728485e-01
2.518245980549711049e+00 2.788700112062893144e+00 3.716246542208252457e-01
2.521571162205224148e+00 2.789985193284357567e+00 3.689647583954661081e-01
2.525347911526750977e+00 2.791452460862887008e+00 3.661284236216005850e-01
2.528966076941039809e+00 2.792835791366153231e+00 3.632432804119004044e-01
2.532596002340545382e+00 2.794188710693365607e+00 3.607562011866226603e-01
2.536100364492712700e+00 2.795526830216527259e+00 3.597834213222339539e-01
2.539592310914233320e+00 2.796849773378346171e+00 3.587620319578362360e-01
2.543051250148492315e+00 2.798148277595627231e+00 3.569954661807109297e-01
2.546401675810252119e+00 2.799422919487710271e+00 3.545526120366180867e-01
2.550191052760635735e+00 2.800850654288611352e+00 3.511396068385302383e-01
2.553163995314581491e+00 2.801971473720326955e+00 3.481754833035374808e-01
2.556835350776031746e+00 2.803357401039625163e+00 3.436067549397591181e-01
2.556912961818817998e+00 2.803386852413845443e+00 3.434860469049615395e-01
2.560469124446627109e+00 2.804642779225873461e+00 3.366767148173391844e-01
2.563687601017554663e+00 2.805833110836345234e+00 3.305978271150389891e-01
2.567267416691107140e+00 2.807116509204297117e+00 3.246434050369956248e-01
2.570564247579619543e+00 2.808254481816949699e+00 3.199628448574709516e-01
2.573701281330515123e+00 2.809321459041280278e+00 3.161398051168675671e-01
2.577242574667375496e+00 2.810489659050320554e+00 3.124028791636447866e-01
2.580991595049607401e+00 2.811708087085945884e+00 3.086739968499628839e-01
2.584675456471726918e+00 2.812874888225444625e+00 3.053937267916603804e-01
2.588452242881002618e+00 2.814061274212812158e+00 3.026068092894922401e-01
2.591992713368138190e+00 2.815168519249116930e+00 3.000823812732743567e-01
2.595446103056366915e+00 2.816240413251836827e+00 2.973636816951699680e-01
2.598822260562447362e+00 2.817280591008125334e+00 2.944143966576595606e-01
2.602954720988519544e+00 2.818550680649661189e+00 2.905689274499460018e-01
2.606610293373459619e+00 2.819667011487556607e+00 2.870276391684128958e-01
2.610525345175126244e+00 2.820828827782645210e+00 2.842379599225273168e-01
2.614428241452091406e+00 2.821956277766369148e+00 2.826066852773340687e-01
2.617992496800376490e+00 2.823001774050534429e+00 2.809957965307885441e-01
2.621443844362333131e+00 2.824002226896602963e+00 2.789299435886161693e-01
2.624712522705624718e+00 2.824953287060234963e+00 2.766080065812491773e-01
2.628517610855142461e+00 2.826051153840948071e+00 2.733057331725008421e-01
2.631955199496142317e+00 2.827054524111385803e+00 2.701137474210041356e-01
2.635434711823994469e+00 2.828070978821949133e+00 2.663909805126373764e-01
2.638725859166798138e+00 2.828985431838548337e+00 2.608360989169069555e-01
2.641998310760184321e+00 2.829912566857258227e+00 2.542988588980981679e-01
2.645351844216937476e+00 2.830833752592727404e+00 2.479397206741586757e-01
2.648460985985004346e+00 2.831674657896105174e+00 2.430059029345278399e-01
2.651762995832120051e+00 2.832514172855197465e+00 2.386893692038079828e-01
2.655671462481087985e+00 2.833490747756460593e+00 2.344068798116451247e-01
2.659806585877278806e+00 2.834469821051757599e+00 2.305447545384120556e-01
2.669125240302411939e+00 2.836627790143966266e+00 2.228671973778683368e-01
2.669223829977681373e+00 2.836651824198252569e+00 2.227857548941436505e-01
2.672544009167406642e+00 2.837411125388917821e+00 2.199967740182961762e-01
2.676263287016225068e+00 2.838258466551406567e+00 2.166702666296262680e-01
2.679799536836530827e+00 2.839040144506335572e+00 2.134442002983647502e-01
2.683449701967674628e+00 2.839816902701392642e+00 2.106792701243704324e-01
2.687380609245372032e+00 2.840642830009744380e+00 2.080823670586999241e-01
2.690723584454160378e+00 2.841354781918147498e+00 2.057025952159531879e-01
2.694358505191661202e+00 2.842105363315957867e+00 2.028690987958717828e-01
2.698276203345815638e+00 2.842920436922476757e+00 1.995968018693032031e-01
2.701897803358464412e+00 2.843668833252269046e+00 1.964136001555680244e-01
2.705225948526080337e+00 2.844368754426715107e+00 1.933652492507585419e-01
2.708595547293541461e+00 2.845017480731096615e+00 1.909507303765447805e-01
2.712170231967183209e+00 2.845712865265511482e+00 1.892682494126665116e-01
2.715698424131037569e+00 2.846383838256879351e+00 1.876014582034038480e-01
2.719229419683697024e+00 2.847061924875973205e+00 1.855183394061359070e-01
2.722853105165235377e+00 2.847758340192385607e+00 1.828724617570349487e-01
2.726968681318104437e+00 2.848555460390093330e+00 1.794827049878639225e-01
2.730769333932097531e+00 2.849290142030350914e+00 1.761122158527101966e-01
2.734246810218812662e+00 2.849903742483203217e+00 1.737101500097972540e-01
2.737808214769124948e+00 2.850525455910917216e+00 1.721529408171738329e-01
2.741362778421254198e+00 2.851142881976877597e+00 1.704397658293936024e-01
2.745330826583495476e+00 2.851855803722090688e+00 1.674111911439189471e-01
2.745422187157186666e+00 2.851872914601663034e+00 1.673082047338706746e-01
2.748616323615126422e+00 2.852444042386372836e+00 1.624645913154672827e-01
2.751408892956222374e+00 2.852892535326761347e+00 1.565048843038324422e-01
2.755170682409653793e+00 2.853482442674612152e+00 1.479024720395471226e-01
2.758875703792321499e+00 2.854104841348269694e+00 1.404082766151088513e-01
2.762913076215220087e+00 2.854716230813418854e+00 1.337088469482785591e-01
2.767072487122452351e+00 2.855301806961926481e+00 1.282657768300831114e-01
2.771019452551296780e+00 2.855798435833260651e+00 1.244408858115439442e-01
2.771120509189883840e+00 2.855812322312771823e+00 1.243480044708125953e-01
2.775025950736480951e+00 2.856297420421235689e+00 1.215682474433981558e-01
2.778939587921803067e+00 2.856766054007241706e+00 1.189335047239313964e-01
2.783051354055337878e+00 2.857248392892767885e+00 1.162969655570573052e-01
2.787351117358060293e+00 2.857761400287254894e+00 1.133971645550942153e-01
2.791331757306956263e+00 2.858217822583231538e+00 1.104537572840642440e-01
2.791431583019799767e+00 2.858228284024890709e+00 1.103780966791977070e-01
2.795213797468051986e+00 2.858660091529487968e+00 1.072532560072677332e-01
2.798898930874329949e+00 2.859056981139595166e+00 1.041084336728384796e-01
2.802484077726277611e+00 2.859438570506088961e+00 1.010341153268850961e-01
2.806471918950058431e+00 2.859861515418373301e+00 9.760198083788479417e-02
2.810273431738242955e+00 2.860232285945593755e+00 9.470678305862668955e-02
2.813778852986162704e+00 2.860569851907103001e+00 9.209784824240929701e-02
2.817765905133056581e+00 2.860950125912735231e+00 8.913583597559253391e-02
2.821072626580375164e+00 2.861271534162559860e+00 8.655476195428316033e-02
2.824364621659420038e+00 2.861565420191996445e+00 8.389071217753901744e-02
2.828349376356899203e+00 2.861922331190938529e+00 8.061676877814354103e-02
2.832034917074395253e+00 2.862245059292594540e+00 7.749586093644839080e-02
2.836356763502090317e+00 2.862589009277001217e+00 7.439871145445658973e-02
2.840366714367906997e+00 2.862897848880649132e+00 7.170939297487906317e-02
2.844253124001661526e+00 2.863184510489839241e+00 6.900993520437236073e-02
2.848140844787995007e+00 2.863471257267513614e+00 6.612412561368784247e-02
2.852221974638469604e+00 2.863766103268632790e+00 6.296311826942647960e-02
2.856094073162375846e+00 2.864040085615710218e+00 5.986570502631236718e-02
2.859708773879548804e+00 2.864265363653343499e+00 5.728211761253970691e-02
2.863911160198851391e+00 2.864523973434187631e+00 5.448200077024188681e-02
2.867682852789585457e+00 2.864740189671847403e+00 5.196426267662088844e-02
2.871162722564652992e+00 2.864941475667144744e+00 4.953731964447950775e-02
2.874741570481350816e+00 2.865138661407133913e+00 4.673007918888012063e-02
2.878709940187341942e+00 2.865341695202432870e+00 4.350376865882231436e-02
2.882364879124122314e+00 2.865530249639043792e+00 4.052226728859537747e-02
2.891750247883158043e+00 2.865943374069075844e+00 3.394984309135253703e-02
2.895729973087422859e+00 2.866073796559445164e+00 3.131993167583115717e-02
2.895830230454539578e+00 2.866075784552231109e+00 3.124880388165231226e-02
2.900082238152427383e+00 2.866223207437753828e+00 2.806880783887609476e-02
2.900180333558491697e+00 2.866229145085871011e+00 2.799324792222403907e-02
2.903569001250338122e+00 2.866342592036198234e+00 2.548199704246866676e-02
2.907356307343360147e+00 2.866428687454501301e+00 2.290783157153694627e-02
2.911024935675003977e+00 2.866503225609133843e+00 2.040603876373110748e-02
2.914881344660201989e+00 2.866609891257698273e+00 1.767359274336227290e-02
2.918236398565090539e+00 2.866699788534153193e+00 1.520981705782085969e-02
2.921677399336354508e+00 2.866783366746281203e+00 1.258690246606987070e-02
2.925327886533254151e+00 2.866866394165017429e+00 9.727210321241821361e-03
2.929454101593376603e+00 2.866930097354644325e+00 6.430802910388591122e-03
2.933497007309208815e+00 2.867009067909273234e+00 3.278006890734394205e-03
2.937247127613197062e+00 2.867043835093699755e+00 5.716358066283530040e-04
2.940681368666034690e+00 2.867066381137587605e+00 -1.860661529488770102e-03
2.944326817440170885e+00 2.867096633097909297e+00 -4.540123514047362911e-03
2.947940323182640210e+00 2.867105107555696364e+00 -7.253953055377173817e-03
2.951848647251879676e+00 2.867124486256406257e+00 -1.028553348810376349e-02
2.955567695079053703e+00 2.867112988319942879e+00 -1.321146155749211050e-02
2.959298549685080548e+00 2.867106070659172445e+00 -1.603597969052276279e-02
2.963524539682001357e+00 2.867072888283886734e+00 -1.914152609763896881e-02
2.963621232938411509e+00 2.867070531389388943e+00 -1.921425354124202747e-02
2.967434382921986469e+00 2.867023439598782808e+00 -2.202463304288206081e-02
2.967530373312381897e+00 2.867023163809582442e+00 -2.209573488925890491e-02
2.970853110368310901e+00 2.866955399459551579e+00 -2.460276103186826574e-02
2.974958853820127036e+00 2.866865104713785861e+00 -2.773009641958688876e-02
