2.250358267362040809e+00 2.249962996705543450e+00 -1.194723986957736315e-04
2.250476819966893860e+00 2.249949844977678914e+00 -1.531113060102163713e-04
2.250501334983963986e+00 2.249939951521557013e+00 -6.759761692515428284e-05
2.250525680276160401e+00 2.249937972880759585e+00 2.315955712482418191e-04
2.250567871171786916e+00 2.249933910822793592e+00 7.726589625603489872e-04
2.250618958565238970e+00 2.249933222949854095e+00 1.532540749854085713e-03
2.250625801163351092e+00 2.249929457045522163e+00 3.120734807741496093e-03
2.250627628223297094e+00 2.249927675697932283e+00 3.156797287640348421e-03
2.250682515023844754e+00 2.249927674795726418e+00 4.685061142687177091e-03
2.250711577548469400e+00 2.249925418825604151e+00 6.725675042776634201e-03
2.250770909778799567e+00 2.249927686204036714e+00 9.220384676331742219e-03
2.250797725633686852e+00 2.249930748429644023e+00 1.189525405681416022e-02
2.250810897516181797e+00 2.249934651743981107e+00 1.487846260437855790e-02
2.250890274823463155e+00 2.249932845818371163e+00 1.824357916068345548e-02
2.250948240367533604e+00 2.249925682345460309e+00 2.215866880926739904e-02
2.250951399325144653e+00 2.249924869182303944e+00 2.236714301412544292e-02
2.251001234620640279e+00 2.249929107861854405e+00 2.645541342445675501e-02
2.251027185541751408e+00 2.249926230967798535e+00 3.103172025231965350e-02
2.251101616527994675e+00 2.249936564252247084e+00 3.535767127393964204e-02
2.251213086385405404e+00 2.249927369390954279e+00 4.083638210502223143e-02
2.251308146405885502e+00 2.249931078174801424e+00 5.752777800901318767e-02
2.251364335883176526e+00 2.249929695208956915e+00 6.360854045342391461e-02
2.251365431420569774e+00 2.249929710370973890e+00 6.377549096183067479e-02
2.251418617220250162e+00 2.249932986137029189e+00 6.986038832069092763e-02
2.251529353867685934e+00 2.249949547788101523e+00 7.681888342816235726e-02
2.251530386826566144e+00 2.249949144107146193e+00 7.699967229683259140e-02
2.251651672652554836e+00 2.249947903396747328e+00 8.454063916746998308e-02
2.251713383545744129e+00 2.249942023066697772e+00 9.186507332369629741e-02
2.251728079986679454e+00 2.249943043199859272e+00 9.886786223926695427e-02
2.251757695943364723e+00 2.249947551630902431e+00 1.077376710849866637e-01
2.251851092896938855e+00 2.249962309290492346e+00 1.155855157324853083e-01
2.251988924596908248e+00 2.249979395198739685e+00 1.245878098672624085e-01
2.251991501273742813e+00 2.249980780009826375e+00 1.248279003880327503e-01
2.252090700310711568e+00 2.249993720858452839e+00 1.349201852927196799e-01
2.252179171419661952e+00 2.250002014827185537e+00 1.448972685171940056e-01
2.252290860738025646e+00 2.250027727475647055e+00 1.541074805020209715e-01
2.252398006059625590e+00 2.250039755016116860e+00 1.645772213683849572e-01
2.252439426867140604e+00 2.250045987650592050e+00 1.752789130057038902e-01
2.252488845739233803e+00 2.250052673285266813e+00 1.854431415868703636e-01
2.252551243142900450e+00 2.250067674566866405e+00 1.953371472674551024e-01
2.252638333400597936e+00 2.250084462095736981e+00 2.054494888030373168e-01
2.252729047940020379e+00 2.250103444533276154e+00 2.160403484141700803e-01
2.252819310602588221e+00 2.250123442632095738e+00 2.258727260002620640e-01
2.252912080202422285e+00 2.250143354503050475e+00 2.362606618846131434e-01
2.252978561150074555e+00 2.250155657680247057e+00 2.458768157418210754e-01
2.253084032415947124e+00 2.250186695226621403e+00 2.567873081544017055e-01
2.253193338469324569e+00 2.250222725677081037e+00 2.677553920746679195e-01
2.253195397239193376e+00 2.250222011620462315e+00 2.680314378163409228e-01
2.253299363977697478e+00 2.250245650870847491e+00 2.793474552558042334e-01
2.253433376268779043e+00 2.250284248051095393e+00 2.891595162105311534e-01
2.253528765473459483e+00 2.250317690153702088e+00 2.995854523950797210e-01
2.253605534576518910e+00 2.250344620629765924e+00 3.100762384748665390e-01
2.253734036670279384e+00 2.250395725145241332e+00 3.207839237377189123e-01
2.253811371763792870e+00 2.250424473504008205e+00 3.304649748043075319e-01
2.253903046432828017e+00 2.250464554045783050e+00 3.401180699806241048e-01
2.254012706470677418e+00 2.250513640580423136e+00 3.497614981524111433e-01
2.254105744224497165e+00 2.250553069042085852e+00 3.600304359763174533e-01
2.254218765186402518e+00 2.250603457908166849e+00 3.696362519652032774e-01
2.254332341933733552e+00 2.250661306974840681e+00 3.795309532190939139e-01
2.254437943900013952e+00 2.250708239989833714e+00 3.892025721779308611e-01
2.254560258741197032e+00 2.250758712887870328e+00 3.994441308467939766e-01
2.254673900976551071e+00 2.250818429856483949e+00 4.103014734944479547e-01
2.254825372121166627e+00 2.250892108419073168e+00 4.209982790606403014e-01
2.254929698035143204e+00 2.250950808610070908e+00 4.304446584138020282e-01
2.255056239653034034e+00 2.251014963688470427e+00 4.407428772282191431e-01
2.255203497561821813e+00 2.251096130709795418e+00 4.516482076367194787e-01
2.255210849799280215e+00 2.251100777121739505e+00 4.519275339961608684e-01
2.255334708268375010e+00 2.251172855555751084e+00 4.614596940934814207e-01
2.255422782822737116e+00 2.251220087052603347e+00 4.724517401240484471e-01
2.255524167705849070e+00 2.251290287368533427e+00 4.837720385318696192e-01
2.255527698130477710e+00 2.251293014278028082e+00 4.840518543160352571e-01
2.255659514288256506e+00 2.251377576538925673e+00 4.945631869240604273e-01
2.255789657694168060e+00 2.251442334979168791e+00 5.037442826307343413e-01
2.255915730221040860e+00 2.251511357545479708e+00 5.134166619476192572e-01
2.256046520442485992e+00 2.251594833761310976e+00 5.245941492295557174e-01
2.256131352162529247e+00 2.251649741738768640e+00 5.346334242481636245e-01
2.256258247445048770e+00 2.251726508620267797e+00 5.452511720199562095e-01
2.256352090795781695e+00 2.251809195147807419e+00 5.565339466228628185e-01
2.256584009294696713e+00 2.251973739842026756e+00 5.815424986464142743e-01
2.256586446839027538e+00 2.251975644481308159e+00 5.818250820380651556e-01
2.256702836659566280e+00 2.252045723071951056e+00 5.918833309787382424e-01
2.256781106916912805e+00 2.252107152955054925e+00 6.031987895923528464e-01
2.256786085396749186e+00 2.252110071845712103e+00 6.034830153885555326e-01
2.256908043593824242e+00 2.252178172090011810e+00 6.136023024428844952e-01
2.256909562238377909e+00 2.252181056470158094e+00 6.138812676538826230e-01
2.257017919285924989e+00 2.252247183603600433e+00 6.239729124940750493e-01
2.257122799496721122e+00 2.252322951497813364e+00 6.348558144711017315e-01
2.257204243143272837e+00 2.252384803991481999e+00 6.461627558284707140e-01
2.257205347727093692e+00 2.252387102713953926e+00 6.464426790781337973e-01
2.257303824448658958e+00 2.252463270831707831e+00 6.559568438804305179e-01
2.257383849160585765e+00 2.252543777445286111e+00 6.661760549786757135e-01
2.257493370878650207e+00 2.252631347814153084e+00 6.758519316162434620e-01
2.257591799273739763e+00 2.252736319830597189e+00 6.871320277634368479e-01
2.257686527095711160e+00 2.252829610447737441e+00 6.976598260911197613e-01
2.257763785823939884e+00 2.252908613241908498e+00 7.077142097866737647e-01
2.257831696540468780e+00 2.252979221054309367e+00 7.179004250863313397e-01
2.257918186027429108e+00 2.253074960800113935e+00 7.298075140921213011e-01
2.257965197882035646e+00 2.253124355943188828e+00 7.397915532243285464e-01
2.258047943396571444e+00 2.253207438642768068e+00 7.508956507213220277e-01
2.258151935608484706e+00 2.253318168437019153e+00 7.629234403205321646e-01
2.258245928405896663e+00 2.253399779307714290e+00 7.736358997843267860e-01
2.258354402911474157e+00 2.253494349050968015e+00 7.849592663498792255e-01
2.258419832838587382e+00 2.253564451928194767e+00 7.960776888650257233e-01
2.258507052464294063e+00 2.253674140124504621e+00 8.060456898044069396e-01
2.258582451194167895e+00 2.253764643676882340e+00 8.160452551055064063e-01
2.258652812673884291e+00 2.253853560513630505e+00 8.264395410780402962e-01
2.258713522659317352e+00 2.253928210732881077e+00 8.363579162450153204e-01
2.258790330146395853e+00 2.254020825291441987e+00 8.464787430481481856e-01
2.258809172471843318e+00 2.254059232684396452e+00 8.571097622499468383e-01
2.258893870034195395e+00 2.254170056909394315e+00 8.682446247155313213e-01
2.258982275626265857e+00 2.254274449312359874e+00 8.788189209653191059e-01
2.259030616937246272e+00 2.254341090144925452e+00 8.885455288209505031e-01
2.259094080240371394e+00 2.254420793482422081e+00 8.981910326019950652e-01
2.259143023296076969e+00 2.254511081821113816e+00 9.086202041898402415e-01
2.259218271640625719e+00 2.254605128749841203e+00 9.196503322849688411e-01
2.259284447211799218e+00 2.254696160834360974e+00 9.313702734229353242e-01
2.259330827230164651e+00 2.254769315254034012e+00 9.417700946495719538e-01
2.259398567107910427e+00 2.254858577918743112e+00 9.518221368250957548e-01
2.259460752595485289e+00 2.254973461366902132e+00 9.635356131493459930e-01
2.259461918002693803e+00 2.254977137961799549e+00 9.638148929861738434e-01
2.259550822198265418e+00 2.255125763289032914e+00 9.737044289654483986e-01
2.259643091004736259e+00 2.255246106424702912e+00 9.850100661649207057e-01
2.259698507213126817e+00 2.255329596366731693e+00 9.955416207481242452e-01
2.259699357217284987e+00 2.255333761258464964e+00 9.958309154556352905e-01
2.259746788762936109e+00 2.255414453542651465e+00 1.005550445141367710e+00
2.259810663324132829e+00 2.255522634043947150e+00 1.016596034612424093e+00
2.259872624236475058e+00 2.255641688781544030e+00 1.027186605917713935e+00
2.259883083893764688e+00 2.255711450741587853e+00 1.037092176166411583e+00
2.259942330764525220e+00 2.255806181818934775e+00 1.047774182815710775e+00
2.259991455154366946e+00 2.255894839305596644e+00 1.057547988638839254e+00
2.260031942215746437e+00 2.255988999988363553e+00 1.067344316877984145e+00
2.260078664099997248e+00 2.256093049951380269e+00 1.077203666112117153e+00
2.260134932446078881e+00 2.256209393995613599e+00 1.087326830714155479e+00
2.260155660707369396e+00 2.256299662297934105e+00 1.099553798323289255e+00
2.260205257852805349e+00 2.256434935302328970e+00 1.111479098871231086e+00
2.260243345052003860e+00 2.256529660563511452e+00 1.121211690443788545e+00
2.260281587590081021e+00 2.256651663120271323e+00 1.130946139310943233e+00
2.260325390539362100e+00 2.256781447489049075e+00 1.142390854249805354e+00
2.260369649309755147e+00 2.256887232739943627e+00 1.154403699570056618e+00
2.260401092534479517e+00 2.256996157977267270e+00 1.164357893482349748e+00
2.260438155409368211e+00 2.257080696736850189e+00 1.174966922500204403e+00
2.260471529701886251e+00 2.257177439933282681e+00 1.185463051608698803e+00
2.260519731804481403e+00 2.257299744864704749e+00 1.197039525217251876e+00
2.260543127035017363e+00 2.257367948363354415e+00 1.207975832168920904e+00
2.260596733917132006e+00 2.257616089204460774e+00 1.234225340270615590e+00
2.260628825371557848e+00 2.257711047841200358e+00 1.243997828157629826e+00
2.260884195950822129e+00 2.258580436340765107e+00 1.256122425514750951e+00
2.262032024926279306e+00 2.262200366249324190e+00 1.267560254079915349e+00
2.262064632667144970e+00 2.262306341616363792e+00 1.267846987915612678e+00
2.263362077290279828e+00 2.266650154469206147e+00 1.280089657896043231e+00
2.264511996971016128e+00 2.270700173110544284e+00 1.291598979480025999e+00
2.265431590967223130e+00 2.274064435127085559e+00 1.301321669133077341e+00
2.266377524701423063e+00 2.277726927718740857e+00 1.310939734748127083e+00
2.266406130382980333e+00 2.277837218297365407e+00 1.311160757217353146e+00
2.267381121837379165e+00 2.281795424700702846e+00 1.319333188547727520e+00
2.268338404158517729e+00 2.285664062751866954e+00 1.323506297251061170e+00
2.269243973438405781e+00 2.289472892374619040e+00 1.323206752391512309e+00
2.270160046673788568e+00 2.293194982635745394e+00 1.319228899171202229e+00
2.271191353001236202e+00 2.297253363771627921e+00 1.310732552599530143e+00
2.272104115703417193e+00 2.300697504607793320e+00 1.301810309923681963e+00
2.273058318649465281e+00 2.304212119984433205e+00 1.292005625760771270e+00
2.274237251014337158e+00 2.308498912259445923e+00 1.280409354538903255e+00
2.275294623473712363e+00 2.311983921043323509e+00 1.270544644820079228e+00
2.276508100089082109e+00 2.316029692038581889e+00 1.259315541452373344e+00
2.277614559980925879e+00 2.319537472375572840e+00 1.249561145669961348e+00
2.278841466341651856e+00 2.323240142164058053e+00 1.240035062194586368e+00
2.280046053217616553e+00 2.326845311976762698e+00 1.232388245465645404e+00
2.281351035809719541e+00 2.330669137350830145e+00 1.226603303406850642e+00
2.282589326501624605e+00 2.334258611152294716e+00 1.222227132993729759e+00
2.283877742505429964e+00 2.337887824895534372e+00 1.218362676612307016e+00
2.285086957106361893e+00 2.341409054221102792e+00 1.214775942666976638e+00
2.286416624043619006e+00 2.345129866484508163e+00 1.210750151884787629e+00
2.287714247658344746e+00 2.348751597782116729e+00 1.206467439558289279e+00
2.289016512763955458e+00 2.352332043621394586e+00 1.201924655021438859e+00
2.290353962345526906e+00 2.355889855946331934e+00 1.197193549469687701e+00
2.291657632561898250e+00 2.359338254244987443e+00 1.192054066031702719e+00
2.292954533125572958e+00 2.362655642178745019e+00 1.186765644416217347e+00
2.294296435075241281e+00 2.366092097309096420e+00 1.181439985695682315e+00
2.295633348734327672e+00 2.369395337769837351e+00 1.176463522165507536e+00
2.297167557862811016e+00 2.373125204579370262e+00 1.171017031411587750e+00
2.297205318186810619e+00 2.373217450293426012e+00 1.170888426049458531e+00
2.298661907839808283e+00 2.376729299384588767e+00 1.166057714599391337e+00
2.300275510819215885e+00 2.380586144697211193e+00 1.160861528589358205e+00
2.300310750490622613e+00 2.380681353340132755e+00 1.160739187730705613e+00
2.301734981466776908e+00 2.384008208543900054e+00 1.155482700097029358e+00
2.303149229750902194e+00 2.387314360887986542e+00 1.149279434462865179e+00
2.304817485442797409e+00 2.391106588562824875e+00 1.142044933367498016e+00
2.306419543943070583e+00 2.394661002804691741e+00 1.135511634253371316e+00
2.308096938832208345e+00 2.398330920859913729e+00 1.129286938774072491e+00
2.309896849213527226e+00 2.402232942170691388e+00 1.123527725180826442e+00
2.311595249359454485e+00 2.405798639019644636e+00 1.118631795006508112e+00
2.313239612472787865e+00 2.409265146559124826e+00 1.113751739644008421e+00
2.314766746239769191e+00 2.412425665933809249e+00 1.109244697069815100e+00
2.316532031659007451e+00 2.416052868183915514e+00 1.104013234530783816e+00
2.318219225521463756e+00 2.419484533528089454e+00 1.099100766011142483e+00
2.320110442748303026e+00 2.423273679370525180e+00 1.093637569552978084e+00
2.321889579882566501e+00 2.426770466861647879e+00 1.088556727806857749e+00
2.323626015222609364e+00 2.430159194189856375e+00 1.083674751022980054e+00
2.328166452365749262e+00 2.438805057805216503e+00 1.070386998446097415e+00
2.329848796990770854e+00 2.441925816162825225e+00 1.065469664312119757e+00
2.331888138173388914e+00 2.445714562252627733e+00 1.058927694553375876e+00
2.333699414976808661e+00 2.449002487276409123e+00 1.052885279026962495e+00
2.335587596790942300e+00 2.452375367426570030e+00 1.046906708155556087e+00
2.337450548823351681e+00 2.455664833026986571e+00 1.041409176460540209e+00
2.339281828896282001e+00 2.458852992913764357e+00 1.036141629879657300e+00
2.341603635693781715e+00 2.462839286764745506e+00 1.029754482634763768e+00
2.343552862949318083e+00 2.466092967185141038e+00 1.024592027144567430e+00
2.345719674473869087e+00 2.469687602032352380e+00 1.019102420665461306e+00
2.347688899035017318e+00 2.472940623466562293e+00 1.014162345847988478e+00
2.349516273687478840e+00 2.475926583805263093e+00 1.009616797092891094e+00
2.351683271311532319e+00 2.479404002115606076e+00 1.004386569671122498e+00
2.353635127753103795e+00 2.482509270884166952e+00 9.996685673650685944e-01
2.355683966765655057e+00 2.485768611385113847e+00 9.942102961105206971e-01
2.357794082796535573e+00 2.489063505462119075e+00 9.879607595416665111e-01
2.360048470495431872e+00 2.492553552751178625e+00 9.813260237739762637e-01
2.362230928381424011e+00 2.495888709058664556e+00 9.752748694823234477e-01
2.364440189654181346e+00 2.499201419180788974e+00 9.695115231263843336e-01
2.366677466033194399e+00 2.502508694475628737e+00 9.641676686154432296e-01
2.368949900841780920e+00 2.505807938950145530e+00 9.590284001367885836e-01
2.369010390423732737e+00 2.505891952711170489e+00 9.588964966680352253e-01
2.371166353331122689e+00 2.508975813642381425e+00 9.539106396648101560e-01
2.373264068903686130e+00 2.511973591899609115e+00 9.490192097969457619e-01
2.375444238677802744e+00 2.515025631151267760e+00 9.439871159224265673e-01
2.377819931667760400e+00 2.518324022907616477e+00 9.386371836200072538e-01
2.377880364436961269e+00 2.518403836995801282e+00 9.385013905653696309e-01
2.380051014260562425e+00 2.521423691807583634e+00 9.333865134019349030e-01
2.382167609885540660e+00 2.524353008169607726e+00 9.280801321846999796e-01
2.384436600673892848e+00 2.527426427016423727e+00 9.223619964443761088e-01
2.386724350373399695e+00 2.530492410167669348e+00 9.167785929498610820e-01
2.388922830315052703e+00 2.533400631357779709e+00 9.115362590606764792e-01
2.391253921883173650e+00 2.536464035987161303e+00 9.060895165981478483e-01
2.393659457228686449e+00 2.539590894495171725e+00 9.006363259388493470e-01
2.396343423346639412e+00 2.543009790973105311e+00 8.947848822160194837e-01
2.398419721230200974e+00 2.545621984167151464e+00 8.903484842926051579e-01
2.400505745169429606e+00 2.548222233718629326e+00 8.859555443976439015e-01
2.403047139110528807e+00 2.551361578431029731e+00 8.806800963982115427e-01
2.405276267962771275e+00 2.554092127438789994e+00 8.758886664759748530e-01
2.407688397420869375e+00 2.557028226940287752e+00 8.700524349049454376e-01
2.410122011935652786e+00 2.559954188884388415e+00 8.642540590586083038e-01
2.412622351254306796e+00 2.562931309272779234e+00 8.584769780579100118e-01
2.415083804606382945e+00 2.565848667630140412e+00 8.530255768433530061e-01
2.417579762951540534e+00 2.568749242229957375e+00 8.478494833522542962e-01
2.419768720568336473e+00 2.571239324087549072e+00 8.434132186234807316e-01
2.422030602328060223e+00 2.573801552389818337e+00 8.388902598953938972e-01
2.424710248418192826e+00 2.576805327283638647e+00 8.336329674669931133e-01
2.427120064223037055e+00 2.579509108600698486e+00 8.289027723286548355e-01
2.429942559767473753e+00 2.582639416342523475e+00 8.231911262937143814e-01
2.432504962698665452e+00 2.585433407382592197e+00 8.176675294628810153e-01
2.435011392032942812e+00 2.588139266774093006e+00 8.121241508785215224e-01
2.437684068107976554e+00 2.590994864067736714e+00 8.063116667806600191e-01
2.440172259529915344e+00 2.593620931134332341e+00 8.011234196007102071e-01
2.442811783175829365e+00 2.596365816653928515e+00 7.959129379055935871e-01
2.445310366548496983e+00 2.598974915811602671e+00 7.910053712190381336e-01
2.451861968460521624e+00 2.605597592541654350e+00 7.786159570994541923e-01
2.454208619461440755e+00 2.607946010722495878e+00 7.741639255383657714e-01
2.456820641920223203e+00 2.610541719010960104e+00 7.689953173636833172e-01
2.459495066324527635e+00 2.613173938500091609e+00 7.634451208285848445e-01
2.462649776096581089e+00 2.616254816223715363e+00 7.570055261462071972e-01
2.465029014484424241e+00 2.618518001951834151e+00 7.523081966615243754e-01
2.467926179492020200e+00 2.621285722679068897e+00 7.467598995799015205e-01
2.470722037804950588e+00 2.623882094693859912e+00 7.415256069798475957e-01
2.473295829734126983e+00 2.626260999514977268e+00 7.368151559491609159e-01
2.475953176338491435e+00 2.628697599597362711e+00 7.319943496078881173e-01
2.478979044392369158e+00 2.631441307123786100e+00 7.264733941685167506e-01
2.482008725739893507e+00 2.634159159834585484e+00 7.206830814665519114e-01
2.485216104774286450e+00 2.637018624551954460e+00 7.144781375796551703e-01
2.488059628249449595e+00 2.639517389255925828e+00 7.091212308572519829e-01
2.488132380526388410e+00 2.639585460316292043e+00 7.089857658836965504e-01
2.491144722344709184e+00 2.642213516291404218e+00 7.034377332872531197e-01
2.494171376858401956e+00 2.644830574017796643e+00 6.979511530840074585e-01
2.497206638275257795e+00 2.647406023994646418e+00 6.925235838028277469e-01
2.500418218132794745e+00 2.650092856813885955e+00 6.868277612800071097e-01
2.503644802303035988e+00 2.652773797539974776e+00 6.811957059013226123e-01
2.503720963252685117e+00 2.652836179728236488e+00 6.810609661530786507e-01
2.506491062945253478e+00 2.655133793569798506e+00 6.760928587244605659e-01
2.509186046977973206e+00 2.657343254056813375e+00 6.710374193621508887e-01
2.512141786425496903e+00 2.659746422962466994e+00 6.655206638895645455e-01
2.515260242087075326e+00 2.662242310831644421e+00 6.598493802617044768e-01
2.518305099208655751e+00 2.664660345530105001e+00 6.544376104008327033e-01
2.521229125095279411e+00 2.666911397399343020e+00 6.494141190372483274e-01
2.524151554735818426e+00 2.669148813681800458e+00 6.444503903994687199e-01
2.527092395793123281e+00 2.671375219891378272e+00 6.395041811532539144e-01
2.529859342188338633e+00 2.673469657405367794e+00 6.348368670809836356e-01
2.532871281994686363e+00 2.675731164107580273e+00 6.297095120009756908e-01
2.536227908341598614e+00 2.678205324614274296e+00 6.239476366676852681e-01
2.539288239871837494e+00 2.680448745072467442e+00 6.186244363245013700e-01
2.542515065577882538e+00 2.682791050298453328e+00 6.129487596983337339e-01
2.545507500462220740e+00 2.684934122370917109e+00 6.077988098770614744e-01
2.548577227362192499e+00 2.687122426600883074e+00 6.025625329373821559e-01
2.551945082918924079e+00 2.689452332508077248e+00 5.969766401996666749e-01
2.554826445680313807e+00 2.691419821905324916e+00 5.922992311596685377e-01
2.557970249705564747e+00 2.693550620553231134e+00 5.871135571120852381e-01
2.560783423790243152e+00 2.695461898592046879e+00 5.824816882915090366e-01
2.564104127402040856e+00 2.697667568014804562e+00 5.770873718722309142e-01
2.567088842463020271e+00 2.699660976746590002e+00 5.723087257119451321e-01
2.570846210386432684e+00 2.702143550469436217e+00 5.663209047740097590e-01
2.573764919950447094e+00 2.704041587296399207e+00 5.616892200323155837e-01
2.576683509805002270e+00 2.705927163644835431e+00 5.569749932932120950e-01
2.579943929532118485e+00 2.708011874811165676e+00 5.517130560610504775e-01
2.583311831397308023e+00 2.710120155967588484e+00 5.462370585351689067e-01
2.583395837256450278e+00 2.710171218239239899e+00 5.460978474731963406e-01
2.586437521201988776e+00 2.712052299161750391e+00 5.411829988130036906e-01
2.589230243642418827e+00 2.713763113461447496e+00 5.367480656065694022e-01
2.592365674824990140e+00 2.715672453079247983e+00 5.318230458917495573e-01
2.596037608986568213e+00 2.717859525548671940e+00 5.260318391022271722e-01
2.599618550888633361e+00 2.719969178829721113e+00 5.204236046530297255e-01
2.602960202724915906e+00 2.721929744365689352e+00 5.152503419808761587e-01
2.606490848844213559e+00 2.723970821327233338e+00 5.097986489290081691e-01
2.609686199597129885e+00 2.725801142574582947e+00 5.048852603636654335e-01
2.612790096034111276e+00 2.727542573221909183e+00 5.000939560986026322e-01
2.616247856343655531e+00 2.729503954045172875e+00 4.946525695129924127e-01
2.619651375740064125e+00 2.731377812993783571e+00 4.893343628592173311e-01
2.627612309547375347e+00 2.735654567214981459e+00 4.770911337786852280e-01
2.631329667286122387e+00 2.737603403610166186e+00 4.714242427556946669e-01
2.634608973724976266e+00 2.739297972148300619e+00 4.665432830912402129e-01
2.637730667793748651e+00 2.740894101548832840e+00 4.619613892332475324e-01
2.641295528190001463e+00 2.742694517313583713e+00 4.567678556143794366e-01
2.644576698471638565e+00 2.744338037736679059e+00 4.520433421254987372e-01
2.647701316649984982e+00 2.745878018904548412e+00 4.475619147942754283e-01
2.651001874088487309e+00 2.747494568100531609e+00 4.428737896096687776e-01
2.654496983135812727e+00 2.749174960945892643e+00 4.378965650669859877e-01
2.654585221421159158e+00 2.749217313067866097e+00 4.377684780151695487e-01
2.657549206250529483e+00 2.750626491366991555e+00 4.335242484601891100e-01
2.660690560032585417e+00 2.752119157852560782e+00 4.290133856062725015e-01
2.664018040875941740e+00 2.753683665068371589e+00 4.241727984548031571e-01
2.667441940470970607e+00 2.755263939322726507e+00 4.192257918358481272e-01
2.670868998577122788e+00 2.756810179480858380e+00 4.143312459553308846e-01
2.674225619974779811e+00 2.758309086858235393e+00 4.095266379491829811e-01
2.677579500983534366e+00 2.759789916395268605e+00 4.047413608276774211e-01
2.680842197041275021e+00 2.761217308478371102e+00 4.001385064616858056e-01
2.684212907418701555e+00 2.762687744732174711e+00 3.954269841025144783e-01
2.687416345732477119e+00 2.764044749440933924e+00 3.910175612942341505e-01
2.690722468014627555e+00 2.765423555057197280e+00 3.864753768094679742e-01
2.694481636988399931e+00 2.766989118311623308e+00 3.813207181562924264e-01
2.697782970864765595e+00 2.768334015517379232e+00 3.767993778051322851e-01
2.701548414245921848e+00 2.769856804843401576e+00 3.716753509777332987e-01
2.705582024399376895e+00 2.771455252343683284e+00 3.662344978051643718e-01
2.709359024247615100e+00 2.772914159964127379e+00 3.611862437420272354e-01
2.712784080165635103e+00 2.774254794653247647e+00 3.565850520340165253e-01
2.716217748674133681e+00 2.775568561881751606e+00 3.519803934183483030e-01
2.719565037740625968e+00 2.776830197160985669e+00 3.475030461015458094e-01
2.723054941752498070e+00 2.778146833009760286e+00 3.427319781627729545e-01
2.726659838922429913e+00 2.779487240375932533e+00 3.377903982542467820e-01
2.730458296047515443e+00 2.780882003747755959e+00 3.326132005588851026e-01
2.733702346562738583e+00 2.782036056989079409e+00 3.282660677466229249e-01
2.737160036733230939e+00 2.783238784208400318e+00 3.237163057529594545e-01
2.740425144021433113e+00 2.784378791060329483e+00 3.194501862177612228e-01
2.743812765268200504e+00 2.785518612723842935e+00 3.150420842383053754e-01
2.747273566168007886e+00 2.786666229239588954e+00 3.105937461963268476e-01
2.751017258117437692e+00 2.787920935387480981e+00 3.057560525813186048e-01
2.751110482082365749e+00 2.787950089793535646e+00 3.056325597061204102e-01
2.754881916695318012e+00 2.789160893186205747e+00 3.008248985487833038e-01
2.758371052030310633e+00 2.790271265271937029e+00 2.964065606383731177e-01
2.762524065332692125e+00 2.791554648320065724e+00 2.911411845681392552e-01
2.766472292707566005e+00 2.792768792392898991e+00 2.861685222567627584e-01
2.769782662357734626e+00 2.793761702566830873e+00 2.820420468972091865e-01
2.773399900862809631e+00 2.794836651681926298e+00 2.775127971581834996e-01
2.776998606992792773e+00 2.795901996684632795e+00 2.729905650853420851e-01
2.780508344539268428e+00 2.796907774115465983e+00 2.686200376919685162e-01
2.784403988347912140e+00 2.797995301883077435e+00 2.638066885719493881e-01
2.788009651945484002e+00 2.798991882361081096e+00 2.594120745788212057e-01
2.791532987058473747e+00 2.799939389752566399e+00 2.551401935057889259e-01
2.794970066987683577e+00 2.800840158994106321e+00 2.509855123343755490e-01
2.798875895747558573e+00 2.801849473100176624e+00 2.462866706237316072e-01
2.802479255097458655e+00 2.802775640530842161e+00 2.416833510387217387e-01
2.806270921457786560e+00 2.803728826062113821e+00 2.367278225749700482e-01
2.810449243747325632e+00 2.804751814698599244e+00 2.314491867725781138e-01
2.813793227614524106e+00 2.805568082581148204e+00 2.273709708630450022e-01
2.817341111127713127e+00 2.806407334108645291e+00 2.231349694482134272e-01
2.821083947025036398e+00 2.807284388195833369e+00 2.186899434243397278e-01
2.824527040364851693e+00 2.808066778292984456e+00 2.146127242882648056e-01
2.828172655103163624e+00 2.808887218384751971e+00 2.103518473346397688e-01
2.837692070867196215e+00 2.810927290736383810e+00 1.993416068828753329e-01
2.841078051126856074e+00 2.811635077501382529e+00 1.954283037229304354e-01
2.845029389323432412e+00 2.812427419185434374e+00 1.909296545536938450e-01
2.848510194451092215e+00 2.813130249323803955e+00 1.869890070492152556e-01
2.851892729316119368e+00 2.813783978621068549e+00 1.831764276314434003e-01
2.856035380839188065e+00 2.814566949900972226e+00 1.784875484658391964e-01
2.859794976699301827e+00 2.815269237450773954e+00 1.742594464495382800e-01
2.863562124548845844e+00 2.815938578141820692e+00 1.700601867608764750e-01
2.867036674041812283e+00 2.816571452100915529e+00 1.662141488696708136e-01
2.870699492079725523e+00 2.817220518540444196e+00 1.621538783097946079e-01
2.874361134609739743e+00 2.817836499540949280e+00 1.581103812041064205e-01
2.874458600497627359e+00 2.817852974960860291e+00 1.580045276634719498e-01
2.878216416378784004e+00 2.818491823244922756e+00 1.538481765347465002e-01
2.881794276315621683e+00 2.819050363114731894e+00 1.499221118520940033e-01
2.885561189248315728e+00 2.819640237797869098e+00 1.457346669400595984e-01
2.885752764661475567e+00 2.819668805233215281e+00 1.455211507239300428e-01
2.889416716493508730e+00 2.820236074991400166e+00 1.415306694639014429e-01
2.893484563149584687e+00 2.820841056223322596e+00 1.370992012037205998e-01
2.893578880720002466e+00 2.820857951585483914e+00 1.369963411529852848e-01
2.897252320071205922e+00 2.821384074976459821e+00 1.330232076613779013e-01
2.901209439789520061e+00 2.821940164060230405e+00 1.287688127650163106e-01
2.904879736663914969e+00 2.822427827017194524e+00 1.248180372977084757e-01
2.908366140027561997e+00 2.822882934127198595e+00 1.210201845246506036e-01
2.912034660353142179e+00 2.823350690999239188e+00 1.170566256050084436e-01
2.915810134312772028e+00 2.823818064729915811e+00 1.129880118338081885e-01
2.919118698625373653e+00 2.824203509630196063e+00 1.094238275373468350e-01
2.923077706894243288e+00 2.824659469104663589e+00 1.052611179145544335e-01
2.926753273508192699e+00 2.825064832773692913e+00 1.014590323285187168e-01
2.930536207870383159e+00 2.825454621885577389e+00 9.758674560193401903e-02
2.934326730074222400e+00 2.825852615750221286e+00 9.328955613402661884e-02
2.937699136233457686e+00 2.826204943906796441e+00 8.759876410454546514e-02
2.941521621943089748e+00 2.826589213328079442e+00 8.012102280996245829e-02
2.944942819400312661e+00 2.826855220255508616e+00 7.355779733518302832e-02
2.948672645888161803e+00 2.827172838194080384e+00 6.736537707822652654e-02
2.952181616822696419e+00 2.827428631572075801e+00 6.296113588071614031e-02
2.956086556087238471e+00 2.827669056153078397e+00 5.906732019592869642e-02
2.960254581618743330e+00 2.827933646205790019e+00 5.512901636603234623e-02
2.964327967024389832e+00 2.828157572550307197e+00 5.135656258150122361e-02
2.968191186712477947e+00 2.828354368717248768e+00 4.792522627444183170e-02
2.972257254454166997e+00 2.828538795018750385e+00 4.426058326361063250e-02
2.976041928332030295e+00 2.828692153127903897e+00 4.081533578495975118e-02
