1.635854361707658787e-03 5.055510061455950176e-04 -2.904780626926888016e-05 2.953777218230702278e-06
2.611131214165634748e-02 8.350279666573291737e-03 -9.315639877075499362e-06 1.426835399967925027e-05
4.985418212682629635e-02 1.618083692715228603e-02 -5.606610930589163376e-06 8.867207328570690035e-06
7.225864041964175088e-02 2.400437696848722532e-02 -6.682648712984001425e-06 4.524082385239437439e-07
9.273808350360432384e-02 3.182779995411371549e-02 -7.184440789663108035e-06 -4.426265649419147149e-06
1.107353803859404545e-01 3.965194088328245769e-02 -5.826933479347611376e-06 -4.578223231909398022e-06
1.257584068169279312e-01 4.747430364968666799e-02 -3.622106192512297839e-06 -1.863037534756266154e-06
1.374172759220888274e-01 5.530223871781202866e-02 -2.023006438041465866e-06 1.060989178701756853e-06
1.453908213836797858e-01 6.313025414809678160e-02 -1.776958526652632743e-06 2.291494632427204039e-06
1.494668428667887683e-01 7.095927751810772455e-02 -2.605384331526305286e-06 1.300676347757923554e-06
1.495316714285337412e-01 7.879025375138409837e-02 -3.420971017667562491e-06 -1.268571780889114955e-06
1.455877503748228552e-01 8.660836598466038760e-02 -3.062029760389228613e-06 -4.200705566583736503e-06
1.377451702769777186e-01 9.442407349349528356e-02 -9.136222532206441068e-07 -6.346121311573717454e-06
1.261839345973033155e-01 1.022577326408817128e-01 2.979048809196998375e-06 -7.001081723963866383e-06
1.112746958248373302e-01 1.100720015213628861e-01 7.788948132283670257e-06 -6.011995429772314937e-06
9.338080471450559139e-02 1.178934783044887080e-01 1.236164159396475353e-05 -3.682133977724197690e-06
7.298260258561359293e-02 1.257209744958296405e-01 1.547446055839188752e-05 -5.610396128048537987e-07
5.062162171405714534e-02 1.335549486058214552e-01 1.630547421411760020e-05 2.752030611757269319e-06
2.690177144404623175e-02 1.413914474292174983e-01 1.473880359362350861e-05 5.751622730443796340e-06
2.461310424562344456e-03 1.492273424538905213e-01 1.125574980112674344e-05 8.106859707457787317e-06
-2.204305930474847672e-02 1.570599938327143508e-01 6.757483418086730967e-06 9.671942087308962451e-06
-4.595894252427464022e-02 1.648897656510898702e-01 2.095946510378130400e-06 1.045773175297480684e-05
-6.864045370145663294e-02 1.727149237242024404e-01 -2.020785658933918256e-06 1.057072908315253963e-05
-8.948941981153990533e-02 1.805395250371491511e-01 -5.031934516852522890e-06 1.015125664873303923e-05
-1.079262904451666200e-01 1.883570048042824130e-01 -6.944677553416873164e-06 9.343003456297092565e-06
-1.234762136217547879e-01 1.961758735555436395e-01 -7.755317885466926563e-06 8.253065846351519312e-06
-1.357450325659672885e-01 2.040162138002243331e-01 -7.906884425025335805e-06 6.969060351896053886e-06
-1.443395761043493875e-01 2.118373806290313466e-01 -7.892836686085281332e-06 5.579725745048667786e-06
-1.490675755338863040e-01 2.196624394183252227e-01 -8.243747094146904627e-06 4.179137973022576748e-06
-1.498013617702044220e-01 2.274890859518434727e-01 -9.009224393719312174e-06 2.883432331519186586e-06
-1.465223077824944486e-01 2.353168937075860445e-01 -9.842234367249731803e-06 1.837387060247553048e-06
-1.393184936658085904e-01 2.431441309665746398e-01 -1.023657363341269386e-05 1.221330372710552770e-06
-1.283789701798374316e-01 2.509723056607305325e-01 -9.468531446489557933e-06 1.242270272600845256e-06
-1.139997311115028139e-01 2.587974166798584497e-01 -6.898959465840972594e-06 2.148215286406484125e-06
-9.656624609434799611e-02 2.666197872905094468e-01 -2.888788377040302103e-06 4.297120097040265685e-06
-7.654587394367791398e-02 2.744399767858080597e-01 1.035105563024434155e-06 8.241417190323360208e-06
-5.446224808061099487e-02 2.822632295598945795e-01 1.226269756270188260e-06 1.491079268820570722e-05
-3.090801337852087938e-02 2.900876911044034667e-01 -8.480996157088260115e-06 2.582126581701123716e-05
