1.625439875485155299e-03 4.751252550377199082e-04 1.230537432618937729e-05 -2.310272061006561447e-06
2.611415628896098309e-02 8.330959572348094894e-03 -5.582235390291935778e-07 1.492077422598457917e-06
4.986102519276013056e-02 1.617734394977887041e-02 -5.607269579098678866e-06 -3.202704223090624080e-06
7.226473043260214779e-02 2.401317660274241914e-02 -5.750703346632319325e-06 -8.012841280760377659e-06
9.274257463216162289e-02 3.184137765313684726e-02 -2.845607130147495693e-06 -9.442941574608827883e-06
1.107396134622975481e-01 3.966286983326301752e-02 1.732271445365251817e-06 -7.356347659615208887e-06
1.257641146935326304e-01 4.747806166335830774e-02 6.814343536310476201e-06 -3.390099536512485387e-06
1.374252169200981255e-01 5.529833046709973360e-02 1.132937306384628895e-05 6.076771712913669534e-07
1.454002811673429374e-01 6.312168744418941713e-02 1.438092158273964227e-05 3.524895656450972448e-06
1.494759884119077897e-01 7.095091468005597368e-02 1.543020565515549911e-05 5.244962725343044917e-06
1.495382239402777425e-01 7.878693227152283596e-02 1.435883765520816551e-05 6.412456492367567567e-06
1.455898119726585782e-01 8.661333018473540979e-02 1.150348812443851295e-05 7.843524794428722655e-06
1.377418238938453166e-01 9.443819044082892022e-02 7.535695234699174012e-06 1.003184304100615114e-05
1.261752811252006834e-01 1.022795666970270217e-01 3.215314200925532783e-06 1.299660488628405710e-05
1.112617889805861821e-01 1.100983542670925519e-01 -7.016474109277879182e-07 1.620840106020309535e-05
9.336518787773259720e-02 1.179203902899655376e-01 -3.701041660604646150e-06 1.889921728923980664e-05
7.296597251504943760e-02 1.257446155704763924e-01 -5.493463939097249289e-06 2.026335232201397296e-05
5.060538112657890497e-02 1.335723890342353504e-01 -6.067880362032242818e-06 1.977519597113577927e-05
2.688657096790915066e-02 1.414011491072985349e-01 -5.670960825035171436e-06 1.739030282980577160e-05
2.446976857920109966e-03 1.492292415276545159e-01 -4.667722035272356457e-06 1.349380360729143136e-05
-2.205733265179072450e-02 1.570552610230785406e-01 -3.428207661730176073e-06 8.785481675027137784e-06
-4.597389967156248480e-02 1.648802823493812353e-01 -2.161821428730061519e-06 3.991455277700518378e-06
-6.865627553166672725e-02 1.727027408687542842e-01 -9.369648247644956973e-07 -2.309106525367082694e-07
-8.950564226726152872e-02 1.805264252563282268e-01 2.354655818890829593e-07 -3.342523022285755088e-06
-1.079414380785826411e-01 1.883441141976392175e-01 1.467228757225744585e-06 -5.177056798734204918e-06
-1.234886016051761626e-01 1.961636430787293550e-01 2.706995631504653773e-06 -5.661363088555126393e-06
-1.357528989664437968e-01 2.040044458507402070e-01 3.878557875352714886e-06 -5.053468916996732772e-06
-1.443417559210749268e-01 2.118254900545327446e-01 4.741611165931221461e-06 -3.733984766559912666e-06
-1.490638051205520065e-01 2.196497731415313903e-01 4.984059522286363816e-06 -2.164492787972758021e-06
-1.497929742893647498e-01 2.274753050184345482e-01 4.154373545815203618e-06 -6.000308564385128629e-07
-1.465122920244801841e-01 2.353021903439842522e-01 1.871596207387140335e-06 8.864671558905085801e-07
-1.393107895933519413e-01 2.431292017040106168e-01 -1.892984353937137575e-06 2.285731523189890479e-06
-1.283776110890159916e-01 2.509581191945760570e-01 -6.648733983945372310e-06 3.666234355552893076e-06
-1.140075414295274175e-01 2.587847358672757947e-01 -1.111910398529836517e-05 4.974878970929588331e-06
-9.658260498888815437e-02 2.666084547735622090e-01 -1.282585304420007492e-05 5.511403453715672541e-06
-7.656492616424917519e-02 2.744282466875879734e-01 -8.034984405174976056e-06 3.765547980495141762e-06
-5.447081428388636515e-02 2.822472232839324802e-01 8.495147688845129211e-06 -3.144665465460883883e-06
-3.088420034075014739e-02 2.900612879925132392e-01 4.342980002723872507e-05 -1.972697780842449749e-05
