1.602247019180435021e-03 4.929105188588248782e-04 -1.097892734592764043e-05 7.113431580546410094e-06
2.610728642020369861e-02 8.348265170990741210e-03 1.265037835230744191e-05 -1.383814954541118045e-05
4.987056541229998446e-02 1.618390151451848738e-02 1.110762865316015681e-05 -1.334793852046029602e-05
7.228224486599418852e-02 2.401196319576124130e-02 3.943141477416497953e-06 -5.287468998974354886e-06
9.275790763639719938e-02 3.184027988652087665e-02 1.239511329007496311e-06 1.127552454150766058e-06
1.107457913120991899e-01 3.966846488141426846e-02 5.400406567552157693e-06 1.669894355975953110e-06
1.257595216305795460e-01 4.749233318646303714e-02 1.364749325625435159e-05 -3.431877785965613651e-06
1.374131257167231224e-01 5.531841991895535687e-02 2.127707117569765626e-05 -1.107682289844189648e-05
1.453866378812182780e-01 6.314177109720923997e-02 2.435203918979808431e-05 -1.727565518577372732e-05
1.494666647112193880e-01 7.096489310549916607e-02 2.125721746256492310e-05 -1.893551648274288313e-05
1.495369670477491864e-01 7.879065544234591101e-02 1.301911505063878372e-05 -1.490462268162346199e-05
1.455973419838874072e-01 8.660568481024112641e-02 2.411366139501380820e-06 -6.085744083390496542e-06
1.377561558002255160e-01 9.442089002564997557e-02 -7.404968482449164690e-06 5.210453765467570041e-06
1.261928603655628478e-01 1.022561477410157404e-01 -1.381136852358521917e-05 1.616526344513418898e-05
1.112787807960937542e-01 1.100729109859703708e-01 -1.549040350062043421e-05 2.425697767826474834e-05
9.337865603549282134e-02 1.178963916594021610e-01 -1.255368235824860961e-05 2.801250344561352501e-05
7.297451375818611585e-02 1.257242314785666226e-01 -6.278019989699585108e-06 2.712739437135968884e-05
5.060931665819023983e-02 1.335563077268768495e-01 1.492866840162395829e-06 2.239094632812464822e-05
2.688775576347143120e-02 1.413888315615084990e-01 8.995590309616368301e-06 1.534690253434964298e-05
2.448205932647982887e-03 1.492194496680967208e-01 1.483246554981664494e-05 7.879695669303333916e-06
-2.205309417696179122e-02 1.570466738123640071e-01 1.818259371725089302e-05 1.766720213068111943e-06
-4.596443107491224311e-02 1.648720261335680504e-01 1.861972359467570321e-05 -1.674256510634464951e-06
-6.864073317194543944e-02 1.726947179774906971e-01 1.622447300305893386e-05 -1.866505654576882602e-06
-8.948472542740085189e-02 1.805193777474765615e-01 1.165952987137673184e-05 9.165944665231652195e-07
-1.079174284692911712e-01 1.883394068274439337e-01 5.636650401535658273e-06 5.671555055644273754e-06
-1.234645782411851606e-01 1.961628565785502043e-01 -6.510099543380944675e-07 1.087845190920663966e-05
-1.357321355186192069e-01 2.040088607892269756e-01 -6.320014667041987000e-06 1.490985625775754921e-05
-1.443267689341206361e-01 2.118355440219026331e-01 -1.061936951171484368e-05 1.638246878640434506e-05
-1.490556715039361713e-01 2.196647544958705289e-01 -1.329278429920019785e-05 1.460215932517878100e-05
-1.497906288530712338e-01 2.274932794403282665e-01 -1.415118367067817649e-05 9.761571144230558338e-06
-1.465124475163919748e-01 2.353202868168146333e-01 -1.324887174851100133e-05 3.028954852199397749e-06
-1.393086468029305081e-01 2.431442506929898661e-01 -1.103926382311637224e-05 -3.632422719808151681e-06
-1.283681055878420907e-01 2.509676286794685907e-01 -8.036247237418549011e-06 -7.916131663597816885e-06
-1.139872971911622818e-01 2.587880946913794777e-01 -4.711010908459210073e-06 -7.866807589853256212e-06
-9.655285952772156566e-02 2.666081556796959795e-01 -1.915812315722396530e-06 -2.826838110621545735e-06
-7.653458603449123099e-02 2.744309840597914385e-01 -4.580530622684739669e-07 5.546463830455612716e-06
-5.445997105933718385e-02 2.822646070494297943e-01 -1.535673019296369025e-06 1.223055837387499428e-05
-3.092735908961876182e-02 2.901099816439011714e-01 -6.692948734044855345e-06 7.953069307857801143e-06
