2.000367124771345484e+00 -1.292238830636468567e-05 -1.971624669012763699e-04
2.000475561668323188e+00 -2.426910632930912113e-05 -2.330412678781377969e-04
2.000497329388054801e+00 -2.948008050810611464e-05 -2.074928802117892370e-04
2.000520057701744125e+00 -3.335982166582923133e-05 1.622184468872748331e-06
2.000552695829861172e+00 -3.499375375480173365e-05 3.279138161285445087e-04
2.000575651347949790e+00 -4.066535649395596895e-05 9.628849811296512698e-04
2.000603717526990621e+00 -3.875232174710360755e-05 1.959077476919477475e-03
2.000641084461146413e+00 -4.686278215519174223e-05 2.893647098550876720e-03
2.000713274487682991e+00 -3.684487336463141706e-05 4.071743112530314991e-03
2.000734809675535519e+00 -4.298866252681963606e-05 5.851505790608690395e-03
2.000762041560295579e+00 -4.433415269473515129e-05 7.674991863446524280e-03
2.000814594491023612e+00 -4.165611979718502559e-05 9.818584539808968351e-03
2.000913800913265650e+00 -3.874777632204408438e-05 1.216117461225087182e-02
2.001006502038340518e+00 -3.715616474775926617e-05 1.433375970509950630e-02
2.001117318036926829e+00 -3.443505263879867960e-05 1.700118414683372825e-02
2.001166268676370930e+00 -3.771493702574204437e-05 1.981912050462535102e-02
2.001218770509754386e+00 -4.174599371916981778e-05 2.335022795457384823e-02
2.001285983622864251e+00 -4.452223813012257288e-05 2.696553115191136982e-02
2.001332459815069686e+00 -4.079906328996072903e-05 3.039148972943770538e-02
2.001433640617182430e+00 -3.172552727636734210e-05 3.433275336071741485e-02
2.001527721268487436e+00 -3.500171615493027910e-05 3.880510495207657728e-02
2.001528239727975222e+00 -3.413436968969368879e-05 3.892646059217833021e-02
2.001554596129092811e+00 -3.324650068583200058e-05 4.392852424850581666e-02
2.001596157139901688e+00 -3.335716037210006632e-05 4.874706402308693481e-02
2.001642758685404644e+00 -2.343789778581342395e-05 5.438972568216512982e-02
2.001724714795642956e+00 -3.197590460255871764e-05 5.968092010951490944e-02
2.001758865260570008e+00 -2.927112857928262230e-05 6.507512680610533229e-02
2.001810378439290439e+00 -2.852779981894065786e-05 7.151117697772801929e-02
2.001858128451480034e+00 -2.987650106023136132e-05 7.774447652897327476e-02
2.001901332000333600e+00 -3.138593558340251055e-05 8.388679377461143172e-02
2.001950564119459042e+00 -2.541288110262558686e-05 9.045003427106805549e-02
2.001987220595089045e+00 -2.135557601530644473e-05 9.726964392334228049e-02
2.002062608823442780e+00 -1.446701766240517106e-05 1.052485469554707703e-01
2.002062951793095902e+00 -1.783338870340461790e-05 1.056464402394212826e-01
2.002132851665417324e+00 -1.110491559246779003e-05 1.133449981048455513e-01
2.002133040522224405e+00 -1.165275375106071543e-05 1.135522703137568507e-01
2.002201097415297060e+00 -9.562959875022633560e-06 1.228222379135309045e-01
2.002204548009010932e+00 -1.035143185033979979e-05 1.230353322948410655e-01
2.002248976977211825e+00 -6.762927821165817810e-06 1.302235834401251902e-01
2.002307667194907381e+00 4.024387933253270599e-06 1.384872326709173374e-01
2.002367620676422710e+00 1.408179766669397093e-05 1.466058084615638191e-01
2.002439204728525102e+00 2.292010197869377708e-05 1.549370006366594110e-01
2.002491043208296517e+00 3.635945381781809094e-05 1.638063246777834436e-01
2.002493424084129892e+00 3.835775712917113833e-05 1.640322262605607984e-01
2.002704707640392989e+00 9.646028476404701346e-05 1.729433250872142447e-01
2.002767209230225998e+00 1.075017985560089429e-04 1.826654993476288513e-01
2.002767112919862313e+00 1.079549727739693987e-04 1.828908750931678706e-01
2.002842834093881308e+00 1.233126437297799721e-04 1.923977178005638611e-01
2.002903067953462735e+00 1.357638864190706396e-04 2.007803367241271786e-01
2.002906127523380153e+00 1.354794617271920520e-04 2.010129518383764746e-01
2.002959110332700021e+00 1.488594668465591242e-04 2.085463984973657814e-01
2.003072405420454505e+00 1.701782250882761388e-04 2.173074500586703039e-01
2.003160701012315137e+00 1.919587884877168443e-04 2.257390426080654322e-01
2.003281371208436745e+00 2.298580620314818329e-04 2.345163589053475550e-01
2.003483204973807830e+00 2.850786509414459519e-04 2.541624067251136432e-01
2.003566211011488019e+00 3.117654307914548978e-04 2.619654740950408955e-01
2.003655235953715863e+00 3.355989355641880723e-04 2.700979149821027270e-01
2.003725040884051456e+00 3.644458971844011241e-04 2.778921579581880574e-01
2.003727507992760337e+00 3.628641681649620587e-04 2.781176939212671173e-01
2.003875107852125748e+00 4.152131107271160582e-04 2.862481707532949504e-01
2.004002470072284936e+00 4.584211020181860885e-04 2.950634682267738729e-01
2.004101452282351037e+00 5.006376928976749574e-04 3.043713318910734045e-01
2.004101410370968228e+00 5.027855124471979076e-04 3.046027369656786332e-01
2.004190421774780351e+00 5.390591187901666581e-04 3.142367588823319902e-01
2.004288539376415823e+00 5.712441213582414301e-04 3.222332516922080115e-01
2.004368833504346359e+00 5.961525798598085735e-04 3.303725894482686942e-01
2.004437763344288470e+00 6.365060544638867501e-04 3.381001879875462079e-01
2.004525978438355338e+00 6.702387989702927873e-04 3.456700619477873770e-01
2.004650122475762242e+00 7.284997978191168344e-04 3.543586805925224015e-01
2.004788528667301062e+00 7.949950008293918402e-04 3.642065104856443969e-01
2.004891798541210690e+00 8.373744374237414301e-04 3.719455053099400277e-01
2.004991190629792364e+00 8.842157780762915920e-04 3.811345312858327450e-01
2.005103911980507192e+00 9.327710247232258445e-04 3.896466816844908476e-01
2.005201287225142348e+00 9.976710172193530013e-04 3.975372690351314797e-01
2.005300707881928712e+00 1.047041932194438252e-03 4.064664379546293338e-01
2.005420267106910348e+00 1.109541188819441332e-03 4.140336658500438638e-01
2.005527894523112753e+00 1.166686947402156838e-03 4.234722494678237470e-01
2.005637984757866921e+00 1.228558965963338218e-03 4.330018770705046927e-01
2.005735931828673380e+00 1.283913598365039183e-03 4.424743399901439056e-01
2.005844487887173955e+00 1.354893886123496871e-03 4.516893347873681130e-01
2.005981584812359220e+00 1.430675451814720361e-03 4.604188168849497886e-01
2.006081651637840135e+00 1.492062135991015920e-03 4.691447565675421205e-01
2.006154622472297255e+00 1.545611622377211086e-03 4.774459088285371022e-01
2.006259627143011315e+00 1.602175316014812362e-03 4.859616123499875262e-01
2.006366043120672682e+00 1.658979042617463040e-03 4.941129477220349564e-01
2.006471153042078459e+00 1.725655888923552372e-03 5.023762074458182347e-01
2.006568248676820154e+00 1.797814440454396923e-03 5.107846109197708984e-01
2.006681741887190285e+00 1.885878247576470296e-03 5.191166268563301989e-01
2.006778533510562124e+00 1.951775002617429922e-03 5.270522406082399636e-01
2.006868370554031777e+00 2.006158754517258641e-03 5.343861571002268551e-01
2.006964754569490417e+00 2.071815795801196930e-03 5.429286137904704157e-01
2.007083048263659020e+00 2.152153122063491658e-03 5.518132409895254442e-01
2.007179841941705511e+00 2.230066995142734876e-03 5.607603195384714967e-01
2.007261059567347239e+00 2.294251556637962042e-03 5.688854723890776066e-01
2.007265392752646260e+00 2.299019945871005888e-03 5.693509904148683631e-01
2.007366829026646649e+00 2.374674858789484200e-03 5.780463912224154122e-01
2.007452792296982924e+00 2.454752992036658699e-03 5.864998211744951728e-01
2.007549517835362174e+00 2.520334983944369500e-03 5.947891811399597106e-01
2.007662876517871897e+00 2.604492493220672555e-03 6.042009001107472299e-01
2.007668870055419053e+00 2.607084778342698417e-03 6.044305028187116902e-01
2.007755465671724249e+00 2.665650387982908265e-03 6.128030186024071568e-01
2.007852115916533009e+00 2.740579639433714243e-03 6.218003958194587844e-01
2.007855606456415032e+00 2.741476504574187623e-03 6.220351845046900863e-01
2.007933099420614820e+00 2.796442856860585635e-03 6.304060712298105162e-01
2.008034369388955298e+00 2.878892505476744745e-03 6.396982995240403369e-01
2.008037377215904584e+00 2.880179515763706122e-03 6.399229728781857807e-01
2.008119033811092358e+00 2.957729047558421698e-03 6.484279463652564690e-01
2.008207547756886591e+00 3.027744501639201280e-03 6.579348560973780069e-01
2.008286836403489151e+00 3.113925943236187099e-03 6.667618108185864312e-01
2.008386048303452576e+00 3.196060014323404141e-03 6.750781095887713468e-01
2.008470668717609264e+00 3.257421145304841004e-03 6.832544450727859875e-01
2.008531938851505938e+00 3.305636579174077438e-03 6.927448695732698614e-01
2.008536492023783371e+00 3.309551563416633646e-03 6.929788629953633761e-01
2.008595520988596395e+00 3.368770540267955471e-03 7.004366198520317610e-01
2.008598301416251175e+00 3.371005981772472182e-03 7.006715664034411928e-01
2.008668261219676232e+00 3.444656906538869079e-03 7.095273258580513387e-01
2.008716861337060067e+00 3.485445079643621769e-03 7.181487036500036059e-01
2.008782397239440520e+00 3.567163989615700082e-03 7.261737664922820468e-01
2.008857228166497144e+00 3.630139389214429024e-03 7.340940804489131111e-01
2.009011341486808710e+00 3.796305284120747581e-03 7.538205243027520375e-01
2.009092479437863510e+00 3.898488247442745414e-03 7.632542750639316198e-01
2.009152388853888915e+00 3.964275243055134790e-03 7.723628042285936024e-01
2.009211626655290406e+00 4.037255183387059021e-03 7.797115351955546947e-01
2.009265590278458635e+00 4.108054115451682808e-03 7.883157010360191119e-01
2.009346254666117826e+00 4.191423820509777853e-03 7.967336265371753878e-01
2.009415940892138597e+00 4.271130299676954845e-03 8.053509550103536974e-01
2.009486172219827615e+00 4.360301903877858432e-03 8.149248328258854590e-01
2.009559046286433670e+00 4.443460145127954564e-03 8.228832882806588200e-01
2.009618245635316658e+00 4.518947896829973720e-03 8.310642781030266324e-01
2.009668685074723182e+00 4.600711606315310842e-03 8.403942717751168301e-01
2.009710033922841088e+00 4.646721829389403868e-03 8.494686417436639880e-01
2.009713428730491191e+00 4.649363743509452029e-03 8.497016481045774894e-01
2.009765331745444250e+00 4.720615403248355768e-03 8.595815767939680718e-01
2.009766794073288398e+00 4.722501467142148357e-03 8.598148496853047495e-01
2.009818260591467620e+00 4.793253463719025775e-03 8.681412757462976248e-01
2.009885552295034739e+00 4.898865649148133328e-03 8.772114784416447097e-01
2.009955035693860026e+00 5.010088673429453909e-03 8.865342311079430493e-01
2.010022493829445533e+00 5.086869321761472440e-03 8.942591553139509486e-01
2.010038550194639839e+00 5.143220490753185048e-03 9.039196623234968531e-01
2.010040950027086826e+00 5.141190166002354567e-03 9.041601271743202606e-01
2.010096541942862469e+00 5.243621740535976683e-03 9.133898945370113598e-01
2.010146913653817258e+00 5.344731481810319207e-03 9.219414398379930375e-01
2.010214908907787201e+00 5.458363965096600656e-03 9.312414420747227028e-01
2.010258008162980836e+00 5.538384616154724827e-03 9.405258541511878345e-01
2.010314534817096099e+00 5.617218220339989521e-03 9.492673292962807707e-01
2.010385622436473341e+00 5.717285024824263207e-03 9.576423931006309287e-01
2.010442334180329915e+00 5.796984029240274949e-03 9.666476221681776781e-01
2.010504652337666176e+00 5.918111129997009889e-03 9.747444424224719350e-01
2.010566747858465675e+00 6.022618344186617123e-03 9.832926262733684419e-01
2.010625732335908467e+00 6.133863659289674752e-03 9.918000460971849730e-01
2.010673099992054791e+00 6.221704145119785756e-03 1.000141678742039852e+00
2.010721132923908083e+00 6.311131222622952397e-03 1.009432682436209650e+00
2.010789771778759061e+00 6.408816068630696083e-03 1.018947545077556471e+00
2.010833580740779780e+00 6.505912290243505425e-03 1.028515618187956449e+00
2.010884858699917732e+00 6.616258833317248400e-03 1.036748457626197384e+00
2.010949858124126077e+00 6.738822852597560475e-03 1.045261888255625493e+00
2.011002088095433127e+00 6.849238729745105170e-03 1.054509341069324924e+00
2.011030812199378737e+00 6.921733013730377304e-03 1.063720516523578796e+00
2.011078442694340218e+00 7.033722202384490307e-03 1.072329311349691228e+00
2.011072486472814891e+00 7.036676968421390344e-03 1.072805461834674956e+00
2.011108258663015569e+00 7.131379767520089341e-03 1.080931943419970453e+00
2.011164068716774000e+00 7.238140951653711241e-03 1.089805839341743132e+00
2.011199429110761994e+00 7.297410417785914205e-03 1.097936384837742363e+00
2.011232577033681856e+00 7.397352989798863798e-03 1.107884886399604918e+00
2.011260569659577779e+00 7.470218857457119888e-03 1.116975613197952688e+00
2.011292988584765240e+00 7.558538129805447703e-03 1.125665414804117415e+00
2.011326083382745988e+00 7.646738314895790145e-03 1.134325903868215191e+00
2.011367973892925320e+00 7.760550630946876083e-03 1.142105894288887757e+00
2.011410517550216159e+00 7.862145307444619313e-03 1.151876616315485657e+00
2.011454728813250270e+00 7.990952588488225983e-03 1.160152426379857271e+00
2.011484066956122252e+00 8.090209777391742241e-03 1.168673073197290302e+00
2.011519786522238729e+00 8.180902251492067068e-03 1.177162970389221019e+00
2.011554624590562668e+00 8.286031757581462098e-03 1.186710605091043647e+00
2.011598404630500880e+00 8.383850273218772242e-03 1.196086880511425310e+00
2.011623647927263114e+00 8.483258422601183679e-03 1.203790622906586005e+00
2.011649980068320076e+00 8.567772894538729089e-03 1.212508502639651820e+00
2.011678844686772827e+00 8.663936828069929152e-03 1.221790745389708999e+00
2.011701604730856463e+00 8.772111583652264510e-03 1.231060495809773503e+00
2.011711777241855348e+00 8.824161474165287400e-03 1.239627743622069289e+00
2.011734983333505866e+00 9.014899894299252536e-03 1.261691693046211871e+00
2.011734664452996313e+00 9.018537471685184048e-03 1.261922589517345372e+00
2.011743514503134378e+00 9.120638371792083587e-03 1.271086121789110734e+00
2.011746303114412271e+00 9.122318937290388452e-03 1.271319863504041470e+00
2.011766905666541927e+00 9.198713130617500178e-03 1.279833762128315344e+00
2.011759780834618372e+00 9.244109785805240675e-03 1.289552016954815361e+00
2.011768635540069017e+00 9.317072378321897275e-03 1.299424330401769412e+00
2.011787518925857832e+00 9.424072900579741341e-03 1.308136314621802576e+00
2.011785087516665183e+00 9.489566790895756498e-03 1.316697081184796447e+00
2.011792634644219646e+00 9.551591364108692750e-03 1.326134088495772412e+00
2.011806696295270314e+00 9.640879166291874136e-03 1.333979768512205455e+00
2.011836107741134860e+00 9.771773781668019465e-03 1.343500979841030896e+00
2.011848015709397863e+00 9.859724211126200122e-03 1.352262670553174839e+00
2.011858497574368521e+00 9.975937105240653691e-03 1.361533719181094559e+00
2.011859790450034158e+00 1.007437387870646628e-02 1.369304170421463906e+00
2.011860604813212827e+00 1.007688850060491081e-02 1.369529102005202281e+00
2.011882304996083892e+00 1.018671957841318920e-02 1.378012288962347176e+00
2.011890645020789403e+00 1.028173561404706338e-02 1.385691833817680463e+00
2.011897535748884636e+00 1.037839984413069239e-02 1.393853056210399899e+00
2.011894093273931539e+00 1.048441781786205867e-02 1.402473556157180168e+00
2.011899338343352994e+00 1.059493267078394363e-02 1.410606958859128124e+00
2.011904668330737778e+00 1.071173377708760366e-02 1.418837770487262784e+00
2.011913831166342703e+00 1.082183212270911021e-02 1.426855782848898802e+00
2.011915805961481674e+00 1.082740010706029904e-02 1.427314983658487968e+00
2.011923258149338700e+00 1.093899787197790546e-02 1.435571188380373453e+00
2.011925581386609263e+00 1.094403000004491588e-02 1.435799607977841896e+00
2.011924504182724949e+00 1.109797612671235834e-02 1.444360977210159991e+00
2.011924286028688336e+00 1.117717038403944624e-02 1.452780816015354581e+00
2.011918992016457075e+00 1.128655230221856098e-02 1.462061075027417667e+00
2.011918180202447282e+00 1.128748444547834906e-02 1.462289880855905277e+00
2.011926549899072825e+00 1.139068128821578429e-02 1.471292389675527446e+00
2.011927059024612330e+00 1.146643088352311546e-02 1.480802897958113595e+00
2.011924869322877285e+00 1.155033148249023922e-02 1.488685406737044747e+00
2.011925116641954503e+00 1.164331502193771684e-02 1.497894685871757225e+00
2.011925281435846813e+00 1.164593017259150931e-02 1.498124389353995278e+00
2.011918562801727983e+00 1.175350744737847786e-02 1.506633897273810474e+00
2.011912736485398590e+00 1.185796933787523766e-02 1.515939135770348001e+00
2.011906566328234724e+00 1.197766979645449592e-02 1.524170956188096060e+00
2.011904610373054236e+00 1.209045224006258246e-02 1.532686972643258816e+00
2.011914162372958614e+00 1.218560621040408465e-02 1.540639383700646237e+00
2.011905880241558364e+00 1.228425930680697442e-02 1.549064685874550484e+00
2.011896997589819325e+00 1.235058431186539241e-02 1.557031536109999559e+00
2.011885075363040620e+00 1.243134104795626249e-02 1.565202040033382813e+00
2.011874546131593000e+00 1.251503212607725513e-02 1.573198505170576356e+00
2.011866128548938093e+00 1.265741730064520731e-02 1.582361368435453164e+00
2.011860404554967729e+00 1.272202174537580971e-02 1.590835216552338949e+00
2.011848642255878783e+00 1.281216612495747476e-02 1.599293784575195554e+00
2.011837065221021348e+00 1.291970766858871467e-02 1.608735011306563267e+00
2.011814280069132543e+00 1.298401312184722933e-02 1.617547546110998713e+00
2.011791256144621620e+00 1.310917601458265469e-02 1.626386097989538815e+00
2.011781142617317109e+00 1.318281430801397647e-02 1.635062079718694106e+00
2.011764662932941761e+00 1.327563113210514234e-02 1.642803417349948836e+00
2.011740289238781454e+00 1.338835348370329831e-02 1.650546213211757873e+00
2.011728471208999114e+00 1.350060871380515115e-02 1.659148442483759478e+00
2.011711035351950727e+00 1.359980618041350259e-02 1.667507755887399190e+00
2.011687359677594600e+00 1.372229843946402850e-02 1.675528377245534273e+00
2.011662037600853381e+00 1.382448231894057439e-02 1.683022028606652620e+00
2.011629477989754999e+00 1.393875211583011503e-02 1.691460974413391272e+00
2.011603295494806876e+00 1.402484005541786150e-02 1.699648224304287858e+00
2.011580418126329484e+00 1.411274595874681403e-02 1.708268790515970137e+00
2.011565742365556186e+00 1.421079962469480595e-02 1.716086356856082240e+00
2.011550816808258979e+00 1.430912735062638691e-02 1.724749120352917275e+00
2.011549468075603642e+00 1.431000029520149153e-02 1.724984724720222351e+00
2.011523445045929392e+00 1.441929839130602631e-02 1.733832223274240913e+00
2.011492378115038004e+00 1.453284617376132681e-02 1.742868537244137483e+00
2.011459730929468392e+00 1.467244055549014881e-02 1.752302597905024628e+00
2.011431326122346874e+00 1.478731816485271550e-02 1.760747446192872934e+00
2.011408028636977985e+00 1.486814288989515842e-02 1.769225678973274318e+00
2.011378015425776322e+00 1.497853360566625547e-02 1.776479807811596645e+00
2.011341387659157043e+00 1.508793798305223255e-02 1.784881129935286248e+00
2.011298217859837756e+00 1.521233265282571911e-02 1.794036337440838347e+00
2.011239591216333000e+00 1.537365107838415540e-02 1.803259331057596393e+00
2.011214823527724072e+00 1.553060861893958144e-02 1.811748368549039645e+00
2.011110879218848790e+00 1.579647786814353250e-02 1.831046000399052298e+00
2.011062385607508052e+00 1.592385524159146970e-02 1.839399284634679610e+00
2.011016529869781522e+00 1.606388308291582800e-02 1.847804881994780324e+00
2.010982783026984855e+00 1.618373221620311719e-02 1.857067200633926829e+00
2.010981641693192934e+00 1.618380155945303711e-02 1.857297263598129522e+00
2.010941288675049954e+00 1.629291099025308859e-02 1.865877251670618131e+00
2.010892110985774917e+00 1.639864382326224057e-02 1.874258252143074177e+00
2.010892340601067030e+00 1.640106002144652020e-02 1.874717066825034140e+00
2.010853444846316229e+00 1.647870635944614914e-02 1.883879338371972745e+00
2.010794828313926086e+00 1.660638198015061684e-02 1.891552852908776616e+00
2.010767637178816347e+00 1.667145771826564205e-02 1.899542974420300956e+00
2.010714817832258472e+00 1.677833026166486441e-02 1.908183150202555467e+00
2.010669534272622627e+00 1.688052612304385969e-02 1.916869400060079442e+00
2.010616854196785486e+00 1.700358498694691523e-02 1.925871831416976265e+00
2.010574310890526295e+00 1.710114848433515189e-02 1.933686874366193686e+00
2.010523142250796536e+00 1.721014772646153879e-02 1.942602736845674194e+00
2.010468268309071771e+00 1.732957086319543427e-02 1.951554295248828064e+00
2.010418290557456356e+00 1.743029707607192391e-02 1.960278372336969666e+00
2.010371561867262180e+00 1.752185499925144885e-02 1.968266509239077422e+00
2.010299078855048105e+00 1.764639247243342257e-02 1.977173275170351907e+00
2.010230391682377160e+00 1.777038016412756799e-02 1.986217435255587027e+00
2.010183171694266413e+00 1.785778519352810428e-02 1.994767514040688416e+00
2.010122347230772100e+00 1.795865728365181324e-02 2.002960652107355966e+00
2.010035513908845939e+00 1.809408470779851758e-02 2.012583509227610978e+00
2.009967389882817645e+00 1.820851869665594813e-02 2.020669906309100927e+00
2.009912448917926753e+00 1.833002496213618354e-02 2.028639600505127483e+00
2.009853746559611576e+00 1.843446975427252138e-02 2.036700698188612435e+00
2.009778549113214741e+00 1.855336760585213352e-02 2.045363490882411206e+00
2.009718131145448172e+00 1.865785682035010773e-02 2.054310387692991124e+00
2.009642016450213120e+00 1.877423848253075012e-02 2.062911257543440957e+00
2.009574947438873327e+00 1.889051630097028645e-02 2.071881071726781709e+00
2.009516692245553404e+00 1.900104413054833075e-02 2.080684959643883669e+00
2.009448815291575929e+00 1.910091262692059644e-02 2.090144357623773708e+00
2.009449935041820456e+00 1.910273662305024545e-02 2.090367452672287296e+00
2.009355734357716194e+00 1.923726147822811539e-02 2.099463228307827389e+00
2.009290895175348535e+00 1.935616628444476739e-02 2.107984459359088625e+00
2.009239470069252853e+00 1.945512321194665939e-02 2.116285801249968568e+00
2.009172389753846932e+00 1.955170233242552180e-02 2.125369814492337639e+00
2.009096970477023625e+00 1.964229801517620305e-02 2.132971423688620582e+00
2.009025265044634079e+00 1.972737353903328272e-02 2.141420547495418880e+00
2.008926535897062049e+00 1.985220207152675609e-02 2.149821110560097281e+00
2.008864510008625537e+00 1.995270597215587083e-02 2.158743728458738520e+00
2.008863169385241232e+00 1.995765592569882091e-02 2.158970374101425005e+00
2.008811424949238589e+00 2.003299347632799682e-02 2.167094041827372308e+00
2.008722854164902039e+00 2.013635710037843529e-02 2.176192216258592271e+00
2.008668729247733431e+00 2.021051536088586120e-02 2.184663905818508223e+00
2.008584049748521227e+00 2.032799727153981884e-02 2.193196341507706482e+00
2.008504455722094129e+00 2.045170035508471484e-02 2.201513826639537097e+00
2.008426993846477604e+00 2.056485572152742802e-02 2.210603763508290687e+00
2.008419356434050673e+00 2.057075229639037522e-02 2.211062654406213746e+00
2.008349454395173872e+00 2.064287501568720651e-02 2.220365454445570652e+00
2.008269538511521901e+00 2.072628776526960065e-02 2.229188223123600654e+00
2.008222712143656441e+00 2.078863484223519853e-02 2.237208038461699022e+00
2.008142214178822993e+00 2.086688414373106398e-02 2.245457264813822906e+00
2.008063351569628896e+00 2.096285645073377168e-02 2.254701312887546383e+00
2.007984914448136315e+00 2.106804226573460309e-02 2.264023119842990539e+00
2.007916342758344186e+00 2.113248869288492093e-02 2.272335398643440030e+00
2.007842228591501410e+00 2.120094715492084475e-02 2.280329011950438911e+00
2.007838666765173308e+00 2.120411340624162033e-02 2.280555404355481652e+00
2.007763933830190695e+00 2.129533572121708462e-02 2.289340501254934601e+00
2.007689189734676471e+00 2.137109704630770629e-02 2.297241453751510676e+00
2.007597192556004995e+00 2.145017398001715370e-02 2.306109255744394293e+00
2.007590037700710983e+00 2.146236095746061057e-02 2.307262843151332454e+00
2.007526449972562244e+00 2.152490515268457028e-02 2.314732929667000505e+00
2.007348821557818130e+00 2.172489238987944382e-02 2.335906468058673191e+00
2.007257409836760154e+00 2.181834242140918978e-02 2.345605007838774458e+00
2.007203765535361839e+00 2.186378130202685371e-02 2.353686832406581164e+00
2.007124070320431386e+00 2.196124308502113431e-02 2.362794126942715067e+00
2.007040888947013269e+00 2.204202001740078465e-02 2.370917827340577766e+00
2.006959041575793190e+00 2.209879278010646458e-02 2.379007796400611774e+00
2.006869920577330380e+00 2.218135680380407815e-02 2.387394747177373766e+00
2.006800194646042534e+00 2.223124839123661461e-02 2.396690865236794199e+00
2.006700225387779923e+00 2.230996341877074240e-02 2.404831082149000654e+00
2.006623361659109150e+00 2.236359703683658134e-02 2.413865632875521250e+00
2.006539574541829740e+00 2.242300272205657169e-02 2.421529309301882371e+00
2.006437309685080717e+00 2.248916231324537413e-02 2.431059879758173281e+00
2.006436014874009910e+00 2.249119514397816821e-02 2.431296139198040773e+00
2.006373491881669580e+00 2.253623376938950623e-02 2.440205975320699050e+00
2.006265455174087720e+00 2.261123047404169778e-02 2.448145706283764156e+00
2.005260603547053933e+00 2.341853193098968056e-02 2.456841066424899633e+00
2.005204951542261416e+00 2.346510906185636514e-02 2.457065544715490102e+00
2.001957133772191533e+00 2.605335797511707657e-02 2.465821373981916587e+00
1.996097349685041378e+00 3.068113890817736333e-02 2.474970646444377476e+00
1.989358456272971809e+00 3.589433060934305725e-02 2.481869494639584506e+00
1.978924679482482629e+00 4.386354760967359212e-02 2.488060312499962290e+00
1.967125845807083273e+00 5.276546787583921011e-02 2.491182458216154583e+00
1.953755933369004882e+00 6.270134101544309890e-02 2.493402979042182555e+00
1.941156201318752217e+00 7.195981692615216474e-02 2.495128967832975331e+00
1.939828257864246286e+00 7.291165555172855750e-02 2.495428264241271510e+00
1.927557045426147697e+00 8.181332230516938364e-02 2.497088314771384265e+00
1.915060187473552222e+00 9.082299198140800223e-02 2.497400348483021837e+00
1.914413439216928525e+00 9.128717170893242694e-02 2.497366871784590714e+00
1.902059682951801278e+00 1.002471726178183198e-01 2.495933662739433512e+00
1.889787989476398478e+00 1.092034576679299374e-01 2.492442837062013528e+00
1.876836215390095708e+00 1.188110667353369232e-01 2.487444850680989195e+00
1.866016595955154456e+00 1.269221828370700189e-01 2.483106546136087722e+00
1.854979733460259572e+00 1.352757010024831230e-01 2.478298456469723465e+00
1.842193171240896987e+00 1.450623512130550796e-01 2.471740093972699004e+00
1.830289662600871559e+00 1.542943315861881604e-01 2.465310671472826343e+00
1.816624104663578265e+00 1.651148517569862584e-01 2.457435987464859473e+00
1.816309745804163933e+00 1.653718859498338190e-01 2.457235614280159908e+00
1.804537844222333431e+00 1.748913422105598525e-01 2.450077634267372684e+00
1.793538154607557500e+00 1.839358920009954712e-01 2.443282399343833955e+00
1.782721793140178201e+00 1.929086626645818703e-01 2.436504485916057394e+00
1.773156702092936188e+00 2.009768501048182499e-01 2.430259305782739077e+00
1.772849717638121270e+00 2.012310823844536967e-01 2.430060023974305317e+00
1.763099970435130892e+00 2.095821960905762948e-01 2.423775591222250281e+00
1.750728373652297387e+00 2.203703440553590465e-01 2.416626536965770455e+00
1.740515332363780976e+00 2.293618948550680825e-01 2.410819971103022485e+00
1.729472141567985233e+00 2.392390076042773261e-01 2.404787142767023322e+00
1.718801221897057419e+00 2.489241591746812754e-01 2.399393185800882122e+00
1.708845566434673335e+00 2.580261101007942370e-01 2.394638418032447369e+00
1.699357577933446883e+00 2.667889629643537264e-01 2.390098352229399925e+00
1.689489375204175081e+00 2.760106018104475090e-01 2.385462586037037092e+00
1.679717060621884528e+00 2.851955471845266099e-01 2.380954855811416859e+00
1.669860516167114950e+00 2.945298289952079651e-01 2.376403738483490624e+00
1.660708174603513276e+00 3.032730832861530446e-01 2.372183847353477315e+00
1.652278929916986439e+00 3.113860999003585373e-01 2.367914198253837643e+00
1.643725640016870271e+00 3.196717860083616025e-01 2.363599943387318270e+00
1.634652338996395837e+00 3.285458290183148056e-01 2.358952557387339777e+00
1.626684067774333942e+00 3.363660195336020120e-01 2.354363485243818666e+00
1.618431633754239041e+00 3.446026802436656933e-01 2.349568028474980697e+00
1.610450550835110572e+00 3.526008201693113797e-01 2.344857615080317537e+00
1.603190575784641192e+00 3.599455215806854347e-01 2.340166203531775846e+00
1.594954818491385318e+00 3.683863248582309180e-01 2.334734741916063339e+00
1.587260749796780779e+00 3.763326416201244751e-01 2.329646261938620011e+00
1.579503733666862031e+00 3.843894881437294186e-01 2.323941091870653786e+00
1.559200425582312199e+00 4.060022369919712437e-01 2.308323742685871149e+00
1.558997509771370416e+00 4.062218392353345586e-01 2.308163822112909713e+00
1.551542506161005308e+00 4.143467991412655427e-01 2.302252015226265325e+00
1.551172917945126128e+00 4.147518798977532506e-01 2.301971657804929183e+00
1.544509079046121336e+00 4.220561328241947407e-01 2.296371289772892954e+00
1.537902630423369832e+00 4.294292747260381460e-01 2.290042300271242226e+00
1.530498005833814457e+00 4.377033703046364077e-01 2.282725115582885156e+00
1.523970732915299831e+00 4.451566444601776640e-01 2.276109487224101002e+00
1.517345387499572595e+00 4.528365950011262187e-01 2.269220183022695458e+00
1.517175715062693442e+00 4.530372906735057881e-01 2.269036119793237383e+00
1.511266808352248914e+00 4.600660377858064587e-01 2.262647457711161270e+00
1.505647194109881237e+00 4.667395852695291891e-01 2.256557336649314571e+00
1.499790945481691118e+00 4.738709687566036166e-01 2.250124456134841022e+00
1.493747604874188228e+00 4.812844599790034872e-01 2.243039896956287471e+00
1.488154812150747297e+00 4.882186423073548442e-01 2.236351223503372232e+00
1.482697751761573812e+00 4.950230745290815637e-01 2.229413834631005287e+00
1.477208649569924148e+00 5.019796016512397818e-01 2.222117148614609405e+00
1.471579039001761124e+00 5.093071515792071402e-01 2.214204618074211428e+00
1.465566859575723635e+00 5.172470327211428076e-01 2.206052150602353379e+00
1.461131542135537531e+00 5.232352686906558414e-01 2.199629724607467196e+00
1.455687845164000738e+00 5.305889444533641308e-01 2.191260714006271204e+00
1.451007712697410579e+00 5.370484611743311376e-01 2.183772451052294894e+00
1.450880532126782585e+00 5.372248778814394665e-01 2.183564477604052367e+00
1.446296148161221984e+00 5.436937407716436743e-01 2.175908479190495459e+00
1.442154039055020487e+00 5.495651310594185102e-01 2.169140455239547016e+00
1.437457855281362828e+00 5.563317329669532629e-01 2.160923434838903479e+00
1.433246419894698809e+00 5.625295807587762376e-01 2.153137547149408082e+00
1.428663116004095901e+00 5.693596778968953442e-01 2.144579689401951317e+00
1.424307479001217125e+00 5.760602482921282075e-01 2.136236773420766344e+00
1.420309387666755185e+00 5.823584325157811215e-01 2.128111306258064772e+00
1.416800893200187872e+00 5.878835632334444838e-01 2.120938057247087283e+00
1.412654728217072497e+00 5.945806926902906797e-01 2.112194428004176228e+00
1.408537932510630419e+00 6.013371208302678017e-01 2.103186604729297304e+00
1.405001141770623185e+00 6.072043413338571449e-01 2.095364458920786710e+00
1.401355428644170287e+00 6.134004609983113587e-01 2.086986121026569219e+00
1.401268071967455953e+00 6.135622172638770522e-01 2.086759908030504818e+00
1.398248850914260988e+00 6.188606417592625863e-01 2.079234250905743320e+00
1.395137512051244144e+00 6.243507003543518064e-01 2.071348272906422761e+00
1.391680081808214897e+00 6.305470110955826435e-01 2.062546793061548644e+00
1.388451101187275105e+00 6.365556541187500361e-01 2.053764223254222809e+00
1.385769983904243219e+00 6.416965132754367529e-01 2.046170132905424488e+00
1.382807440470072091e+00 6.474364844197585400e-01 2.037508060077083183e+00
1.382731883208586421e+00 6.475866389184777860e-01 2.037276460426693081e+00
1.379958650181777324e+00 6.529886216719378300e-01 2.029051854101739050e+00
1.377080207459867367e+00 6.587729538581234001e-01 2.020375377868051547e+00
1.374415650476707995e+00 6.642866723724765166e-01 2.011918763716291636e+00
1.372085455697667822e+00 6.691065612033453291e-01 2.004536661196344660e+00
1.369397367013896805e+00 6.747925831029087940e-01 1.995822778937294206e+00
1.369325303292191265e+00 6.749401375043351248e-01 1.995605465623858210e+00
1.366739574134468782e+00 6.805396302016502030e-01 1.986882439823674407e+00
1.364316906505381066e+00 6.859240260029686453e-01 1.978410626285765472e+00
1.361830080669391485e+00 6.916780898314074388e-01 1.969306387293152882e+00
1.359444307419385378e+00 6.972837689140641837e-01 1.960266216075209789e+00
1.357421110246078255e+00 7.019314488079613223e-01 1.950399876655589004e+00
1.357394014378393798e+00 7.020003846082081278e-01 1.950164111811811152e+00
1.356306902416335669e+00 7.047290529395523473e-01 1.940429787218751700e+00
1.354420842643934586e+00 7.095243256923039477e-01 1.931689716750305319e+00
1.352447808163587561e+00 7.146864189558116420e-01 1.923076492587262765e+00
1.350645745008591359e+00 7.194686688348589376e-01 1.915016227177782637e+00
1.348586466200898615e+00 7.250717742980705705e-01 1.905424795568088525e+00
1.347155926670807302e+00 7.289572869979960013e-01 1.896679023983354639e+00
1.346363618320538524e+00 7.306371618070057750e-01 1.887377849594684243e+00
1.346178083153008576e+00 7.306257308312976706e-01 1.878921294605242931e+00
1.345903556063758000e+00 7.314181561941061060e-01 1.870930524855753729e+00
1.342742537561096627e+00 7.419710127925618348e-01 1.849588099528792995e+00
1.341325268736323517e+00 7.469923204082747903e-01 1.840542276783060816e+00
1.340074818685093927e+00 7.515734754209919544e-01 1.832229039606396936e+00
1.338801648347925255e+00 7.563237036584578021e-01 1.823548591627440540e+00
1.337399201602838872e+00 7.616818866099217544e-01 1.813717679759594414e+00
1.336075533615417532e+00 7.670105027399914954e-01 1.803801310842704675e+00
1.334929439183521360e+00 7.717927937699563534e-01 1.794807204143743062e+00
1.333771356031741906e+00 7.768822664513199694e-01 1.785261064281061349e+00
1.333745125039500046e+00 7.770109070698305587e-01 1.785016963051991201e+00
1.332748563062468250e+00 7.815312913952472407e-01 1.776504746148630520e+00
1.331739816409522881e+00 7.862689764792026859e-01 1.767630064331916051e+00
1.330805349396034565e+00 7.908022519915102189e-01 1.759001524635622093e+00
1.330016171369514000e+00 7.948730240819162907e-01 1.751312922732862321e+00
1.329070901242298319e+00 7.997582627175154890e-01 1.742107361396345366e+00
1.328258679359803018e+00 8.043098716778490642e-01 1.733408460702255516e+00
1.327544779447611845e+00 8.085378229374956538e-01 1.725185919037014237e+00
1.326824268650319549e+00 8.131274885045871592e-01 1.716128504471593930e+00
1.326158298724203766e+00 8.176612001742971092e-01 1.707156414829712476e+00
1.325662080655347186e+00 8.212798965058391021e-01 1.697633420408159122e+00
1.325572475596732858e+00 8.220398372893314987e-01 1.688872793708981135e+00
1.325543109970503730e+00 8.220102807485020202e-01 1.678888170400662849e+00
1.325459169059238995e+00 8.226277418021674670e-01 1.669982843629271185e+00
1.325453830769049546e+00 8.226825458247988276e-01 1.669748825517243462e+00
1.325088954134265862e+00 8.264208124905788599e-01 1.660297431563199089e+00
1.324660253218948203e+00 8.314319377819981982e-01 1.650060209026978697e+00
1.324367768445806615e+00 8.353950619104288933e-01 1.642182487383402778e+00
1.324053040058277508e+00 8.398713624940541411e-01 1.633249934983978191e+00
1.323779181927762671e+00 8.443309893665443822e-01 1.624174856826978708e+00
1.323555159185290098e+00 8.485170051568581284e-01 1.615653528807878825e+00
1.323354095299948074e+00 8.531466356819019659e-01 1.606092524612302119e+00
1.323204045484223990e+00 8.572909174241021280e-01 1.597522722735940537e+00
1.323081793202345313e+00 8.617911006354792569e-01 1.588340797852217046e+00
1.323013786527567293e+00 8.663449620172117838e-01 1.579103173728136467e+00
1.322957272236997106e+00 8.705487060219673223e-01 1.570621978292022769e+00
1.322957379212344575e+00 8.749257577481668324e-01 1.561713789727034341e+00
1.322974630471215773e+00 8.786466101515559846e-01 1.554147446608157290e+00
1.323050424669212966e+00 8.834585072906545600e-01 1.544393018487703495e+00
1.323154786251121262e+00 8.878381079334738413e-01 1.535955308003819075e+00
1.323300207348957258e+00 8.922794739953515686e-01 1.527544122187843634e+00
1.323463747452617634e+00 8.966916350727289764e-01 1.519352689473249196e+00
1.323472368791101639e+00 8.968007465903757858e-01 1.519143845961584471e+00
1.323691601067058743e+00 9.012974604778853926e-01 1.510551934323843382e+00
1.323890251156055298e+00 9.051075108684125681e-01 1.503196798977491255e+00
1.324142545926034087e+00 9.090607254019252847e-01 1.495805774483459860e+00
1.324435932456656140e+00 9.131034938981297255e-01 1.488403024019692378e+00
1.324792400038699691e+00 9.176552299208206032e-01 1.480179849201494147e+00
1.324798926000307464e+00 9.177607976461690242e-01 1.479987628187020121e+00
1.325111091712697586e+00 9.212997365619643997e-01 1.473685253457054589e+00
1.325536056171334520e+00 9.255925181603382734e-01 1.466152195752874032e+00
1.325547871536301603e+00 9.256991252466832965e-01 1.465963967611559671e+00
1.325956181072776019e+00 9.295767175322133813e-01 1.459406198342247052e+00
1.326400026670305765e+00 9.334188183951105389e-01 1.453221001581282090e+00
1.326849358842262738e+00 9.374371792080127275e-01 1.446779066407419601e+00
1.327297139469133747e+00 9.411394991474556493e-01 1.440833579059434433e+00
1.327793519490629404e+00 9.450311260538205582e-01 1.434448755297371036e+00
1.328313787530210011e+00 9.489153619674115525e-01 1.428110435814061052e+00
1.328812956822411628e+00 9.524810093531105304e-01 1.422152631076703644e+00
1.329314583977690090e+00 9.559484528177560891e-01 1.416459519490221197e+00
1.329947947045873935e+00 9.600142288979809368e-01 1.409926324298082845e+00
1.330523620103034155e+00 9.636564598163337436e-01 1.404286927508651139e+00
1.331147483059327730e+00 9.673094396948177520e-01 1.398624369358797637e+00
1.333041044587725432e+00 9.778908011606465278e-01 1.382645651403840548e+00
1.333729711391083539e+00 9.815134803187609558e-01 1.377186563773018069e+00
1.334476594545856099e+00 9.853319200958678969e-01 1.371837378988830070e+00
1.335204526611708520e+00 9.888244570201263350e-01 1.367158135511727712e+00
1.335298434228035624e+00 9.893365404539221641e-01 1.366495086704164308e+00
1.336092509694161379e+00 9.932355256524060261e-01 1.361532036379170973e+00
1.336864735155001149e+00 9.967968088217387113e-01 1.357062216848204717e+00
1.337770422894016598e+00 1.000936985617976616e+00 1.351863787717649146e+00
1.338590814150576236e+00 1.004591988986878404e+00 1.347164451227681248e+00
1.339492053215495915e+00 1.008541957454311300e+00 1.342191242999653422e+00
1.340312486075595722e+00 1.012070331686272251e+00 1.337786222177914430e+00
1.341268941434997419e+00 1.016103241591992390e+00 1.332887570359805762e+00
1.341289388790080528e+00 1.016206026346694102e+00 1.332768739423326299e+00
1.342205101528124001e+00 1.019946269931126581e+00 1.328299093831892153e+00
1.343160509729662166e+00 1.023761201513528896e+00 1.323866744888640978e+00
1.343187076195829111e+00 1.023862119737981802e+00 1.323748160080477465e+00
1.344033403774870683e+00 1.027172766914891566e+00 1.319985541434185450e+00
1.344913161453517914e+00 1.030594856518465940e+00 1.316215709346414853e+00
1.345769465732770565e+00 1.033872896897259253e+00 1.312516265305864405e+00
1.346737470148660076e+00 1.037550680311956963e+00 1.308453499025682865e+00
1.347745532961418746e+00 1.041243269459940723e+00 1.304311215209347230e+00
1.348645936401152490e+00 1.044546330800133482e+00 1.300652280951027029e+00
1.349761765811820613e+00 1.048515942746198970e+00 1.296512392863876872e+00
1.350914833561116524e+00 1.052599869154710710e+00 1.292393259768362057e+00
1.352098186167871585e+00 1.056732993328279635e+00 1.288527122822861637e+00
1.353295457685333325e+00 1.060796618380613454e+00 1.285025465510752252e+00
1.353356482260327009e+00 1.060993848189980771e+00 1.284873825577137696e+00
1.354510648011463037e+00 1.064934967116985653e+00 1.281965824817241861e+00
1.355803147540337372e+00 1.069249597410401709e+00 1.278804876764314313e+00
1.356903220128867771e+00 1.072870877298731873e+00 1.276082767160667153e+00
1.357990220830096018e+00 1.076449345701528504e+00 1.273407985480102145e+00
1.359177674114499634e+00 1.080339172933840519e+00 1.270283438769836959e+00
1.359208392436536794e+00 1.080438747965761337e+00 1.270204056908389223e+00
1.360312412225165080e+00 1.084036522999672236e+00 1.267081023015991903e+00
1.361519522166831031e+00 1.087943044702379236e+00 1.263554452536242989e+00
1.362714927750236393e+00 1.091742361669256312e+00 1.260188168887495408e+00
1.363981099265350050e+00 1.095728251716358681e+00 1.256896055066347939e+00
1.365115251964013066e+00 1.099209311420434654e+00 1.254139681425199271e+00
1.366284294057594995e+00 1.102803413071310246e+00 1.251343542722894497e+00
1.367580379151048797e+00 1.106678144007355424e+00 1.248494205338958052e+00
1.367614870348386358e+00 1.106774040339236764e+00 1.248426869970608255e+00
1.368954086124561043e+00 1.110813742178997199e+00 1.245007197609963701e+00
1.370032998231633492e+00 1.114062923869469479e+00 1.241395904770389746e+00
1.371188721787297116e+00 1.117524275678083434e+00 1.237677933584953038e+00
1.372374838329237345e+00 1.121007672687403645e+00 1.234315786823104721e+00
1.373674175021909249e+00 1.124687424856877449e+00 1.231113003440956533e+00
1.373708313902704425e+00 1.124783256664710462e+00 1.231035559809784408e+00
1.375018854640612798e+00 1.128478438058309052e+00 1.228351670836112852e+00
1.375051607735455761e+00 1.128572396982612691e+00 1.228295595561695430e+00
1.376452792017522242e+00 1.132458090434095954e+00 1.226393925073877123e+00
1.377737407499911582e+00 1.136027099810697161e+00 1.226324318553015047e+00
1.379008696746329976e+00 1.139587148357351643e+00 1.226464495696676815e+00
1.380235911696397366e+00 1.143018114194179091e+00 1.226423077779306370e+00
1.381399978790603722e+00 1.146262150437137972e+00 1.225630431472592319e+00
1.382906990418271809e+00 1.150477275150819212e+00 1.223835528292944508e+00
1.384101832751454264e+00 1.153819697252161491e+00 1.222142293744236330e+00
1.385343863096761163e+00 1.157354859047617701e+00 1.219705262574958926e+00
1.386479424682723449e+00 1.160576046808230455e+00 1.217077990684546807e+00
1.387740141687966222e+00 1.164094049182693436e+00 1.214212349712078476e+00
1.388966723735524322e+00 1.167467793844789936e+00 1.211596138317319715e+00
1.390107285477027332e+00 1.170562845536964325e+00 1.209490059706430420e+00
1.393119101404122206e+00 1.178543435987184029e+00 1.204741279072139015e+00
1.394336868480685832e+00 1.181737511775986516e+00 1.202922576011888678e+00
1.395509782156528988e+00 1.184876552748612921e+00 1.200615845771656698e+00
1.396788927337691888e+00 1.188348866295841244e+00 1.195329493089211548e+00
1.396821701291419693e+00 1.188433711479076393e+00 1.195147431691124140e+00
1.397926109035909636e+00 1.191302092884597208e+00 1.189076977981746275e+00
1.399038663503144875e+00 1.194175917159696843e+00 1.183455759069516278e+00
1.400390390294931731e+00 1.197544660796117544e+00 1.177590352293113485e+00
1.400462160256855881e+00 1.197723322613532648e+00 1.177325748667620964e+00
1.401863536350259398e+00 1.201169828219154079e+00 1.173588684635892943e+00
1.402067348863886842e+00 1.201642902115669376e+00 1.173268459705036459e+00
1.403673336136482819e+00 1.205422692653164818e+00 1.172352805870552128e+00
1.405125660359643147e+00 1.209013749985954345e+00 1.174197744357768913e+00
1.406627661868915080e+00 1.212653015118604793e+00 1.178119243012834660e+00
1.408199276410271539e+00 1.216448518857884409e+00 1.183999601067193597e+00
1.409599485033699473e+00 1.219956005554591494e+00 1.189477791744331547e+00
1.411103976148118111e+00 1.223732670707941894e+00 1.193670438570918035e+00
1.412538721780119744e+00 1.227390028483830831e+00 1.195614031625901186e+00
1.412576723928278044e+00 1.227482038762317096e+00 1.195630356293250429e+00
1.413999697524733090e+00 1.231126723925063171e+00 1.195407743512671761e+00
1.415256115659175418e+00 1.234448139771046060e+00 1.192812729613389022e+00
1.416512044214143451e+00 1.237642580907774903e+00 1.186992521716552673e+00
1.416577544475062345e+00 1.237805924470432917e+00 1.186586943922294024e+00
1.417846430839502680e+00 1.240998780637199816e+00 1.179562773060337966e+00
1.419306621259244450e+00 1.244667399422165310e+00 1.173293374986924320e+00
1.420617454581162953e+00 1.247917355860180821e+00 1.168985546033201928e+00
1.421997500759606847e+00 1.251253042541633942e+00 1.165968652334373967e+00
1.423375082866173091e+00 1.254480892668512704e+00 1.164719350787582597e+00
1.424864453081938320e+00 1.257990540778296307e+00 1.163041499544913648e+00
1.426170024043860618e+00 1.261153069391046877e+00 1.159543998034649137e+00
1.427374541622737469e+00 1.263990635274665042e+00 1.153722634150538440e+00
1.428754488806763367e+00 1.267151358172944553e+00 1.146657602104965257e+00
1.430443334321170212e+00 1.270953373056617819e+00 1.141487297081359875e+00
1.431940821730225633e+00 1.274234146464078954e+00 1.139713722935381535e+00
1.433671829270643183e+00 1.278027853484588583e+00 1.140322625457251382e+00
1.435219611847944776e+00 1.281458545679588834e+00 1.143142216713356474e+00
1.436930727953835696e+00 1.285307779737898892e+00 1.149005029680914669e+00
1.438522885543419338e+00 1.288884529701336490e+00 1.156719888163859622e+00
1.440047015065839986e+00 1.292343673300252682e+00 1.164030586169463755e+00
1.441612906623818802e+00 1.295999441858187495e+00 1.169340821477282688e+00
1.441654010937376995e+00 1.296092406241024619e+00 1.169430524235642643e+00
1.442954690077637547e+00 1.299196410457132078e+00 1.171841314052116889e+00
1.444193788610490081e+00 1.302158599298484321e+00 1.172297868503225926e+00
1.445476261500193260e+00 1.305320707147294312e+00 1.171904754693471995e+00
1.446803092481007802e+00 1.308602780548366873e+00 1.170461285044889888e+00
1.448227723681331458e+00 1.312070245629554099e+00 1.166246512617654663e+00
1.449457784633721102e+00 1.315064322908859884e+00 1.159971209174613715e+00
1.450998933142797043e+00 1.318602117761358272e+00 1.151322282721174206e+00
1.452365699729234239e+00 1.321809234508745767e+00 1.144386938962830058e+00
1.452406683735882886e+00 1.321897626936192616e+00 1.144221565687129072e+00
1.453800537845330254e+00 1.325035247705138364e+00 1.139719403668669528e+00
1.455330507966973608e+00 1.328384479420476438e+00 1.137494408289226211e+00
1.456964628299477482e+00 1.331930692970046515e+00 1.137649940758536093e+00
1.458450750186891964e+00 1.335155164206482725e+00 1.140018150337719582e+00
1.460103302973302597e+00 1.338797668218802306e+00 1.144949231008087542e+00
1.461673008359987147e+00 1.342312042023504404e+00 1.151787251665377765e+00
1.461714001222806925e+00 1.342406106453128745e+00 1.151992221891338319e+00
1.463076588863855942e+00 1.345456433746957003e+00 1.158130412382522012e+00
1.464678065021931541e+00 1.349124644754243318e+00 1.163322139717547055e+00
1.466138341090726938e+00 1.352532927605482937e+00 1.166553349905677717e+00
1.467495206490890158e+00 1.355733357525441996e+00 1.167972563723892465e+00
1.468839962409694611e+00 1.358941519199568182e+00 1.168179758453285144e+00
1.470061878160024094e+00 1.361965084575021301e+00 1.166312864787389270e+00
1.471254820395584195e+00 1.364893457167858815e+00 1.162037541879944902e+00
1.474384936971194771e+00 1.372243873053645258e+00 1.148052961425968244e+00
1.474420889652642952e+00 1.372331390515254546e+00 1.147886839418641225e+00
1.475991544365503838e+00 1.375888761181983888e+00 1.141423392182587371e+00
1.477504345983508660e+00 1.379264989024883370e+00 1.138123194954031137e+00
1.479137039846023516e+00 1.382760777358714721e+00 1.137653584584194189e+00
1.480811134769759008e+00 1.386408209755278564e+00 1.139877551727825900e+00
1.482575015457013645e+00 1.390321717238367727e+00 1.144954045670537601e+00
1.484134249872554268e+00 1.393788182831109612e+00 1.151642977260489697e+00
1.485662685585865228e+00 1.397248253940050366e+00 1.158436497135181042e+00
1.485701659175444389e+00 1.397338907759612114e+00 1.158597560403843429e+00
1.487013067864074944e+00 1.400347192090610760e+00 1.162909432649043673e+00
1.488374640776078950e+00 1.403540709226206218e+00 1.164924285383529323e+00
1.489736145546224133e+00 1.406804141921246698e+00 1.165486990831945402e+00
1.491012593874186276e+00 1.409836891332393982e+00 1.164203501789803141e+00
1.492305762129709334e+00 1.412888340179871749e+00 1.160448552272073330e+00
1.493496749486821429e+00 1.415718404534001884e+00 1.156061128675435423e+00
1.494989376134853387e+00 1.419291536640302942e+00 1.151214852481854622e+00
1.495021519167132995e+00 1.419381707451539354e+00 1.151120898852630692e+00
1.496585000142684141e+00 1.422924735467891111e+00 1.147415055090469371e+00
1.498226316275598657e+00 1.426648363585919954e+00 1.145758417333768708e+00
1.499739118338194288e+00 1.430028666251113689e+00 1.145121194500184458e+00
1.501339977118434810e+00 1.433581517063557298e+00 1.144347144115109405e+00
1.502790683468834043e+00 1.436887624087413995e+00 1.141616638567960251e+00
1.504311720811652986e+00 1.440281086069063576e+00 1.137781418277548973e+00
1.504353517468150825e+00 1.440374748143262718e+00 1.137707579664850810e+00
1.506024524288753330e+00 1.444008146387090852e+00 1.136157856728681859e+00
1.507675422409702426e+00 1.447555137268447423e+00 1.137259852323790899e+00
1.509347474576389070e+00 1.451199659015939503e+00 1.141045282701857122e+00
1.511072710584338008e+00 1.455002567168180772e+00 1.147088659409667866e+00
1.512515454697948458e+00 1.458222262888722698e+00 1.153066832210029702e+00
1.514033117774175707e+00 1.461666554463612711e+00 1.157217260926014069e+00
1.515450578327515174e+00 1.464930126794533827e+00 1.158239280897815027e+00
1.516827036826072117e+00 1.468149206209731217e+00 1.157326647605577241e+00
1.518173517269984174e+00 1.471380568800089383e+00 1.155090226858983105e+00
1.519629981806786434e+00 1.474725291181011810e+00 1.152130061890586976e+00
1.521071436613874894e+00 1.478142730169423436e+00 1.149402558908275473e+00
1.522550670024354513e+00 1.481559204548385411e+00 1.147451370379377833e+00
1.524096340906826663e+00 1.485114306897913794e+00 1.145030069288957009e+00
1.524133068897670640e+00 1.485200590081558802e+00 1.144939903198877618e+00
1.525752029098849327e+00 1.488853970574634422e+00 1.140694972614669123e+00
1.527272786531873372e+00 1.492267704228150915e+00 1.137262979214201941e+00
1.528781833736083451e+00 1.495597255146642324e+00 1.134234061967061447e+00
1.530513491036461282e+00 1.499295191231784008e+00 1.133362439838190960e+00
1.532314153075395868e+00 1.503169518861918741e+00 1.135138680765577668e+00
1.532409559192956294e+00 1.503365727085291592e+00 1.135317534689965102e+00
1.534082049349972943e+00 1.506973293739231279e+00 1.139499840559384136e+00
1.535502618623465709e+00 1.510098640656900137e+00 1.142777773277238396e+00
1.536884478920489627e+00 1.513120479302873633e+00 1.145242357890168261e+00
1.538238262261226508e+00 1.516138650121108933e+00 1.146600910205539003e+00
1.539713957747140594e+00 1.519407401673591007e+00 1.147204489492307244e+00
1.541229598686415292e+00 1.522770710599365307e+00 1.147325335549217451e+00
1.542706747195828454e+00 1.526136383974914468e+00 1.147204847032722297e+00
1.544045205948354038e+00 1.529134830583179561e+00 1.146952398253390459e+00
1.545523777397326715e+00 1.532511667377813191e+00 1.145970834925242876e+00
1.546825218985218964e+00 1.535495667906896955e+00 1.143566163671553948e+00
1.548286039652696955e+00 1.538864898759763289e+00 1.140209155149479958e+00
1.549734767637277466e+00 1.542097239385193275e+00 1.137290789512745093e+00
1.553195629270947897e+00 1.549715224256179802e+00 1.133020607482047692e+00
1.554723118695216622e+00 1.553056857616007980e+00 1.131635924612299782e+00
1.556391278173848702e+00 1.556634737778821220e+00 1.130951747499367999e+00
1.556437698403426051e+00 1.556727648173825251e+00 1.130958759225976662e+00
1.558262332061701505e+00 1.560603145761302102e+00 1.132844198096847110e+00
1.560023357091197882e+00 1.564363507414627597e+00 1.136652419367732758e+00
1.561508107499200104e+00 1.567569913820914262e+00 1.139944589710597977e+00
1.563169779778228241e+00 1.571173064838026878e+00 1.142514686292008586e+00
1.564700555568884655e+00 1.574555320309545259e+00 1.143827086242192648e+00
1.566242073260437406e+00 1.578014011673924522e+00 1.144298156366219121e+00
1.566285622336409222e+00 1.578105645320596162e+00 1.144301120899961832e+00
1.567977808250813121e+00 1.581970520177315986e+00 1.143732309568994188e+00
1.569523596345736571e+00 1.585465534917733343e+00 1.141049516807395081e+00
1.570969972810115856e+00 1.588721757037383941e+00 1.137978919382943266e+00
1.572591062097751236e+00 1.592332304697438472e+00 1.135188729978411804e+00
1.572629790662515958e+00 1.592420722240174058e+00 1.135126929976810306e+00
1.574381502973308811e+00 1.596243548939458412e+00 1.133533634102136256e+00
1.575980754208932577e+00 1.599689723479881920e+00 1.132831905325847988e+00
1.577607740827099647e+00 1.603153014412305621e+00 1.132411327691461800e+00
1.579113311147994247e+00 1.606344941764397793e+00 1.132395969727642004e+00
1.580729191957815694e+00 1.609759599733689539e+00 1.134117102206184446e+00
1.582498791700843066e+00 1.613574376456019976e+00 1.136451019133720264e+00
1.584240998526109223e+00 1.617359237758293933e+00 1.138509956735928030e+00
1.585795584719091877e+00 1.620763657756777887e+00 1.139449629335937297e+00
1.587455878420009903e+00 1.624416487843902912e+00 1.139796051779916386e+00
1.588879523159284046e+00 1.627589935347554029e+00 1.139757499136172969e+00
1.590393306999861478e+00 1.630959407548508766e+00 1.139434642295316991e+00
1.592072115105476859e+00 1.634705730989594263e+00 1.138528267518597703e+00
1.593461980254114119e+00 1.637860331737309938e+00 1.136720329858008194e+00
1.595037559837680474e+00 1.641342168521787936e+00 1.134339264956462534e+00
1.596524570757752448e+00 1.644541980840081630e+00 1.132311693933373054e+00
1.598074363108255458e+00 1.647982661876946864e+00 1.130705677853560243e+00
1.599609830565908997e+00 1.651326740618965783e+00 1.129683449081736679e+00
1.599654686634275791e+00 1.651416342302271190e+00 1.129663298144033767e+00
1.601407194134033096e+00 1.655205120070389446e+00 1.128663413051770759e+00
1.603067252909925910e+00 1.658787248439185902e+00 1.127092791686037376e+00
1.604576515250895508e+00 1.661982819798467181e+00 1.126320865903475132e+00
1.606394756741822416e+00 1.665790504547389972e+00 1.127703964322196883e+00
1.607847238621868513e+00 1.668842653947355315e+00 1.129297054053765459e+00
1.609407546321504734e+00 1.672173498919093060e+00 1.130851480815853405e+00
1.609452982689697276e+00 1.672264868047448116e+00 1.130888928813730709e+00
1.611124197629659305e+00 1.675811632364363923e+00 1.131819560437866246e+00
1.612714231890425509e+00 1.679206610774681030e+00 1.132290960541810776e+00
1.614341431880727207e+00 1.682731508143599841e+00 1.132531663322341897e+00
1.614381676502253393e+00 1.682820710049359514e+00 1.132516927581121546e+00
1.615710474721664847e+00 1.685746713179888667e+00 1.131659431532773263e+00
1.617210981752043253e+00 1.689027377312948053e+00 1.130193202483552151e+00
1.618611032104730896e+00 1.692072236777656391e+00 1.128890528008838823e+00
1.620356754568249791e+00 1.695843254232572095e+00 1.127504507694584213e+00
1.622073027838817794e+00 1.699556373036680501e+00 1.126389758428334886e+00
1.623631296243110089e+00 1.702913851828921743e+00 1.125578885770192716e+00
1.625317933978130736e+00 1.706529799381267809e+00 1.124918544262949682e+00
1.626836005306659061e+00 1.709790847371742695e+00 1.124054984129999601e+00
1.628521908542216901e+00 1.713316020305227116e+00 1.123098026671942362e+00
1.630071325379542246e+00 1.716550588438940483e+00 1.123480190518644228e+00
1.631915009820865459e+00 1.720371060274288100e+00 1.124352054605449736e+00
1.633447114743586726e+00 1.723583689676204234e+00 1.124996857946511719e+00
1.634870407246293178e+00 1.726570079296096738e+00 1.125510123900742121e+00
1.636507094341853819e+00 1.730010925714422942e+00 1.125621342097069100e+00
1.638163082391240533e+00 1.733549650125789210e+00 1.125136707247278878e+00
1.638205609065130020e+00 1.733639412713027905e+00 1.125105235222828570e+00
1.639621272311364342e+00 1.736704453388048019e+00 1.124060546564971341e+00
1.641180511462294822e+00 1.740039003330533074e+00 1.122940254907423219e+00
1.644839929585319771e+00 1.747792893274148440e+00 1.120486522225099701e+00
1.646419353152546394e+00 1.751117904969016648e+00 1.119545903260082742e+00
1.647904744078396710e+00 1.754193953357238378e+00 1.118940367826276372e+00
1.649622705522253874e+00 1.757835123517631715e+00 1.117846082217841763e+00
1.651367141306691266e+00 1.761515216937598494e+00 1.116676417612011640e+00
1.652819455619974454e+00 1.764567483219847244e+00 1.115637904452772444e+00
1.654414725408423603e+00 1.767828847212185028e+00 1.115100157094713884e+00
1.656015662243781161e+00 1.771104727986865024e+00 1.115740978851076148e+00
1.657480690950061453e+00 1.774095327626692864e+00 1.116452289607206438e+00
1.659243687732612438e+00 1.777732436132912763e+00 1.117145172788637231e+00
1.660827997779760423e+00 1.781008367989741270e+00 1.117222520952745546e+00
1.662592421807056464e+00 1.784707499514076368e+00 1.116610155288753292e+00
1.662637439098971992e+00 1.784798804948749762e+00 1.116593391341287989e+00
1.664238083752329622e+00 1.788123847372900199e+00 1.115831748304448423e+00
1.665836131964729905e+00 1.791440972442009505e+00 1.114967810390989911e+00
1.667302640528604885e+00 1.794498955721801181e+00 1.114188613025206775e+00
1.668991026922005627e+00 1.798015949094951438e+00 1.113335196909948976e+00
1.670461146927444407e+00 1.801077170539422845e+00 1.112697030284889532e+00
1.672114645059672222e+00 1.804497905038002781e+00 1.112024336484580544e+00
1.673626488333514795e+00 1.807652210959536765e+00 1.111205581601693471e+00
1.675143592002525050e+00 1.810802340306996383e+00 1.110245358800397986e+00
1.676730311145648855e+00 1.814106830099880607e+00 1.109275010396934213e+00
1.678557770938993610e+00 1.817792124928680808e+00 1.108484108153711789e+00
1.680278455975129370e+00 1.821232637184374559e+00 1.108451182520332701e+00
1.681921874034440822e+00 1.824562626431061929e+00 1.108362193621171610e+00
1.683599974176328562e+00 1.827920380244943965e+00 1.108574940456481084e+00
1.685281379754776765e+00 1.831336922147124513e+00 1.108809920005988880e+00
1.687049714095609554e+00 1.834927822869472980e+00 1.108246754375300736e+00
1.688646906430654626e+00 1.838161146335121732e+00 1.107512369278511377e+00
1.690541097046530883e+00 1.842000780617913058e+00 1.106482111133517687e+00
1.692371716532557580e+00 1.845679863759474904e+00 1.105466319627984806e+00
1.694052546765083544e+00 1.849096881659683111e+00 1.104559544038549390e+00
1.695800897794827566e+00 1.852605083516658535e+00 1.103717510037935723e+00
1.697446638225648785e+00 1.855925920742885538e+00 1.103049380128792833e+00
1.699223578577113702e+00 1.859508578623175978e+00 1.102195846804596036e+00
1.699263361606355049e+00 1.859599577506255041e+00 1.102175979620858559e+00
1.700850439261359259e+00 1.862814034386172546e+00 1.101096360063100521e+00
1.702471869161598761e+00 1.866121331414765550e+00 1.100086334196803461e+00
1.704112768719222348e+00 1.869348943704360666e+00 1.099316480887374325e+00
1.705911525517081584e+00 1.872891902241290207e+00 1.099244463812824257e+00
1.707563385185947302e+00 1.876145025487752083e+00 1.099333014195180702e+00
1.709203591967183078e+00 1.879386925315735590e+00 1.099540336992284706e+00
1.710870740501107434e+00 1.882680057230548654e+00 1.099388202125675340e+00
1.712436655977114919e+00 1.885818025863071901e+00 1.098677977114639326e+00
1.714025820915873410e+00 1.889028326293609616e+00 1.097727329346200209e+00
1.715811796710842385e+00 1.892584085097222646e+00 1.096654519929120886e+00
1.717688124386893556e+00 1.896333042206988173e+00 1.095591128404170833e+00
1.719398869086501636e+00 1.899728679435135348e+00 1.094633026584368674e+00
1.721070776333275099e+00 1.903052986129566859e+00 1.093763093330441638e+00
1.722843873105301959e+00 1.906522688438212265e+00 1.092950675823050499e+00
1.724574290599544923e+00 1.909998650527920949e+00 1.091620000072827112e+00
1.726215441318636357e+00 1.913286125353253375e+00 1.090070062295940057e+00
1.730432087540016983e+00 1.921549383957885659e+00 1.085813798919285755e+00
1.730473053972310549e+00 1.921641103215842916e+00 1.085768625950010335e+00
1.732279347101156386e+00 1.925120727735180726e+00 1.084298862073847847e+00
1.734309099683020161e+00 1.928927246201970203e+00 1.084899835331160745e+00
1.734357616855366491e+00 1.929020132106109120e+00 1.084924928272181788e+00
1.736099311504092357e+00 1.932326629662079798e+00 1.085610546781140329e+00
1.737838355161314130e+00 1.935610324644549962e+00 1.085586642552003989e+00
1.739535942507296706e+00 1.938828777274364423e+00 1.085349917753809512e+00
1.741155042252432672e+00 1.941939750268658615e+00 1.084815833922721184e+00
1.742870287173674315e+00 1.945218898741610358e+00 1.084143072112440986e+00
1.744396195067970501e+00 1.948157208762172798e+00 1.083468695516056624e+00
1.746066633431109461e+00 1.951338107287643675e+00 1.082718305995417296e+00
1.747860229793255282e+00 1.954802947622310771e+00 1.081851491887344974e+00
1.749416892946204394e+00 1.957808536136592226e+00 1.080525211680718245e+00
1.751186815878610137e+00 1.961216449325263067e+00 1.078475052700461845e+00
1.752960967816537208e+00 1.964624084748148647e+00 1.076255504083069914e+00
1.754715446571631476e+00 1.967931564900143870e+00 1.074764819796191428e+00
1.756570259590516825e+00 1.971348119526558085e+00 1.075193065601951048e+00
1.758404106358922636e+00 1.974733912764313537e+00 1.076524692715641995e+00
1.760044159951824394e+00 1.977780323582533306e+00 1.077361231127667240e+00
1.761711090317179096e+00 1.980892681848569481e+00 1.077908941813872534e+00
1.763381367959322654e+00 1.984065367446224082e+00 1.077725352622517452e+00
1.765104881148611859e+00 1.987353322592217975e+00 1.076298946947969792e+00
1.767091816462189602e+00 1.991090331364214761e+00 1.074106662432942283e+00
1.768867024403156352e+00 1.994504218604934431e+00 1.072197273430108178e+00
1.770539345704958967e+00 1.997640622980735747e+00 1.070697538775132296e+00
1.772319517834018976e+00 2.000970470393394152e+00 1.069380192036795130e+00
1.774284071738500224e+00 2.004569887358195412e+00 1.068123380368424469e+00
1.775969341466624440e+00 2.007726701870643282e+00 1.066608638278160992e+00
1.777725678253722963e+00 2.011032453739880044e+00 1.063883808330150060e+00
1.779714729722447153e+00 2.014675520458030000e+00 1.061634037072834325e+00
1.781602123784568725e+00 2.018023969043000410e+00 1.061796860870112491e+00
1.783425105113835674e+00 2.021312599256435583e+00 1.062630817701911479e+00
1.785189195984327792e+00 2.024472834912585562e+00 1.063936610766463620e+00
1.786885621462007467e+00 2.027535118289246707e+00 1.064947311642937100e+00
1.788489570405564777e+00 2.030454241156965267e+00 1.065153514164110859e+00
1.790096032655738689e+00 2.033409826559587685e+00 1.064674610803848065e+00
1.791792903974618767e+00 2.036604737365888873e+00 1.062589905866356155e+00
1.793524009330353941e+00 2.039810804723477311e+00 1.059946992633240104e+00
1.795217876280622793e+00 2.042933872583049038e+00 1.057368746274949922e+00
1.797047308109438024e+00 2.046238853627807774e+00 1.055087399308647811e+00
1.798756543970531974e+00 2.049363986001671023e+00 1.053308777973191335e+00
1.800669401006016024e+00 2.052762747724979686e+00 1.051864667401573472e+00
1.800720484456564963e+00 2.052850857734342060e+00 1.051831898614268734e+00
1.802868132619966257e+00 2.056604888318279478e+00 1.051077953489607530e+00
1.804876513839849039e+00 2.060098775226803181e+00 1.051803945246507332e+00
1.806765811850048475e+00 2.063428149852453597e+00 1.052427099510631514e+00
1.808346554445803500e+00 2.066207100877196723e+00 1.052835745262663547e+00
1.810167348720945979e+00 2.069403112467497863e+00 1.052620359831627050e+00
1.811879986879249671e+00 2.072446851549123448e+00 1.052145117914917272e+00
1.813737103969223829e+00 2.075739336428922943e+00 1.051315050954092944e+00
1.815436586642358074e+00 2.078780539561676299e+00 1.050403084873397841e+00
1.815481214218124695e+00 2.078867297642155165e+00 1.050379997309019542e+00
1.816821826205310186e+00 2.081260275188638431e+00 1.049255273826858126e+00
1.817340915002529478e+00 2.082175470157432873e+00 1.048381941623508951e+00
1.819228475469525375e+00 2.085503926937860797e+00 1.044735120470798195e+00
1.820809595998913677e+00 2.088316688993986148e+00 1.041499840606956884e+00
1.825402517500197996e+00 2.096261922130224331e+00 1.034231288422139183e+00
1.825452121924725057e+00 2.096345745892302936e+00 1.034156085519543966e+00
1.827295775421084567e+00 2.099450705547061702e+00 1.032245297747856227e+00
1.827349670182162544e+00 2.099540054887806484e+00 1.032212360789105166e+00
1.829361204743993330e+00 2.102926217527152808e+00 1.032178656512458437e+00
1.831381767964586960e+00 2.106331174707788190e+00 1.034563393866672731e+00
1.833346055337323977e+00 2.109651514831224262e+00 1.037926488629826283e+00
1.835268114755475910e+00 2.112917720506965580e+00 1.038879521301994791e+00
1.835319193635851720e+00 2.113002456644817784e+00 1.038877234625653401e+00
1.837180881381548225e+00 2.116253889063663962e+00 1.038032724479790669e+00
1.838996039156961304e+00 2.119463096220525866e+00 1.036436263151555570e+00
1.840703324686263631e+00 2.122468692986307914e+00 1.034751648166727600e+00
1.842519004385599457e+00 2.125611940966141589e+00 1.032960801057029254e+00
1.844352856963823672e+00 2.128774427976626971e+00 1.031268183166968111e+00
1.846346075607855797e+00 2.132204868566545564e+00 1.028466616662921718e+00
1.848207079080603110e+00 2.135344829556470536e+00 1.023843528148128845e+00
1.850153169318228485e+00 2.138665369975445429e+00 1.019227306317350257e+00
1.852082470690005200e+00 2.141880550196125554e+00 1.015409618367699274e+00
1.853830676810159117e+00 2.144743633174240216e+00 1.012517703634734367e+00
1.855787906253533404e+00 2.147861350828675242e+00 1.011234786559326748e+00
1.855845782217312001e+00 2.147951993117283465e+00 1.011226183368862719e+00
1.857957149311532108e+00 2.151333037666224079e+00 1.012635983633899395e+00
1.859862030465934346e+00 2.154427494874362914e+00 1.016255032962260607e+00
1.861658033672704216e+00 2.157325212362421585e+00 1.019691973390635109e+00
1.863700147910158478e+00 2.160634571955813321e+00 1.020747876994139380e+00
1.863750860999402903e+00 2.160719950951048407e+00 1.020728264947576402e+00
1.865819711552697546e+00 2.164232143876165804e+00 1.018860652776755638e+00
1.867529768576518645e+00 2.167092846349152335e+00 1.016040766335907675e+00
1.869298246021616983e+00 2.169993879123816694e+00 1.013024506702166372e+00
1.871124042715636815e+00 2.173008270656269669e+00 1.010369430858637951e+00
1.872846596612666614e+00 2.175795024259972177e+00 1.008283883855810803e+00
1.874719146407448855e+00 2.178834338508653712e+00 1.006491676540119506e+00
1.874930500512073106e+00 2.179171374124897476e+00 1.006293234036375051e+00
1.876818840343723149e+00 2.182269096131694397e+00 1.004211267182269607e+00
1.878845555881160756e+00 2.185500971086214328e+00 9.997851817102276772e-01
1.880743868902898130e+00 2.188527900424225070e+00 9.960120787919991558e-01
1.882848852108981452e+00 2.191760383009091928e+00 9.946200728269729563e-01
1.884876218636691192e+00 2.194915261200361734e+00 9.957066659063001923e-01
1.886998804332360224e+00 2.198192694838260852e+00 9.982319639525429888e-01
1.887052696164486676e+00 2.198277771538911463e+00 9.983103717543007072e-01
1.888833461145916992e+00 2.201033043615893359e+00 1.000155007321879896e+00
1.890842676411440548e+00 2.204175643392033201e+00 1.000796883121895631e+00
1.892995150804101634e+00 2.207549568546803176e+00 1.000927496371787795e+00
1.894783437087644851e+00 2.210432980830755678e+00 9.991363404780061463e-01
1.896410534237566115e+00 2.213089519596815435e+00 9.957144389555763198e-01
1.898305691158192365e+00 2.216022743920717630e+00 9.909521025111973636e-01
1.900216783407552068e+00 2.218977740683085731e+00 9.864045124844007528e-01
1.902415941112911790e+00 2.222383575696614599e+00 9.817807015536452742e-01
1.904341879218869549e+00 2.225329372624643920e+00 9.791437072797742891e-01
1.906556161851111542e+00 2.228607731443326134e+00 9.786296458901216910e-01
1.908606797175203207e+00 2.231663084997308921e+00 9.795634252436520306e-01
1.910669910980110409e+00 2.234731351931221521e+00 9.801949599497252752e-01
1.912904351542108694e+00 2.238079192834854236e+00 9.803317464225959066e-01
1.914964186268524271e+00 2.241152019605594958e+00 9.798022838958470038e-01
1.917249041829665712e+00 2.244584364633826379e+00 9.786013631693855075e-01
1.919294654048116833e+00 2.247647799516049094e+00 9.772041507874464905e-01
1.921275445751435385e+00 2.250644651436622290e+00 9.756757261882845755e-01
1.923440184678691933e+00 2.253883056138014318e+00 9.738828050495322852e-01
1.925511278099977908e+00 2.257013531515099647e+00 9.713471620822615726e-01
1.927367742524880967e+00 2.259769704434166471e+00 9.672843763713477871e-01
1.929555514301823482e+00 2.263008593208724051e+00 9.616931652922789953e-01
1.931867634093990427e+00 2.266343108383657157e+00 9.587223270704292588e-01
1.937792337035135093e+00 2.274809981351978649e+00 9.618590198189245211e-01
1.940213371956953425e+00 2.278287259869798742e+00 9.652337303244165057e-01
1.942542483098065764e+00 2.281653695328761611e+00 9.673341822360420617e-01
1.944791919164858607e+00 2.284946722133965658e+00 9.674713028613570742e-01
1.946697567165860843e+00 2.287801151022018420e+00 9.657357464415932125e-01
1.948425942225086471e+00 2.290389988227435669e+00 9.619445234882728624e-01
1.950129162465930044e+00 2.292890623909130898e+00 9.564601597448418868e-01
1.952115602049534715e+00 2.295731248578384953e+00 9.495191605958217540e-01
1.954324207640295796e+00 2.298864885615277576e+00 9.433434179628663596e-01
1.956327886763527424e+00 2.301673576022985834e+00 9.404046258210232434e-01
1.958664258645023359e+00 2.304864885752211823e+00 9.397384810093249996e-01
1.958721727792139378e+00 2.304948164536766875e+00 9.397640555078724534e-01
1.960901820658189632e+00 2.307934452868844133e+00 9.404957142761578570e-01
1.963040486425920550e+00 2.310857696865052269e+00 9.399576996563343556e-01
1.965224794379168749e+00 2.313859719654333791e+00 9.388954554541605324e-01
1.967278067986225620e+00 2.316680608763481253e+00 9.375457869685541734e-01
1.969440801332592139e+00 2.319661468591731612e+00 9.358919343168722316e-01
1.971506407683693674e+00 2.322491900988578717e+00 9.342104628805050215e-01
1.973621763631729031e+00 2.325385405981843512e+00 9.324974051113762430e-01
1.975812672813590742e+00 2.328353682321644857e+00 9.307062895601189156e-01
1.977883682486184069e+00 2.331149338340298360e+00 9.283961682553584227e-01
1.979767066739067216e+00 2.333674407804374074e+00 9.258640549756642635e-01
1.981808778043367969e+00 2.336393752523947320e+00 9.244913615129947138e-01
1.983895626309294169e+00 2.339170547572085646e+00 9.242588668163214116e-01
1.985903650252796027e+00 2.341821557564657930e+00 9.243059109953640773e-01
1.988340224041786453e+00 2.345053704055159560e+00 9.239294086670611916e-01
1.988401293238151624e+00 2.345134915461718261e+00 9.239173517704809546e-01
1.990638186190700099e+00 2.348080128742661365e+00 9.229963756569380395e-01
1.992854790607028637e+00 2.351038384493371769e+00 9.217103511522463100e-01
1.995119198250171255e+00 2.354055354848679560e+00 9.203419262029023384e-01
1.997087278803957089e+00 2.356721686565838692e+00 9.185424117094050933e-01
1.998818821653966626e+00 2.359028102821522310e+00 9.155067094011295481e-01
2.001097897222792188e+00 2.362061452585404897e+00 9.088231704525961963e-01
2.003656184899976545e+00 2.365392213467535143e+00 9.011967615081889482e-01
2.005703472696661382e+00 2.368026426458459177e+00 8.955921191986263574e-01
2.007808842267164717e+00 2.370699331890169681e+00 8.919761211210140983e-01
2.010129043328710452e+00 2.373554593801721957e+00 8.905672194384591789e-01
2.010193160793137590e+00 2.373635292790706508e+00 8.905657316343862373e-01
2.012927652015646274e+00 2.377049231664769557e+00 8.922253961543892276e-01
2.014785998216100715e+00 2.379343402449894729e+00 8.952054973402465698e-01
2.015570154845733430e+00 2.380343566058777505e+00 8.966506566322541838e-01
2.017716035862112456e+00 2.383031197133159029e+00 9.005999753757835125e-01
2.020073949906464161e+00 2.386004579461960429e+00 9.024595903854953916e-01
2.022517577889738405e+00 2.389175578095637853e+00 9.013752466294078225e-01
2.022577099988377647e+00 2.389254156556430697e+00 9.013087261635136516e-01
2.024651314768194599e+00 2.392021437272383810e+00 8.981062126609125063e-01
2.027000438287490436e+00 2.395081729029706175e+00 8.913051772069794376e-01
2.029334499067977582e+00 2.398009225234624342e+00 8.842527789320593357e-01
2.029393728058963564e+00 2.398082402754318387e+00 8.840748268381807273e-01
2.031651158086494213e+00 2.400854498913481905e+00 8.778661656469006758e-01
2.034027192234828085e+00 2.403744548019292715e+00 8.739986493218525609e-01
2.036449995514314715e+00 2.406626366356667823e+00 8.723000845571895479e-01
2.042606126101008446e+00 2.413966136593449718e+00 8.696251597698760882e-01
2.042670940168247018e+00 2.414042644660102876e+00 8.696022751648871951e-01
2.044976823656551979e+00 2.416778098044707779e+00 8.685720038936458609e-01
2.047229624605675813e+00 2.419459933506973304e+00 8.670988175344386262e-01
2.049680458866332433e+00 2.422362806863477047e+00 8.652592284018268964e-01
2.051886307886729988e+00 2.424963133430199314e+00 8.635168681288543091e-01
2.054280461075150388e+00 2.427778921350155716e+00 8.614984010332310538e-01
2.056484425880847677e+00 2.430341236018135564e+00 8.601184797126736337e-01
2.058784329504121047e+00 2.433017739769296917e+00 8.593065086319823243e-01
2.061211227792447698e+00 2.435831505654851625e+00 8.578829032023226331e-01
2.064014189544753464e+00 2.439073989368906403e+00 8.559358415454139113e-01
2.066476363983251296e+00 2.441945885887158330e+00 8.540102646057088354e-01
2.068750083755147795e+00 2.444602198844212371e+00 8.521091797967978998e-01
2.070885377974271524e+00 2.447079666568237499e+00 8.501753610705921060e-01
2.073493584772717835e+00 2.450076789179844727e+00 8.477539208107386370e-01
2.073560137133287906e+00 2.450152066847506305e+00 8.476920587538150365e-01
2.076189414272952671e+00 2.453185427412837960e+00 8.449005547324989207e-01
2.078218830530698558e+00 2.455476363877478363e+00 8.412054899685275089e-01
2.080292363010786350e+00 2.457804092360169168e+00 8.367872752781967405e-01
2.082778085689990011e+00 2.460606099546666758e+00 8.333387022908373964e-01
2.085452365606428771e+00 2.463533285374210902e+00 8.322965596018115919e-01
2.087813131156154967e+00 2.466120196995239322e+00 8.320682728518107307e-01
2.090020679521578550e+00 2.468550354269087865e+00 8.319462996381686848e-01
2.092308316092048592e+00 2.471061423287322700e+00 8.311315180859206730e-01
2.094777278289529754e+00 2.473787006244878128e+00 8.297222905191119491e-01
2.097372621107104873e+00 2.476673215047658250e+00 8.278474092242880111e-01
2.099825664443826234e+00 2.479390765451920942e+00 8.258207631322251885e-01
2.102244135877188835e+00 2.482082483146645480e+00 8.234103472833768089e-01
2.104247307224380581e+00 2.484278852129006676e+00 8.198942191048415040e-01
2.106887780726500292e+00 2.487149200342911648e+00 8.135491466927752269e-01
2.109578940378827205e+00 2.490028280318868692e+00 8.100801083828542692e-01
2.112168056955193052e+00 2.492753656586630839e+00 8.083708688512881713e-01
2.114671974199715088e+00 2.495366286553628576e+00 8.077018973420646564e-01
2.117717590532086192e+00 2.498568539031538194e+00 8.070601845471546687e-01
2.120262795345576379e+00 2.501230061359920320e+00 8.061022290276338431e-01
2.122800251941377336e+00 2.503892568189233447e+00 8.045552469811835250e-01
2.125153829958013940e+00 2.506404213557885452e+00 8.023289433866411802e-01
2.125467371422977259e+00 2.506744953574099544e+00 8.018792643420291633e-01
2.127840008398512062e+00 2.509191243376160507e+00 7.982764085254900888e-01
2.130380961935899986e+00 2.511857729648611315e+00 7.955785298374943304e-01
2.133160517753162289e+00 2.514716220068253349e+00 7.933847769724311494e-01
2.135584226596657142e+00 2.517198815252196020e+00 7.915794475866934077e-01
2.137940528576077970e+00 2.519610156315764904e+00 7.897551511419997894e-01
2.140380625257549685e+00 2.522079653602212979e+00 7.877378613776702121e-01
2.143089316676991984e+00 2.524838323120568440e+00 7.853529913987510325e-01
2.143160281819158186e+00 2.524912105822616049e+00 7.852935733859823797e-01
2.145983237039231106e+00 2.527787657996587001e+00 7.826872447257108290e-01
2.146053127609359734e+00 2.527856277681953756e+00 7.826196720918968674e-01
2.148842347454308577e+00 2.530688217999141010e+00 7.795367757751719973e-01
2.151211048158915951e+00 2.533063430908256919e+00 7.752572357109963619e-01
2.153503503049459145e+00 2.535348132478661753e+00 7.689075860330978340e-01
2.153565345879268733e+00 2.535401197764464598e+00 7.687276832244334113e-01
2.155963126728542623e+00 2.537761194234819051e+00 7.616423075308034196e-01
2.158532680533392867e+00 2.540257517295869683e+00 7.563954137881748752e-01
2.161408756239988627e+00 2.542956925557880332e+00 7.536905276192890080e-01
2.163929562961142139e+00 2.545340637200783629e+00 7.533871865520571642e-01
2.166750472688338647e+00 2.547988562557582881e+00 7.544044059889136733e-01
2.169426267075356574e+00 2.550526963500043820e+00 7.553212108319722340e-01
2.171862036575614940e+00 2.552832199454134532e+00 7.554244129593817858e-01
2.174832811707107183e+00 2.555646484783506533e+00 7.536554379728553910e-01
2.177468843078723904e+00 2.558207326006955995e+00 7.498527558968827167e-01
2.177534091305941999e+00 2.558270192606977300e+00 7.497147925549240144e-01
2.180089499316078872e+00 2.560659088754623891e+00 7.435375380261310951e-01
2.180162696682795609e+00 2.560724259374451695e+00 7.433784152612229468e-01
2.182573360237510585e+00 2.562977384522205249e+00 7.392570153600663829e-01
2.189230815327624757e+00 2.569026287812212761e+00 7.340916260903214141e-01
2.191811992730219760e+00 2.571344111329548543e+00 7.325067545905779021e-01
2.194303942151038633e+00 2.573607649921306528e+00 7.309012544178267179e-01
2.197030532473573938e+00 2.576067518970853065e+00 7.288343139026576267e-01
2.199754014615104669e+00 2.578532484240481093e+00 7.265113136864770338e-01
2.202481503577320421e+00 2.581037869892634617e+00 7.234551588044727533e-01
2.204767262865740207e+00 2.583114400871957539e+00 7.191706755646818383e-01
2.204835318691031887e+00 2.583180058407258617e+00 7.189951700368908405e-01
2.207856704598641695e+00 2.585832275310696815e+00 7.118011791458204174e-01
2.207931528184448489e+00 2.585895958653315230e+00 7.116607577321766298e-01
2.210429212846761970e+00 2.588056089033233143e+00 7.082559764300913052e-01
2.213089953566997004e+00 2.590325355181606337e+00 7.063741987557662361e-01
2.216138063423341631e+00 2.592909841622992762e+00 7.046345757553614808e-01
2.218865975610722963e+00 2.595246176578339004e+00 7.029560940564095750e-01
2.221514781460444787e+00 2.597489029107921343e+00 7.010533465490870197e-01
2.224081281800258214e+00 2.599679075137109940e+00 6.989179405152698976e-01
2.226729343511203218e+00 2.601924030663416154e+00 6.964874291338279955e-01
2.229448299550675028e+00 2.604223696666196464e+00 6.938812885739216174e-01
2.232224450538575766e+00 2.606602415955844076e+00 6.906348300490890990e-01
2.235090915265360412e+00 2.609035132921776690e+00 6.867890238631766398e-01
2.237645955933793118e+00 2.611178911997734442e+00 6.833184152183992000e-01
2.240068351976808092e+00 2.613198323258590694e+00 6.802322616207076011e-01
2.243102038304657153e+00 2.615702368684230450e+00 6.765562093413141076e-01
2.245622882708051549e+00 2.617757671841719702e+00 6.736836142141668926e-01
2.248861215501887667e+00 2.620356917693241083e+00 6.701343828447395845e-01
2.251743438337014069e+00 2.622659859488179368e+00 6.669944392778539566e-01
2.254827813301587547e+00 2.625148593136634290e+00 6.636446712709914708e-01
2.258035294549916472e+00 2.627659363944027326e+00 6.611759818908515829e-01
2.260971591814886938e+00 2.629945406820731968e+00 6.596912447009596336e-01
2.264330074034227813e+00 2.632634344934908999e+00 6.555313081908212824e-01
2.267227133160981012e+00 2.634919030057626177e+00 6.510086565905157663e-01
2.270431335899722569e+00 2.637404832198838367e+00 6.456134169527488753e-01
2.273309063880993186e+00 2.639617640432663670e+00 6.410519638550489230e-01
2.276062939673205943e+00 2.641694563247945826e+00 6.370703160334219017e-01
2.278931283291417031e+00 2.643846161923902649e+00 6.335536268959560680e-01
2.281705690796149710e+00 2.645889504882898535e+00 6.310087829467239118e-01
2.285068603043138857e+00 2.648322144713405990e+00 6.306456161612076228e-01
2.287890210357081067e+00 2.650404175524736061e+00 6.324145139906145463e-01
2.290798729592885330e+00 2.652547862644523136e+00 6.341728285082225414e-01
2.294165517627090534e+00 2.655028681837938276e+00 6.345933821958054111e-01
2.296983178157711247e+00 2.657170631808005723e+00 6.323253413600500306e-01
2.299442267625803726e+00 2.659055245250404820e+00 6.284803967912835354e-01
2.301582507344451134e+00 2.660657043798742016e+00 6.237965358851220721e-01
2.304502527647375842e+00 2.662797185605083605e+00 6.155559414167617316e-01
2.307749407392567509e+00 2.665106369712751277e+00 6.073795698904267404e-01
2.310775200177556332e+00 2.667234208273450147e+00 6.029690157207376888e-01
2.313858351266009361e+00 2.669360146974975034e+00 6.001836163831205662e-01
2.317197843833698201e+00 2.671633876475423275e+00 5.985398220692370597e-01
2.320738221302849791e+00 2.674046552734494320e+00 5.970608152650302980e-01
2.324014211991415113e+00 2.676265041788615129e+00 5.951770091079265912e-01
2.327067000986232870e+00 2.678342777438439626e+00 5.927573815297373372e-01
2.330158782287417907e+00 2.680468807453803226e+00 5.898596773804329896e-01
2.333071655752314566e+00 2.682464145936078292e+00 5.853053478196598158e-01
2.335673208033436143e+00 2.684227155521233144e+00 5.806058526191565372e-01
2.338441393437214355e+00 2.686103371590895961e+00 5.757179398409268956e-01
2.341474465238363223e+00 2.688111981370238102e+00 5.707589062681311942e-01
2.344683489707300339e+00 2.690220197573963912e+00 5.660421497714965833e-01
2.347667520171530242e+00 2.692166323585281074e+00 5.621660166174949902e-01
2.351200785680771510e+00 2.694404245456542668e+00 5.581686534258526455e-01
2.354065270315953917e+00 2.696197442855911675e+00 5.551059949189871556e-01
2.357227037646334900e+00 2.698143266601726431e+00 5.527852202065147713e-01
2.365642049076547959e+00 2.703350382397520679e+00 5.563250154338280629e-01
2.368895258865395537e+00 2.705391247906899110e+00 5.585457086498399892e-01
2.372442465651069643e+00 2.707622813152164909e+00 5.604559281728274112e-01
2.375604033966665085e+00 2.709613920369206230e+00 5.594556432359819587e-01
2.378434329650725321e+00 2.711427387250851417e+00 5.564466221793767930e-01
2.381596436285319029e+00 2.713496572426107090e+00 5.494220457408394154e-01
2.384555559944718350e+00 2.715285592012270932e+00 5.411039293686442653e-01
2.387869046055999256e+00 2.717319399841973571e+00 5.318807710551662904e-01
2.390924299415946752e+00 2.719140855552306668e+00 5.237826771427249728e-01
2.394204704509795167e+00 2.721084162744364043e+00 5.162129066052948412e-01
2.397635302357369103e+00 2.723070015978738212e+00 5.102437525648922945e-01
2.400929034476586121e+00 2.724921941486996069e+00 5.060028222148624799e-01
2.404273038577003252e+00 2.726762356858644321e+00 5.029152339530874594e-01
2.407412999580565760e+00 2.728478888093682997e+00 5.005866588969085651e-01
2.410851524952077440e+00 2.730381681357767931e+00 4.986341605250494968e-01
2.413968488794040468e+00 2.732127330000889032e+00 4.946507172780594264e-01
2.417255892627262703e+00 2.733915162512221997e+00 4.883855351931894462e-01
2.420694858400678662e+00 2.735808381618130891e+00 4.816706484180998671e-01
2.420779661624502310e+00 2.735851138202110455e+00 4.815058838155978349e-01
2.423933116642386310e+00 2.737525261217967465e+00 4.763636737321630399e-01
2.427531124606567836e+00 2.739407504506430779e+00 4.713805245781672038e-01
2.427617374097018388e+00 2.739456782870914875e+00 4.712638813136859617e-01
2.431187096211892218e+00 2.741295013485254728e+00 4.669578398132994135e-01
2.434816015792670374e+00 2.743102927819460746e+00 4.652064845643454905e-01
2.438614691881791252e+00 2.745023448393723697e+00 4.660160994665472622e-01
2.441816539708423051e+00 2.746623659307116050e+00 4.667978512313513684e-01
2.445099772425169959e+00 2.748282617375958026e+00 4.667307756200698154e-01
2.448535337303476389e+00 2.750027891343373110e+00 4.650503192085766457e-01
2.448624692932032776e+00 2.750071172754680937e+00 4.649853613606576008e-01
2.451557789909015739e+00 2.751564827582350325e+00 4.624786134610532895e-01
2.454427460285296902e+00 2.753065586702613921e+00 4.585224211394929306e-01
2.457854629911322863e+00 2.754754253956571031e+00 4.506174449878617150e-01
2.461049064383553642e+00 2.756291433637191979e+00 4.421296743398226980e-01
2.464937970211686036e+00 2.758179922945232398e+00 4.326759554205859004e-01
2.468691703863696851e+00 2.759946338789024622e+00 4.251748299104433082e-01
2.471877020207185804e+00 2.761421005969125986e+00 4.203864229937705477e-01
2.475421426174214012e+00 2.763002138107335082e+00 4.165226901589337838e-01
2.475611841806315994e+00 2.763088124021104264e+00 4.163435593552465841e-01
2.479262458101223032e+00 2.764691928267884347e+00 4.137209002351467935e-01
2.479457324508982374e+00 2.764775193913834528e+00 4.136467486258262327e-01
2.483270223942311006e+00 2.766437692923298108e+00 4.139517787214019862e-01
2.487003054029785609e+00 2.768079990821811887e+00 4.157271575755047133e-01
2.490483153117304838e+00 2.769626857830165267e+00 4.168093591456090707e-01
2.493573316955081332e+00 2.770991810432140046e+00 4.162491873236341955e-01
2.497009425562846108e+00 2.772515038286217592e+00 4.137931216341977914e-01
2.500614298378303513e+00 2.774139006578351108e+00 4.102049039540492381e-01
2.504089655840024520e+00 2.775721163524111912e+00 4.061032308848707140e-01
2.507577478778093560e+00 2.777265471348377979e+00 4.027459130513602048e-01
2.511197438941934923e+00 2.778840556762992353e+00 3.999758582713925925e-01
2.514209373442279016e+00 2.780167432886706091e+00 3.956295413318003384e-01
2.517060502657479937e+00 2.781362092734232405e+00 3.891862277890336119e-01
2.520244551006313838e+00 2.782688003983445402e+00 3.809931571047018295e-01
2.523739725582165416e+00 2.784115001411632928e+00 3.724604379979408186e-01
2.526841856912193318e+00 2.785350051823638928e+00 3.655606388759618519e-01
2.530240611350019542e+00 2.786691999144484289e+00 3.598549679747007901e-01
2.533385672162052682e+00 2.787879012016122537e+00 3.560597528220119656e-01
2.536543561653594292e+00 2.789035128322312929e+00 3.545165835353754069e-01
2.539932788321894730e+00 2.790287251310316297e+00 3.543898685757330691e-01
2.542929875758887626e+00 2.791404900878990958e+00 3.543096078679985883e-01
2.546734342165108522e+00 2.792810029332739141e+00 3.531475744710845244e-01
2.556014613006353464e+00 2.796204876178014054e+00 3.466504256897576242e-01
2.559850423409165465e+00 2.797585832802612416e+00 3.434801564866970525e-01
2.559946134928885453e+00 2.797620379379489819e+00 3.433944526906584915e-01
2.563778226486376433e+00 2.798971686087786903e+00 3.409645030575309543e-01
2.567552904284817750e+00 2.800323798993842317e+00 3.403328820533444432e-01
2.570969899540854087e+00 2.801512860780156267e+00 3.396472422658163848e-01
2.574644111146046743e+00 2.802847141016599597e+00 3.378167291821701501e-01
2.577580307559550477e+00 2.803944621447000962e+00 3.344325391100609890e-01
2.580277275157828676e+00 2.804883154472945783e+00 3.296401016440020926e-01
2.583082885930715555e+00 2.805844556931990752e+00 3.229076014712310982e-01
2.586217310567168415e+00 2.806925454087284777e+00 3.151790102604041799e-01
2.589810976483089888e+00 2.808133679046755482e+00 3.066766084767850731e-01
2.589904511947608068e+00 2.808161443595862838e+00 3.064621030702777693e-01
2.593718333149095390e+00 2.809401419625892071e+00 2.991761273431334800e-01
2.593917814805274613e+00 2.809467916379356556e+00 2.988764673386973825e-01
2.597685738585529869e+00 2.810659999972675571e+00 2.939600954916302689e-01
2.601047388839778485e+00 2.811689487451700220e+00 2.902416961176986221e-01
2.604806161172497969e+00 2.812815377019096896e+00 2.864766893949216020e-01
2.608380109788199785e+00 2.813869371359363658e+00 2.837921303989826005e-01
2.612338405836538868e+00 2.815007991782615626e+00 2.826260451062259649e-01
2.616063201607294886e+00 2.816104030370837563e+00 2.820755253063500501e-01
2.619605366521670309e+00 2.817128625426342570e+00 2.810591695491178044e-01
2.622954227028276186e+00 2.818109372114518951e+00 2.792030574645142371e-01
2.626289751625381363e+00 2.819080960986396267e+00 2.764457861589612042e-01
2.629875916404751379e+00 2.820131215255818002e+00 2.729636913079311333e-01
2.629969359049750821e+00 2.820157962993002254e+00 2.728729782938705828e-01
2.633826601553889812e+00 2.821259549345368267e+00 2.694974949930071806e-01
2.633927485373318778e+00 2.821287654985504822e+00 2.694392379368047985e-01
2.637558005210114409e+00 2.822280618910241401e+00 2.682977332451507158e-01
2.641342124769644695e+00 2.823321193907789350e+00 2.675883101711590273e-01
2.645208591904053552e+00 2.824379634172758280e+00 2.661789793366677315e-01
2.648596059266442371e+00 2.825329317490057335e+00 2.641530521210126436e-01
2.651940883235066604e+00 2.826262731575647447e+00 2.615650411653789309e-01
2.655024396843674417e+00 2.827165278925030112e+00 2.584655127818390463e-01
2.657775544245044586e+00 2.827915969413169250e+00 2.538886674309080993e-01
2.660963950896911179e+00 2.828752107933070636e+00 2.465616248096533236e-01
2.664072694941556296e+00 2.829537229648680263e+00 2.388088429154448245e-01
2.667531632546979115e+00 2.830410410029082779e+00 2.303357903772962623e-01
2.667625212045361849e+00 2.830434193845257962e+00 2.301113177412895672e-01
2.671422218203606036e+00 2.831346931594230121e+00 2.221528170587902806e-01
2.675021640367988507e+00 2.832212673082958432e+00 2.163640564799235999e-01
2.678829098102711193e+00 2.833053981397407384e+00 2.111319596502539697e-01
2.682810287065361621e+00 2.833889563405935785e+00 2.072725420900654592e-01
2.686144705757110174e+00 2.834585453066114979e+00 2.052790164322975675e-01
2.689283376221170752e+00 2.835241237150489368e+00 2.037419573637590242e-01
2.693224248451690617e+00 2.836041322583761293e+00 2.015509603883948175e-01
2.693324833348733183e+00 2.836062168166312070e+00 2.014890207271629041e-01
2.696959823484457175e+00 2.836818627795804293e+00 1.989961680143041423e-01
2.701005816381175872e+00 2.837618762066525413e+00 1.957131825849942885e-01
2.704927070036059256e+00 2.838391271239327551e+00 1.923607030289405939e-01
2.708823106931192548e+00 2.839125676814179489e+00 1.893753464411700449e-01
2.712403399969423035e+00 2.839811454990499584e+00 1.882038917083799501e-01
2.716345703436163550e+00 2.840561351614230734e+00 1.868857843146194686e-01
2.716444214836460702e+00 2.840580404081363142e+00 1.868527122361603732e-01
2.719984238753074823e+00 2.841246175098057325e+00 1.848650227373086208e-01
2.723318421768971209e+00 2.841865559103101013e+00 1.824352351428218111e-01
2.726654804065103743e+00 2.842505169191203329e+00 1.797697417798715114e-01
2.730066544974048437e+00 2.843149325995659282e+00 1.768731903249575743e-01
2.730165811794381447e+00 2.843167486065393490e+00 1.767909600842138274e-01
2.733577025172284181e+00 2.843755762653865204e+00 1.746136427974231409e-01
2.737313744941321403e+00 2.844409414767644861e+00 1.730812403431798152e-01
2.740907010469957328e+00 2.845042311179262651e+00 1.715779214075144055e-01
2.744546340305742405e+00 2.845679459130328048e+00 1.696799132872375548e-01
2.748495928184648829e+00 2.846357992532388970e+00 1.671389493361266354e-01
2.752005526560341586e+00 2.846999430981115520e+00 1.644100184374240881e-01
2.755995156772666821e+00 2.847696616071340170e+00 1.610870751328564165e-01
2.759555691499356200e+00 2.848307838667618608e+00 1.582817196459488651e-01
2.763379579332862601e+00 2.848910410461007903e+00 1.562920564029417203e-01
2.767171549146155041e+00 2.849512419485337844e+00 1.542716525819513573e-01
2.776278938413593078e+00 2.850952018340462857e+00 1.488742911952195824e-01
2.779950750920519909e+00 2.851531289514099843e+00 1.464178606875911892e-01
2.783008065694494881e+00 2.852016354411024857e+00 1.436709322740838679e-01
2.786675834566606280e+00 2.852552624359684152e+00 1.377902324352404950e-01
2.790011319533832523e+00 2.853000787071465094e+00 1.301232822138029543e-01
2.793448673331127452e+00 2.853460393886826818e+00 1.219950671131694725e-01
2.797219338954145762e+00 2.853961390019506439e+00 1.133802997814164770e-01
2.800285491085475531e+00 2.854348740306929866e+00 1.062640433907949683e-01
2.803558522706295353e+00 2.854714665434906706e+00 9.952990419426967217e-02
2.807350773220581797e+00 2.855137413813240155e+00 9.359291229807063794e-02
2.811166685569567392e+00 2.855499051116305420e+00 8.893133611738376909e-02
2.814750965783995085e+00 2.855819350671319867e+00 8.568228543919560736e-02
2.818713203564136016e+00 2.856151400822447339e+00 8.296202134649968696e-02
2.822400573524060263e+00 2.856441883303893814e+00 8.084872856444666467e-02
2.826135020956211275e+00 2.856750113549895609e+00 7.854581371339591778e-02
2.830245773010803489e+00 2.857067583204595085e+00 7.584413436714584900e-02
2.833985777586235155e+00 2.857341098475695507e+00 7.351617530870172001e-02
2.837910718644761854e+00 2.857634416310256498e+00 7.150904917324989174e-02
2.841915121408264522e+00 2.857930645262861447e+00 6.928220525478880065e-02
2.842012868387874480e+00 2.857936277250450630e+00 6.922674132637939015e-02
2.845693677311394776e+00 2.858194150557002544e+00 6.679065171268014356e-02
2.849076232229262207e+00 2.858436701430684401e+00 6.415069816406661352e-02
2.852761650197970233e+00 2.858687128234743469e+00 6.125654515546861967e-02
2.856638783159885175e+00 2.858944922954331780e+00 5.809967020989231790e-02
2.860374666691884116e+00 2.859168416859449557e+00 5.552680267258451596e-02
2.863693279401578806e+00 2.859356717046363627e+00 5.356803036193689277e-02
2.867574417958075550e+00 2.859565608895306532e+00 5.123192672610257098e-02
2.871066199006746533e+00 2.859750579752953215e+00 4.895932790127500989e-02
2.875044658411649134e+00 2.859950042395229541e+00 4.613649733028527683e-02
2.879131695968758731e+00 2.860147374159496714e+00 4.296656995969541648e-02
2.882829747588043112e+00 2.860289903204123796e+00 4.049997769600737624e-02
2.886604631582367908e+00 2.860457348913738151e+00 3.823051727766127450e-02
2.886704019288570677e+00 2.860460458015824603e+00 3.817109671663387188e-02
2.890575461317864914e+00 2.860609729492133990e+00 3.562100617974020556e-02
2.894357518735844792e+00 2.860751229127028061e+00 3.293600120273262183e-02
2.898302357183812017e+00 2.860906279249460837e+00 3.006960220713975410e-02
2.901756760977157068e+00 2.861030677863041216e+00 2.746678974454613495e-02
2.905403019953945787e+00 2.861162436882850990e+00 2.460603473651428244e-02
2.909284001112807161e+00 2.861260349895885735e+00 2.182840693351252928e-02
2.912848790051118186e+00 2.861351799484674441e+00 1.941184292626818228e-02
2.917104955275997114e+00 2.861459930433584820e+00 1.647743903480796898e-02
2.920943829967847627e+00 2.861550364138024438e+00 1.372893534117755610e-02
2.924984310967239320e+00 2.861640033960344276e+00 1.068628978552337364e-02
2.928718271151729446e+00 2.861722798228593323e+00 7.776826762301738798e-03
2.928817962807063857e+00 2.861730348900810128e+00 7.703313861643835102e-03
2.932167536565514432e+00 2.861773024000273224e+00 5.178141430793536948e-03
2.936112428279459952e+00 2.861822975145080328e+00 2.390260193962396012e-03
2.940147631789892024e+00 2.861843486175251083e+00 -5.051262866432885881e-04
2.940347212696124757e+00 2.861845316539326944e+00 -6.510167465908948221e-04
2.943983593721568148e+00 2.861862215012355382e+00 -3.349755711619489731e-03
2.947706053853665686e+00 2.861878635733470233e+00 -6.180644150848632959e-03
2.951620029060677997e+00 2.861887455050228013e+00 -9.211884224118548417e-03
2.955531448673645922e+00 2.861880152166431213e+00 -1.226819124913077451e-02
2.959186932831374239e+00 2.861859485026346128e+00 -1.503340412364296587e-02
2.963001521642071978e+00 2.861823609755826059e+00 -1.778135074070348251e-02
2.963099476355070205e+00 2.861822151857540852e+00 -1.785288786366936650e-02
2.966832253175692991e+00 2.861759532373062243e+00 -2.063972406619668867e-02
2.966931871946405508e+00 2.861758401575510202e+00 -2.071202820333796144e-02
2.970650041830323218e+00 2.861710045402768632e+00 -2.351653087911882017e-02
2.974274949273942870e+00 2.861636186268644799e+00 -2.625714999349637244e-02
