2.250342818968075420e+00 1.124960744311216176e+00 -1.342454677381201130e-04
2.250477776714090883e+00 1.124944485591441889e+00 -1.772226131563571950e-04
2.250500010398142070e+00 1.124936544283211770e+00 -1.098005588184469190e-04
2.250530865783634038e+00 1.124932820629512831e+00 1.533623002562913603e-04
2.250566561262881127e+00 1.124927620770503234e+00 5.450718664509063022e-04
2.250608488585814637e+00 1.124922262422748398e+00 1.158015355294082435e-03
2.250669762301863663e+00 1.124924969170375100e+00 1.977198969862785025e-03
2.250670317729068337e+00 1.124923401757303099e+00 2.003411615778157278e-03
2.250675845029012301e+00 1.124921574192751184e+00 3.228771321608728002e-03
2.250744030450833932e+00 1.124935432143323588e+00 4.420424378402816948e-03
2.250855190848346066e+00 1.124916376742429724e+00 5.897812357715327518e-03
2.250855742101677048e+00 1.124916004650674317e+00 5.946296808007923811e-03
2.250910495288692914e+00 1.124911533460591029e+00 7.852550054085968151e-03
2.250962939928702333e+00 1.124917408674038999e+00 9.997471598272330076e-03
2.250983935895458643e+00 1.124919668400712114e+00 1.240396752840427531e-02
2.250995279128613191e+00 1.124925098540015656e+00 1.516544239888761511e-02
2.251081211889369715e+00 1.124921375818761726e+00 1.801697134532186453e-02
2.251183429862765095e+00 1.124917559531380284e+00 2.077029620646630645e-02
2.251243854563168778e+00 1.124921440798952510e+00 2.421438251658359492e-02
2.251304684227233288e+00 1.124912043845904819e+00 2.785371612082860465e-02
2.251386847223845855e+00 1.124921019605770622e+00 3.194997230556500395e-02
2.251533945113248780e+00 1.124927993234144719e+00 3.613524457506923221e-02
2.251596381885367926e+00 1.124927215169675865e+00 4.054277821163260187e-02
2.251651577129551107e+00 1.124929844015690961e+00 4.552677017056211417e-02
2.251737085533785265e+00 1.124929084392676248e+00 5.083422966338099064e-02
2.251866164735427667e+00 1.124943946343027967e+00 5.547103855242209447e-02
2.251943319633194385e+00 1.124944950001607546e+00 6.098027510400757384e-02
2.252021940309346437e+00 1.124949552446251611e+00 6.681213262994509239e-02
2.252024497852839868e+00 1.124949618176275479e+00 6.712844434871112487e-02
2.252059306015037787e+00 1.124949215183953299e+00 7.321543306636719983e-02
2.252113655798858805e+00 1.124951541738634653e+00 7.933201808457839010e-02
2.252246138379406126e+00 1.124955385919833795e+00 9.652687173412277666e-02
2.252247373575000822e+00 1.124956574913642537e+00 9.670778418682177136e-02
2.252303841869470524e+00 1.124956515526314815e+00 1.033292479562516186e-01
2.252347522131689761e+00 1.124959476985050610e+00 1.104540926896815795e-01
2.252402556601412087e+00 1.124963664742223202e+00 1.173693137194835451e-01
2.252445954147225926e+00 1.124969072400474168e+00 1.248041462178570288e-01
2.252502322453223016e+00 1.124975032456875246e+00 1.338012512105721807e-01
2.252568216784192501e+00 1.124986995690208325e+00 1.430764380164005201e-01
2.252655924402210186e+00 1.124998078676638480e+00 1.526932620264394858e-01
2.252716961441595611e+00 1.125011788487171538e+00 1.612975706345798899e-01
2.252766306606835744e+00 1.125016729952822869e+00 1.692389476053973441e-01
2.252826900629818940e+00 1.125025209970593520e+00 1.778366768030739120e-01
2.252875182897052131e+00 1.125034186969709804e+00 1.855886171281354857e-01
2.252980059097284382e+00 1.125060341760316884e+00 1.936695706425051733e-01
2.253088788705583490e+00 1.125081575356622787e+00 2.025855338882341650e-01
2.253137570026767733e+00 1.125094196461040807e+00 2.107940410686489074e-01
2.253183253174137590e+00 1.125098954230784765e+00 2.187755755431374516e-01
2.253240151137450020e+00 1.125109922518788164e+00 2.267752874214551684e-01
2.253241524356795811e+00 1.125109817893506392e+00 2.270026156019540053e-01
2.253321778004463205e+00 1.125131374173646615e+00 2.354338119289973719e-01
2.253420755298900513e+00 1.125155610352507995e+00 2.435502107416673001e-01
2.253498714668424885e+00 1.125176712013415514e+00 2.517507704871585483e-01
2.253581306250370009e+00 1.125196552788298110e+00 2.609247873029564291e-01
2.253670366432465766e+00 1.125221932701738758e+00 2.698223138806825072e-01
2.253748164637983997e+00 1.125248481679981261e+00 2.782586243545546734e-01
2.253749480791755744e+00 1.125247222625458843e+00 2.784904352847413778e-01
2.253889734896176389e+00 1.125291766954201966e+00 2.887609715203463545e-01
2.254013179324109384e+00 1.125328248482302618e+00 2.975001124460685542e-01
2.254110186265163573e+00 1.125365442269441463e+00 3.061924634239460707e-01
2.254232221523208235e+00 1.125416825187134595e+00 3.138760201624946067e-01
2.254319372204617977e+00 1.125448610142953498e+00 3.215844326260727248e-01
2.254408045120451121e+00 1.125479901031982033e+00 3.299317880491781652e-01
2.254506198281082785e+00 1.125524761369674831e+00 3.390323490802644169e-01
2.254510596021543911e+00 1.125525467637839672e+00 3.392640759937675665e-01
2.254613264742386658e+00 1.125571320057332070e+00 3.478195180597312142e-01
2.254726728440006767e+00 1.125623022766543579e+00 3.557957227029335256e-01
2.254854718427712346e+00 1.125683796104932854e+00 3.639354810271727136e-01
2.254954368896953554e+00 1.125737174873484792e+00 3.721574068472293106e-01
2.255061148228111101e+00 1.125789981115749683e+00 3.804842591220257697e-01
2.255188159746958299e+00 1.125856612578617133e+00 3.888814939732098686e-01
2.255275370406368385e+00 1.125887661559790809e+00 3.966298187519863294e-01
2.255375478467615658e+00 1.125945687533838280e+00 4.053694058331839267e-01
2.255483078301111721e+00 1.126001759313230099e+00 4.140503400581612148e-01
2.255483412253695974e+00 1.126003333625053893e+00 4.142761603485849986e-01
2.255607917021619446e+00 1.126075295608276461e+00 4.236751552337567062e-01
2.255735766918400831e+00 1.126147118743814346e+00 4.315642506428532532e-01
2.255860859524278172e+00 1.126215356474457030e+00 4.402114846584081476e-01
2.255963379721674045e+00 1.126269430365826052e+00 4.488386020735326554e-01
2.256048871027918068e+00 1.126322261423515769e+00 4.574426689951388014e-01
2.256134470140058301e+00 1.126370944477788960e+00 4.656899469815048431e-01
2.256194984815174998e+00 1.126402275447470736e+00 4.735349786465412603e-01
2.256274527384042550e+00 1.126446699136770091e+00 4.816170108954827001e-01
2.256380686980286043e+00 1.126520447388574375e+00 4.909641577172412785e-01
2.256386852755550176e+00 1.126521398405156527e+00 4.911910465264709424e-01
2.256523738543315005e+00 1.126615238763833293e+00 5.002480773095462352e-01
2.256618396930072379e+00 1.126680517650944235e+00 5.086798816172624083e-01
2.256737405303688604e+00 1.126758118503770500e+00 5.181245010361329451e-01
2.256744717586984361e+00 1.126761008710786216e+00 5.183515934617336507e-01
2.256852315133187403e+00 1.126808700243740802e+00 5.264914083810425804e-01
2.256967287696273416e+00 1.126893039649604411e+00 5.349835554220023770e-01
2.257100230770789029e+00 1.126957469818670399e+00 5.439686974664660335e-01
2.257221105460765820e+00 1.127039886832476689e+00 5.524355261243415471e-01
2.257315885062246341e+00 1.127116869253062870e+00 5.599286061253622160e-01
2.257360425668600179e+00 1.127144211718398736e+00 5.684376942741408145e-01
2.257437691974043759e+00 1.127207068889439556e+00 5.767238444106427275e-01
2.257526745196093643e+00 1.127266215092216806e+00 5.852232587178345380e-01
2.257585881493850533e+00 1.127312953957782860e+00 5.928214992298482811e-01
2.257675620469669298e+00 1.127385298904504785e+00 6.023523054895830731e-01
2.257741783692806870e+00 1.127442811249108390e+00 6.108810583868808930e-01
2.257755202218814095e+00 1.127449741924636983e+00 6.118131084414742960e-01
2.257845368717981138e+00 1.127519521781006118e+00 6.212895538342527724e-01
2.258085773814940911e+00 1.127737904663811186e+00 6.426716627026730633e-01
2.258123550303016369e+00 1.127779032794699265e+00 6.511426992651697665e-01
2.258192991326105847e+00 1.127843129478588446e+00 6.599013203873586031e-01
2.258277137924267208e+00 1.127929781811561671e+00 6.686917094103529413e-01
2.258348776284318404e+00 1.128002451595204070e+00 6.779788315296491064e-01
2.258441250075061468e+00 1.128100320960432335e+00 6.871921133118293890e-01
2.258538722099453278e+00 1.128195729234813927e+00 6.963044037985586243e-01
2.258624388231340596e+00 1.128280583364184020e+00 7.047508637079952232e-01
2.258689289643281750e+00 1.128344173182735499e+00 7.133674572255314095e-01
2.258738696247318156e+00 1.128399268969687341e+00 7.223877048658986499e-01
2.258740939316815410e+00 1.128402202274133126e+00 7.226159634394515585e-01
2.258797551268767911e+00 1.128463942619996052e+00 7.301105635556062179e-01
2.258860205847747160e+00 1.128531586581984270e+00 7.387539903343596226e-01
2.258928749882120890e+00 1.128597381156735135e+00 7.476306295663230905e-01
2.258983305135111586e+00 1.128650266001091529e+00 7.560991045316347581e-01
2.259037654707159781e+00 1.128722404255744882e+00 7.646233695194396551e-01
2.259084178141698374e+00 1.128789672266197197e+00 7.729963969692550396e-01
2.259175119722818703e+00 1.128903272452277395e+00 7.820607691638742365e-01
2.259179204341606795e+00 1.128908211362114500e+00 7.822902132496023508e-01
2.259245406179261728e+00 1.128999913210962935e+00 7.908841533192499940e-01
2.259319763266281811e+00 1.129085195627001381e+00 7.991177446845508792e-01
2.259400428303234953e+00 1.129167308583946205e+00 8.083726143554708088e-01
2.259466449698290802e+00 1.129265631979377016e+00 8.173258324402186137e-01
2.259549165530723158e+00 1.129351315866492511e+00 8.256466875367945990e-01
2.259623904910065928e+00 1.129425151181352227e+00 8.343451525353186016e-01
2.259721337174513511e+00 1.129524929283144852e+00 8.427823789275936672e-01
2.259793273354392618e+00 1.129605897137466286e+00 8.506842265583764995e-01
2.259881586505334106e+00 1.129700308102087547e+00 8.594620599872976330e-01
2.259948005140665295e+00 1.129794940835258554e+00 8.679603974336845829e-01
2.260020886249910710e+00 1.129894371834531785e+00 8.771230776703885512e-01
2.260106069794501682e+00 1.130019927110200495e+00 8.855979938668091522e-01
2.260132355479337996e+00 1.130078014692792898e+00 8.936770413279186975e-01
2.260184337886230743e+00 1.130155621571691249e+00 9.026516983274126549e-01
2.260260057325359284e+00 1.130242461822259736e+00 9.114957927302973495e-01
2.260309310461892984e+00 1.130339822840538355e+00 9.206374358173915473e-01
2.260396593199997639e+00 1.130445003198067511e+00 9.292628051715071669e-01
2.260454188795359531e+00 1.130542350945172858e+00 9.378379251623665258e-01
2.260503665534210338e+00 1.130633099041906897e+00 9.471063100173577887e-01
2.260538474048155777e+00 1.130709076831792670e+00 9.569937312206655555e-01
2.260539170206377957e+00 1.130712284514942212e+00 9.572310870288330831e-01
2.260582129828110354e+00 1.130776757294644996e+00 9.653344953477496215e-01
2.260583793257241236e+00 1.130785255596994165e+00 9.657950935057009190e-01
2.260628133912693016e+00 1.130867428689712462e+00 9.740922590499948575e-01
2.260664669615830569e+00 1.130938472587038390e+00 9.821518642406392718e-01
2.260720328267971091e+00 1.131031505246099078e+00 9.899017434445217534e-01
2.260775249496034256e+00 1.131123654704921488e+00 9.978363097939960680e-01
2.260825137033782184e+00 1.131221258158250587e+00 1.005467276922632491e+00
2.260882961352530085e+00 1.131327093832988684e+00 1.014491138926633562e+00
2.260934604060952591e+00 1.131438613578036545e+00 1.023586024379987691e+00
2.260996401933649480e+00 1.131523555267058612e+00 1.032123755851211078e+00
2.261026843990824542e+00 1.131610154441088589e+00 1.040629794523060037e+00
2.261076935454166215e+00 1.131712496724694983e+00 1.049114815921694754e+00
2.261137011144923381e+00 1.131837529008460796e+00 1.057976459011789272e+00
2.261163665524442923e+00 1.131904061315061938e+00 1.066268227478649910e+00
2.261210473907369067e+00 1.131994854670811623e+00 1.074606227786010670e+00
2.261311862001670558e+00 1.132216053372128828e+00 1.094242844297514949e+00
2.261364111823531697e+00 1.132316245300398538e+00 1.102857242430777429e+00
2.261411349438066765e+00 1.132424108034810306e+00 1.112034559940140888e+00
2.261414483001350284e+00 1.132427589768901788e+00 1.112260312690117159e+00
2.261440575746017867e+00 1.132524868547085228e+00 1.121426685154133240e+00
2.261476942385699296e+00 1.132619883717279397e+00 1.130281814394052731e+00
2.261515591023606220e+00 1.132715350945502131e+00 1.139232829248576051e+00
2.261566045806053360e+00 1.132820708356054640e+00 1.147929424160105683e+00
2.261618637155456746e+00 1.132934060235780693e+00 1.156311516936545658e+00
2.261647326978326600e+00 1.133014269959398801e+00 1.164733810119106261e+00
2.261702139584910398e+00 1.133154588698416010e+00 1.173755099461716966e+00
2.261728206571048005e+00 1.133204651399827734e+00 1.181858051022843581e+00
2.261757414510164654e+00 1.133301554906574360e+00 1.191294130927000428e+00
2.261800863808969719e+00 1.133424871602551010e+00 1.200562703255102726e+00
2.261800886710704894e+00 1.133430440573476528e+00 1.200797025435027310e+00
2.261811220769089470e+00 1.133493135748632863e+00 1.208656680208243905e+00
2.261835955116958896e+00 1.133583892439976593e+00 1.216891989185135525e+00
2.261861535751725327e+00 1.133664326755418283e+00 1.224409867562096688e+00
2.261876547306249652e+00 1.133754205496908085e+00 1.232645543348802830e+00
2.261903073836666334e+00 1.133866729624331660e+00 1.240701044261261377e+00
2.261928454472246219e+00 1.133973123936517835e+00 1.248553718906352472e+00
2.261937839199125833e+00 1.134050098966508990e+00 1.257260030256721395e+00
2.261939087711057450e+00 1.134051812994334218e+00 1.257490787703466006e+00
2.261954669162665521e+00 1.134159392154369783e+00 1.265526995799059140e+00
2.261969586992975234e+00 1.134243646814436346e+00 1.273155422105483492e+00
2.261977813374712376e+00 1.134315986562920875e+00 1.283421997895953348e+00
2.262006510438886675e+00 1.134422593784528477e+00 1.292298741708392873e+00
2.262018046820138739e+00 1.134501150522040813e+00 1.300520442762430173e+00
2.262032022794056907e+00 1.134608800151483354e+00 1.309156988044664960e+00
2.262041881779494723e+00 1.134690141216551984e+00 1.318223265087591800e+00
2.262053854881146631e+00 1.134795912414118702e+00 1.327064279904971444e+00
2.262054974054779066e+00 1.134801127675317600e+00 1.327300306186440793e+00
2.262077284146297718e+00 1.134906896236314466e+00 1.335912714671062762e+00
2.262101588769972693e+00 1.135023741458235813e+00 1.345603438278316855e+00
2.262100775941379815e+00 1.135024256843808921e+00 1.345835276607260989e+00
2.262103688024233783e+00 1.135100132561994046e+00 1.354555027375485388e+00
2.262111304679767620e+00 1.135198419243854451e+00 1.363232906718758963e+00
2.262115976170751885e+00 1.135270967409258924e+00 1.371056034038395710e+00
2.262121688465058789e+00 1.135347673030243421e+00 1.378792933029755918e+00
2.262137500284490343e+00 1.135463921443597091e+00 1.387351928736701545e+00
2.262144605062653024e+00 1.135548742620505758e+00 1.395049109896650208e+00
2.262153416551997864e+00 1.135647197020823729e+00 1.402920654355850560e+00
2.262163243233756837e+00 1.135742580367073096e+00 1.410883373434212773e+00
2.262166812265739235e+00 1.135835534273826664e+00 1.418205600594772964e+00
2.262174965528348736e+00 1.135952438399996822e+00 1.426646549739631897e+00
2.262174571830111169e+00 1.136062750583496594e+00 1.434203145417223713e+00
2.262176704731136745e+00 1.136142403413362478e+00 1.441928469955090719e+00
2.262172822551858697e+00 1.136265733575443582e+00 1.451024875592882957e+00
2.262173081365379979e+00 1.136266823872060572e+00 1.451251082585810037e+00
2.262185134821291577e+00 1.136385336983386063e+00 1.460226729584271688e+00
2.262184641940318652e+00 1.136500721144153792e+00 1.468677595671681546e+00
2.262183558272231831e+00 1.136503225001646911e+00 1.468904487428917438e+00
2.262183648331109520e+00 1.136626037841440340e+00 1.478125631928902894e+00
2.262177876452692082e+00 1.136729988595581053e+00 1.486703491455636295e+00
2.262190106139114310e+00 1.136851263889353980e+00 1.495838697336733913e+00
2.262174956234011880e+00 1.136931339513217898e+00 1.504113242928606820e+00
2.262172831516565008e+00 1.137022528701587154e+00 1.513984588805511011e+00
2.262152201310821287e+00 1.137278513648269707e+00 1.534907262505249781e+00
2.262153531693632758e+00 1.137398033954009069e+00 1.543234958639136734e+00
2.262143624130541486e+00 1.137478182191463238e+00 1.551661699089060598e+00
2.262138286283787103e+00 1.137563646975984888e+00 1.559833019835304979e+00
2.262136292840271512e+00 1.137583043229080104e+00 1.560999332858045152e+00
2.262138729675868376e+00 1.137664466675736508e+00 1.569609220021345619e+00
2.262139525606635448e+00 1.137666429264944101e+00 1.569834040824165555e+00
2.262123096506543973e+00 1.137785524172132856e+00 1.578298289268098786e+00
2.262105778191468186e+00 1.137895030494043613e+00 1.587555292963221287e+00
2.262107957266517477e+00 1.137901513311346369e+00 1.587783119999203629e+00
2.262092796830702746e+00 1.138013344150386574e+00 1.596174353536045754e+00
2.262081984298221382e+00 1.138128945851114793e+00 1.604636351136875305e+00
2.262079896186321992e+00 1.138239107847479392e+00 1.613607088887076824e+00
2.262071549540998205e+00 1.138296913902551166e+00 1.622160588270296966e+00
2.262073486208235895e+00 1.138413856030550786e+00 1.631693687199732068e+00
2.262050380951782902e+00 1.138547672938559963e+00 1.640809805400599952e+00
2.262035462763771765e+00 1.138667654741969848e+00 1.649319461378432550e+00
2.262016771625078970e+00 1.138790261866780229e+00 1.658865347314923078e+00
2.261988770778019298e+00 1.138881075076534577e+00 1.666605917807618686e+00
2.261982268666841822e+00 1.138985362548475377e+00 1.675469998204182076e+00
2.261966529230939216e+00 1.139090976485085838e+00 1.683722340930964512e+00
2.261947938549310866e+00 1.139196685995066627e+00 1.693041846351748481e+00
2.261924347174354644e+00 1.139315069958829696e+00 1.701796911606088036e+00
2.261891164777852570e+00 1.139453721562698973e+00 1.710689892703319614e+00
2.261878488322616843e+00 1.139553751427813344e+00 1.719243053493951123e+00
2.261856615186571329e+00 1.139675026389161960e+00 1.727781972603602112e+00
2.261821737105342400e+00 1.139802913575608923e+00 1.736976176134309213e+00
2.261794617065687074e+00 1.139923900897721998e+00 1.746032071040981570e+00
2.261762634251495818e+00 1.140034506540535508e+00 1.754439118995419822e+00
2.261722238992830647e+00 1.140185165514861598e+00 1.763300590461247763e+00
2.261689190985424425e+00 1.140279512495479208e+00 1.771754188293067633e+00
2.261645780298921160e+00 1.140398533264068037e+00 1.780442523245587383e+00
2.261616219176825204e+00 1.140516888707933552e+00 1.789536744272676394e+00
2.261616555288248342e+00 1.140522376950766192e+00 1.789765586882256398e+00
2.261578693839258136e+00 1.140637044029217284e+00 1.798697319654047222e+00
2.261558259353871669e+00 1.140737718427782266e+00 1.806341615592830241e+00
2.261527094977271002e+00 1.140848534682574078e+00 1.815380799997117212e+00
2.261502734343781018e+00 1.140957650870263018e+00 1.823966788813090378e+00
2.261458660757400541e+00 1.141065669163338736e+00 1.832819824591866320e+00
2.261417637435446437e+00 1.141175547498265441e+00 1.841113592960019085e+00
2.261374237677395094e+00 1.141305265922725631e+00 1.849135215566164447e+00
2.261327210812275723e+00 1.141410912727826243e+00 1.858390051938742404e+00
2.261324748090009606e+00 1.141416161474528623e+00 1.858614975852783013e+00
2.261286596290109863e+00 1.141520142828255535e+00 1.867407668203427074e+00
2.261262399718585669e+00 1.141639811896238532e+00 1.875754664457001342e+00
2.261221893817797479e+00 1.141760971936318647e+00 1.885082676946065128e+00
2.261165010942117082e+00 1.141879589443706378e+00 1.893342452428311118e+00
2.261108970219314784e+00 1.141993383590293565e+00 1.902449912257172748e+00
2.261069534803760384e+00 1.142070232722520284e+00 1.910430386642558487e+00
2.261009187786608088e+00 1.142206870144382158e+00 1.919547741634146654e+00
2.260963900765009083e+00 1.142298415947140544e+00 1.928432788513930962e+00
2.260964934189521713e+00 1.142303552215309770e+00 1.928663715834160186e+00
2.260923307766633084e+00 1.142393570868475594e+00 1.937150363001092224e+00
2.260885441711007360e+00 1.142528471480359409e+00 1.946661341600633310e+00
2.260884303276077922e+00 1.142531539972735377e+00 1.946893794734773753e+00
2.260840247778067358e+00 1.142618812590161292e+00 1.956100748941702161e+00
2.260809432497009830e+00 1.142673801893122398e+00 1.964396283282008326e+00
2.260750788325689431e+00 1.142781908784659572e+00 1.973376846431676546e+00
2.260683758200917381e+00 1.142894418734830442e+00 1.981537006161744552e+00
2.260637536615530685e+00 1.142997748702696104e+00 1.989318330648183419e+00
2.260517532741836089e+00 1.143248539090679916e+00 2.010402877400097044e+00
2.260459059015217598e+00 1.143349067108793360e+00 2.018700135445519628e+00
2.260397471160234595e+00 1.143443796529707734e+00 2.027498003992434850e+00
2.260344787603397521e+00 1.143552623350921671e+00 2.036129418487284681e+00
2.260297663342216712e+00 1.143634767982294687e+00 2.044782314043265714e+00
2.260259167109376133e+00 1.143741946123109310e+00 2.052689992514057593e+00
2.260212680278582020e+00 1.143833681170298044e+00 2.060607998567913324e+00
2.260137767467276682e+00 1.143943063626393197e+00 2.070023504527138680e+00
2.260072040593085863e+00 1.144043476036820550e+00 2.078595961310030660e+00
2.260009111060729214e+00 1.144136555674925892e+00 2.086286723019893596e+00
2.259937575196805604e+00 1.144243745659906830e+00 2.095166387252270557e+00
2.259872092351715267e+00 1.144359849218029579e+00 2.105048309728192457e+00
2.259870423583810961e+00 1.144361976374625334e+00 2.105283907147892375e+00
2.259818570866609644e+00 1.144463955639235309e+00 2.113994887039744697e+00
2.259741865534837579e+00 1.144584063900771165e+00 2.122344072084866973e+00
2.259741890733652170e+00 1.144585102809996258e+00 2.122570224041754106e+00
2.259661750900085142e+00 1.144704886477183825e+00 2.131514624889147669e+00
2.259581395997522613e+00 1.144836385920452004e+00 2.141095566651634474e+00
2.259580723423975979e+00 1.144841439113012838e+00 2.141323982538268833e+00
2.259496880362811932e+00 1.144963282343289590e+00 2.150464336699778212e+00
2.259494882368148883e+00 1.144963152861084188e+00 2.150698084431954982e+00
2.259426103099771321e+00 1.145080937487534367e+00 2.159684652288782036e+00
2.259350257212762170e+00 1.145183966328785941e+00 2.168004499884172542e+00
2.259289829692332496e+00 1.145253262302730501e+00 2.175730040812009491e+00
2.259210107974822357e+00 1.145352411092773526e+00 2.185028951580866075e+00
2.258724192538222653e+00 1.146009822171124570e+00 2.194244966521472051e+00
2.256801665624860842e+00 1.148637177515559937e+00 2.202606796726509497e+00
2.252975544284887555e+00 1.153755256100802429e+00 2.211616862218273916e+00
2.248805991863182641e+00 1.159216832826012844e+00 2.219516221738185635e+00
2.248698216667447181e+00 1.159355317026124599e+00 2.219704008598010425e+00
2.244402652775534523e+00 1.164854212575715087e+00 2.225949728735465705e+00
2.240964014014847461e+00 1.169192100581038618e+00 2.229932059509188935e+00
2.237201301028780787e+00 1.173790627407419240e+00 2.231108284193269231e+00
2.233162784694121772e+00 1.178696232659367293e+00 2.228922870021552871e+00
2.229530467642321767e+00 1.183148604456367048e+00 2.223969516126726109e+00
2.225653703051948984e+00 1.188153720890209097e+00 2.216771447578848253e+00
2.221936468603989301e+00 1.193045090669729635e+00 2.209468186560815894e+00
2.218370183657255357e+00 1.197768177730177408e+00 2.202514862875267987e+00
2.214484137102324279e+00 1.203004017675385562e+00 2.195422567646450496e+00
2.210298000740636315e+00 1.208713914081801732e+00 2.189807074953775690e+00
2.206905850978007066e+00 1.213396652673469855e+00 2.186360988751233414e+00
2.203517233281020893e+00 1.218017417700780092e+00 2.183455228687741112e+00
2.199392270291816054e+00 1.223836969260881924e+00 2.179996390726401057e+00
2.195359518775661822e+00 1.229505302334600092e+00 2.176372214609183509e+00
2.191994578092521184e+00 1.234302718793834686e+00 2.173750786826370796e+00
2.188384912197755217e+00 1.239418678675111352e+00 2.171436063075866674e+00
2.184406582846629696e+00 1.245070128463344084e+00 2.168456627984009621e+00
2.180582345809606970e+00 1.250585246598465039e+00 2.165176146272231428e+00
2.177014631843312564e+00 1.255657866148333746e+00 2.161752283959303522e+00
2.173522789892541773e+00 1.260846447033548534e+00 2.157329924092297624e+00
2.170257470422076729e+00 1.265670055420963225e+00 2.152651220049369485e+00
2.166842602163989717e+00 1.270862001815344478e+00 2.147739582854662377e+00
2.163569558144976757e+00 1.275832356318160388e+00 2.144500764725950415e+00
2.159872525283219602e+00 1.281464516971758227e+00 2.141053298570646746e+00
2.156397782402558860e+00 1.286796088146497929e+00 2.137594251395149580e+00
2.153248713988162866e+00 1.291658694400916518e+00 2.134089448543924128e+00
2.149802603491107966e+00 1.297016294894175248e+00 2.129713075416070467e+00
2.149721375709864546e+00 1.297152373349621968e+00 2.129596493555266701e+00
2.146145329955878811e+00 1.302840278511709693e+00 2.125076969247073677e+00
2.146057186987420540e+00 1.302982038220340977e+00 2.124983761267397409e+00
2.142712647407543525e+00 1.308314892818256192e+00 2.121623334881257428e+00
2.139214712682576902e+00 1.313921069229551764e+00 2.118078543046960416e+00
2.135868108383916830e+00 1.319324612278468756e+00 2.114301141713761822e+00
2.132730364283490054e+00 1.324389533374720429e+00 2.110378269195820611e+00
2.124563875151729953e+00 1.337928914323972540e+00 2.098517775953752995e+00
2.121851258798100659e+00 1.342466835863348917e+00 2.094451192553087093e+00
2.119158802741104353e+00 1.347047198207282026e+00 2.090709364460976438e+00
2.115869092009755814e+00 1.352769323651332734e+00 2.086897093007981763e+00
2.112944614706935287e+00 1.357915006495215016e+00 2.083477997367084278e+00
2.109658242250386007e+00 1.363664810811718198e+00 2.079376458188128662e+00
2.106959490744402252e+00 1.368390784330216325e+00 2.075629985288164114e+00
2.104389766960041097e+00 1.372922131580412319e+00 2.071406670995087129e+00
2.101690821911782248e+00 1.377760594517365433e+00 2.066271518340689450e+00
2.098663055695931146e+00 1.383287817398355823e+00 2.060255325974292617e+00
2.095945081429404055e+00 1.388279026126153282e+00 2.054868160739594884e+00
2.092845273201071610e+00 1.394121482649866017e+00 2.049090243225506924e+00
2.090041582395217645e+00 1.399541175502914125e+00 2.045387838275103842e+00
2.089968441461481863e+00 1.399682782911562562e+00 2.045293427862905133e+00
2.086938021086844675e+00 1.405541615339656714e+00 2.041217124717544795e+00
2.084147663683291185e+00 1.410974963389754366e+00 2.037263838811626204e+00
2.081601468290880774e+00 1.415975026647723567e+00 2.033465863731325207e+00
2.079237035393282085e+00 1.420625472705973946e+00 2.029380123125079649e+00
2.076902715151432322e+00 1.425312410882359604e+00 2.025094635419328437e+00
2.074405645287118904e+00 1.430327346405430911e+00 2.020107741144737012e+00
2.072147518502133856e+00 1.434922086660757712e+00 2.015226693897847809e+00
2.069730711483110053e+00 1.439884937721614744e+00 2.010496639384824480e+00
2.067171481598782279e+00 1.445309266709525753e+00 2.006541219821430744e+00
2.067110192555898340e+00 1.445441894644411862e+00 2.006448284450474073e+00
2.064726507387182330e+00 1.450516810336276219e+00 2.002612879177731564e+00
2.062616599226712477e+00 1.455042484579897266e+00 1.999043216959441871e+00
2.060346850218532033e+00 1.459913627788162138e+00 1.994787443184687481e+00
2.058341343534271672e+00 1.464250576894732259e+00 1.990656666722781409e+00
2.056349030020065971e+00 1.468569958764653016e+00 1.986248370423196574e+00
2.053974267387263186e+00 1.473816386305085935e+00 1.980697363274319445e+00
2.051773541228992581e+00 1.478744774223360592e+00 1.975478038019657934e+00
2.049351287514638020e+00 1.484305423894796139e+00 1.969503017654859356e+00
2.049298933811297019e+00 1.484433672017744898e+00 1.969364379270252874e+00
2.047024514718972288e+00 1.489767735610222354e+00 1.964032227168393652e+00
2.045209039652926997e+00 1.494179330766693070e+00 1.960705548957520472e+00
2.043361303070254209e+00 1.498681380888315484e+00 1.957342645951174909e+00
2.041499592147889786e+00 1.503262910828343513e+00 1.953780112396707347e+00
2.039264265541822940e+00 1.508717990098995987e+00 1.949230540542189694e+00
2.037169136064712394e+00 1.513827708382952775e+00 1.944502100212751383e+00
2.037118425293164670e+00 1.513956703502260526e+00 1.944377655854860443e+00
2.035108261258075757e+00 1.518914173031689296e+00 1.939238957543539588e+00
2.033308786996682382e+00 1.523484126904655067e+00 1.934261368584280660e+00
2.031202388543806414e+00 1.528942727906781540e+00 1.927913307342488336e+00
2.029419169975724468e+00 1.533663471293859937e+00 1.922364356808662578e+00
2.027481860307720929e+00 1.538864315559303364e+00 1.916360181158870413e+00
2.025905690076774679e+00 1.543180479397267213e+00 1.911382868720876482e+00
2.024350555948544628e+00 1.547496080385742712e+00 1.906528648196592179e+00
2.022757660172000538e+00 1.551938825331369287e+00 1.901732407106842215e+00
2.021117269419691276e+00 1.556686280201331929e+00 1.897385480932364477e+00
2.019407172393118177e+00 1.561715983886691639e+00 1.893663049760082151e+00
2.017919868677387374e+00 1.566180189078451246e+00 1.890214433912268621e+00
2.016414524141612041e+00 1.570659146719954435e+00 1.886377492115195231e+00
2.014745446723960942e+00 1.575691323210515193e+00 1.881696157528812030e+00
2.013106426294521967e+00 1.580711909827854367e+00 1.876802939418212635e+00
2.011678924638038879e+00 1.585183176700530439e+00 1.871858354561068305e+00
2.010094393738750984e+00 1.590138852589268126e+00 1.866210122196381160e+00
2.008710522616492078e+00 1.594609396745378049e+00 1.860933737021308154e+00
2.007274795483307006e+00 1.599300400809277933e+00 1.855395369462206956e+00
2.005882496387541458e+00 1.603989355358531599e+00 1.850066875454746240e+00
2.004484007866353057e+00 1.608693295232370257e+00 1.844790080425560808e+00
2.003158216933699443e+00 1.613249290239332723e+00 1.839692937424504793e+00
2.001998613078494582e+00 1.617318085276246542e+00 1.834925202130211597e+00
2.000524560507475513e+00 1.622679844160426654e+00 1.828732628630250323e+00
1.999346085198658862e+00 1.627068446021910919e+00 1.823638452783935104e+00
1.998097992246125276e+00 1.631729063021060355e+00 1.818316924776524512e+00
1.998064263352956171e+00 1.631850921511412977e+00 1.818177732135022540e+00
1.995213908555107718e+00 1.643416897085987038e+00 1.807737542964043431e+00
1.993990663184489698e+00 1.648504352058824285e+00 1.803586130488993522e+00
1.993961203543062499e+00 1.648630787852137125e+00 1.803483134958535405e+00
1.992977002104506123e+00 1.652652519708476486e+00 1.799704414563231492e+00
1.991983658159080184e+00 1.656784571754034596e+00 1.795579590687470972e+00
1.990945929274273496e+00 1.661189914798812728e+00 1.790811240658433778e+00
1.989906152681309548e+00 1.665741411310268871e+00 1.785489796762572245e+00
1.988658815009556324e+00 1.671131738640489139e+00 1.779183774833595688e+00
1.987713103499758382e+00 1.675437610253266651e+00 1.774185860374797308e+00
1.986766208046296445e+00 1.679878398484105695e+00 1.769035157193023178e+00
1.985759896329851060e+00 1.684731100374751156e+00 1.763246216708539871e+00
1.984859081675606651e+00 1.689163950298171901e+00 1.757787341818316085e+00
1.984050247958409008e+00 1.693312741352954731e+00 1.752818823341409926e+00
1.983247672244525805e+00 1.697592123509821915e+00 1.747860639819870165e+00
1.982393942351066585e+00 1.702234250744961708e+00 1.742558806644820546e+00
1.981548080489696773e+00 1.706872632573510851e+00 1.737455770748312256e+00
1.980872868966226719e+00 1.710771625078397307e+00 1.732949404143139027e+00
1.980848066648464911e+00 1.710893503562473272e+00 1.732816682677478681e+00
1.980071801815055821e+00 1.715394790093979882e+00 1.727434355317396086e+00
1.979336798805862552e+00 1.719776417959508308e+00 1.722255318278148151e+00
1.978641323825315990e+00 1.724135407473423864e+00 1.717167003265606784e+00
1.977926078040888269e+00 1.728838131180446602e+00 1.711815256041030464e+00
1.977324324363286534e+00 1.732824535800596255e+00 1.707361832941726609e+00
1.976664612394303244e+00 1.737367491402515007e+00 1.702048767617146297e+00
1.976068957443883223e+00 1.741759076804540562e+00 1.696917636587574441e+00
1.975521966125950435e+00 1.745605584470470539e+00 1.692360334196218341e+00
1.974971061142478446e+00 1.749889612916843751e+00 1.687428668502244156e+00
1.974482713897615316e+00 1.753732428956562561e+00 1.683099481536322939e+00
1.974001616585233432e+00 1.757959835742061161e+00 1.679033136961326722e+00
1.973567773997911168e+00 1.762030335741589404e+00 1.675735751006450336e+00
1.973152158550453894e+00 1.765982997507938190e+00 1.672279513993593980e+00
1.972731279538547433e+00 1.769826969703829356e+00 1.668660503109725912e+00
1.972210064225400794e+00 1.774658972614406638e+00 1.663851944952065898e+00
1.971797776079376341e+00 1.778675640845099437e+00 1.659734050360093471e+00
1.971330985615883824e+00 1.783355619360775357e+00 1.654752488366024954e+00
1.970897736182088522e+00 1.788207546561789041e+00 1.649275200225343907e+00
1.970480624499245881e+00 1.792955160338516762e+00 1.643580800254127228e+00
1.970111580436522791e+00 1.797596228797209594e+00 1.637969018306344671e+00
1.970104175167357141e+00 1.797707841014391406e+00 1.637833395240899437e+00
1.969784011395541379e+00 1.802337468903004947e+00 1.632379745647898783e+00
1.969532795500848810e+00 1.806053536358683154e+00 1.628173559090749123e+00
1.969240265154277525e+00 1.810652659531374109e+00 1.622715133620233230e+00
1.969237375727608041e+00 1.810763325268930579e+00 1.622576567582248996e+00
1.968981021448282132e+00 1.814926586312234580e+00 1.617645037255575513e+00
1.968750118042270625e+00 1.819032580578578973e+00 1.612896191881490360e+00
1.968535993176520504e+00 1.823400624762327338e+00 1.607804215778004586e+00
1.968336530114525695e+00 1.827780512458064610e+00 1.602821898943435519e+00
1.968199531536004354e+00 1.831703462637345847e+00 1.598386659304977586e+00
1.968046943606865939e+00 1.835786695662787515e+00 1.593650570191226024e+00
1.967909796685441304e+00 1.840103792335603172e+00 1.588645875710647637e+00
1.967645627923987561e+00 1.851345283552644938e+00 1.575507232278608116e+00
1.967600749957726602e+00 1.855013767081761245e+00 1.571233833058172324e+00
1.967552375016515587e+00 1.858654095188102984e+00 1.567010167650476404e+00
1.967531845963584880e+00 1.862531190041208706e+00 1.562486867050470796e+00
1.967535082054259199e+00 1.866843823695743643e+00 1.557613342583583416e+00
1.967567942727433961e+00 1.871158937358896157e+00 1.552792144123119611e+00
1.967615861041400072e+00 1.875256192910758291e+00 1.548178486127123277e+00
1.967695486767699231e+00 1.879658855242603455e+00 1.543329277113628439e+00
1.967695049869680135e+00 1.879772582180343488e+00 1.543214044131764107e+00
1.967766951876379178e+00 1.883592720951540400e+00 1.538994205700833007e+00
1.967880858078026263e+00 1.888190370035096821e+00 1.533776550390111959e+00
1.967883469106285865e+00 1.888299358358235480e+00 1.533653669211127557e+00
1.968015508939875424e+00 1.892347999075538745e+00 1.529040388392814309e+00
1.968166502577084254e+00 1.896454930047478005e+00 1.524333677182393210e+00
1.968340365208689935e+00 1.900923016560868817e+00 1.519370466981303291e+00
1.968346381715537774e+00 1.901030219045804603e+00 1.519249165068752294e+00
1.968516378440861248e+00 1.904914034466685946e+00 1.514869049456845751e+00
1.968709118780007206e+00 1.908919277821893523e+00 1.510236750788145343e+00
1.968908328603621305e+00 1.912913756418615829e+00 1.505690008305833327e+00
1.969123356999153751e+00 1.916577051859728709e+00 1.501571907808803008e+00
1.969363270913814690e+00 1.920462785167519337e+00 1.497355316650069934e+00
1.969663100136558320e+00 1.924893067220758702e+00 1.492568129125303900e+00
1.969958256917034412e+00 1.929009541741723677e+00 1.488144568720567884e+00
1.969967868705693403e+00 1.929117675929162390e+00 1.488027984737582798e+00
1.970275972655169738e+00 1.933202861566787778e+00 1.483554675419908930e+00
1.970613069289715469e+00 1.937376488716570311e+00 1.478852672501131282e+00
1.970620917169834341e+00 1.937482589741465810e+00 1.478732665172316718e+00
1.970977240781480067e+00 1.941632548045530537e+00 1.474155779847005965e+00
1.971309638598188752e+00 1.945374620064190374e+00 1.470073590478000902e+00
1.971689974189249739e+00 1.949437971049183371e+00 1.465669122112253531e+00
1.972084988392734051e+00 1.953365195621309169e+00 1.461446532880160243e+00
1.972528634878924381e+00 1.957769535155763574e+00 1.456675955222957342e+00
1.972990246994131613e+00 1.962008890671807393e+00 1.452083245981869331e+00
1.973433606348035774e+00 1.965926645571719700e+00 1.447740839066959939e+00
1.973913500330188864e+00 1.970053029099047670e+00 1.443218834507930426e+00
1.974414246810962226e+00 1.974049404122172557e+00 1.438917532549558675e+00
1.974906135115517269e+00 1.977970077814653838e+00 1.434739255837912841e+00
1.975456296876023199e+00 1.982073681217022543e+00 1.430349556164783209e+00
1.975471495430571212e+00 1.982177129292119089e+00 1.430236338124044604e+00
1.975993770186726284e+00 1.986179231204051376e+00 1.425332199515016773e+00
1.976529318523528644e+00 1.990103266637680335e+00 1.420088326245986243e+00
1.977096096226260702e+00 1.994031437069930579e+00 1.414876187249263673e+00
1.977651564911541815e+00 1.997888778499551599e+00 1.410054469438822178e+00
1.978246987270422252e+00 2.001738582434178682e+00 1.405577914147482677e+00
1.978925599948164082e+00 2.005921468458448764e+00 1.401038708255362364e+00
1.979615554521029663e+00 2.010103852286561299e+00 1.396474035756818166e+00
1.980342552673434176e+00 2.014466092276018916e+00 1.391845229372564940e+00
1.981002565935078730e+00 2.018184400023944836e+00 1.387997419777166286e+00
1.981687198766832969e+00 2.022016552066994599e+00 1.384083808151471695e+00
1.982312751976861520e+00 2.025422084015742197e+00 1.380625297365804638e+00
1.982983067888311579e+00 2.029042292550827575e+00 1.377009743558428312e+00
1.983828853422030303e+00 2.033443708095670210e+00 1.372353501937647824e+00
1.984548549767216397e+00 2.037136418738854982e+00 1.368420914749032935e+00
1.985379494811392975e+00 2.041225768787211514e+00 1.364126048327022778e+00
1.986065201383348855e+00 2.044599371761703477e+00 1.360629860653231660e+00
1.986813280651927194e+00 2.048164357964945559e+00 1.357028764259553766e+00
1.987684422125870265e+00 2.052233383122126220e+00 1.352932006691084155e+00
1.987701878412617029e+00 2.052334406355090124e+00 1.352832892676667953e+00
1.988496478720113592e+00 2.056082872123734084e+00 1.348971681453462912e+00
1.989299728710246740e+00 2.059725653608557305e+00 1.345097064695507383e+00
1.990063633870563065e+00 2.063165957339216927e+00 1.341448863049550910e+00
1.991006910337774105e+00 2.067305489483923342e+00 1.337152237928602716e+00
1.991030401795869098e+00 2.067407547119459288e+00 1.337049082059629468e+00
1.991908688176215581e+00 2.071141371913913343e+00 1.333304486321861715e+00
1.992823195295850169e+00 2.074974666516604671e+00 1.329474261994304074e+00
1.995065710015252680e+00 2.084121493492610000e+00 1.320321285038922321e+00
1.995894713926805286e+00 2.087433898347956784e+00 1.317050432806918581e+00
1.996722760416077103e+00 2.090730207280500075e+00 1.313685654698004246e+00
1.997560184190361410e+00 2.094018083780821105e+00 1.310271984728374139e+00
1.998519489370504276e+00 2.097705724190744636e+00 1.306474361104824400e+00
1.999562545246620360e+00 2.101683069478486487e+00 1.302366438383824265e+00
2.000511882675273689e+00 2.105156604155349775e+00 1.298794297398737863e+00
2.001532295844636433e+00 2.108907774383370626e+00 1.294872180128883610e+00
2.002635595153364978e+00 2.112911247587795582e+00 1.290135291872068546e+00
2.002689166746304483e+00 2.113107182853596555e+00 1.289896960122241865e+00
2.003798041624864190e+00 2.117022261584368348e+00 1.285256135526416488e+00
2.004849442740875620e+00 2.120646762469593494e+00 1.281096658641813546e+00
2.005883461954284908e+00 2.124179015793321579e+00 1.277192126773046610e+00
2.007069372505931870e+00 2.128097944444653500e+00 1.273052359031594749e+00
2.008077929861837863e+00 2.131440005349852118e+00 1.269622355165002991e+00
2.009237508207796008e+00 2.135249234298611576e+00 1.265671334903745615e+00
2.010416985304682491e+00 2.139057982535563340e+00 1.261698875097607031e+00
2.010447758343445024e+00 2.139159613503831991e+00 1.261597647554574930e+00
2.011670163126129118e+00 2.143078845019673384e+00 1.257676099583061147e+00
2.011703122317133996e+00 2.143173789308196575e+00 1.257578573404038558e+00
2.012898246315526496e+00 2.146878972380719119e+00 1.253925180071041146e+00
2.014171162933337644e+00 2.150784805234829733e+00 1.250051194880550831e+00
2.015419004626115118e+00 2.154587632905773376e+00 1.246294167636877726e+00
2.015451706533887943e+00 2.154684201913616093e+00 1.246200645384510919e+00
2.016555089518394794e+00 2.157992672239425147e+00 1.242860226170998450e+00
2.017705879797071056e+00 2.161466504826453416e+00 1.239328349331781487e+00
2.018850984731597187e+00 2.164847218711857924e+00 1.235886897534892004e+00
2.020133177287066761e+00 2.168621302154406294e+00 1.232095338270952523e+00
2.020163063600446840e+00 2.168718315378090455e+00 1.232000062590273615e+00
2.021390476695358096e+00 2.172281574115588754e+00 1.228499784551811080e+00
2.022652165298667537e+00 2.175841226359412683e+00 1.225048895799410120e+00
2.024133390830692658e+00 2.179988276118201895e+00 1.220989517166705118e+00
2.024167034993132219e+00 2.180084138244160918e+00 1.220897962812839133e+00
2.025372049583453293e+00 2.183437331186412145e+00 1.217561550965596817e+00
2.026628607980363039e+00 2.186873446963997658e+00 1.214034134700597845e+00
2.027914643870767808e+00 2.190393344703358558e+00 1.210101432183708248e+00
2.029343222119550205e+00 2.194301713206076254e+00 1.205623234991648252e+00
2.030544510239849387e+00 2.197526596954105571e+00 1.202013234171589229e+00
2.031876104623860702e+00 2.201065545378921851e+00 1.198174706424572022e+00
2.033400760499958437e+00 2.205065189950317084e+00 1.194003612184073804e+00
2.033437445077143746e+00 2.205157585292986333e+00 1.193907060009317123e+00
2.034816868917750377e+00 2.208659115493177616e+00 1.190314978258337320e+00
2.036164867242370669e+00 2.212071130926800855e+00 1.186773449659884294e+00
2.037439281969207538e+00 2.215290628045497368e+00 1.183477948847361905e+00
2.038668316820527071e+00 2.218311958888429025e+00 1.180394129394816138e+00
2.038704102784549832e+00 2.218407439028947437e+00 1.180300382396431091e+00
2.040164516700890385e+00 2.222003667905380730e+00 1.176762712187085169e+00
2.041546639127581830e+00 2.225386560924755397e+00 1.173498966702644530e+00
2.042868926767622106e+00 2.228571425309556542e+00 1.170458700614011027e+00
2.044138146130901834e+00 2.231651857901208125e+00 1.167437571985553868e+00
2.045508795386899337e+00 2.234932987952844563e+00 1.164104299273005738e+00
2.046805780377302764e+00 2.238013534865735288e+00 1.160989006747273011e+00
2.048276763014700297e+00 2.241458666795075771e+00 1.157552916364781970e+00
2.050070612890101174e+00 2.245622304812487258e+00 1.153428761971979633e+00
2.051653529173369073e+00 2.249249233499296619e+00 1.149847568116755259e+00
2.053060995930946042e+00 2.252476660263116770e+00 1.146580681807494173e+00
2.054440859512846274e+00 2.255598339083217496e+00 1.143131800778785179e+00
2.058112182535781987e+00 2.263763416752093693e+00 1.133807241059391346e+00
2.058237796635255190e+00 2.264040263045901558e+00 1.133481832058114369e+00
2.059667759784957308e+00 2.267163024518589864e+00 1.130027454383801810e+00
2.061161757831575958e+00 2.270364235953199916e+00 1.126802830526660637e+00
2.062672029639319504e+00 2.273556667089364325e+00 1.123693700742677715e+00
2.064713247370379090e+00 2.277847948877365525e+00 1.119547451012227413e+00
2.066414696546408081e+00 2.281406586316788498e+00 1.116128953536108304e+00
2.067917994870568155e+00 2.284512209042761199e+00 1.112981721554968662e+00
2.069539670079511673e+00 2.287875283873430199e+00 1.109518143998083683e+00
2.071180321318941253e+00 2.291217958309418101e+00 1.106119855562155641e+00
2.072959271927899749e+00 2.294823483178917822e+00 1.102531677254150466e+00
2.074653237082333845e+00 2.298249936108800462e+00 1.099123764912697254e+00
2.076357530988099498e+00 2.301659639131153234e+00 1.095767993051700806e+00
2.078126916026191040e+00 2.305159751065279483e+00 1.092332183194056006e+00
2.079916176351682910e+00 2.308631677886741507e+00 1.088527332996589658e+00
2.081639506454552535e+00 2.312016033425424499e+00 1.084661024870095414e+00
2.083215227759486865e+00 2.315043815108631442e+00 1.081197227906879998e+00
2.084858195589408769e+00 2.318155843704430286e+00 1.077732809450885565e+00
2.086512287126337295e+00 2.321270799640442029e+00 1.074398707060325364e+00
2.088134868585366011e+00 2.324279944746354687e+00 1.071275887352333589e+00
2.089937731085620420e+00 2.327634925935348598e+00 1.067926493413470901e+00
2.091722926439816277e+00 2.330890711583727182e+00 1.064690031888019695e+00
2.093401482620921961e+00 2.333973028512105863e+00 1.061573949193451938e+00
2.095229487984260786e+00 2.337302614418534930e+00 1.058116020025027693e+00
2.097133829211908829e+00 2.340700744665902278e+00 1.054560984146069025e+00
2.098946183675453270e+00 2.343935670290684392e+00 1.051213839057646426e+00
2.100656329861642746e+00 2.347000237762891572e+00 1.048050816829104281e+00
2.102541494639706077e+00 2.350330016265014699e+00 1.044583793672010597e+00
2.104533231996435383e+00 2.353807259017416609e+00 1.040862056590317053e+00
2.104583269593652162e+00 2.353892365490240834e+00 1.040764958129138273e+00
2.106527943085057419e+00 2.357259590551353590e+00 1.036963543945423893e+00
2.108451291799835037e+00 2.360545259965590503e+00 1.033179874492417216e+00
2.108500227994151377e+00 2.360632122710338621e+00 1.033082306381480020e+00
2.110425692205530446e+00 2.363920782675209331e+00 1.029422161585550333e+00
2.112312628100712519e+00 2.367111634339428949e+00 1.025929291649697150e+00
2.114256386841611768e+00 2.370371934050975238e+00 1.022488622046150875e+00
2.116535516416077733e+00 2.374165331218389241e+00 1.018510976495202502e+00
2.118455538149614181e+00 2.377343402056276922e+00 1.015133012324051842e+00
2.120499641117833178e+00 2.380667699017850580e+00 1.011654251068567323e+00
2.120548392330466214e+00 2.380754381256309671e+00 1.011570067018128904e+00
2.122496880740624814e+00 2.383898958161598358e+00 1.008238810520942996e+00
2.124572003790943242e+00 2.387213272938472297e+00 1.004572820681208789e+00
2.126719846860360974e+00 2.390595850031179914e+00 1.000862335362819877e+00
2.128693151149958052e+00 2.393721517621205663e+00 9.975089749044790954e-01
2.130728002052263648e+00 2.396918872384318444e+00 9.940091198182942067e-01
2.132612292935579301e+00 2.399856234347572670e+00 9.906820687970837591e-01
2.132666822746938529e+00 2.399941334613585386e+00 9.905855612696895518e-01
2.134565247608811500e+00 2.402889573473421692e+00 9.873046721643659041e-01
2.136594339657137187e+00 2.405997513928078924e+00 9.838361713062470093e-01
2.138498411682064670e+00 2.408935628849156352e+00 9.804818459589832447e-01
2.140639267257491873e+00 2.412205951447284669e+00 9.767761412550960420e-01
2.142807191184392224e+00 2.415457806836188936e+00 9.730925094159761368e-01
2.144757077809460455e+00 2.418380510875846490e+00 9.698060018310246111e-01
2.146665614409997591e+00 2.421204349208943007e+00 9.667004711058460042e-01
2.151610684207993618e+00 2.428470442015770558e+00 9.588711449961796474e-01
2.153840296960520817e+00 2.431683475192289556e+00 9.553667916520799386e-01
2.155766777376724619e+00 2.434454341294409740e+00 9.522612566257306899e-01
2.157870130838945411e+00 2.437473898784944026e+00 9.486391205697407569e-01
2.160270015733474658e+00 2.440892647162756557e+00 9.445024136888467980e-01
2.162283698130868625e+00 2.443734791235405268e+00 9.410361513628624497e-01
2.164314478708263323e+00 2.446569180809410327e+00 9.377085180227209271e-01
2.166287669369312940e+00 2.449328127156427559e+00 9.345715524485085357e-01
2.168574922108919001e+00 2.452474172698987154e+00 9.310089581200001740e-01
2.170529834772533917e+00 2.455122402340864873e+00 9.279935294197967366e-01
2.172620572197890176e+00 2.457921806013299904e+00 9.246851665169477652e-01
2.175052766593675191e+00 2.461198307471242686e+00 9.208381962523651820e-01
2.175112602217728508e+00 2.461276281459658044e+00 9.207426146614521301e-01
2.177489151312275162e+00 2.464462535040527147e+00 9.169532939390618864e-01
2.177549378311873340e+00 2.464546597806176464e+00 9.168599371748347160e-01
2.179714001758509934e+00 2.467414385965037482e+00 9.133629348510154955e-01
2.181700993432411195e+00 2.470039374454849668e+00 9.101705951240127712e-01
2.183879276258998026e+00 2.472884295667557630e+00 9.067272899308280731e-01
2.186072803901482953e+00 2.475714904254494364e+00 9.033829425870925078e-01
2.188658780730321940e+00 2.479012444077520083e+00 8.994428943628437478e-01
2.190919859436015305e+00 2.481902667073895064e+00 8.959105954954996731e-01
2.193206186288583215e+00 2.484791606620289084e+00 8.923528818014810904e-01
2.195503060215047597e+00 2.487669596528123250e+00 8.888654999745354557e-01
2.197942306813218671e+00 2.490701341573458905e+00 8.852017876380530170e-01
2.200263676296184467e+00 2.493582107786442403e+00 8.817243146378099805e-01
2.202530194756640469e+00 2.496392571215118039e+00 8.783087799967698173e-01
2.204872541911957917e+00 2.499241963690594481e+00 8.747765803302832710e-01
2.207150141117099729e+00 2.502018653773957713e+00 8.713246824509115473e-01
2.209521884672003278e+00 2.504846869789157715e+00 8.677859770964861941e-01
2.212135204416516121e+00 2.507965825288252404e+00 8.638637672725666405e-01
2.212195741624613188e+00 2.508047495472323529e+00 8.637708656029042809e-01
2.214505550972685644e+00 2.510800156652679860e+00 8.602321926670842833e-01
2.216997413500171543e+00 2.513753441855560933e+00 8.564965604485413886e-01
2.219525212983867846e+00 2.516710122161620156e+00 8.527099297925533339e-01
2.221925666313330439e+00 2.519505826355136868e+00 8.491716488415645969e-01
2.224537179598659709e+00 2.522536913952031501e+00 8.453001049730080041e-01
2.227105606819578920e+00 2.525483810785958738e+00 8.415748042936448403e-01
2.229620896104053340e+00 2.528349651488996486e+00 8.379378279938447527e-01
2.232270834330272624e+00 2.531323750814348905e+00 8.340323146197210491e-01
2.234663190288816548e+00 2.534007621608008520e+00 8.304003397432893063e-01
2.237395407115015278e+00 2.537059166359816764e+00 8.262553699742751778e-01
2.240152850756524039e+00 2.540085020925976877e+00 8.221564444178302011e-01
2.240220261338868646e+00 2.540159836951552563e+00 8.220583903754357102e-01
2.242717801056090199e+00 2.542898185503227992e+00 8.184163654330911530e-01
2.245091608009603945e+00 2.545455049611488274e+00 8.150455949866809435e-01
2.247810246356594988e+00 2.548374586624359228e+00 8.112280002111811328e-01
2.250390187845396905e+00 2.551149305930960232e+00 8.076249481274182518e-01
2.252846077621143195e+00 2.553758614975753183e+00 8.042222354041901333e-01
2.255261486560140582e+00 2.556287023011365456e+00 8.007130273386927621e-01
2.255329871440477696e+00 2.556359400677493454e+00 8.006070321366131060e-01
2.257821345627166743e+00 2.558947574521561741e+00 7.969600294774406013e-01
2.257890421472075193e+00 2.559020235732052395e+00 7.968599427161702220e-01
2.260507749631572860e+00 2.561743802615315424e+00 7.930505157162062169e-01
2.263275251312049541e+00 2.564604317747699369e+00 7.890627000075272068e-01
2.263343024299557804e+00 2.564674082993896764e+00 7.889636426016547466e-01
2.265630987613525438e+00 2.567030836292073737e+00 7.857240746717828461e-01
2.268214507298831784e+00 2.569657111177922282e+00 7.821016183489190032e-01
2.271058579862869742e+00 2.572556856609986120e+00 7.781489945445895229e-01
2.273297839699056411e+00 2.574807621493499177e+00 7.750656925693993893e-01
2.275694904672481922e+00 2.577186691025709742e+00 7.717323670522244772e-01
2.278230036927027857e+00 2.579691186547287352e+00 7.682489277837422081e-01
2.284664597104609562e+00 2.586023830321119377e+00 7.588806872431974604e-01
2.287223231936269752e+00 2.588493437737071190e+00 7.552538831420826382e-01
2.289802284779831165e+00 2.590948732420964795e+00 7.516098095297617521e-01
2.292319165936764325e+00 2.593325463789187602e+00 7.481177622750655454e-01
2.294711900248254111e+00 2.595562413627438225e+00 7.448047421254841982e-01
2.297109143852444024e+00 2.597796676852693665e+00 7.415466876402820873e-01
2.299726567252307063e+00 2.600226170367909706e+00 7.379933697767776524e-01
2.302208635482940302e+00 2.602501837744984670e+00 7.346754304593440255e-01
2.302281071613511809e+00 2.602569468521511276e+00 7.345791893340005707e-01
2.305113539219122210e+00 2.605159975799838268e+00 7.305524504929526985e-01
2.307889728144347341e+00 2.607689295826236986e+00 7.265992143071430265e-01
2.310989580915224550e+00 2.610472128915077850e+00 7.222448620409083198e-01
2.313796535775076268e+00 2.613011495372842496e+00 7.182343998919209493e-01
2.316550364946659002e+00 2.615460088301713171e+00 7.144438332345119935e-01
2.319298594769636512e+00 2.617904950197652347e+00 7.107136529096540478e-01
2.322078842669367926e+00 2.620313272403819838e+00 7.069673137211268665e-01
2.325017717432494191e+00 2.622859673260895086e+00 7.030003323636502266e-01
2.327730227046878930e+00 2.625209892808602508e+00 6.993836936212673994e-01
2.330543793607200431e+00 2.627605006498384910e+00 6.956791836342025581e-01
2.333348271342979174e+00 2.630011797832233711e+00 6.917926378811338761e-01
2.335916043428993394e+00 2.632177317392026872e+00 6.881625986102791748e-01
2.338565769829143104e+00 2.634420033139127426e+00 6.844914137459472414e-01
2.341404282934831826e+00 2.636780431814005787e+00 6.805536427218661366e-01
2.344321673357920410e+00 2.639177620188219109e+00 6.765624148612601196e-01
2.347017263110654728e+00 2.641389111108466636e+00 6.728839760343925391e-01
2.349878536338025015e+00 2.643720972749945997e+00 6.690215589515673411e-01
2.349958192615840602e+00 2.643784183082497741e+00 6.689189619306780132e-01
2.352682611639059118e+00 2.645977802126251444e+00 6.653046692381930916e-01
2.355851285220789126e+00 2.648525667842362097e+00 6.611279864952944729e-01
2.358503055874121568e+00 2.650640802571356147e+00 6.576815653843856024e-01
2.361410151002024449e+00 2.652928147937184011e+00 6.539431401124601306e-01
2.364745532349119550e+00 2.655571840269070449e+00 6.494310917653294268e-01
2.367642953233150660e+00 2.657812147766232869e+00 6.452000028197054649e-01
2.370861812847818051e+00 2.660273727337000516e+00 6.405497470790516568e-01
2.374001793956743267e+00 2.662670665222258926e+00 6.361384875405309280e-01
2.374080259665835690e+00 2.662730096151938675e+00 6.360289687047987472e-01
2.377099615500253282e+00 2.664989046401633921e+00 6.320003632625957879e-01
2.379874028301174782e+00 2.667027358303193374e+00 6.283478576230422386e-01
2.383003887976507418e+00 2.669342256086395082e+00 6.244641879036357812e-01
2.385911364473543461e+00 2.671454917706719723e+00 6.209726572081554208e-01
2.388757334334949523e+00 2.673498293586729968e+00 6.175138716997247146e-01
2.391751773414260818e+00 2.675636169158816635e+00 6.138496670296479385e-01
2.394655818257947821e+00 2.677727349409122048e+00 6.102598998216203219e-01
2.397478480916762411e+00 2.679802824630167724e+00 6.060489444836968387e-01
2.400733897796673233e+00 2.682104798806784540e+00 5.998609357673450049e-01
2.403744629499881658e+00 2.684190329797917940e+00 5.943002390313080197e-01
2.407395761177346660e+00 2.686680442577963568e+00 5.888334702692795686e-01
2.410685657672015036e+00 2.688874427461241723e+00 5.852966525621448035e-01
2.410771823792408952e+00 2.688931742991952589e+00 5.852120623468379801e-01
2.414403834057239351e+00 2.691322270045952703e+00 5.815670143700776284e-01
2.417838734249639465e+00 2.693582396198552775e+00 5.782531180471888188e-01
2.420928843376128903e+00 2.695605598107025713e+00 5.752242325528937883e-01
2.423947021503360055e+00 2.697574752551571642e+00 5.720073458332608496e-01
2.426955465898199993e+00 2.699536434899301618e+00 5.686030834494413266e-01
2.430129526910424609e+00 2.701579218227842638e+00 5.648293798522602271e-01
2.432977303614245468e+00 2.703408675100121616e+00 5.613876272804420031e-01
2.433148189333869560e+00 2.703512277236195693e+00 5.611772619273698304e-01
2.440693692543740578e+00 2.708338450925464436e+00 5.503307806389994283e-01
2.443774186089087586e+00 2.710270688823666951e+00 5.455813542637416580e-01
2.444109916301017371e+00 2.710484720138807369e+00 5.450595765570462881e-01
2.447236538798726713e+00 2.712428445828417356e+00 5.405504013773488881e-01
2.450624020415087312e+00 2.714480275380645402e+00 5.361569200922613465e-01
2.453437956543827347e+00 2.716166006480913886e+00 5.325694357416107527e-01
2.456476446000956937e+00 2.717959248939536110e+00 5.290697993524208220e-01
2.459776637229023510e+00 2.719914280007857954e+00 5.255545530440186575e-01
2.463416465292197710e+00 2.722049619257687070e+00 5.217041780699145370e-01
2.466537358079149644e+00 2.723850068709447569e+00 5.183634421722068675e-01
2.466623205124004681e+00 2.723898719150608105e+00 5.182688309848919594e-01
2.470065116830324925e+00 2.725898420022823565e+00 5.143287654516554008e-01
2.473509654785929435e+00 2.727875435286464256e+00 5.102818661419757928e-01
2.477074531146508107e+00 2.729926780112680085e+00 5.055457669524980879e-01
2.477156578549287502e+00 2.729974370112418391e+00 5.054002146124234596e-01
2.480497386812142047e+00 2.731832655522851816e+00 4.993197332564992541e-01
2.484163834248497071e+00 2.733888410770187072e+00 4.939487615509225438e-01
2.487848321974265975e+00 2.735886009777148686e+00 4.890964792779124437e-01
2.491118896936029614e+00 2.737648494791468323e+00 4.851670462643226100e-01
2.494391601048496110e+00 2.739382146543369423e+00 4.814337479224542471e-01
2.497493068504183178e+00 2.741030043274911954e+00 4.779384547635653346e-01
2.501111508803479655e+00 2.742931727262456931e+00 4.738809912672231062e-01
2.501198276599874148e+00 2.742975783400933842e+00 4.737804944127597118e-01
2.504242626985543119e+00 2.744532763898774430e+00 4.704722234675916548e-01
2.507647645243399559e+00 2.746267241786226609e+00 4.669818676856226647e-01
2.510974170235755309e+00 2.747935258570084471e+00 4.635544277589854212e-01
2.514384720692389941e+00 2.749635348212333241e+00 4.598966119221802873e-01
2.514562377239867086e+00 2.749728526041107735e+00 4.597090073310414748e-01
2.518134713684558434e+00 2.751523422595445467e+00 4.557053069758168484e-01
2.521525246924854358e+00 2.753211367500046691e+00 4.518347753401218414e-01
2.524922055606135807e+00 2.754920633242859740e+00 4.476486570353554462e-01
2.527854665133597134e+00 2.756407664638473420e+00 4.417259259996819121e-01
2.530842859199131212e+00 2.757826774436374251e+00 4.337182527260363130e-01
2.534614429142469039e+00 2.759589104337989429e+00 4.253576541235061792e-01
2.538316798543681863e+00 2.761252418878538784e+00 4.205095838816767517e-01
2.538409109793867469e+00 2.761296324079005160e+00 4.204154792371661009e-01
2.541377868444537835e+00 2.762605482785203570e+00 4.178666159668164570e-01
2.544948831806257417e+00 2.764189427914381714e+00 4.161907326382903172e-01
2.548237178923880464e+00 2.765634209724443959e+00 4.145244027920156338e-01
2.551713694736946980e+00 2.767171235135064578e+00 4.120812627245238891e-01
2.554828778145019186e+00 2.768542531686399855e+00 4.094404754009984826e-01
2.558066191974885495e+00 2.769933850495991390e+00 4.066045597758209951e-01
2.561776520913717992e+00 2.771536976418795817e+00 4.031811589792903550e-01
2.565086055750939842e+00 2.772950113921325066e+00 4.000188007372617593e-01
2.565177085679853697e+00 2.772986847720973369e+00 3.999287496347574411e-01
2.568858598938991378e+00 2.774559134552478046e+00 3.960766652837516277e-01
2.572080693169378929e+00 2.775919335502232688e+00 3.925806803210377116e-01
2.575200092889367021e+00 2.777244660307027768e+00 3.891288134827591838e-01
2.578043485967369541e+00 2.778445745669904987e+00 3.853477113135853060e-01
2.580863289112519166e+00 2.779585359385954746e+00 3.796160284729325207e-01
2.584511359010956077e+00 2.781078711856034502e+00 3.719143581181446057e-01
2.584599506270422786e+00 2.781113564329039445e+00 3.717246241403698304e-01
2.588611265789157123e+00 2.782697676088881078e+00 3.640736141721223063e-01
2.592407466536507332e+00 2.784183664167535710e+00 3.583611421087428139e-01
2.596146102293464875e+00 2.785599951607207192e+00 3.535726470467038252e-01
2.599916523801008683e+00 2.786991306306702665e+00 3.492844572830809402e-01
2.603516205072320844e+00 2.788294829329627689e+00 3.454758820784292750e-01
2.607296423732600843e+00 2.789652970889330064e+00 3.416707691647178358e-01
2.611049878185006001e+00 2.790974538389956017e+00 3.383614879925716523e-01
2.614273303643295243e+00 2.792116112567690323e+00 3.369740350200419732e-01
2.617997261143240273e+00 2.793404262173543984e+00 3.355848048877642098e-01
2.626689728319477446e+00 2.796409305528504419e+00 3.309334621152668077e-01
2.630120893604582566e+00 2.797601878828858801e+00 3.286837527231313283e-01
2.633292788749676205e+00 2.798718943326521824e+00 3.257317299702474633e-01
2.636736788284989252e+00 2.799909934884685203e+00 3.218590382786107318e-01
2.640072494750397514e+00 2.801044130758664430e+00 3.178283606944635742e-01
2.643246810657309265e+00 2.802119113436307263e+00 3.138775576737318773e-01
2.646750729346180719e+00 2.803295171372310879e+00 3.085490670666299895e-01
2.646826101360343575e+00 2.803318908366748907e+00 3.084129316410483268e-01
2.649907245506079700e+00 2.804309887940370505e+00 3.015620831921317357e-01
2.653234105180930502e+00 2.805371710743858049e+00 2.933590418794301269e-01
2.656768591805887425e+00 2.806461618771964428e+00 2.844592441767218038e-01
2.660581274957046993e+00 2.807577530974755042e+00 2.762678019550705022e-01
2.664398959003065670e+00 2.808648674107057097e+00 2.712639372224776579e-01
2.668332357005195110e+00 2.809737073222445147e+00 2.680205481558121106e-01
2.671910550028025799e+00 2.810727934542852857e+00 2.664868563944655100e-01
2.675284649548183680e+00 2.811648676064410601e+00 2.650362437004658567e-01
2.678927899547850711e+00 2.812634185999051351e+00 2.631342048111975918e-01
2.682438814190677867e+00 2.813560239046112521e+00 2.612338304752480078e-01
2.686122674741645788e+00 2.814555682225187372e+00 2.602935559388293574e-01
2.686218632868742962e+00 2.814580807225122605e+00 2.602637734968215044e-01
2.689800053826302939e+00 2.815542743776230594e+00 2.582441716747367333e-01
2.693101338461458383e+00 2.816407809128069317e+00 2.557372840097331124e-01
2.696487379730367451e+00 2.817317506745811162e+00 2.528113032238922808e-01
2.699866309987012158e+00 2.818201080445494000e+00 2.496566967997528586e-01
2.703045976072536938e+00 2.819021373923032758e+00 2.465180624204136584e-01
2.706304130530099439e+00 2.819890552931866967e+00 2.432084337957187981e-01
2.709807041464432409e+00 2.820781501020259707e+00 2.400597689967717829e-01
2.713397780592877506e+00 2.821682951986719257e+00 2.369712280203890298e-01
2.716705478353127035e+00 2.822485314984092497e+00 2.340111006489282164e-01
2.720266889808207633e+00 2.823362470889405174e+00 2.306978571899132580e-01
2.724049041640065116e+00 2.824268987061096414e+00 2.270487597834064120e-01
2.724144163505312299e+00 2.824290881463309422e+00 2.269533934475012060e-01
2.728198873015584613e+00 2.825265913971976239e+00 2.228368677668458864e-01
2.731584517958421721e+00 2.826069167939704752e+00 2.193183161187154950e-01
2.735022764642129456e+00 2.826884518208612640e+00 2.148297616468975713e-01
2.738282192176116236e+00 2.827621133127435904e+00 2.085321862946658278e-01
2.742189548612465444e+00 2.828436341401955545e+00 1.993642330566549326e-01
2.745572024523650345e+00 2.829131673372834666e+00 1.910661818601017137e-01
2.749507522905696888e+00 2.829896898348536638e+00 1.820914514721662103e-01
2.753598930489578045e+00 2.830668209394976653e+00 1.754173017782296173e-01
2.753698374271051463e+00 2.830688162222967375e+00 1.752788333994469150e-01
2.758014799617860113e+00 2.831466314948853036e+00 1.699499852732893335e-01
2.761379145617014252e+00 2.832018882650621627e+00 1.680986132340353267e-01
2.765167240588534803e+00 2.832672172243645647e+00 1.676213080420422830e-01
2.769301280651801367e+00 2.833364665384902281e+00 1.671541748963499552e-01
2.772742642960905890e+00 2.833955131761906721e+00 1.661893218388440230e-01
2.776751650815139527e+00 2.834629275733972609e+00 1.635502988312027561e-01
2.780278887163202484e+00 2.835232521889400559e+00 1.606179995079527190e-01
2.784160728399903473e+00 2.835863014499681256e+00 1.575292128178151507e-01
2.788232673105046189e+00 2.836511047522515483e+00 1.545523151836337705e-01
2.791880718657260729e+00 2.837072677435174661e+00 1.518543752887281384e-01
2.795529049541259248e+00 2.837640720972906649e+00 1.489684129007626257e-01
2.795626072007613150e+00 2.837656073316175309e+00 1.488887033839522700e-01
2.798954333885647294e+00 2.838183385512283330e+00 1.459915368941032132e-01
2.799053571513820504e+00 2.838199239489437975e+00 1.459033198793481256e-01
2.802878887316161194e+00 2.838774007492272045e+00 1.423918088615807043e-01
2.806607196472136856e+00 2.839335979839362700e+00 1.389781880998950114e-01
2.810069564826958466e+00 2.839839432521308105e+00 1.360420694669848551e-01
2.813431763344639513e+00 2.840307466081269716e+00 1.335786036220939776e-01
2.816897965940621695e+00 2.840782979485752868e+00 1.309807253199357091e-01
2.820848315480638302e+00 2.841318513998109641e+00 1.278270700746419186e-01
2.820948641640176557e+00 2.841331752502284758e+00 1.277442349142151601e-01
2.824297515539888170e+00 2.841773251554822188e+00 1.249090445730237225e-01
2.828330502236130695e+00 2.842313654916588384e+00 1.213724668440401416e-01
2.828428188286172151e+00 2.842325606883155054e+00 1.212860541245679991e-01
2.832280982549268966e+00 2.842811177160374569e+00 1.180059027512746078e-01
2.832378340015067053e+00 2.842822069001721630e+00 1.179230688417786804e-01
2.835740718723050779e+00 2.843238747978756642e+00 1.150766044516240427e-01
2.839669951700011907e+00 2.843718447314943720e+00 1.117755146641665476e-01
2.843112694129938056e+00 2.844127063139660905e+00 1.088266700797587971e-01
2.846353172132851217e+00 2.844491766807879518e+00 1.059685172464484570e-01
2.855885480046954417e+00 2.845525126930450899e+00 9.742599358807761678e-02
2.859811597097852154e+00 2.845942787242991212e+00 9.383015534307583005e-02
2.863347253276802729e+00 2.846310305799049090e+00 9.066854202160666565e-02
2.866882523200723121e+00 2.846650277113169203e+00 8.755416857627079663e-02
2.870610693045348327e+00 2.847002523989338396e+00 8.423197490636988305e-02
2.874438271980334747e+00 2.847341743393104530e+00 8.081855636667775733e-02
2.877967935273690436e+00 2.847652687337779209e+00 7.762692579771640622e-02
2.881404902873041074e+00 2.847948512186702974e+00 7.454966886715351515e-02
2.885332035484670321e+00 2.848265533637524882e+00 7.099265515673906790e-02
2.888667942455782622e+00 2.848513738154906161e+00 6.798285232689002533e-02
2.892107517429240993e+00 2.848766057618212777e+00 6.491400583994336171e-02
2.895446804107067340e+00 2.849024561135578892e+00 6.192608983219143048e-02
2.899099458175129040e+00 2.849287251102569307e+00 5.866012871217123753e-02
2.902922387873704047e+00 2.849535676224704162e+00 5.529266818346473961e-02
2.906831903046001031e+00 2.849781456113588796e+00 5.181060261781975790e-02
2.910072147749446891e+00 2.849991458801039546e+00 4.887648862749957579e-02
2.914282873163349663e+00 2.850236360170431915e+00 4.513407182147034791e-02
2.918113932494642349e+00 2.850438026183976348e+00 4.175254519687152110e-02
2.921995978240467640e+00 2.850659844609799265e+00 3.733052350195096430e-02
2.925492303078322642e+00 2.850817418670799963e+00 3.130189248827502935e-02
2.928980993153625256e+00 2.850951581063887907e+00 2.517529484215259503e-02
2.932184835943319356e+00 2.851072868224052925e+00 2.002503332533984992e-02
2.936007907532347971e+00 2.851179958858428343e+00 1.543320925614360441e-02
2.940052473997258886e+00 2.851268301182968923e+00 1.139023387568232314e-02
2.943736283315202762e+00 2.851309162861383140e+00 8.217690636003700810e-03
2.947227230268290921e+00 2.851334199413745107e+00 5.501603899649336674e-03
2.951279377544715921e+00 2.851352606324884853e+00 2.632089915823785081e-03
2.954972589471171140e+00 2.851360855920783699e+00 -5.732222044647602624e-05
2.958432821455053485e+00 2.851350570163404541e+00 -2.453752044632353385e-03
2.962194894341451334e+00 2.851347593185541651e+00 -5.131617865011738229e-03
2.966123430552298323e+00 2.851328864313551481e+00 -7.966764510911623215e-03
2.969768781533989710e+00 2.851312715749233728e+00 -1.063540561871429216e-02
2.973500271160880892e+00 2.851261059223856975e+00 -1.342520825287021879e-02
2.977213911553703518e+00 2.851216586881162751e+00 -1.621219703780741803e-02
