3.309848255670932993e-04 9.999739591084945145e-01 -1.321487370059806407e-04
4.630513440173900097e-04 9.999576954574419529e-01 -1.742394910527831763e-04
4.841024181883382682e-04 9.999515360827949673e-01 -1.264511172557144961e-04
5.044662880720404696e-04 9.999499326956227119e-01 7.707921521164613700e-05
5.437041071512244139e-04 9.999460530278285741e-01 4.833224939566936411e-04
5.806598387050054821e-04 9.999433264097394858e-01 1.008889693548862447e-03
6.243687215357340836e-04 9.999376123911732916e-01 1.709533189740142277e-03
6.830919619480457783e-04 9.999443404761033660e-01 2.597805496917754246e-03
6.869785495828839572e-04 9.999442742720845434e-01 2.659923151008665009e-03
7.823390542459965347e-04 9.999554094994629327e-01 4.013895560818905167e-03
7.850007198277261788e-04 9.999549080060771145e-01 4.039283522790686892e-03
9.150331965740166051e-04 9.999567029509633942e-01 5.316774195811705198e-03
9.659472419618689298e-04 9.999448261766542556e-01 7.252263364414322615e-03
1.024967251682211422e-03 9.999507561999694261e-01 9.340489763168707479e-03
1.059099190095336152e-03 9.999523899321056675e-01 1.174180910074169859e-02
1.101171463933077466e-03 9.999679833587991062e-01 1.438531263192883644e-02
1.167906256163683820e-03 9.999670324880153283e-01 1.708803911083749474e-02
1.208248368644936066e-03 9.999637913919645626e-01 1.982284804465721945e-02
1.259386268189506553e-03 9.999594504577045129e-01 2.291345255098503619e-02
1.266644108201910035e-03 9.999624397088844319e-01 2.336911675213750386e-02
1.325330146699714440e-03 9.999557174414535066e-01 2.694401631607722461e-02
1.377275558946532141e-03 9.999603894934967485e-01 3.050440068685616665e-02
1.519733037195505898e-03 9.999674691409764504e-01 3.465157208927122784e-02
1.620979805021995068e-03 9.999709083628117723e-01 3.822057554826258780e-02
1.653674080403913504e-03 9.999719876222014081e-01 4.308610268133485771e-02
1.712201271377535028e-03 9.999710283049674242e-01 4.748133403012504139e-02
1.743267892514284434e-03 9.999758741363278247e-01 5.246046274458665559e-02
1.812124356023320226e-03 9.999746185312810010e-01 5.818111600648880055e-02
1.875848448908215560e-03 9.999879003604567052e-01 6.403058123129765078e-02
1.930325103036402423e-03 9.999822679436981554e-01 6.985481210172170274e-02
1.979596576893588589e-03 9.999812768663297602e-01 7.650308076193362838e-02
2.032039841687136028e-03 9.999830066637216408e-01 8.216274118691152539e-02
2.060307553353991905e-03 9.999795926842732774e-01 8.850021729870656551e-02
2.088036881054064486e-03 9.999829252912699751e-01 9.526326016014433073e-02
2.153178700446428673e-03 9.999914304518496833e-01 1.030006059766159082e-01
2.267718124802232949e-03 1.000012906860350492e+00 1.097701671428640141e-01
2.360832268673195011e-03 1.000022185087359627e+00 1.168417775717740664e-01
2.439519749498741952e-03 1.000030824978708877e+00 1.255882201785824548e-01
2.545765716444131632e-03 1.000045692518147789e+00 1.336290480440297801e-01
2.648348438776280955e-03 1.000056405851573293e+00 1.409066935059279102e-01
2.794910331716325691e-03 1.000103331740101575e+00 1.480541431617678760e-01
2.877539381629969084e-03 1.000118087831688429e+00 1.558144967059324204e-01
2.950757581190836809e-03 1.000126028345284857e+00 1.648576638803165018e-01
3.039121140678981148e-03 1.000143297848865132e+00 1.740898599493288512e-01
3.104179500692486049e-03 1.000154010525120984e+00 1.822215163533249804e-01
3.180918624457365618e-03 1.000171915511011367e+00 1.907917308728307448e-01
3.267081549661994544e-03 1.000191423205320174e+00 1.981926485848168329e-01
3.473888010051377762e-03 1.000228844559248209e+00 2.222742126613103386e-01
3.539390482006084249e-03 1.000247174758376323e+00 2.316189454862050412e-01
3.592326141166821141e-03 1.000259793348396764e+00 2.400872497361926095e-01
3.655320266096502568e-03 1.000273392943808792e+00 2.478560082164874001e-01
3.769934071984663848e-03 1.000311907607487338e+00 2.562472846531431703e-01
3.884885941472383808e-03 1.000349800673326683e+00 2.657904608189331497e-01
3.887595025888895828e-03 1.000348616730329265e+00 2.660177694130558823e-01
4.006442126145169647e-03 1.000372144653763895e+00 2.751114133460793032e-01
4.124809712246220450e-03 1.000423812913077359e+00 2.836938185700845771e-01
4.205684479789709163e-03 1.000461826965675538e+00 2.917482900713167515e-01
4.327288404258833321e-03 1.000498667037196698e+00 3.006835129700120568e-01
4.406871132326947715e-03 1.000529214337266382e+00 3.082501645226645715e-01
4.516116755192797760e-03 1.000567869955713673e+00 3.185907675732359001e-01
4.636878800546188895e-03 1.000621572521654068e+00 3.268398420872861143e-01
4.759102269460808998e-03 1.000668429056687847e+00 3.357448608776512633e-01
4.844153757591167231e-03 1.000709689285403048e+00 3.437441976985982639e-01
4.950788956395495155e-03 1.000754817426203758e+00 3.520577023935452243e-01
5.031449563399049973e-03 1.000794147349733487e+00 3.596047237450281653e-01
5.141210456821268537e-03 1.000844676001456213e+00 3.670977837103099328e-01
5.249445997878104953e-03 1.000896203733322443e+00 3.764457998766800872e-01
5.348537738023975696e-03 1.000945141115026527e+00 3.841928486735380899e-01
5.453002711059661001e-03 1.000995704872364334e+00 3.927627842116026002e-01
5.564587228221340443e-03 1.001056339825115549e+00 4.014345647421012075e-01
5.684826391126517053e-03 1.001115364978019118e+00 4.105548050869381460e-01
5.686419931298695996e-03 1.001118339849028205e+00 4.107854134170391136e-01
5.808778493162559953e-03 1.001178884674229996e+00 4.185308227052368379e-01
5.944891091233556191e-03 1.001252128045007739e+00 4.268507119819068829e-01
6.049669793218526159e-03 1.001312457997141081e+00 4.359754886762524650e-01
6.158001964867841627e-03 1.001379267385015703e+00 4.452729221593390019e-01
6.261657042390678107e-03 1.001438475644232717e+00 4.534633177566972928e-01
6.327526330286041556e-03 1.001480667553865889e+00 4.621717310348170682e-01
6.430569555732963682e-03 1.001541464396889625e+00 4.709158494066799650e-01
6.521603259020194998e-03 1.001591065067717112e+00 4.791065889853349247e-01
6.662651140069496269e-03 1.001676159981213843e+00 4.885008533011418463e-01
6.773295469027877658e-03 1.001756308262758965e+00 4.983075842601721872e-01
6.881762932297127988e-03 1.001824547920244557e+00 5.071738824972621407e-01
6.883644892480680899e-03 1.001825524398171519e+00 5.074042037278226891e-01
6.930896587853986601e-03 1.001859868582983371e+00 5.166025811109563604e-01
7.012598700289279785e-03 1.001910834171888309e+00 5.262623757431421634e-01
7.102050361373159204e-03 1.001978738437546035e+00 5.348759775599338795e-01
7.210794990647063918e-03 1.002047923026758713e+00 5.436184889071011828e-01
7.305306345654509481e-03 1.002113592087403582e+00 5.532768108536721963e-01
7.373023041567623725e-03 1.002177027323422731e+00 5.615170589468285733e-01
7.456301340316016935e-03 1.002245286669611213e+00 5.699723111522164709e-01
7.495412103503240608e-03 1.002274957329309046e+00 5.782659830687113534e-01
7.567144162944912378e-03 1.002337073107075538e+00 5.867448352163715519e-01
7.662442965957021179e-03 1.002413298704488920e+00 5.959997975666683212e-01
7.778518371304860013e-03 1.002509899171889263e+00 6.053862132979149768e-01
7.867420184142381867e-03 1.002587073985119703e+00 6.144398222519870112e-01
7.956565993930492242e-03 1.002668105076458538e+00 6.227463616998629714e-01
8.051323853098160677e-03 1.002728874181707308e+00 6.316215283583497264e-01
8.138524848675783574e-03 1.002790491427885122e+00 6.400261803886696521e-01
8.238081998876614631e-03 1.002862079964673470e+00 6.495662160195577739e-01
8.334363385904319799e-03 1.002932832635991645e+00 6.586762561105098390e-01
8.425261970149783286e-03 1.003001282684533590e+00 6.667881031071077880e-01
8.505265382249209416e-03 1.003068446560650306e+00 6.751886694551851864e-01
8.601839748197011304e-03 1.003137858451146558e+00 6.847742427751735139e-01
8.604219340516132408e-03 1.003138876123219836e+00 6.850062971609131024e-01
8.644740156919572538e-03 1.003181460046365325e+00 6.934417311377609749e-01
8.714979499876110425e-03 1.003253140122921661e+00 7.025171530675122789e-01
8.716878465597661940e-03 1.003256788155904466e+00 7.027488147250192663e-01
8.782496769131106773e-03 1.003329916400717892e+00 7.105954182537473907e-01
8.836091074222826580e-03 1.003387045807015099e+00 7.191021108462166689e-01
8.926495818576705987e-03 1.003479641508622233e+00 7.280678087144026867e-01
8.996168257580094973e-03 1.003551262222826645e+00 7.361721266895211446e-01
9.073678402851316493e-03 1.003636580628537667e+00 7.442961926379892956e-01
9.148766276456408997e-03 1.003712898712544099e+00 7.533443429234901734e-01
9.244672687326517535e-03 1.003795891454773548e+00 7.622725133956129717e-01
9.345521778448599715e-03 1.003890028135819401e+00 7.708743048354900207e-01
9.747822717356455224e-03 1.004322176949447032e+00 7.795071375590156837e-01
1.196947322884023973e-02 1.006584281283081195e+00 7.889627985409516375e-01
1.471634330336018398e-02 1.009430254520143233e+00 7.982087103265808059e-01
1.764563394375758681e-02 1.012534922356677303e+00 8.082363158751959542e-01
2.018855212857729314e-02 1.015301762573745714e+00 8.164572813287109820e-01
2.284760193521832849e-02 1.018246436055229687e+00 8.236739096909143631e-01
2.563838602799948380e-02 1.021342382027532025e+00 8.274415969746601318e-01
2.570594105106661920e-02 1.021416517367847332e+00 8.274909007588554521e-01
2.887251820414175885e-02 1.024951805670566429e+00 8.293698119902642718e-01
3.139302725864382554e-02 1.027747033283131772e+00 8.329794102222128904e-01
3.384718340025245215e-02 1.030495468567477424e+00 8.391848090492499690e-01
4.123659908177751410e-02 1.039117572944648238e+00 8.572776535436656964e-01
4.358815891243245089e-02 1.041913495273773194e+00 8.605515756680578443e-01
4.604954276724578660e-02 1.044884176517317798e+00 8.630701324294094423e-01
4.847269335626440412e-02 1.047776500574465919e+00 8.630852537347585285e-01
4.852662251300603885e-02 1.047842155228689620e+00 8.630717223782933267e-01
5.085990163807990738e-02 1.050619586437834263e+00 8.602293414225039569e-01
5.340513182584314539e-02 1.053647960339707756e+00 8.559750141212693064e-01
5.573312998977375532e-02 1.056367763218653666e+00 8.527081809351588770e-01
5.835679635610977606e-02 1.059410631368847389e+00 8.520262341447187859e-01
6.109870330873921201e-02 1.062575780388890223e+00 8.547187831969175198e-01
6.408275624123010994e-02 1.066012052547484101e+00 8.607625629147385160e-01
6.670504474517080507e-02 1.069062324358433846e+00 8.664120340649323904e-01
6.927291953355191323e-02 1.072072002988170070e+00 8.711697253060161072e-01
7.160600962970815886e-02 1.074886187885945033e+00 8.746672128973019822e-01
7.416271766599513704e-02 1.078014396885406567e+00 8.772428109175715027e-01
7.666326011582809408e-02 1.081105119941639048e+00 8.791148740271896855e-01
7.679698786980232450e-02 1.081267130047557812e+00 8.791558143636226674e-01
7.906097561998975953e-02 1.084068357457440346e+00 8.805458797246408231e-01
8.181383184381724183e-02 1.087432465861281061e+00 8.843921145016154783e-01
8.423709437507852227e-02 1.090386294615851348e+00 8.888777813854042975e-01
8.648934581853590098e-02 1.093185039401729508e+00 8.928541713946840375e-01
8.878913895924597788e-02 1.096044478390615140e+00 8.959300086866306412e-01
9.116728324088488322e-02 1.099056737798604466e+00 8.981813642575215972e-01
9.339565992926573967e-02 1.101971541730884185e+00 8.996393267877598188e-01
9.590528778211088179e-02 1.105205760523190639e+00 9.001584845225685250e-01
9.813728207000810277e-02 1.108140130474607687e+00 9.000014521734334139e-01
1.003307911678959080e-01 1.110990236576866907e+00 8.974230388405676218e-01
1.022351567973150410e-01 1.113665995970308797e+00 8.922461104402344967e-01
1.044532514481907870e-01 1.116492388878686848e+00 8.858949955010178012e-01
1.068442023511775307e-01 1.119472141929522824e+00 8.816303206946163318e-01
1.094361732000016796e-01 1.122669119455719899e+00 8.803472535833789525e-01
1.123331744127563092e-01 1.126169096360510435e+00 8.822455233067646452e-01
1.146995862444004921e-01 1.129070293875637621e+00 8.869501051253568802e-01
1.168417347055166755e-01 1.131711935909410105e+00 8.923096669307124529e-01
1.190514164598270447e-01 1.134449671992863395e+00 8.959653768264834728e-01
1.193105970065801991e-01 1.134773725166255520e+00 8.962384365866573610e-01
1.219006451600344598e-01 1.138050857834531637e+00 8.978319996320557328e-01
1.219630423452069540e-01 1.138128150546583006e+00 8.978605058476850642e-01
1.241478174549176527e-01 1.140933657617952734e+00 8.980116440402108324e-01
1.265318492641993031e-01 1.143991443795415286e+00 8.977708401841302255e-01
1.290389800714292767e-01 1.147214476493169100e+00 8.973952453526072848e-01
1.314954762024075352e-01 1.150361409275802549e+00 8.974668719856782051e-01
1.341978368882746631e-01 1.153747880635819456e+00 9.000097121886193596e-01
1.365868601050762576e-01 1.156766633291923307e+00 9.040553027958988519e-01
1.390991847842326101e-01 1.159965956823021171e+00 9.085799184096557957e-01
1.415155087370432718e-01 1.163077799497099107e+00 9.119696091398514781e-01
1.439797358977681629e-01 1.166267373545771591e+00 9.142573763731957071e-01
1.463134265316770599e-01 1.169355885561937924e+00 9.154586565604512227e-01
1.485416615678810115e-01 1.172323280055204364e+00 9.158471554137124215e-01
1.508473909169389393e-01 1.175422366868724033e+00 9.156389160383441306e-01
1.530051301250670848e-01 1.178263781896819795e+00 9.150062776174282542e-01
1.552732358463982387e-01 1.181282128973795587e+00 9.148162963834366446e-01
1.579194885251457570e-01 1.184701560509879625e+00 9.172095742655478334e-01
1.604713862735979713e-01 1.188055237057984881e+00 9.210316166481841149e-01
1.624663133013073135e-01 1.190667098840166194e+00 9.241515940362238224e-01
1.649872370489789963e-01 1.194016739922924231e+00 9.266149693287841771e-01
1.672229409368839459e-01 1.197043111437573915e+00 9.280707640914052092e-01
1.693100171187524872e-01 1.199887606060037637e+00 9.287588001551997374e-01
1.716958722943205673e-01 1.203170204960131606e+00 9.287305721431717842e-01
1.740296995682056036e-01 1.206367654483551100e+00 9.279752513217892629e-01
1.761261651539961504e-01 1.209285107193088127e+00 9.262857998322503450e-01
1.781160498281878501e-01 1.212056882008424319e+00 9.229449595897613046e-01
1.781603552332328699e-01 1.212123738240339144e+00 9.228323586406963486e-01
1.803782526743350489e-01 1.215077323001664489e+00 9.166879666680349814e-01
1.829427484647097590e-01 1.218495573515951724e+00 9.117416587021813790e-01
1.851939132990727821e-01 1.221431391880713369e+00 9.106486505394028041e-01
1.879531938951405634e-01 1.224971012545366555e+00 9.125998858833084260e-01
1.907156524482309934e-01 1.228575505183092442e+00 9.179598534801444165e-01
1.932168977290981693e-01 1.231893025520327978e+00 9.254501998967586962e-01
1.932810782634959978e-01 1.231974803945508068e+00 9.256490320688187667e-01
1.955482044558139176e-01 1.235020947308925310e+00 9.327031740488449518e-01
1.978997565716807405e-01 1.238192738948037386e+00 9.372837663305205735e-01
2.002854045741463140e-01 1.241509369816816255e+00 9.388496561177378519e-01
2.023940359930954114e-01 1.244444246629150985e+00 9.379520389149679227e-01
2.083948013359574469e-01 1.252683889703611442e+00 9.361132089368050524e-01
2.105990446631298973e-01 1.255685230497491922e+00 9.385297413589875903e-01
2.129683817314466654e-01 1.258966175235369134e+00 9.403372845508491951e-01
2.149278498154684747e-01 1.261768415731343795e+00 9.400388165791875306e-01
2.167419523822894933e-01 1.264371207802758912e+00 9.377349076064999123e-01
2.184781356656181339e-01 1.266840602240216551e+00 9.337695106093576447e-01
2.206278113456234813e-01 1.269826339962140782e+00 9.283402395397269968e-01
2.230650065208859834e-01 1.273167345736694545e+00 9.230977461796815442e-01
2.254562825371942414e-01 1.276414370097785467e+00 9.191421712619191053e-01
2.255154396829153751e-01 1.276493228183176454e+00 9.190621726677917769e-01
2.279366831675214145e-01 1.279716639525705801e+00 9.170848489796424863e-01
2.279990340651981973e-01 1.279798463515902318e+00 9.170718594132918344e-01
2.305696726376217920e-01 1.283141011009290677e+00 9.181734548768257786e-01
2.330220115976404938e-01 1.286367885543121981e+00 9.220344785670647747e-01
2.331477722321889379e-01 1.286526888369511568e+00 9.222587940800216488e-01
2.355419604293227387e-01 1.289729063210345750e+00 9.265197825996899228e-01
2.375974025781346088e-01 1.292455046976410671e+00 9.285685029549854974e-01
2.399361135622915253e-01 1.295598507324883908e+00 9.298121083483340543e-01
2.423556588847904925e-01 1.298880744259519382e+00 9.299824225427796298e-01
2.443633320400503683e-01 1.301593964888680066e+00 9.297075877149868495e-01
2.462797909962253506e-01 1.304233404138003927e+00 9.290185202016679744e-01
2.481686252178361696e-01 1.306868558045624074e+00 9.278158053610467970e-01
2.502064777400007656e-01 1.309676542262752763e+00 9.241418973482481425e-01
2.502643721784491015e-01 1.309749148025220356e+00 9.239757426067828350e-01
2.520553066206006054e-01 1.312143148360945810e+00 9.187874024766408132e-01
2.540773416585913047e-01 1.314841031504133007e+00 9.144265676804381737e-01
2.565186721667285230e-01 1.318053675498698007e+00 9.123210315286447436e-01
2.588607832532608954e-01 1.321061013700063569e+00 9.131069625656611510e-01
2.589255851761693705e-01 1.321144584628327179e+00 9.131611594627013773e-01
2.612634199790140888e-01 1.324166017910587856e+00 9.165674155876858409e-01
2.635710049123582421e-01 1.327187138255758958e+00 9.222340087391663888e-01
2.659004949534250484e-01 1.330291755313548929e+00 9.281001125096295379e-01
2.680912486086400870e-01 1.333219224513558121e+00 9.321686372053783476e-01
2.701471614437477298e-01 1.336002899129566490e+00 9.333808555600520140e-01
2.719995642444837936e-01 1.338546908842278782e+00 9.328057206232298615e-01
2.738863250600671595e-01 1.341132826456552740e+00 9.299771378768239005e-01
2.757262862443386475e-01 1.343667531219962408e+00 9.246422200377698575e-01
2.757797906430112245e-01 1.343740277033121711e+00 9.244630725805981220e-01
2.781324605276083162e-01 1.346905319487447850e+00 9.171536288150380356e-01
2.803372179766032146e-01 1.349864871085005635e+00 9.131738986676557479e-01
2.826146360060777241e-01 1.352806841386495984e+00 9.121780984425961192e-01
2.827451095701594697e-01 1.352970388612873887e+00 9.121801582465498548e-01
2.851279536413504623e-01 1.356060073292975510e+00 9.134598923868323395e-01
2.873714965632164775e-01 1.358973039287360907e+00 9.147437593344718287e-01
2.894298140436615818e-01 1.361657383010678402e+00 9.157303237237236493e-01
2.914324701062618317e-01 1.364259921295821520e+00 9.158713354508218885e-01
2.938073286934715367e-01 1.367404066722382128e+00 9.153987467033849468e-01
2.938652115775276519e-01 1.367481574473317085e+00 9.153842006212831173e-01
2.959976180256498335e-01 1.370314125361085100e+00 9.146221527932585360e-01
2.982621720173026514e-01 1.373283622166179718e+00 9.136588763116898493e-01
3.007802819406440453e-01 1.376575108909456890e+00 9.125888347092172559e-01
3.029212884088429703e-01 1.379401308587229646e+00 9.116191193160748663e-01
3.053374703143637015e-01 1.382561510256929083e+00 9.108898874750369634e-01
3.053998936313404022e-01 1.382638716991300809e+00 9.108965932861079473e-01
3.077939047777483728e-01 1.385711895748988232e+00 9.122948944540771876e-01
3.098755197521635418e-01 1.388406569908236854e+00 9.144203110813019508e-01
3.120568194151326913e-01 1.391243778988765722e+00 9.161739132259667517e-01
3.142450066459968605e-01 1.394088582214037420e+00 9.172886576021239691e-01
3.162885785396341021e-01 1.396762980803104792e+00 9.174972757971187054e-01
3.186671931133476798e-01 1.399919526020676930e+00 9.170862188727693098e-01
3.210188648528275457e-01 1.403047607931935836e+00 9.163438181488794410e-01
3.233182006959690602e-01 1.406091348676468566e+00 9.153365455500919179e-01
3.255462749343005502e-01 1.409094335825352262e+00 9.139113324275047745e-01
3.273423444739259058e-01 1.411533765489596082e+00 9.110597049917463774e-01
3.292636814682051716e-01 1.414029076667022045e+00 9.065926771395710349e-01
3.312516342397552882e-01 1.416628065324626817e+00 9.038696169608859687e-01
3.313149431950230817e-01 1.416702705553802843e+00 9.038230916759137923e-01
3.336361092680307228e-01 1.419631597392007949e+00 9.033665750105386305e-01
3.360618143190496343e-01 1.422717719422393889e+00 9.057887416594989638e-01
3.382420070835915893e-01 1.425506972136657335e+00 9.094776202318791691e-01
3.407000378093493209e-01 1.428675692201746061e+00 9.130775759994897989e-01
3.426868039426639312e-01 1.431243669280093611e+00 9.149804855346229671e-01
3.448529818184477014e-01 1.434089191555691700e+00 9.148991968995004997e-01
3.470730269051529038e-01 1.437054988165261449e+00 9.123864430851683638e-01
3.490515894773645877e-01 1.439640655551450266e+00 9.073773499357291605e-01
3.509456724193600330e-01 1.442131544260696119e+00 9.021379832063680659e-01
3.530025207017485900e-01 1.444834742783033033e+00 8.971595086872532487e-01
3.530609070835424856e-01 1.444909732218712772e+00 8.970287387582455141e-01
3.552051433463241925e-01 1.447625836153191514e+00 8.928661303682075001e-01
3.578265495276296559e-01 1.450911980446185190e+00 8.907838588800629509e-01
3.601563954472660756e-01 1.453790469112906658e+00 8.915750963056995326e-01
3.627232215215720479e-01 1.456976913547646024e+00 8.943165146074919525e-01
3.648993037708671006e-01 1.459681175344007986e+00 8.964057491566480573e-01
3.671166820527085872e-01 1.462467289349830946e+00 8.976179592917337136e-01
3.735628336055678567e-01 1.470591014512765637e+00 8.975203746828355200e-01
3.756531250497578411e-01 1.473212239712696103e+00 8.972316864001066428e-01
3.776262862269980647e-01 1.475727584070877452e+00 8.963404301159225707e-01
3.796373833924970853e-01 1.478271219315732132e+00 8.956024645506952542e-01
3.817797425779479448e-01 1.480940842483913000e+00 8.960992840628203560e-01
3.839253949876239025e-01 1.483625843668550326e+00 8.970155989766713800e-01
3.860105574461836220e-01 1.486247251595937069e+00 8.975094413525502857e-01
3.882643625466106196e-01 1.489095509746209522e+00 8.976301825998056483e-01
3.906517968298244825e-01 1.492095277522066166e+00 8.974131631269133269e-01
3.931262850913738172e-01 1.495250825398970695e+00 8.968814877651332118e-01
3.931881878083906545e-01 1.495324148407740861e+00 8.968635440699255224e-01
3.955995057304032003e-01 1.498389978703593250e+00 8.959296499415438930e-01
3.978789368536835847e-01 1.501302584849134814e+00 8.948789118008774190e-01
3.979393049707182772e-01 1.501381262223718593e+00 8.948538219180626196e-01
4.002992676162422381e-01 1.504414892107122093e+00 8.931415835918377066e-01
4.024557691182151231e-01 1.507164148936107395e+00 8.894194590237768372e-01
4.043635140383573523e-01 1.509555188055579311e+00 8.853771196336897020e-01
4.066435795485203730e-01 1.512419544284839157e+00 8.820254299052057156e-01
4.090176016577542484e-01 1.515302825544055043e+00 8.813637399237808090e-01
4.111717800008551915e-01 1.517922644271396226e+00 8.830958599535800868e-01
4.137073995277118499e-01 1.521014618162829901e+00 8.870458772350739984e-01
4.160109195674701610e-01 1.523856974932416897e+00 8.903310029855855401e-01
4.185643078975458953e-01 1.527009906696031649e+00 8.929147085994466604e-01
4.208377097334665695e-01 1.529854913149733653e+00 8.938481452087650991e-01
4.234604468189178128e-01 1.533186128154845562e+00 8.935636887900352265e-01
4.256057066657673027e-01 1.535912402309192570e+00 8.911199296052360053e-01
4.274733284717125437e-01 1.538242705899126150e+00 8.868836316853003776e-01
4.295123848775966868e-01 1.540805374014032836e+00 8.820277096567527009e-01
4.316288626425847097e-01 1.543436524380645825e+00 8.790745203747930558e-01
4.338577407664592211e-01 1.546105884667927199e+00 8.787089601621476120e-01
4.359942236508460578e-01 1.548701523300322513e+00 8.800378373937609577e-01
4.384425388021042092e-01 1.551675252446194531e+00 8.832177486498550278e-01
4.409641903052977097e-01 1.554748520358375519e+00 8.863902332914058713e-01
4.410254008389031255e-01 1.554825982660686945e+00 8.864604331438569185e-01
4.433165367661849876e-01 1.557649175771381067e+00 8.886631887503002591e-01
4.457160506941919564e-01 1.560672205592237516e+00 8.883994660034681967e-01
4.480643051884740657e-01 1.563645075294704423e+00 8.855221173182289407e-01
4.499588335996709820e-01 1.565972972101050908e+00 8.812954762361803196e-01
4.500188515890057306e-01 1.566048269554745076e+00 8.811518955105920314e-01
4.516543061485422395e-01 1.568075832479405296e+00 8.775768478366230418e-01
4.525165876711220725e-01 1.569150863405881502e+00 8.759974834515918962e-01
4.545429133188240156e-01 1.571661661247215847e+00 8.731276380901084044e-01
4.568644509112572138e-01 1.574434402551750711e+00 8.720294947941019670e-01
4.592628106289162182e-01 1.577298374551562521e+00 8.732318958895539662e-01
4.619648638207348723e-01 1.580527466096836253e+00 8.773697931154286200e-01
4.644895711448994158e-01 1.583581942288030397e+00 8.816404028163676854e-01
4.669047822495572264e-01 1.586513735626355226e+00 8.830783940696368406e-01
4.690734825944911646e-01 1.589217232000403213e+00 8.821416951450847810e-01
4.712846557960732596e-01 1.591958601144546792e+00 8.787562577408583042e-01
4.733820169906713948e-01 1.594530430320338921e+00 8.747690432250743164e-01
4.755698733431031333e-01 1.597233092275054833e+00 8.711611699972874323e-01
4.778552596874818814e-01 1.599988211911282932e+00 8.682437203887172217e-01
4.801778794249922933e-01 1.602744595715832610e+00 8.666679975125526347e-01
4.825617246772102575e-01 1.605549053511609481e+00 8.671410047868939319e-01
4.848048125969920408e-01 1.608209085777174474e+00 8.690485222091689499e-01
4.871472749526847279e-01 1.610991719550846746e+00 8.696344628643333241e-01
4.896859156095985655e-01 1.614016695052639783e+00 8.695922354112929353e-01
4.919919609503650149e-01 1.616786156393081875e+00 8.689646092739355954e-01
4.942925283457583752e-01 1.619561870919958402e+00 8.680517374545665410e-01
4.965984721877961805e-01 1.622335609635319198e+00 8.670414710986495965e-01
4.990165875546330732e-01 1.625263973492465874e+00 8.659230381975369095e-01
5.017394157039258840e-01 1.628492939005332429e+00 8.646894802557958393e-01
5.040976440817124260e-01 1.631342773772706423e+00 8.632840625387685485e-01
5.062324152967443425e-01 1.633893089522614250e+00 8.618411922411591819e-01
5.083774146315092057e-01 1.636387637758055735e+00 8.617209156204537202e-01
5.109814214901188256e-01 1.639428554012683614e+00 8.621887529528492466e-01
5.133679924426983732e-01 1.642212658795780378e+00 8.625866624465464705e-01
5.158076137618040624e-01 1.645066352572599033e+00 8.628481141784829500e-01
5.158741088800069541e-01 1.645142704903944875e+00 8.628509790724896433e-01
5.181044121789120105e-01 1.647771484945664833e+00 8.625531289475392160e-01
5.203284539818626708e-01 1.650393510442319744e+00 8.620371851671477792e-01
5.228834164161687559e-01 1.653401761842701045e+00 8.613417030535310825e-01
5.253419280460959184e-01 1.656331555846107584e+00 8.597025464561663943e-01
5.276015578006638673e-01 1.658963735580606613e+00 8.563088965967856625e-01
5.304062355865939438e-01 1.662261613082169909e+00 8.527757926108137099e-01
5.330108454128135165e-01 1.665223490539029072e+00 8.525149195953494186e-01
5.353014266652926789e-01 1.667871452086904016e+00 8.538894310068160243e-01
5.377916690096794516e-01 1.670723851281429528e+00 8.558223197082611700e-01
5.446535995928972751e-01 1.678662928575737512e+00 8.595962554075111672e-01
5.469026363203552954e-01 1.681278402849529563e+00 8.603036673084668573e-01
5.492338081954325490e-01 1.684027671524874759e+00 8.600080560937071184e-01
5.515207893703487629e-01 1.686778101211802161e+00 8.576764382668826681e-01
5.536854386800942329e-01 1.689339459676084454e+00 8.533131165485954295e-01
5.558371915027726651e-01 1.691866915603186472e+00 8.491716676336140690e-01
5.581888194856257090e-01 1.694589424193109650e+00 8.472510134184207953e-01
5.606326188715869963e-01 1.697348199169807170e+00 8.475157809306822498e-01
5.634235112057042194e-01 1.700511632554207342e+00 8.493302029471775372e-01
5.655939355850886363e-01 1.702984547008157490e+00 8.508506308943508678e-01
5.679680295677748125e-01 1.705705486551179373e+00 8.515236495658587978e-01
5.702794542528508703e-01 1.708444682246653912e+00 8.499979644140343016e-01
5.728076315576431377e-01 1.711359667993785916e+00 8.472432421783753220e-01
5.753823808971580966e-01 1.714327287643748532e+00 8.442477623268110909e-01
5.777920624504905289e-01 1.717112152422353599e+00 8.416054130095408370e-01
5.801920621699406810e-01 1.719845256427666946e+00 8.397391518142961475e-01
5.828488619405680637e-01 1.722785719470354415e+00 8.399552310292887070e-01
5.829174835010026978e-01 1.722863059464956770e+00 8.399949181205109694e-01
5.856001814222834279e-01 1.725880181043915940e+00 8.424185343374998025e-01
5.881713168145752402e-01 1.728785429512376570e+00 8.451866068216558059e-01
5.905740706451069189e-01 1.731494597361714405e+00 8.470995838714396875e-01
5.930562501937868269e-01 1.734333477765702902e+00 8.466166775284580392e-01
5.931184182627058377e-01 1.734406192396307222e+00 8.465811120435337012e-01
5.955920190729215857e-01 1.737221813310374952e+00 8.442615849788249749e-01
5.978739425177300726e-01 1.739857801597812115e+00 8.415073976718729920e-01
6.002907535628330127e-01 1.742654943237342824e+00 8.389346383939820795e-01
6.026359136757327706e-01 1.745318650267031035e+00 8.369069288957244890e-01
6.047747529501190655e-01 1.747744467665421908e+00 8.355079477049012215e-01
6.071600906546219534e-01 1.750353060002135308e+00 8.356107547136832903e-01
6.098039528835331735e-01 1.753297925491220433e+00 8.378406624476893994e-01
6.122978082913432818e-01 1.756081038077365708e+00 8.394921560690727924e-01
6.146240036327680345e-01 1.758728495549705784e+00 8.389797204357983818e-01
6.171363369417829370e-01 1.761602339666062278e+00 8.375341204384840754e-01
6.195884838957165242e-01 1.764377066474926536e+00 8.358406554829265200e-01
6.220625177273915174e-01 1.767147892454219438e+00 8.341769654330627448e-01
6.242768650568349953e-01 1.769647091368235614e+00 8.329775443532217993e-01
6.268426340006907349e-01 1.772511166824284334e+00 8.318386645105124710e-01
6.269740770100743488e-01 1.772654797516899361e+00 8.317823963491252082e-01
6.293609700457848399e-01 1.775299056518706564e+00 8.311377394018857334e-01
6.318187468287745912e-01 1.777988510108858611e+00 8.322786685319661926e-01
6.341550983317265633e-01 1.780555650603455220e+00 8.339613133702253878e-01
6.363689869105546570e-01 1.783035666035669653e+00 8.339032023448289532e-01
6.386760951889922655e-01 1.785617842915414588e+00 8.329746735169321070e-01
6.412586733908959280e-01 1.788531502308565280e+00 8.316440607949731056e-01
6.436927733707662469e-01 1.791248637215357764e+00 8.303422646619735836e-01
6.460987135763922584e-01 1.793961136769160802e+00 8.291779317003677985e-01
6.486026639267304938e-01 1.796764518351612105e+00 8.281149129705349665e-01
6.507985745025587354e-01 1.799177005835272070e+00 8.272642885918720657e-01
6.532175916620241996e-01 1.801817712762039836e+00 8.264516897757560043e-01
6.557597967350324852e-01 1.804555506169138512e+00 8.263476385671049140e-01
6.582095931319140725e-01 1.807247776208481538e+00 8.268496576938959564e-01
6.608321574440753077e-01 1.810108151701949719e+00 8.264829738134961135e-01
6.608992878169954732e-01 1.810179326713609704e+00 8.264718709837213240e-01
6.631849676485633838e-01 1.812663890269097466e+00 8.259511750432014798e-01
6.657959175953722664e-01 1.815524112666263790e+00 8.251764665095120410e-01
6.658606775862704330e-01 1.815595896326218206e+00 8.251568947724855496e-01
6.683321697714994514e-01 1.818309324112601821e+00 8.243778728677224610e-01
6.708597932202161607e-01 1.821100982706278071e+00 8.235793675791015511e-01
6.734043743534986470e-01 1.823881264422085202e+00 8.228210286775614613e-01
6.760834325392399702e-01 1.826797252812230932e+00 8.220342531190406588e-01
6.785788304054894970e-01 1.829505761069053049e+00 8.213767078533631416e-01
6.809437864146156150e-01 1.832051485449880168e+00 8.208635424734294084e-01
6.834628548282871696e-01 1.834758363295656558e+00 8.205392938914347623e-01
6.861734603503023555e-01 1.837682754604329283e+00 8.201487228013695230e-01
6.862421055719724050e-01 1.837757672419117583e+00 8.201340171247524236e-01
6.890142493433840665e-01 1.840765468059613497e+00 8.196293291192291441e-01
6.915221714680221954e-01 1.843451234879493805e+00 8.191411635147057835e-01
6.943536961005687402e-01 1.846523453631860656e+00 8.185649497584260859e-01
6.944230939917008794e-01 1.846599015620407291e+00 8.185506924392719208e-01
6.969891449338480038e-01 1.849372630206528978e+00 8.179384767187540817e-01
6.995484658677526557e-01 1.852147042630852170e+00 8.172982964131929595e-01
7.019772347244112032e-01 1.854766631041286029e+00 8.167131635228562780e-01
7.047288132460711729e-01 1.857773744560037077e+00 8.156735039573671520e-01
7.073964810677527693e-01 1.860680034733308119e+00 8.138374907144082515e-01
7.099288166087643903e-01 1.863384693090129218e+00 8.132896665761630839e-01
7.125546984024719865e-01 1.866166227216219609e+00 8.130113442057861350e-01
7.154526978589109687e-01 1.869210773223237698e+00 8.129517328367115159e-01
7.179455749063651249e-01 1.871833540079673064e+00 8.128292741767075835e-01
7.248236534207110893e-01 1.879122059337705153e+00 8.119885243829279009e-01
7.273459404159288155e-01 1.881817964613386351e+00 8.116192766729096730e-01
7.296803979822776842e-01 1.884353619926512957e+00 8.105660969711956376e-01
7.324460303935629302e-01 1.887297227053956528e+00 8.093107067570702862e-01
7.347194255619102776e-01 1.889705338474008567e+00 8.088852064454595814e-01
7.375466955478561237e-01 1.892681593431108311e+00 8.085592003036324860e-01
7.401133491129612274e-01 1.895356161381542837e+00 8.082879313518454012e-01
7.427197272912611226e-01 1.898114663944128200e+00 8.079235616876705439e-01
7.454867045077088195e-01 1.901044139909476627e+00 8.074175547991357949e-01
7.478917382012471027e-01 1.903567456971637428e+00 8.070004625819734434e-01
7.506565959893264361e-01 1.906495083514829769e+00 8.058524106920051944e-01
7.532778746850170570e-01 1.909279691031207538e+00 8.038876217537274105e-01
7.558259463677867718e-01 1.911946260017523436e+00 8.027182983777413350e-01
7.585499071434426144e-01 1.914774544478868856e+00 8.024700237178737927e-01
7.611974073635293658e-01 1.917517793860421094e+00 8.025725895112851838e-01
7.637747218547402683e-01 1.920193139591698239e+00 8.026427756930323287e-01
7.661284950613707068e-01 1.922653059509014328e+00 8.026287389765449642e-01
7.688329427769176050e-01 1.925475879051234074e+00 8.023449846247044936e-01
7.714718867351103571e-01 1.928218574849805966e+00 8.019853815727641111e-01
7.740119950740026455e-01 1.930879660987690372e+00 8.009228497032570004e-01
7.766231776808781850e-01 1.933666889026543600e+00 7.991177747390925123e-01
7.766899825683951653e-01 1.933737375845471451e+00 7.990775118349812134e-01
7.793759705874269139e-01 1.936532351632465954e+00 7.975704364271832825e-01
7.794494064675576706e-01 1.936602927608815472e+00 7.975579580190077511e-01
7.819922827075588279e-01 1.939204589547625757e+00 7.974163082025671478e-01
7.842945616979405399e-01 1.941573974514438694e+00 7.975416368831248493e-01
7.868732419284576451e-01 1.944227143795989265e+00 7.976097442196529164e-01
7.895290299711336113e-01 1.946972550167193949e+00 7.974406114380100385e-01
7.920375844951726974e-01 1.949555138012286637e+00 7.971977683727373698e-01
7.947563490639263373e-01 1.952351412203606307e+00 7.967757312268886061e-01
7.971210253456233463e-01 1.954788587101791819e+00 7.963623651426745553e-01
7.995768135316130287e-01 1.957359231529053112e+00 7.953454547386857865e-01
8.020726408327658596e-01 1.959957674554962503e+00 7.937021312088010649e-01
8.045705469399953014e-01 1.962577941909269263e+00 7.920978986359180629e-01
8.070730105546951583e-01 1.965143573697666568e+00 7.907982459626936578e-01
8.099714085192608604e-01 1.968067430225727499e+00 7.907182154166582100e-01
8.126786719255945091e-01 1.970816549665977302e+00 7.907596081283727596e-01
8.152136545676821333e-01 1.973387749503732191e+00 7.907955182228482149e-01
8.178165032960629244e-01 1.976027569997296673e+00 7.907877134834462307e-01
8.206224576530758430e-01 1.978886169779544790e+00 7.905266829161293751e-01
8.231016070264545181e-01 1.981442878898532545e+00 7.897068882241309318e-01
8.255410137339367349e-01 1.983980613916896285e+00 7.883232318226423008e-01
8.280924724122172842e-01 1.986600768311143961e+00 7.866601385993553519e-01
8.309036652249449650e-01 1.989444288179133213e+00 7.857616439587722379e-01
8.335259875538274521e-01 1.992077492883968182e+00 7.856347703745115707e-01
8.359327444274747831e-01 1.994491835576032379e+00 7.855925492404020050e-01
8.383408409219876845e-01 1.996916438908956870e+00 7.855407845305391046e-01
8.408874534807888601e-01 1.999465692013415063e+00 7.853533061554173189e-01
8.435648289485819795e-01 2.002161991718971024e+00 7.849920732227416709e-01
8.462524919731514439e-01 2.004870196351460798e+00 7.845306376012460836e-01
8.488110180836619945e-01 2.007482614400676546e+00 7.834675656110762221e-01
8.515242275297832952e-01 2.010247211088703523e+00 7.817082804091585180e-01
8.515956858755708847e-01 2.010314486443836479e+00 7.816579683409722312e-01
8.542017748262491494e-01 2.012942343603191908e+00 7.803226929577574689e-01
8.567686277827596397e-01 2.015495637364527415e+00 7.799839566367271493e-01
8.591305791562381389e-01 2.017829079405095261e+00 7.798520771176338240e-01
8.614705325231304389e-01 2.020167116951681496e+00 7.797126437244603636e-01
8.642524365263526409e-01 2.022932701026140201e+00 7.794130236180957239e-01
8.643219740833897324e-01 2.023003342922518932e+00 7.794048804696441790e-01
8.668807359800034806e-01 2.025545776518637986e+00 7.789884428141268247e-01
8.694471503451387528e-01 2.028080084028162311e+00 7.785473522552758263e-01
8.722096189534138677e-01 2.030826397538644912e+00 7.776233992058455557e-01
8.747025953572470369e-01 2.033327788468136443e+00 7.761264247563671725e-01
8.776320105896388002e-01 2.036249292250540854e+00 7.743234671455999640e-01
8.777019456127685970e-01 2.036319117223563957e+00 7.742787500342031004e-01
8.804019639699645072e-01 2.038984146634977179e+00 7.731692382023725996e-01
8.828639503821846812e-01 2.041394958448157215e+00 7.729086632972886894e-01
8.829354561561926218e-01 2.041467378078433370e+00 7.729025356518114398e-01
8.860228868847068728e-01 2.044491987371158892e+00 7.727034273538915254e-01
8.888010647145397902e-01 2.047209544616595878e+00 7.726572953142134548e-01
8.912400670922155932e-01 2.049602402077813856e+00 7.723981135498344530e-01
8.938191242119506441e-01 2.052152264211947852e+00 7.719546533477280592e-01
8.965481051847417060e-01 2.054818295815201257e+00 7.714060355022606119e-01
8.995162201248950717e-01 2.057730796446779920e+00 7.704545218573062293e-01
9.023199776313705067e-01 2.060491617056179336e+00 7.686997198908761542e-01
9.049296311252363889e-01 2.063057103008209214e+00 7.669242487981114964e-01
9.076498219842273896e-01 2.065695166085859569e+00 7.658424129033174488e-01
9.103436130200048826e-01 2.068283572681782090e+00 7.655002639905544859e-01
9.129617609387310484e-01 2.070811015259917731e+00 7.653290534569602288e-01
9.156401583460710425e-01 2.073394056312192646e+00 7.650840339280825519e-01
9.233331425212384369e-01 2.080796961549433277e+00 7.639992831721800215e-01
9.234062859312301974e-01 2.080868472014672399e+00 7.639865809187318391e-01
9.260251706931857951e-01 2.083425251151749258e+00 7.632907536501574164e-01
9.286066356029012425e-01 2.085989295226951867e+00 7.616095838184872013e-01
9.311724739638873594e-01 2.088478566412684145e+00 7.601044520165317619e-01
9.342737308782543826e-01 2.091457697286870143e+00 7.592819364297513918e-01
9.367447736006528913e-01 2.093808373501211406e+00 7.588231734104238235e-01
9.394244181489751488e-01 2.096370902117799417e+00 7.583386600621089269e-01
9.420331734332316742e-01 2.098861486594201686e+00 7.578048265996818467e-01
9.449230855452843691e-01 2.101624195392114203e+00 7.571559956848229467e-01
9.478099260306258600e-01 2.104387581231334181e+00 7.564273731731629979e-01
9.479529160407854649e-01 2.104525842614578757e+00 7.563932392687920947e-01
9.505793374579166732e-01 2.107058600611488419e+00 7.550417331420253841e-01
9.529182478040091331e-01 2.109305174116808512e+00 7.533419260577406407e-01
9.558224848373647609e-01 2.112062463783807686e+00 7.519430150437109717e-01
9.582270592518438157e-01 2.114329238803746236e+00 7.513851475496885479e-01
9.610839956689308794e-01 2.117025025592725207e+00 7.508237938491300056e-01
9.611623639067760072e-01 2.117093186875201205e+00 7.508051435950596764e-01
9.641532884362966627e-01 2.119898245162151973e+00 7.502434888347850883e-01
9.667224454954723711e-01 2.122313049054313172e+00 7.496448945142011322e-01
9.692796901116408348e-01 2.124713829028631817e+00 7.490335768936287053e-01
9.693525676888805620e-01 2.124781645569906452e+00 7.490166193607268319e-01
9.719852891127539474e-01 2.127241475590800235e+00 7.482900237751610728e-01
9.745993203610654465e-01 2.129706022067857418e+00 7.475363644965542509e-01
9.747453633584565180e-01 2.129846409622651038e+00 7.474969202970687121e-01
9.770852355986777704e-01 2.132075937270440313e+00 7.463412280691972267e-01
9.796871472501371692e-01 2.134558512665526209e+00 7.444428122727282382e-01
9.823674913491312610e-01 2.137063983090357944e+00 7.430163656159120000e-01
9.849412686570575559e-01 2.139449026872438431e+00 7.422388263845418610e-01
9.876779083299365158e-01 2.141977004295861242e+00 7.416409756577245771e-01
9.906941426424457076e-01 2.144771800771467340e+00 7.409889330588900203e-01
9.907718205314284265e-01 2.144840098242884796e+00 7.409682373262521660e-01
9.937043099562701265e-01 2.147555106832945704e+00 7.402399481861267061e-01
9.963604181017902128e-01 2.150003047681556811e+00 7.395214934721485722e-01
9.987930482143784205e-01 2.152241144338313372e+00 7.388388550236683061e-01
1.001467807686814204e+00 2.154728005016342429e+00 7.374735076267202594e-01
1.003977536710918494e+00 2.157057970444530071e+00 7.354559025259023164e-01
1.006686943545112012e+00 2.159562459263071332e+00 7.338599571713187997e-01
1.009663393727083358e+00 2.162247378750851379e+00 7.329554738946186809e-01
1.012702418291318240e+00 2.165009266620809392e+00 7.322467903491972629e-01
1.012778491328306663e+00 2.165075949178214998e+00 7.322302986334406905e-01
1.015751625119694523e+00 2.167756350936923315e+00 7.315677464535843555e-01
1.018198090604278905e+00 2.169964413661780611e+00 7.309849255206900542e-01
1.020725819936603607e+00 2.172230669279608062e+00 7.303180379111704479e-01
1.023770769727939456e+00 2.174970635743151526e+00 7.294268367873079084e-01
1.026657142595347461e+00 2.177577143461821851e+00 7.285532048537141092e-01
1.029702709414313411e+00 2.180321377661853965e+00 7.275294930876426980e-01
1.029774829315919016e+00 2.180387453135381293e+00 7.275039938396091754e-01
1.033085777022517027e+00 2.183393389781266514e+00 7.261552920026195235e-01
1.035984255857048231e+00 2.185976201676864239e+00 7.249142120139457912e-01
1.036058460776378753e+00 2.186041002005179479e+00 7.248817948353041274e-01
1.038790489478107704e+00 2.188507237318791709e+00 7.237256039833646071e-01
1.041239539358488786e+00 2.190694106318963996e+00 7.227343074950907109e-01
1.043697697485437281e+00 2.192873275151377754e+00 7.217308390323844414e-01
1.046510737046554729e+00 2.195385374450188110e+00 7.205678347988347943e-01
1.046585275792085934e+00 2.195451920484834840e+00 7.205387550897768278e-01
1.049580327864812368e+00 2.198091126800779449e+00 7.193480709282459307e-01
1.049656325741264773e+00 2.198154380373992467e+00 7.193164571924827166e-01
1.052114088908540745e+00 2.200332967825086694e+00 7.183138519289441470e-01
1.054638515952972977e+00 2.202582967779246559e+00 7.172904742963902569e-01
1.057463105783658097e+00 2.205078961495397394e+00 7.159968313699101028e-01
1.060156085604948117e+00 2.207428085727267231e+00 7.147509521769705998e-01
1.062998661733408623e+00 2.209917851579831449e+00 7.133975513955068681e-01
1.065520272675300584e+00 2.212143520870750280e+00 7.122584003205890690e-01
1.068139872574452198e+00 2.214439561084780461e+00 7.111108859169718022e-01
1.070823355084804529e+00 2.216792928588199540e+00 7.099342842358878913e-01
1.073827622978000829e+00 2.219408232771546530e+00 7.086274636579261710e-01
1.076599043485216844e+00 2.221824380002837440e+00 7.074403561449510436e-01
1.079373812057770277e+00 2.224234335374585925e+00 7.062573636270762512e-01
1.082424923477701251e+00 2.226855300601566778e+00 7.052972340001014695e-01
1.090915677605808654e+00 2.234090339510705903e+00 7.055684981610208517e-01
1.093537696221312361e+00 2.236352002989641541e+00 7.050730370003697178e-01
1.096388690349262562e+00 2.238850685226533077e+00 7.030060528302330969e-01
1.099261753180899026e+00 2.241345101300302733e+00 7.001483930000722555e-01
1.102150382541179363e+00 2.243827614014386462e+00 6.973163720597381765e-01
1.105216704604850442e+00 2.246433502501862023e+00 6.947784571372556117e-01
1.107697213539101444e+00 2.248532698089384052e+00 6.931148689619532899e-01
1.110444361126020407e+00 2.250797847854090872e+00 6.924786461705416674e-01
1.113083139386369824e+00 2.252992051541772511e+00 6.923006151020959509e-01
1.115821041295318894e+00 2.255268012928412613e+00 6.916062036896492016e-01
1.118442039013915146e+00 2.257463942666884105e+00 6.898725937395214780e-01
1.121282775665862763e+00 2.259839245063836266e+00 6.876277339459155868e-01
1.124260656049259621e+00 2.262335487585177773e+00 6.854376214937256684e-01
1.124336619150724248e+00 2.262399729297859263e+00 6.853835088168260814e-01
1.127208052051536846e+00 2.264800299745087564e+00 6.834662730803899855e-01
1.129951899206550925e+00 2.267069615542777861e+00 6.817919755083352573e-01
1.132739450788736946e+00 2.269350582995667942e+00 6.807406095294249448e-01
1.135637309793975369e+00 2.271696596617868824e+00 6.805242587624392714e-01
1.138514831897458501e+00 2.274026407264979177e+00 6.804080836027605050e-01
1.141546893488051939e+00 2.276473268609484180e+00 6.800068442554269010e-01
1.144413145285281930e+00 2.278785239780195759e+00 6.793528896919552862e-01
1.147392256844434355e+00 2.281216824619950234e+00 6.782794894220607329e-01
1.150175182176001343e+00 2.283514213724837205e+00 6.758582155755666898e-01
1.152832237361630430e+00 2.285692110987050718e+00 6.729245923634784576e-01
1.155811946184494232e+00 2.288105423934118310e+00 6.704515713334532334e-01
1.158619973121404412e+00 2.290337860553493421e+00 6.692691381681703522e-01
1.161814340088495712e+00 2.292862055969752788e+00 6.683632355130039171e-01
1.161893012508478762e+00 2.292926371873888147e+00 6.683375313587598399e-01
1.164652112025319930e+00 2.295106386560874512e+00 6.674215356484050066e-01
1.168002149941618217e+00 2.297773478646791823e+00 6.662129268927268200e-01
1.171121359230950398e+00 2.300257257096862684e+00 6.650024475345027719e-01
1.171200104354383376e+00 2.300319166815092409e+00 6.649748690905810111e-01
1.174051393710214608e+00 2.302595962228500603e+00 6.635242372964113011e-01
1.177001408222898782e+00 2.304933928870929627e+00 6.605063225242844283e-01
1.180074158183257449e+00 2.307358536828347795e+00 6.569387794089783794e-01
1.183034859699896524e+00 2.309671710144010071e+00 6.541569499657794440e-01
1.183113235795661300e+00 2.309730684095279152e+00 6.541105413273780034e-01
1.186204124153391604e+00 2.312095561984611969e+00 6.531556662806257130e-01
1.186283700132412910e+00 2.312154098234088018e+00 6.531376870494954856e-01
1.189209440834831488e+00 2.314393862413410830e+00 6.524585583947174472e-01
1.192230519291044066e+00 2.316690642407029266e+00 6.516808585550815103e-01
1.194924504186440473e+00 2.318737922840279353e+00 6.509205531024594427e-01
1.197617066593838597e+00 2.320798118350658079e+00 6.499375083696991018e-01
1.200861262991798295e+00 2.323248421528202989e+00 6.486127179672583898e-01
1.200941877846271266e+00 2.323308895835540788e+00 6.485793978806513316e-01
1.204206635258293190e+00 2.325774889539829360e+00 6.476783989417430609e-01
1.206925530563035531e+00 2.327839348407032993e+00 6.477128222209925790e-01
1.209908587218791354e+00 2.330101730856487752e+00 6.469860538878186018e-01
1.212850188214591229e+00 2.332377556364229498e+00 6.448000236028764709e-01
1.215619736112865112e+00 2.334490115533097043e+00 6.422833938726227876e-01
1.218537423649710405e+00 2.336734280967261324e+00 6.397963025404401760e-01
1.218695488755547007e+00 2.336853476449488376e+00 6.396571262253608614e-01
1.221731704837333510e+00 2.339159769029346414e+00 6.371784826063832119e-01
1.225031310457263434e+00 2.341649424649142830e+00 6.348145701181384659e-01
1.225109265931876745e+00 2.341706803962250838e+00 6.347602730121917336e-01
1.227989449543812617e+00 2.343833949928662896e+00 6.332593688263690179e-01
1.231192819828592411e+00 2.346180236374317829e+00 6.329392030661254998e-01
1.234016910637244280e+00 2.348255268074177504e+00 6.327092406700298710e-01
1.236981321546197110e+00 2.350441165575517743e+00 6.321674338913770841e-01
1.240038344080676369e+00 2.352665676781114712e+00 6.312875639745639811e-01
1.242839217583019629e+00 2.354762547793478156e+00 6.298221352028877673e-01
1.245926752761152834e+00 2.357078594851721220e+00 6.264530590788803810e-01
1.248634908083518624e+00 2.359097968056018679e+00 6.229104663316937796e-01
1.251666922520805469e+00 2.361360331776968913e+00 6.193467451425224146e-01
1.254919907630893672e+00 2.363725131391535506e+00 6.161061265261428277e-01
1.257756210984130707e+00 2.365742726163234000e+00 6.141857248233624222e-01
1.257838123661945362e+00 2.365799474718406348e+00 6.141570875934794227e-01
1.260853938203341240e+00 2.367913110347808825e+00 6.136072024079108900e-01
1.263681230423684410e+00 2.369907364062191046e+00 6.134677859188936155e-01
1.266937801737890279e+00 2.372197899516192532e+00 6.129803828819468947e-01
1.269931369237984997e+00 2.374315719831913363e+00 6.123226495541480574e-01
1.272937519572024057e+00 2.376457103259990156e+00 6.112120094493720401e-01
1.275870329940713033e+00 2.378505687766196974e+00 6.099079189555245417e-01
1.278717667155500504e+00 2.380573162999813697e+00 6.079900819080980012e-01
1.281420445299887412e+00 2.382549232637678038e+00 6.050357471397069808e-01
1.284697942089964240e+00 2.384888713280676420e+00 6.023129400619195994e-01
1.284857278357793620e+00 2.385006380870597908e+00 6.021914281089124632e-01
1.287614468031767156e+00 2.386933692676869612e+00 6.002179074007014670e-01
1.287695925719048340e+00 2.386986632309227030e+00 6.001647567918777515e-01
1.290797987770081479e+00 2.389114575569437182e+00 5.983207624127011570e-01
1.294047612415756943e+00 2.391365633681540537e+00 5.964651269726642946e-01
1.294129720390364779e+00 2.391419543755302080e+00 5.964173014392049055e-01
1.297302725872661044e+00 2.393608365706726637e+00 5.946450143378604336e-01
1.297384657380294737e+00 2.393659665909852130e+00 5.945948293499628834e-01
1.300251306896791581e+00 2.395629684658850955e+00 5.929531622482167030e-01
1.309077134330286274e+00 2.401618818260089938e+00 5.879993029537697868e-01
1.312074213175077553e+00 2.403628866708323208e+00 5.870336782354768079e-01
1.315392337953199986e+00 2.405832994680761949e+00 5.864014929007460575e-01
1.318625584371611481e+00 2.408043484397845546e+00 5.839305909383092352e-01
1.321516176985140234e+00 2.410012907941893268e+00 5.811585523667498476e-01
1.324418977864116220e+00 2.411960229083878193e+00 5.784260603180764182e-01
1.327396682650711091e+00 2.413982508671638882e+00 5.758955930719519278e-01
1.327474203547743370e+00 2.414037280844755884e+00 5.758365376823435522e-01
1.330512551758293638e+00 2.416018224923542235e+00 5.737001240521421019e-01
1.333413215487977199e+00 2.417869455622000174e+00 5.727274972910216810e-01
1.336431857875133966e+00 2.419822669917052860e+00 5.720762251003588261e-01
1.339594944275250388e+00 2.421855087283611319e+00 5.714691234063129510e-01
1.342585969470666551e+00 2.423797574906360275e+00 5.705926631359325985e-01
1.345689744681780819e+00 2.425810530729907377e+00 5.693372468126010055e-01
1.348756087769071188e+00 2.427800057193096883e+00 5.678420820062914931e-01
1.351854622621037727e+00 2.429828741270700476e+00 5.659723665081074495e-01
1.354896109479073241e+00 2.431862918875385304e+00 5.623414544169766938e-01
1.357983657002737043e+00 2.433840951180081369e+00 5.589055938183905559e-01
1.360955269681308755e+00 2.435752649870591924e+00 5.565811256125092754e-01
1.361120463919750057e+00 2.435860140899713144e+00 5.564611933142857847e-01
1.364731104741475409e+00 2.438115097000624676e+00 5.543929172029067320e-01
1.368035639184751018e+00 2.440161782111686772e+00 5.526193829911799638e-01
1.368120831587430031e+00 2.440213467691092042e+00 5.525774407934865851e-01
1.371084618797057564e+00 2.442031554872854393e+00 5.509834446902307503e-01
1.374029794993117504e+00 2.443855293817416729e+00 5.494050382608044458e-01
1.377409070095577670e+00 2.445956232447817236e+00 5.475245473158424359e-01
1.380699527984855290e+00 2.447986196900425515e+00 5.456951332129036381e-01
1.383862004946842417e+00 2.449910634397199694e+00 5.445751568716248325e-01
1.387620535012719536e+00 2.452193233279161166e+00 5.441658141867278253e-01
1.390858861283174042e+00 2.454146055697945972e+00 5.437263450475551263e-01
1.393739477751730460e+00 2.455887630080441753e+00 5.429917420735796973e-01
1.396719363982703355e+00 2.457748786840725508e+00 5.407306873359849497e-01
1.400266114759057823e+00 2.459905528374868755e+00 5.363480637515178895e-01
1.400347314940328936e+00 2.459955080008528583e+00 5.362377200521440956e-01
1.403337212153008551e+00 2.461750836644796436e+00 5.328653356354101644e-01
1.407020787313284060e+00 2.463956258672852062e+00 5.305093069218618229e-01
1.410206527094294060e+00 2.465850346163924733e+00 5.289073051580840401e-01
1.413572263125886241e+00 2.467821258505041637e+00 5.273475631057518154e-01
1.413659193904527989e+00 2.467873193723597147e+00 5.273069074773604203e-01
1.416953207418627736e+00 2.469793750461973136e+00 5.256787434619438759e-01
1.420220367715665066e+00 2.471715139125401972e+00 5.240323778339737171e-01
1.423389902241260385e+00 2.473575954161228552e+00 5.223842425376064025e-01
1.426313126123143205e+00 2.475284574320122388e+00 5.208400946632311124e-01
1.429331263093276183e+00 2.477034882420405815e+00 5.191588710069352519e-01
1.432388758860481559e+00 2.478827403957726716e+00 5.170405157093370674e-01
1.435524500602973097e+00 2.480671701778325300e+00 5.144899233314927933e-01
1.438574194160988640e+00 2.482447354608766865e+00 5.120720471269842866e-01
1.441930314350052145e+00 2.484357817661726031e+00 5.094669980284992628e-01
1.444865286138846905e+00 2.486017015847182599e+00 5.073602526827976078e-01
1.447796892192907192e+00 2.487683614685142874e+00 5.054063133053072754e-01
1.451257403509880639e+00 2.489624164006683849e+00 5.031994104177811566e-01
1.454976662937289777e+00 2.491715877238596111e+00 5.008959593244358688e-01
1.458495502226395457e+00 2.493642043141260700e+00 4.991889757234672653e-01
1.461564089089561369e+00 2.495313462617542832e+00 4.985643198704153289e-01
1.464807559044245533e+00 2.497078693384135128e+00 4.979013627795357833e-01
1.464897731669879910e+00 2.497125844961040730e+00 4.978806986352449226e-01
1.468132048784075661e+00 2.498892889421989061e+00 4.968767630051988959e-01
1.471557691171385462e+00 2.500759291482346214e+00 4.954478920636389283e-01
1.474912611824697573e+00 2.502572991582746376e+00 4.939105595087631140e-01
1.477897647712547613e+00 2.504249765956065410e+00 4.918536117708787181e-01
1.480960737870635535e+00 2.505903363368679582e+00 4.882815592711226005e-01
1.483829337725205422e+00 2.507475531791690582e+00 4.849146174811367893e-01
1.487000748120176130e+00 2.509177014910872305e+00 4.824995042539134138e-01
1.490546430231855846e+00 2.511036809127677571e+00 4.803913213230698309e-01
1.493745411430934755e+00 2.512704320654673307e+00 4.787496558614461328e-01
1.496766512680999472e+00 2.514287765094623595e+00 4.772919192323027415e-01
1.500064804365575766e+00 2.515992382840599895e+00 4.757003644555710120e-01
1.503636775420586602e+00 2.517838294283639033e+00 4.738947965548304664e-01
1.507121349231415497e+00 2.519625062819006001e+00 4.729209236188272603e-01
1.510811533863734235e+00 2.521499388042685030e+00 4.722003001437120595e-01
1.514401483916537394e+00 2.523336746578957346e+00 4.711733477397761494e-01
1.517541227779817703e+00 2.524942458580740290e+00 4.701459167860253530e-01
1.521017680513821135e+00 2.526727353902331608e+00 4.686022704231584957e-01
1.521107963091846038e+00 2.526773467664773065e+00 4.685622684347952593e-01
1.524262286084960394e+00 2.528399839165648366e+00 4.666722370780812534e-01
1.527075246505550599e+00 2.529836717178226113e+00 4.636869338761040460e-01
1.536919371706793935e+00 2.534849280534589688e+00 4.521816654018545045e-01
1.540404838076709249e+00 2.536589921006889625e+00 4.486150670697390819e-01
1.543641781248288325e+00 2.538150209351226039e+00 4.469657056048720323e-01
1.547270416649035418e+00 2.539884033302733712e+00 4.463003889007843283e-01
1.550281044656316887e+00 2.541324848215395171e+00 4.461623237681477394e-01
1.553931855389975691e+00 2.543067363132269776e+00 4.456197531616133412e-01
1.557331434569354522e+00 2.544695215329037641e+00 4.452653308726185477e-01
1.560631723216578948e+00 2.546271201010398055e+00 4.450305288208480925e-01
1.563831360625967726e+00 2.547794431468974441e+00 4.442780759341513064e-01
1.567104416206476891e+00 2.549366067449431839e+00 4.431603257901783333e-01
1.570390999760340245e+00 2.550940939097029680e+00 4.417636533352309880e-01
1.574035931381260411e+00 2.552688341675796835e+00 4.399964544272386147e-01
1.577406130531568973e+00 2.554342293154742372e+00 4.377169627396295670e-01
1.580514148584960310e+00 2.555833683387062294e+00 4.346050732910793912e-01
1.584041645038646529e+00 2.557511542358396284e+00 4.315156704300728840e-01
1.587412440261255497e+00 2.559085494547779227e+00 4.293086527813648745e-01
1.590805947210516713e+00 2.560674317748924622e+00 4.273894442227583190e-01
1.594203785111701022e+00 2.562247750477631314e+00 4.256445704695814292e-01
1.597525657349174955e+00 2.563766107060496680e+00 4.240047808468737078e-01
1.600938483499281695e+00 2.565330257378894530e+00 4.222943825398975948e-01
1.604163021597178274e+00 2.566799823352102550e+00 4.206687243454129699e-01
1.607794287613916406e+00 2.568424982825958658e+00 4.193196119041520675e-01
1.611444829810298796e+00 2.570043288892522870e+00 4.181541921833316633e-01
1.614973641130021509e+00 2.571621488674701084e+00 4.170083027181344937e-01
1.618883229897791765e+00 2.573343190309649753e+00 4.155601777478454828e-01
1.622323312026112019e+00 2.574852955934534116e+00 4.141416562393967493e-01
1.625483449305804573e+00 2.576240586242833253e+00 4.126949461484463733e-01
1.628933309414763997e+00 2.577757263540769284e+00 4.109822135877749805e-01
1.632135698362757292e+00 2.579174613516156178e+00 4.092684976575135525e-01
1.635336968006796843e+00 2.580593849117122751e+00 4.072200900745340801e-01
1.638671401667207483e+00 2.582069102090360779e+00 4.049660888616938847e-01
1.642086551078060896e+00 2.583562213673653574e+00 4.027771047723964215e-01
1.642271813788172441e+00 2.583642755123034540e+00 4.026621806716776941e-01
1.645787807641820866e+00 2.585190450217119906e+00 4.006210836929045560e-01
1.649420732644111709e+00 2.586763666425672792e+00 3.986238579372468616e-01
1.652975664066898442e+00 2.588287471433215359e+00 3.966929719795873610e-01
1.656446591937964952e+00 2.589744812740978119e+00 3.948714850631314666e-01
1.659837563928710180e+00 2.591171182077482982e+00 3.934696489091578098e-01
1.663629684084730886e+00 2.592761097132271431e+00 3.920021583592147585e-01
1.667127632629711531e+00 2.594221025181276286e+00 3.906626507638303880e-01
1.667224323248527762e+00 2.594261672222958559e+00 3.906239198544137481e-01
1.670348218898906278e+00 2.595565833596527483e+00 3.893177439664954886e-01
1.673851858493836442e+00 2.597010399222958732e+00 3.878181506964224479e-01
1.677730226435189431e+00 2.598622336486489104e+00 3.861154715127487758e-01
1.677823990006912513e+00 2.598660933650854155e+00 3.860731593039866127e-01
1.681625128356756926e+00 2.600222865250992221e+00 3.845112396206823435e-01
1.685150107579668877e+00 2.601672602739149909e+00 3.832456462572552125e-01
1.688730546159795676e+00 2.603128726422117900e+00 3.815096540922116586e-01
1.692672949763551316e+00 2.604750264303770102e+00 3.792060261824530820e-01
1.696156901989126276e+00 2.606171367434779729e+00 3.771314441961532982e-01
1.699369902982460045e+00 2.607482164847081840e+00 3.752896490172774047e-01
1.702684896088435318e+00 2.608821866856800842e+00 3.735209394992911047e-01
1.706682925541259443e+00 2.610432758572466483e+00 3.714716027790399555e-01
1.710793687914080818e+00 2.612052834566549464e+00 3.695951517736181247e-01
1.714358860330078338e+00 2.613448180353056038e+00 3.681500593086050044e-01
1.718101537738622842e+00 2.614911390253786827e+00 3.666645472896175595e-01
1.721951324447788645e+00 2.616413311948992071e+00 3.651907774590144040e-01
1.725885043151141440e+00 2.617930900129732397e+00 3.636410436462358953e-01
1.729343114307761997e+00 2.619265139993410152e+00 3.622398638377604674e-01
1.732904865032726560e+00 2.620637107286858392e+00 3.609038737357084248e-01
1.736179185639530553e+00 2.621892026174911017e+00 3.597259990604320112e-01
1.739743795839821194e+00 2.623257319377196417e+00 3.584186371040567476e-01
1.743593899384078938e+00 2.624720319785565081e+00 3.569296991002512409e-01
1.747065610369508359e+00 2.626041943097271236e+00 3.555411308986671237e-01
1.750831676880430843e+00 2.627452923322341150e+00 3.539976252965223447e-01
1.754959531957892560e+00 2.629026085283842296e+00 3.519465240080799084e-01
1.755054621094088940e+00 2.629060888703402377e+00 3.518952631262621256e-01
1.758732696263082707e+00 2.630443955741275097e+00 3.501057870895051272e-01
1.762314646541918162e+00 2.631754875288877749e+00 3.484594819173905678e-01
1.765887893243130780e+00 2.633086206257197137e+00 3.468894711327419889e-01
1.769378466222361057e+00 2.634376341199779148e+00 3.454658107449498083e-01
1.773063645105475095e+00 2.635717861903572157e+00 3.439637449991357898e-01
1.783173554450595999e+00 2.639379265033000799e+00 3.400132245851774093e-01
1.786687163769137721e+00 2.640647309265063303e+00 3.386225096908360155e-01
1.790504734020468502e+00 2.642004571025466930e+00 3.372064722019840199e-01
1.794016494282473673e+00 2.643260030336239907e+00 3.359449462773483885e-01
1.797541566640475708e+00 2.644515733930706602e+00 3.346775020385853727e-01
1.800961009054024453e+00 2.645723892067545879e+00 3.334361697887263665e-01
1.804788963675686420e+00 2.647053880806742310e+00 3.320581856378506114e-01
1.808507372354955400e+00 2.648352301195839864e+00 3.307265680178665401e-01
1.811938224148457177e+00 2.649546750449323085e+00 3.294948537628458185e-01
1.815493588998683849e+00 2.650773649581696478e+00 3.282127480481426551e-01
1.819507804152106001e+00 2.652166176665944342e+00 3.267768764737030152e-01
1.819606365823600580e+00 2.652199521713285435e+00 3.267398157592953378e-01
1.823443478039820986e+00 2.653524322807417235e+00 3.253245724413634798e-01
1.826690496515652962e+00 2.654644070458253680e+00 3.240834038344462820e-01
1.830441694113333462e+00 2.655930773589765259e+00 3.225995795529382759e-01
1.833886183840899298e+00 2.657107331086558943e+00 3.213605980837664355e-01
1.837830037289839291e+00 2.658421267206060090e+00 3.199606920260847920e-01
1.841401939526975173e+00 2.659614308336036181e+00 3.187002192295247394e-01
1.845448620431103803e+00 2.660977056292301413e+00 3.172259078085412631e-01
1.845549055138534733e+00 2.661008761706114001e+00 3.171859154080056697e-01
1.849223976664997160e+00 2.662238836004725329e+00 3.158827427967344503e-01
1.853278393762098464e+00 2.663584934684568584e+00 3.144921954986564239e-01
1.853377541370104131e+00 2.663619303243199177e+00 3.144596975455615784e-01
1.856752719881111569e+00 2.664735107942747483e+00 3.133592997720073270e-01
1.860122861533900052e+00 2.665857155044363491e+00 3.123070636281070067e-01
1.863511436774614616e+00 2.666944612091503686e+00 3.112546782855933891e-01
1.867209878162341630e+00 2.668134177827873543e+00 3.100981163694662146e-01
1.871188795056054177e+00 2.669410895165595043e+00 3.089110162906482659e-01
1.875281609569385388e+00 2.670731753712695333e+00 3.076541400301397999e-01
1.878965406391726045e+00 2.671896930094125100e+00 3.065736204010184318e-01
1.882493687213291356e+00 2.673012463552882245e+00 3.055276015449727156e-01
1.885799740329750174e+00 2.674057472336569319e+00 3.046556829536129496e-01
1.890208992766793772e+00 2.675449960657401149e+00 3.035319304013886499e-01
1.893510067087091908e+00 2.676490488278566726e+00 3.027191578577254627e-01
1.896780717945701022e+00 2.677544439004805987e+00 3.016467613894669997e-01
1.900175468625227237e+00 2.678625972669510968e+00 3.003590279051571166e-01
1.903969927154499642e+00 2.679813028450389822e+00 2.989717334957651684e-01
1.908075110440615951e+00 2.681077125252443238e+00 2.976027587524875395e-01
1.908176972239053359e+00 2.681109723373465314e+00 2.975736685731447673e-01
1.911788428060591682e+00 2.682234361908543363e+00 2.965957923268549012e-01
1.915498228614163523e+00 2.683366026573561491e+00 2.956530948814586890e-01
1.919132253805652333e+00 2.684495240303288455e+00 2.946606888994277029e-01
1.922542432343931296e+00 2.685530571888427254e+00 2.938113415608216705e-01
1.926773647854138849e+00 2.686831794495256887e+00 2.927463917412344019e-01
1.926872938514138989e+00 2.686859679532977552e+00 2.927212784896902065e-01
1.931516427215613563e+00 2.688265417828308301e+00 2.917516471775509768e-01
1.935750706256005538e+00 2.689532348500839554e+00 2.910125378203131663e-01
1.935850146242271252e+00 2.689565099946155335e+00 2.909984783108177653e-01
1.939671112482546311e+00 2.690709083692488512e+00 2.903453525289801940e-01
1.943804095964278611e+00 2.691960169797624758e+00 2.895379077078163998e-01
1.943908821029118217e+00 2.691993826164622572e+00 2.895194328184305665e-01
1.947958793950866685e+00 2.693194266359931088e+00 2.886572663939204753e-01
1.952092006975319149e+00 2.694438841730813827e+00 2.877559375660581065e-01
1.955406954043357182e+00 2.695438871707157347e+00 2.870685012497752875e-01
1.959173200238945922e+00 2.696569057540617376e+00 2.863987261787360739e-01
1.962605291040858457e+00 2.697595709771308137e+00 2.859220681608701797e-01
1.966555910453521294e+00 2.698749767872715033e+00 2.853912113303335163e-01
1.970286257380165829e+00 2.699852358565355548e+00 2.848697083093684745e-01
1.973727273928015391e+00 2.700869582534458413e+00 2.843085679425404466e-01
1.977157614116747508e+00 2.701881983233128004e+00 2.837556970070186924e-01
1.977260467701891677e+00 2.701911667544967255e+00 2.837425143945930262e-01
1.981061929508964869e+00 2.703039936891144635e+00 2.827767083063018050e-01
1.984761793191208046e+00 2.704154706275175180e+00 2.816702088537985094e-01
1.989061994451211346e+00 2.705442274280339454e+00 2.803950326295963080e-01
1.992976984088996373e+00 2.706590047895678808e+00 2.793467832283215158e-01
1.996605720071630952e+00 2.707645516903270710e+00 2.784694161114035227e-01
2.000946042482545817e+00 2.708905607598906418e+00 2.775066885651669701e-01
2.004573563188778440e+00 2.709956854127211656e+00 2.767753598157173811e-01
2.008732771922203675e+00 2.711137764587204124e+00 2.763261391183943760e-01
2.012472345068704094e+00 2.712199224575943646e+00 2.760264703392930064e-01
2.016545743174290362e+00 2.713337263970791113e+00 2.756679769778054845e-01
2.019990428781430758e+00 2.714325258751831171e+00 2.753477133593309478e-01
2.023533958964625068e+00 2.715342423255146187e+00 2.750352411206049008e-01
2.027371716184991346e+00 2.716424218916015931e+00 2.746531874878331836e-01
2.031213670910529068e+00 2.717516395835648524e+00 2.742421616790606809e-01
2.034649584661676780e+00 2.718483482186685674e+00 2.740724262715917292e-01
2.038384694896357097e+00 2.719540996492447071e+00 2.740045373833443487e-01
2.049667681348929626e+00 2.722719395376981488e+00 2.736469495723388157e-01
2.053378606176850862e+00 2.723760881270961054e+00 2.735352513514514583e-01
2.056915384354162324e+00 2.724751729151480895e+00 2.732287570708512581e-01
2.060737799205437426e+00 2.725830766082212087e+00 2.730325332501826185e-01
2.064471178511114946e+00 2.726900320188923921e+00 2.728941035864891895e-01
2.067733394669957203e+00 2.727833759689135995e+00 2.724357797136763848e-01
2.071323406099849773e+00 2.728862441886612089e+00 2.712756133828519434e-01
2.075321154978956084e+00 2.730000166954004825e+00 2.699979129961714297e-01
2.079529352188120850e+00 2.731182736051925630e+00 2.688000647686932809e-01
2.079630664940773421e+00 2.731211114999313683e+00 2.687741500879741730e-01
2.083850812169343758e+00 2.732380622713608709e+00 2.680895649643794676e-01
2.087400383898280420e+00 2.733376650077739889e+00 2.677966981899023158e-01
2.090927390741930569e+00 2.734351089337362595e+00 2.676544626252849168e-01
2.094557017606261784e+00 2.735354931244528665e+00 2.675286614542259911e-01
2.098365996900592112e+00 2.736398614206572155e+00 2.674918899861138399e-01
2.101885739012642418e+00 2.737371913704800708e+00 2.673798943321396004e-01
2.105702126398251384e+00 2.738423570268429863e+00 2.673255175026137964e-01
2.109647676761573720e+00 2.739499376979345868e+00 2.673765183061931894e-01
2.113668641157448125e+00 2.740595362033502624e+00 2.676158938068979309e-01
2.113768729718589867e+00 2.740624094251590037e+00 2.676217316621316566e-01
2.117779909759393231e+00 2.741732247783031262e+00 2.677981863046827171e-01
2.121370379224261082e+00 2.742721575854222493e+00 2.679596291095940330e-01
2.124886530589159328e+00 2.743699856129615977e+00 2.680103505862416746e-01
2.128196194589357937e+00 2.744616427846395368e+00 2.679970035232719372e-01
2.132012428474646892e+00 2.745675994780324203e+00 2.679868326504345477e-01
2.135420720666267425e+00 2.746614015038963075e+00 2.681298130591907580e-01
2.138723317705742755e+00 2.747520665939316764e+00 2.683937606308791635e-01
2.142637721612420609e+00 2.748593029133284737e+00 2.686581593254294131e-01
2.142735842590765216e+00 2.748619978002600384e+00 2.686669986207868566e-01
2.146339212118391515e+00 2.749617688312278929e+00 2.688605655777079328e-01
2.150136913093813273e+00 2.750683419757425696e+00 2.690160838577108637e-01
2.150235073462503532e+00 2.750710691919017847e+00 2.690206250727347759e-01
2.153800992361879274e+00 2.751715506484909479e+00 2.688358906980535812e-01
2.157344565409951898e+00 2.752730907689885598e+00 2.681823596070644355e-01
2.161107282413600394e+00 2.753786213808557370e+00 2.674952070044442354e-01
2.165152390453066289e+00 2.754922281374875936e+00 2.669278294946259011e-01
2.168815961414279236e+00 2.755960007354145702e+00 2.665211454218441300e-01
2.172670633038765065e+00 2.757038693897990722e+00 2.662638546631018177e-01
2.176734055392128386e+00 2.758157865430475475e+00 2.661606201534281180e-01
2.176831796357029170e+00 2.758183609090933963e+00 2.661581504263187403e-01
2.180628458933894454e+00 2.759230208685850005e+00 2.663120565579274457e-01
2.184005982160488024e+00 2.760156510501122540e+00 2.666799325786105568e-01
2.187669640855310238e+00 2.761158490815684097e+00 2.671201077699164039e-01
2.191339318968028582e+00 2.762154095580540591e+00 2.675118422602466572e-01
2.194805659825355360e+00 2.763103072947871386e+00 2.678664571294070984e-01
2.198385256666589349e+00 2.764086330042443862e+00 2.680959346343479988e-01
2.201743397702701888e+00 2.765020257427401873e+00 2.683510725618931114e-01
2.205500748237403386e+00 2.766056206688013219e+00 2.686406655391541110e-01
2.209169371540167237e+00 2.767091450370372296e+00 2.690595457823520276e-01
2.212544650007367331e+00 2.768025309119348076e+00 2.694662363565588081e-01
2.216504699193225125e+00 2.769137432198063298e+00 2.699298764786443039e-01
2.219862752980017451e+00 2.770069885678008159e+00 2.703561310637333515e-01
2.223508345296673738e+00 2.771084792727714685e+00 2.707889215942365646e-01
2.227045030117623892e+00 2.772064554197740005e+00 2.712326453276837079e-01
2.230276461855521752e+00 2.772959709031158404e+00 2.716472752344449848e-01
2.233513617479177427e+00 2.773863145683375109e+00 2.721278935099072926e-01
2.237716242217624885e+00 2.775045808367463174e+00 2.728652622046849330e-01
2.240924483130894540e+00 2.775944464767943209e+00 2.734193587706740258e-01
2.244391115086817656e+00 2.776959889359060796e+00 2.734670012434391451e-01
2.247760764850777804e+00 2.777945053305941769e+00 2.730674666832988429e-01
2.251218447522834509e+00 2.778947474062369416e+00 2.726610808673995412e-01
2.254692074348341180e+00 2.779953970133541841e+00 2.724347350753750230e-01
2.254786731640793462e+00 2.779980363941837673e+00 2.724291862123768282e-01
2.258276271229732401e+00 2.780961433278792860e+00 2.725622153486446098e-01
2.261676749751392101e+00 2.781942263186946818e+00 2.728110852989408253e-01
2.265457776734013606e+00 2.783003708669603782e+00 2.731927797804844515e-01
2.265552079015057618e+00 2.783035099250835032e+00 2.732066725338945234e-01
2.269240333770696338e+00 2.784083021433205296e+00 2.736393248060882688e-01
2.272999230615366795e+00 2.785139035691911236e+00 2.741969325005506053e-01
2.276685700490966635e+00 2.786190355145781616e+00 2.746978374985938887e-01
2.279873648776185480e+00 2.787096618963288641e+00 2.751947627344208391e-01
2.283158174555043107e+00 2.788022361515080316e+00 2.758373473732272929e-01
2.286718880885190153e+00 2.789029118050917688e+00 2.766055612057188307e-01
2.290383062461990971e+00 2.790078494420239252e+00 2.774350966744856817e-01
2.294054110368111132e+00 2.791115193043016696e+00 2.781499044732287929e-01
2.297790811443328973e+00 2.792182065825217663e+00 2.789276103074958546e-01
2.301438048691576643e+00 2.793244177615056500e+00 2.795802383714022232e-01
2.305392813045084477e+00 2.794392908364165429e+00 2.802590105681712629e-01
2.308941057071501657e+00 2.795416908792418997e+00 2.810086732891194372e-01
2.312574493881488280e+00 2.796474043548414556e+00 2.818492057311682841e-01
2.315904702603795773e+00 2.797445918934630793e+00 2.826839236936780630e-01
2.319408407724265597e+00 2.798468428123408458e+00 2.835565851356434686e-01
2.322644115019399269e+00 2.799419402182338867e+00 2.842756551147030963e-01
2.325793661117119271e+00 2.800350427341609105e+00 2.849063109947434502e-01
2.329302006696858385e+00 2.801388727235381015e+00 2.856798106200436060e-01
2.333047729939182524e+00 2.802510597257594327e+00 2.860840174406117375e-01
2.343579131855352937e+00 2.805659070905240249e+00 2.867868686270020340e-01
2.347138034728858624e+00 2.806712415243151071e+00 2.870834988488221717e-01
2.350622256061922322e+00 2.807754329469915433e+00 2.875931410929907783e-01
2.354196365953906689e+00 2.808824611761488121e+00 2.884081067997693038e-01
2.357378999727485436e+00 2.809766334613577499e+00 2.894201710676360673e-01
2.360824778966036153e+00 2.810782067807962470e+00 2.906421823641033853e-01
2.364285551237792493e+00 2.811833655821013966e+00 2.918189700946895448e-01
2.367630338029395265e+00 2.812835990871546343e+00 2.929569665298141223e-01
2.370973200488334154e+00 2.813847468551088582e+00 2.940075018345884583e-01
2.374320491998344274e+00 2.814868514356242191e+00 2.949615726808653138e-01
2.377455313578768603e+00 2.815827161438914317e+00 2.959636508284547163e-01
2.380504425143346037e+00 2.816760129071798069e+00 2.968831627449391442e-01
2.383989982147601605e+00 2.817837826238016596e+00 2.979573368540049394e-01
2.387397563848523419e+00 2.818891039388946584e+00 2.989923012647330292e-01
2.391160802108076577e+00 2.820067996908302455e+00 3.002012744309303649e-01
2.394554493557915720e+00 2.821115458985895330e+00 3.012774152204596434e-01
2.398119602878137524e+00 2.822231049543158399e+00 3.024300890806030373e-01
2.401234701178271091e+00 2.823212653927694493e+00 3.033651555622114970e-01
2.404854195004092698e+00 2.824357078858199976e+00 3.045906789306098705e-01
2.408486467481983695e+00 2.825505584850398488e+00 3.057977382338533112e-01
2.411826453122288161e+00 2.826569690558076609e+00 3.069895303415705046e-01
2.414817821361452399e+00 2.827539709612411745e+00 3.077864355219087078e-01
2.418156998900901300e+00 2.828616907106637601e+00 3.087044240268427830e-01
2.421392339375078251e+00 2.829659921824154267e+00 3.096012663227391548e-01
2.424734070848817868e+00 2.830742943367892117e+00 3.106342643490715427e-01
2.428316011742558178e+00 2.831886252740735799e+00 3.118569869665894223e-01
2.431708570888095444e+00 2.832983991369848464e+00 3.131256518502253949e-01
2.434933439173085912e+00 2.834033610090972655e+00 3.143273770168598658e-01
2.438233321631826822e+00 2.835099286329901602e+00 3.156598198689087309e-01
2.441692113200078396e+00 2.836228543732889129e+00 3.170656624938529844e-01
2.441780560861769978e+00 2.836257875148121332e+00 3.171045431842441364e-01
2.445037881938499247e+00 2.837329354382899460e+00 3.185120814262894506e-01
2.448327931225451337e+00 2.838415910994099178e+00 3.197992190260195433e-01
2.451701778932374065e+00 2.839520889195349618e+00 3.210562889844258416e-01
2.454963628824575750e+00 2.840606569488842936e+00 3.222376579177879674e-01
2.458224686484396848e+00 2.841708343018119365e+00 3.233626500246943314e-01
2.461633915417731799e+00 2.842856402067323263e+00 3.245433913439420559e-01
2.461720263823335308e+00 2.842888254275570681e+00 3.245751067268496382e-01
2.465459508108573061e+00 2.844166193673541621e+00 3.257879811009199433e-01
2.468761750871034000e+00 2.845294902419365446e+00 3.268372288380796409e-01
2.468849638594758922e+00 2.845322748765051202e+00 3.268646427043119251e-01
2.471803658033814965e+00 2.846325819491788423e+00 3.277773190965013739e-01
2.475253810429972390e+00 2.847518476672193266e+00 3.288344477773293972e-01
2.478441300395380686e+00 2.848638322105742304e+00 3.298361706465051113e-01
2.481887931037709105e+00 2.849821640870193740e+00 3.309307637890059883e-01
2.484898523380382862e+00 2.850876556747927282e+00 3.318447560129660912e-01
2.487903369149778499e+00 2.851924034508988015e+00 3.327691211271631144e-01
2.491384307092396888e+00 2.853166601721516038e+00 3.335674682653525513e-01
2.494345923197140991e+00 2.854220676514142685e+00 3.341797744807842308e-01
2.497717449825493929e+00 2.855423636650953334e+00 3.349523896610025475e-01
2.497804051513901946e+00 2.855456010687208224e+00 3.349741306903460947e-01
2.500846410973006417e+00 2.856536212172107625e+00 3.356986088831131476e-01
2.503953436657990750e+00 2.857646624977218330e+00 3.364753006358208731e-01
2.506892382210685000e+00 2.858701186223439272e+00 3.371927963910048009e-01
2.510005684950296079e+00 2.859807090460643852e+00 3.379587413798366136e-01
2.512937783003043268e+00 2.860857116830660019e+00 3.387435699722996518e-01
2.516537677734934864e+00 2.862141882290620387e+00 3.397910380107534989e-01
2.519872603348820572e+00 2.863339590210467467e+00 3.407657603761184428e-01
2.519958022822006427e+00 2.863370244473145476e+00 3.407880242444797925e-01
2.523357873681219221e+00 2.864600461871081194e+00 3.418025697629281101e-01
2.526427643735644768e+00 2.865702354769434912e+00 3.426950976952898298e-01
2.529173737574839986e+00 2.866683147394590403e+00 3.435396680234356626e-01
2.532146109426739677e+00 2.867758056190021776e+00 3.445257023609219482e-01
2.535098262890518761e+00 2.868835195243550906e+00 3.454681871263640680e-01
2.538052998954984929e+00 2.869909901977177213e+00 3.464082364880810005e-01
2.541170279953855804e+00 2.871031924143768954e+00 3.474720756911197639e-01
2.544101730160721608e+00 2.872107072081893087e+00 3.484857528470434174e-01
2.547447800709961463e+00 2.873346826181649050e+00 3.495582986613852694e-01
2.550927179680923196e+00 2.874636743020785978e+00 3.507200942464240856e-01
2.553766446288082914e+00 2.875684848700639229e+00 3.516898543132099819e-01
2.556746339942375101e+00 2.876788613666691141e+00 3.526803184663702684e-01
2.559594214259762524e+00 2.877881144766829102e+00 3.531088623112092484e-01
2.562258280343262751e+00 2.878886663918230226e+00 3.530770956205367406e-01
2.565090763510525562e+00 2.879972092077179635e+00 3.529819404670949679e-01
2.567862322281823317e+00 2.881016324755070634e+00 3.530130234121170441e-01
2.571190202860905050e+00 2.882247301402970141e+00 3.533639396991075654e-01
2.574339142830884164e+00 2.883417881466467936e+00 3.538929855732491081e-01
2.577247250123632316e+00 2.884524007208367991e+00 3.545046710002384693e-01
2.580471496134378651e+00 2.885732192767575199e+00 3.552703065751576239e-01
2.588633795527565340e+00 2.888778621506705946e+00 3.576460783956190159e-01
2.591452324999171886e+00 2.889820148880254180e+00 3.584783060215059325e-01
2.594189267098294671e+00 2.890840957739399641e+00 3.593231920936867385e-01
2.596980616319106705e+00 2.891879908761243900e+00 3.603585705318784749e-01
2.599902825944619522e+00 2.892976298394976720e+00 3.615447414695981965e-01
2.602846786629875897e+00 2.894093270200126078e+00 3.625907415017753932e-01
2.602926722300680229e+00 2.894124882087989459e+00 3.626161448410202826e-01
2.605446746859054752e+00 2.895087630896376218e+00 3.634968509041189844e-01
2.608489021604229574e+00 2.896259774800733489e+00 3.645791933626780779e-01
2.611461865658768033e+00 2.897409713164660339e+00 3.655566065868125492e-01
2.614120231231575442e+00 2.898434819800205453e+00 3.664981591848475717e-01
2.616995348483082129e+00 2.899537697790214530e+00 3.674844339499727108e-01
2.619704984404594317e+00 2.900593598737030376e+00 3.683718041510739005e-01
2.622942244871181217e+00 2.901861870793470910e+00 3.694730549765680716e-01
2.625899735672605484e+00 2.903029834770478601e+00 3.701992610344410073e-01
2.628290330590613788e+00 2.904007930354672862e+00 3.695194511037088181e-01
2.630751097298796637e+00 2.905003269566194479e+00 3.685299623173107220e-01
2.633197295564041696e+00 2.905988953922534535e+00 3.674671459861790224e-01
2.636174674584929267e+00 2.907163043257569690e+00 3.668205032014227873e-01
2.638788138501647396e+00 2.908195164274140154e+00 3.666708073593334949e-01
2.641400807755127200e+00 2.909214015072489001e+00 3.669529491520417963e-01
2.644457802362701671e+00 2.910413911460695502e+00 3.675288710434861383e-01
2.644529068815983042e+00 2.910440417698438420e+00 3.675457758342212111e-01
