1.000351315165503241e+00 1.999964273506316781e+00 -1.198721402868050474e-04
1.000482041789483967e+00 1.999948208146386408e+00 -1.546024355791580506e-04
1.000501714285366495e+00 1.999948060673059969e+00 -2.662757283076299243e-04
1.000502678788988797e+00 1.999948533369180215e+00 -2.696819739396675436e-04
1.000511139130389582e+00 1.999967579670625106e+00 -5.629983569264183181e-04
1.000533836082198480e+00 1.999984108162475849e+00 -9.956750480672065841e-04
1.000523395566734086e+00 2.000044624106604552e+00 -1.725661788400584913e-03
1.000523139249728244e+00 2.000043883806512657e+00 -1.750191287366188037e-03
1.000534193235134817e+00 2.000082882029706077e+00 -2.749389197349893458e-03
1.000554406467907054e+00 2.000110425774834333e+00 -4.019882476015509791e-03
1.000556739218975588e+00 2.000133440361827386e+00 -5.458190220210576253e-03
1.000557146801704933e+00 2.000140136489346077e+00 -5.493977437070284194e-03
1.000573397459073144e+00 2.000204161186395879e+00 -7.314548617721590602e-03
1.000565041963170865e+00 2.000280766573831581e+00 -9.340098997972709483e-03
1.000564135005274524e+00 2.000352788900989776e+00 -1.181270456346891935e-02
1.000566594581883573e+00 2.000356992784409371e+00 -1.187165643301260620e-02
1.000527020112813137e+00 2.000403885802346071e+00 -1.425747759964642557e-02
1.000469744536242267e+00 2.000440867146076052e+00 -1.671114404373973822e-02
1.000423600306648009e+00 2.000507452937827058e+00 -1.995713813875676229e-02
1.000412612254709011e+00 2.000556420529437940e+00 -2.266658150609805397e-02
1.000360609943778512e+00 2.000624461236459872e+00 -2.609878598886642906e-02
1.000345370153623570e+00 2.000696377591182351e+00 -2.938477568056328121e-02
1.000230941554027808e+00 2.000757762588095012e+00 -3.341678186221952451e-02
1.000113367439636303e+00 2.000849159997927007e+00 -3.717437255761618653e-02
1.000031407008713069e+00 2.000890375417308853e+00 -4.171912833291470390e-02
9.998533915298347674e-01 2.001016474445127091e+00 -5.359435491859600859e-02
9.998389884602824074e-01 2.001077255266279664e+00 -5.829941312786310337e-02
9.996127568124522078e-01 2.001144193418006978e+00 -6.264184650014431588e-02
9.994851876905551658e-01 2.001170563307522521e+00 -6.802241569871196603e-02
9.994120496026600575e-01 2.001208307235287975e+00 -7.409841519924088848e-02
9.993232091122212779e-01 2.001293778401464163e+00 -8.054577704271594085e-02
9.991176965469839022e-01 2.001361148025290859e+00 -8.684937966636409323e-02
9.991145496363512679e-01 2.001360806307360907e+00 -8.701974169126143466e-02
9.989280372375478612e-01 2.001386820684772694e+00 -9.347756223311030899e-02
9.988510248042463679e-01 2.001440079400386374e+00 -1.007950611165445848e-01
9.987998252643109920e-01 2.001488005002208137e+00 -1.078953529521625848e-01
9.987558783566360399e-01 2.001532242921042037e+00 -1.152382877876713951e-01
9.987520319739572328e-01 2.001605495584727112e+00 -1.229596083965733833e-01
9.992885657418617562e-01 2.001548458941120323e+00 -1.309469167634738085e-01
1.002533981036917599e+00 2.001100771259520350e+00 -1.398966800935411980e-01
1.008196082864705856e+00 2.000296565323998355e+00 -1.484144943398565952e-01
1.016899930296214505e+00 1.998979393108221148e+00 -1.570676971257235488e-01
1.017167576990787303e+00 1.998933788203017148e+00 -1.572948624141132234e-01
1.028362402695686351e+00 1.997124132298322641e+00 -1.647071230589380042e-01
1.041839631604184468e+00 1.994836057167373111e+00 -1.704214886246616933e-01
1.052807984635145910e+00 1.992924153264096221e+00 -1.728072599895095762e-01
1.064419021207577920e+00 1.990869653310457954e+00 -1.732910725346406278e-01
1.075780802759177091e+00 1.988886569149125760e+00 -1.717073729270560400e-01
1.086831783426740250e+00 1.986988507765549139e+00 -1.684384637518032135e-01
1.097926796934063809e+00 1.985105772527762102e+00 -1.639414904976032594e-01
1.110618242963914426e+00 1.983023771258489054e+00 -1.577525314412160651e-01
1.122090455066791614e+00 1.981218160832635133e+00 -1.510489528004414772e-01
1.132878565714849683e+00 1.979570028851041830e+00 -1.438763981988674390e-01
1.143874604934374872e+00 1.977959638739348547e+00 -1.364736284404833855e-01
1.155558063721946915e+00 1.976389311720010422e+00 -1.282806871954164929e-01
1.167331658838440145e+00 1.974863761074621582e+00 -1.196572841352789851e-01
1.178099541799960681e+00 1.973587226309157172e+00 -1.115316413673606843e-01
1.187987261018831120e+00 1.972459324409225667e+00 -1.042664978762914280e-01
1.197985256157889422e+00 1.971419345950895963e+00 -9.694672628446836249e-02
1.207932303005735619e+00 1.970471223239195657e+00 -8.976983646293910934e-02
1.218473612404448181e+00 1.969521221147539469e+00 -8.188190952572263481e-02
1.218740776294248374e+00 1.969501515410987835e+00 -8.167023385881595765e-02
1.228511402572830313e+00 1.968698579245049762e+00 -7.422510575619813145e-02
1.238279211459581974e+00 1.968017394346609716e+00 -6.699724164581380426e-02
1.248403377493933153e+00 1.967342591698798104e+00 -5.960014346078240655e-02
1.248661145370157488e+00 1.967329267919945446e+00 -5.942000095045673475e-02
1.259300309153941644e+00 1.966728143263202444e+00 -5.158295093818265897e-02
1.268297996532424587e+00 1.966283673206228766e+00 -4.477713595583599632e-02
1.277661061366519801e+00 1.965882108741037415e+00 -3.778299785731978333e-02
1.287647511685592105e+00 1.965503303085536002e+00 -3.041596723178042680e-02
1.287887802960856698e+00 1.965499867565697389e+00 -3.023177185176122161e-02
1.297671668094733999e+00 1.965227201414257330e+00 -2.309715862783765644e-02
1.306642243704764228e+00 1.965041074161255175e+00 -1.633963680147644884e-02
1.306885393266429718e+00 1.965038219033883093e+00 -1.617180451927604373e-02
1.316399505515084334e+00 1.964880321060536117e+00 -8.786572326878823794e-03
1.325823411650385308e+00 1.964825193141224613e+00 -1.228213271794318089e-03
1.333329225088009773e+00 1.964836657156497246e+00 5.190274807398494346e-03
1.342049591989972868e+00 1.964891791615671401e+00 1.269314930416592761e-02
1.342272864504600038e+00 1.964896622383669467e+00 1.288971870268502441e-02
1.349727665979398195e+00 1.965010721615518152e+00 1.962002610807988753e-02
1.357830527731780812e+00 1.965188110806782351e+00 2.687944467520916869e-02
1.365441222175383107e+00 1.965413319728490427e+00 3.368326789021643120e-02
1.365651179766633749e+00 1.965423023447599116e+00 3.389517809538064586e-02
1.373473923134824304e+00 1.965693669339050764e+00 4.123505555883345830e-02
1.381404176508636450e+00 1.966039580597847447e+00 4.883456494295210920e-02
1.389022058221081712e+00 1.966436595681231303e+00 5.638065840616558050e-02
1.396110280952374660e+00 1.966858508982718190e+00 6.364034830801533482e-02
1.402680213368655338e+00 1.967275426706833752e+00 7.045297419030255304e-02
1.409552161216125032e+00 1.967768798802651320e+00 7.769954713412807745e-02
1.427526689019541939e+00 1.969345117344638130e+00 9.706814890323893497e-02
1.434823550444872531e+00 1.970054175945581854e+00 1.049995920483428463e-01
1.435013304510142973e+00 1.970073320013913776e+00 1.052035778179032655e-01
1.441497935866804303e+00 1.970793007219570958e+00 1.122189925319316411e-01
1.448403960027286663e+00 1.971585120465983332e+00 1.201537444633062196e-01
1.455813908157232106e+00 1.972498217675700660e+00 1.285353995504437963e-01
1.455991238130757814e+00 1.972520889468314165e+00 1.287474115775885386e-01
1.462155397954293390e+00 1.973326407496392321e+00 1.359714732404013193e-01
1.468261849974362487e+00 1.974191817472599420e+00 1.431141899753586022e-01
1.473971461409991912e+00 1.975017950649848641e+00 1.498965034894677306e-01
1.480450967311484511e+00 1.976027142767984301e+00 1.576063873229354428e-01
1.480620975989620947e+00 1.976056121642573160e+00 1.578126755342289522e-01
1.487158508719749861e+00 1.977118282833958185e+00 1.657078862780142492e-01
1.493079661386204293e+00 1.978109160355911111e+00 1.731755703123975254e-01
1.499338743628847670e+00 1.979250121994396094e+00 1.808063980791031755e-01
1.502908685405379918e+00 1.979878131038028677e+00 1.851716322539948278e-01
1.504748754536427313e+00 1.980226197262366705e+00 1.875595630238234279e-01
1.505963652261219643e+00 1.980443293459988041e+00 1.907628257124204529e-01
1.506822828116920920e+00 1.980604763442415539e+00 1.963740889359653352e-01
1.507191856387865236e+00 1.980688702149551617e+00 2.040951891752168235e-01
1.507697653951484584e+00 1.980800981013180140e+00 2.115321969928305179e-01
1.511001622600565586e+00 1.981523055821818646e+00 2.204558332003346277e-01
1.516970500937015798e+00 1.982926556574098997e+00 2.298500639102824261e-01
1.522394922598328648e+00 1.984222929811273906e+00 2.382427917242129767e-01
1.528606749318032421e+00 1.985776037163353713e+00 2.479308375810853060e-01
1.533907215726667328e+00 1.987136060521263348e+00 2.561893779698940499e-01
1.539000219722020280e+00 1.988509597811591423e+00 2.641678538685016120e-01
1.544568809530511011e+00 1.990033501572896713e+00 2.729624197652507633e-01
1.549807819148979693e+00 1.991509397304622064e+00 2.813463400741862963e-01
1.554979643952630664e+00 1.993015030762996798e+00 2.896734743879887386e-01
1.560101737707086045e+00 1.994561750851842508e+00 2.978818749582490821e-01
1.564476470731701374e+00 1.995906973801027551e+00 3.049387747960263795e-01
1.564613682236387859e+00 1.995950187336809956e+00 3.051519641954482664e-01
1.569421283041152027e+00 1.997481658381305092e+00 3.131000354056642787e-01
1.569558151290195713e+00 1.997526957501227329e+00 3.133135569690187472e-01
1.574360717863823034e+00 1.999107225949491085e+00 3.211999856553131583e-01
1.578982514020222716e+00 2.000674246098202769e+00 3.288512583795563105e-01
1.583809097386147613e+00 2.002331047126685082e+00 3.369788274196348077e-01
1.588946038863464860e+00 2.004149131721666421e+00 3.457061136013963587e-01
1.589071846881150218e+00 2.004195452174639236e+00 3.459274026238262079e-01
1.593332057126169543e+00 2.005743255537573155e+00 3.533100313670919923e-01
1.595953092703445986e+00 2.006670724903747871e+00 3.583023373985276816e-01
1.597276599846700229e+00 2.007102449423006529e+00 3.621754773855385690e-01
1.597326214660110821e+00 2.007122221161208753e+00 3.624068037866741698e-01
1.597927367314553315e+00 2.007357102429502937e+00 3.681867073407429913e-01
1.598066960060471997e+00 2.007414499286440890e+00 3.759296860104010540e-01
1.599224468654160125e+00 2.007877992746363471e+00 3.841894821818167549e-01
1.602596159855900204e+00 2.009271393682188656e+00 3.920459102879224056e-01
1.606693917337855160e+00 2.010987272512496205e+00 4.000220076759671284e-01
1.611453687799713874e+00 2.013047445579680961e+00 4.094138208949572588e-01
1.615584277939049684e+00 2.014864716883940421e+00 4.175839627657114139e-01
1.619668390726959117e+00 2.016698576358650463e+00 4.258223199182040175e-01
1.624526136217663730e+00 2.018929255520395483e+00 4.354962707276482381e-01
1.628542882559287364e+00 2.020824563964436216e+00 4.435083011630065464e-01
1.632958254064042825e+00 2.022947457520859693e+00 4.524210496196293674e-01
1.637128858475778603e+00 2.025006262400456336e+00 4.608152750656757113e-01
1.641588961207843589e+00 2.027225760230976004e+00 4.698374764526296876e-01
1.645790375424939445e+00 2.029342958728071356e+00 4.784463807882797792e-01
1.649632943741248248e+00 2.031364270264012006e+00 4.862974054644937927e-01
1.649741577505767776e+00 2.031422123889345954e+00 4.865309095485484403e-01
1.654169098135465754e+00 2.033783200931530200e+00 4.956231613974836359e-01
1.658749336316348355e+00 2.036280705729267559e+00 5.051929807807762352e-01
1.663014951054370361e+00 2.038666429755599196e+00 5.139113260422816243e-01
1.666870728291930837e+00 2.040865787807545573e+00 5.220868612612070692e-01
1.670789572778955456e+00 2.043132673628376583e+00 5.304279116855767917e-01
1.674258718125082090e+00 2.045182448952072907e+00 5.379298090049455805e-01
1.683399789311299743e+00 2.050742926818921230e+00 5.575039338091811736e-01
1.687044838437008032e+00 2.053014782509347658e+00 5.653612728275265731e-01
1.690490891496625459e+00 2.055228271185344013e+00 5.729299479659569760e-01
1.694337774947985320e+00 2.057725638313629091e+00 5.817830384423878787e-01
1.698225705105302019e+00 2.060300400314987623e+00 5.904088081652292264e-01
1.702126678335325050e+00 2.062941442252818725e+00 5.993209427659162980e-01
1.705962213162387719e+00 2.065582452178523543e+00 6.083651539164484090e-01
1.706054802261425030e+00 2.065646489780188499e+00 6.085852540450682469e-01
1.709961410233941326e+00 2.068387659743460283e+00 6.177756165258064813e-01
1.710053334384935564e+00 2.068457108058548322e+00 6.179882497782154260e-01
1.713071101899346083e+00 2.070618173871597190e+00 6.252134299931036976e-01
1.716369874064004097e+00 2.073021145314721814e+00 6.331123215761126355e-01
1.719749835932223636e+00 2.075516453644146608e+00 6.410804593522151373e-01
1.722983698231875582e+00 2.077947105012452500e+00 6.489266489283604944e-01
1.726681812288908269e+00 2.080752596900167894e+00 6.578075811127411798e-01
1.729611811172852232e+00 2.083008063724725911e+00 6.649898184322226014e-01
1.733195133450562864e+00 2.085835128199163613e+00 6.732985013388934625e-01
1.736025376318804714e+00 2.088117731200220373e+00 6.796859957022172161e-01
1.738822872680556131e+00 2.090401106492709715e+00 6.856176351945413305e-01
1.741594188414937072e+00 2.092694963518457296e+00 6.913048943917754485e-01
1.744474077223799435e+00 2.095118785673744988e+00 6.970748103200138379e-01
1.747331323976612394e+00 2.097567569967444534e+00 7.024456886311314374e-01
1.750181924766729846e+00 2.100021734466992474e+00 7.076392388197154659e-01
1.752453392956610179e+00 2.101987694907809789e+00 7.116223482129830913e-01
1.753501963079920234e+00 2.102900734979422648e+00 7.134362935860711907e-01
1.756459035478710184e+00 2.105513638053867265e+00 7.186052988961365573e-01
1.759383318173139532e+00 2.108113592146581450e+00 7.237513925770818757e-01
1.762706744659012781e+00 2.111105014916808020e+00 7.293681853186159136e-01
1.762784821234942845e+00 2.111175317353575220e+00 7.295011330852796405e-01
1.765357806624244352e+00 2.113511714697493549e+00 7.337020136199590148e-01
1.768151587167431149e+00 2.116079461625325564e+00 7.380648684637921564e-01
1.770865359251437399e+00 2.118595439701502325e+00 7.421460416397049897e-01
1.773708585641399882e+00 2.121260984384995663e+00 7.464427851757048371e-01
1.776285840944247463e+00 2.123702140944109029e+00 7.503763495347013368e-01
1.778874091692723036e+00 2.126156714287703586e+00 7.541854477476607199e-01
1.781759372436731992e+00 2.128903303423325344e+00 7.584552855746378164e-01
1.784863821314189636e+00 2.131882757577232113e+00 7.631206933098405587e-01
1.787545680433982209e+00 2.134516891910877234e+00 7.670816418395310921e-01
1.790601796535651102e+00 2.137504698530868552e+00 7.714162850706348662e-01
1.793352116287747045e+00 2.140204158522771571e+00 7.751784750407179070e-01
1.796002529740643894e+00 2.142846164881590187e+00 7.786707471928242530e-01
1.798610481276229578e+00 2.145480107229011058e+00 7.820318236313570370e-01
1.801522149094288761e+00 2.148434996933659136e+00 7.855664354130670324e-01
1.804412395989825058e+00 2.151384194345164147e+00 7.890244908332687546e-01
1.807010528935102167e+00 2.154046485807347366e+00 7.921577833882671449e-01
1.809883573756196462e+00 2.157010746872566109e+00 7.957840659638738545e-01
1.812588039766883430e+00 2.159827332519055787e+00 7.991205789193037701e-01
1.815440731781060801e+00 2.162816705652831129e+00 8.023445235446150514e-01
1.815511579610113779e+00 2.162894184435168565e+00 8.024229491708341211e-01
1.818422049017967890e+00 2.165957344529449546e+00 8.054043255109244459e-01
1.818492348545959425e+00 2.166031726404433755e+00 8.054729990275196760e-01
1.821169564307638211e+00 2.168875309615439839e+00 8.081667974870110349e-01
1.823913390314249039e+00 2.171799739880838853e+00 8.109241080256188727e-01
1.826705434349022994e+00 2.174800034866655629e+00 8.135874297855373305e-01
1.829272652282119216e+00 2.177565107509535025e+00 8.160354539291825304e-01
1.831726778410221135e+00 2.180207049879915093e+00 8.185182145865318448e-01
1.834511105290294708e+00 2.183217831302191048e+00 8.215203150108522090e-01
1.834582128222127739e+00 2.183293098423007894e+00 8.215867755099142133e-01
1.837250554017376025e+00 2.186229045184680864e+00 8.240509232405190954e-01
1.839648124275463870e+00 2.188870313041665572e+00 8.260740557580664722e-01
1.842114415356935986e+00 2.191604925249039937e+00 8.281066009774800118e-01
1.844764507367156803e+00 2.194549708377923736e+00 8.301662971081201770e-01
1.847130851077682046e+00 2.197205283559111599e+00 8.319771911469551195e-01
1.849960289275914826e+00 2.200402697719483491e+00 8.340314006557928428e-01
1.852325186401993395e+00 2.203052277593397168e+00 8.356543648531307156e-01
1.854665716407816634e+00 2.205703119078184393e+00 8.371297708575465846e-01
1.857023885627194559e+00 2.208375729125325204e+00 8.387766344126187379e-01
1.859581665722887411e+00 2.211267954346005649e+00 8.406497615528262246e-01
1.862117989133084794e+00 2.214176336640671927e+00 8.424638626041378586e-01
1.868059639297108721e+00 2.221001085006732989e+00 8.462853672936889726e-01
1.870536160588141872e+00 2.223835260795852253e+00 8.477440422108185603e-01
1.873035220500650633e+00 2.226731637585970258e+00 8.491177358385453289e-01
1.875466028876199953e+00 2.229563074577721515e+00 8.501559571080863353e-01
1.877859731008543420e+00 2.232333675116570770e+00 8.509128025625066760e-01
1.880181722074184325e+00 2.235018700147189730e+00 8.518979694809610814e-01
1.882565046200098458e+00 2.237778364793407082e+00 8.533189282746120874e-01
1.885205031162396683e+00 2.240865839300861140e+00 8.548988680206899282e-01
1.885271770732993790e+00 2.240941313052301709e+00 8.549377086025615746e-01
1.887703765552734669e+00 2.243786792818334597e+00 8.561483983563605848e-01
1.889919706038566183e+00 2.246412880563827930e+00 8.571363445781812196e-01
1.892005638110920041e+00 2.248876067197941087e+00 8.579462156854882338e-01
1.894417043646745125e+00 2.251726837135903381e+00 8.587283086925030506e-01
1.896632538221907582e+00 2.254346007147994602e+00 8.593135653838991361e-01
1.898807155515195078e+00 2.256954718607689703e+00 8.595347528596285480e-01
1.901347467764133548e+00 2.260016005276902273e+00 8.594666440362844773e-01
1.903801883221999836e+00 2.262938014494741523e+00 8.592376135104866641e-01
1.906200370554729240e+00 2.265772880291284430e+00 8.593842387855921139e-01
1.909102946059860972e+00 2.269127312048191847e+00 8.617540187589584066e-01
1.911920301092668417e+00 2.272419666598500143e+00 8.648799492710147474e-01
1.914356148912982558e+00 2.275313567385684799e+00 8.675280099364286457e-01
1.916854066269604973e+00 2.278254259740034371e+00 8.696463056796996938e-01
1.919293345342471646e+00 2.281183228980284916e+00 8.705579197889048437e-01
1.921555719805212448e+00 2.283997286158150786e+00 8.694603302297513325e-01
1.923894580455892678e+00 2.286888693092793190e+00 8.669007075492395353e-01
1.926445925729066255e+00 2.289962186645014608e+00 8.637954443723044884e-01
1.928832124381167024e+00 2.292808220652288842e+00 8.614053599279690721e-01
1.931244016054820101e+00 2.295697070901583814e+00 8.596877247267750155e-01
1.931311473402592238e+00 2.295772258765054197e+00 8.596656522644795517e-01
1.934099396170442020e+00 2.299011791212839384e+00 8.603080329380911051e-01
1.936496651138786884e+00 2.301810388865344947e+00 8.632265081269658857e-01
1.938805632753589414e+00 2.304515928374762268e+00 8.682773693448565533e-01
1.941082943582407072e+00 2.307230816464626244e+00 8.745223463687075149e-01
1.943617965329610842e+00 2.310272271517534559e+00 8.792823652062818907e-01
1.946126482079916453e+00 2.313313770884556142e+00 8.808956162664584033e-01
1.948352636598317256e+00 2.316112800796992222e+00 8.802905890318689641e-01
1.950817296729320693e+00 2.319206302571900746e+00 8.763778220707135747e-01
1.952806634042274503e+00 2.321631957535315482e+00 8.706721673180154442e-01
1.955136931154743740e+00 2.324459061790636216e+00 8.642315164484968282e-01
1.957455861287410226e+00 2.327233747758631566e+00 8.608789830570696688e-01
1.959765400359410492e+00 2.329916271405183092e+00 8.603798451776466516e-01
1.962550974034336537e+00 2.333162434667050533e+00 8.618249418692222052e-01
1.965197802672187022e+00 2.336296797180063223e+00 8.614622060861982789e-01
1.967520089923883608e+00 2.339041283219480682e+00 8.605768871517277541e-01
1.970414440169443893e+00 2.342477099422183073e+00 8.591311260805301053e-01
1.973006699453755175e+00 2.345536160748282750e+00 8.577806919320891677e-01
1.975438554922198886e+00 2.348435637785176056e+00 8.565664512123849494e-01
1.977644565501440965e+00 2.351032579349184637e+00 8.555775242638297140e-01
1.979408185217705674e+00 2.353200269371452880e+00 8.541849728145969323e-01
1.980894510608696368e+00 2.354911697989215291e+00 8.537764746668867755e-01
1.983362203719674977e+00 2.357750202412476348e+00 8.552696350040417395e-01
1.986301209879666407e+00 2.361131247071339700e+00 8.570301211008333198e-01
1.988619351389062206e+00 2.363820317726406994e+00 8.580775769407147369e-01
1.991179683179904902e+00 2.366808246574785279e+00 8.583723721211746760e-01
1.993586841339337168e+00 2.369627258584063867e+00 8.580554234540154201e-01
1.996167728680864784e+00 2.372654468404526096e+00 8.574635774411037970e-01
1.998532551025766102e+00 2.375470670367851866e+00 8.565614495482353208e-01
2.000706561548746265e+00 2.378027749515260414e+00 8.555636967986607333e-01
2.002828710452940530e+00 2.380566651578523985e+00 8.541471339868648149e-01
2.005059427054426191e+00 2.383122108318252330e+00 8.512844865669562111e-01
2.007487211365373447e+00 2.385896060470384938e+00 8.504874369062591644e-01
2.007552073342350418e+00 2.385970717913833195e+00 8.505039147626747287e-01
2.009976832861856799e+00 2.388732127116533377e+00 8.519950207823957511e-01
2.012310248291556469e+00 2.391409458473441774e+00 8.539416415781766467e-01
2.014808947624265656e+00 2.394271072097112985e+00 8.556105846724957331e-01
2.016940997405017200e+00 2.396753573269963411e+00 8.565816064462792312e-01
2.018997865792623081e+00 2.399150952844270712e+00 8.565537294390265233e-01
2.025499153433579558e+00 2.406758019394322545e+00 8.539235635591901907e-01
2.027890527833081880e+00 2.409557999825325592e+00 8.525739794238622604e-01
2.030263548935454576e+00 2.412300276663498000e+00 8.513330282099450530e-01
2.032546161285251785e+00 2.414917690846333009e+00 8.515868155487811286e-01
2.034778126690403255e+00 2.417479262112238736e+00 8.518542992796891422e-01
2.036982563853452444e+00 2.420017004487180934e+00 8.518441399091155608e-01
2.039607957093994006e+00 2.423061841614366774e+00 8.513132663126866673e-01
2.042023068378367334e+00 2.425891728150376903e+00 8.504994769096644314e-01
2.044184395405344468e+00 2.428392167307690475e+00 8.492201136469186284e-01
2.046443286240064552e+00 2.431063620848239459e+00 8.472552761918892283e-01
2.048398759238705402e+00 2.433336207730397049e+00 8.436665306322620461e-01
2.050469024639531845e+00 2.435638900737207457e+00 8.375337275534467940e-01
2.052947949295865104e+00 2.438430281653911624e+00 8.290466963786891075e-01
2.053011453805155817e+00 2.438495384565866786e+00 8.288276664942570982e-01
2.055079621343453233e+00 2.440761841234287299e+00 8.217218465895232971e-01
2.055145182503695267e+00 2.440837508162673863e+00 8.215180920421825128e-01
2.057759112660520806e+00 2.443686927239085094e+00 8.154974112370568795e-01
2.057828176184536506e+00 2.443763076342548413e+00 8.153790090915012945e-01
2.060356861094831515e+00 2.446441527440984309e+00 8.128452506938670385e-01
2.062919379216760163e+00 2.449142220189830077e+00 8.128090236861841289e-01
2.065557501389589046e+00 2.451954352062734710e+00 8.156583602936076094e-01
2.068390378134865593e+00 2.454972226764766674e+00 8.213473729289632042e-01
2.068462265988997295e+00 2.455048826582538979e+00 8.215117328351090320e-01
2.070974218573576664e+00 2.457755212626827390e+00 8.274902974343788520e-01
2.073486815975373432e+00 2.460503700440915154e+00 8.313971175373947586e-01
2.075988630867185769e+00 2.463259857475244896e+00 8.322112843221202150e-01
2.078384444227528327e+00 2.465947882982482575e+00 8.308719624534255388e-01
2.080609433282513798e+00 2.468404541476870051e+00 8.282801937846173690e-01
2.082834139359022174e+00 2.470882803548370532e+00 8.269084303858937890e-01
2.085173542171640637e+00 2.473484245029832884e+00 8.258009924936522417e-01
2.087387717427965139e+00 2.475923953195270144e+00 8.247301591524907050e-01
2.089941911093296856e+00 2.478740806638942473e+00 8.232713004456657657e-01
2.090007759120070752e+00 2.478810744300438351e+00 8.232277180318675613e-01
2.092401513889109665e+00 2.481478634460048571e+00 8.210721916966267075e-01
2.094367451218977827e+00 2.483612536248551717e+00 8.173259209340474341e-01
2.096412367622907169e+00 2.485833924978166909e+00 8.113756988366330747e-01
2.098862500014419652e+00 2.488467620891909426e+00 8.033158267873344860e-01
2.101100673404663333e+00 2.490798292437809813e+00 7.956541174561611030e-01
2.103349085630129345e+00 2.493155628467079943e+00 7.881017469198029479e-01
2.105792036763990183e+00 2.495622574458310261e+00 7.807859876723866055e-01
2.108181144105093274e+00 2.498011023124352636e+00 7.761809995832708031e-01
2.110860305565741335e+00 2.500624990265051917e+00 7.738804491272816000e-01
2.113436064223822797e+00 2.503132497526307176e+00 7.743451627151067829e-01
2.116107354072353175e+00 2.505768887422666680e+00 7.762534974200742122e-01
2.118574057075159001e+00 2.508203988861594347e+00 7.759658692705891925e-01
2.121033945779064567e+00 2.510687567978733270e+00 7.732474150644381705e-01
2.123155641757358936e+00 2.512792857721482864e+00 7.695513744524630217e-01
2.125952270162424718e+00 2.515567866441275946e+00 7.635683894893980916e-01
2.128430034009002547e+00 2.518010472693594792e+00 7.584957843830503199e-01
2.131261963932908898e+00 2.520734713685079509e+00 7.539554303709077310e-01
2.133904257889533529e+00 2.523192750805030027e+00 7.522824147144485663e-01
2.136679185382476476e+00 2.525788528764142171e+00 7.532721224362904922e-01
2.139571181290411239e+00 2.528512349616482524e+00 7.578920878625369228e-01
2.139720583603324844e+00 2.528649962253401107e+00 7.582229844945063135e-01
2.142316213467719610e+00 2.531145913095088851e+00 7.636435459454067320e-01
2.144808229248255316e+00 2.533554985630149581e+00 7.670066642682676905e-01
2.147306122103028514e+00 2.535969271991456608e+00 7.675976648622334642e-01
2.150045390521405864e+00 2.538716747628360526e+00 7.655694780297020996e-01
2.152101497771443661e+00 2.540710151818450058e+00 7.624703637660704691e-01
2.154486678654701226e+00 2.542997539388613060e+00 7.570502834155323768e-01
2.156820283141014372e+00 2.545265416340757980e+00 7.532950144904562162e-01
2.163402185533617850e+00 2.551436504425891982e+00 7.517697476765758946e-01
2.166060047888225260e+00 2.553920203792011456e+00 7.520858986335025032e-01
2.168677198794891403e+00 2.556381486466427155e+00 7.522042073930075290e-01
2.171291730257006503e+00 2.558864139586750852e+00 7.504591648007237215e-01
2.173410014557725312e+00 2.560897133036473150e+00 7.473051343045875594e-01
2.175285129970546905e+00 2.562644864830715186e+00 7.429094434911771572e-01
2.177834248745885937e+00 2.565010458077384037e+00 7.351958301890120229e-01
2.180626010885684973e+00 2.567555125104032054e+00 7.267553833382023321e-01
2.183197876966758599e+00 2.569891656127163415e+00 7.214949347261240264e-01
2.185685577173804184e+00 2.572103736165810783e+00 7.188722985225077799e-01
2.188474409171696777e+00 2.574531432873074621e+00 7.183942003925161135e-01
2.191722621099639667e+00 2.577377274467433477e+00 7.196920483288995474e-01
2.194525835247950418e+00 2.579838342649788174e+00 7.206280150752620850e-01
2.196994572510288624e+00 2.582012359361376852e+00 7.205770188887357097e-01
2.199527242505688207e+00 2.584267864247653534e+00 7.186262208985856326e-01
2.202183580272545793e+00 2.586612514902260962e+00 7.141152686876002242e-01
2.202242643868210337e+00 2.586664023186007189e+00 7.139996035783408024e-01
2.204681551536495920e+00 2.588781825867135122e+00 7.078325587564155974e-01
2.207442508346010523e+00 2.591168191240446284e+00 7.025148666199203529e-01
2.210363048081753767e+00 2.593672584959179073e+00 6.993103167101146767e-01
2.213105294403586498e+00 2.595968248783969035e+00 6.972233308180364464e-01
2.215914402493194935e+00 2.598324874523242567e+00 6.952919830258460498e-01
2.219019913856066673e+00 2.600930807802376510e+00 6.930866158632361662e-01
2.222060540550454988e+00 2.603469468331153003e+00 6.907537254779881897e-01
2.224824378999269658e+00 2.605834390129446732e+00 6.878745678275286490e-01
2.227148656935050042e+00 2.607832187112533173e+00 6.835340479645213296e-01
2.229479123399861873e+00 2.609755031622703392e+00 6.771660401452843647e-01
2.232410845254730880e+00 2.612139418693109949e+00 6.694697394254769396e-01
2.232491852089105500e+00 2.612201153991757341e+00 6.692967015256852115e-01
2.235163614495580209e+00 2.614348613110948349e+00 6.648590953014847926e-01
2.238064409828046664e+00 2.616605063339228376e+00 6.625171701233127930e-01
2.241321633528332136e+00 2.619140141286552481e+00 6.612151723881900534e-01
2.244129459383514824e+00 2.621324433960304123e+00 6.603723818458973049e-01
2.247190999087946395e+00 2.623708796689793399e+00 6.589680242880919803e-01
2.249911260948919356e+00 2.625820236367625959e+00 6.572493761919648847e-01
2.252655804892623959e+00 2.627960148188089207e+00 6.549297245664799094e-01
2.255218623059480620e+00 2.629969574964593271e+00 6.522187397493660610e-01
2.258306493123866332e+00 2.632385486060877078e+00 6.476404614493346257e-01
2.258381634296304341e+00 2.632443718499155594e+00 6.475178171944471206e-01
2.261759724873155797e+00 2.635037886684309605e+00 6.421615156257547419e-01
2.264380385481032931e+00 2.637016232254196346e+00 6.381791201275195391e-01
2.267047760311922122e+00 2.639033479484905520e+00 6.345016884863969864e-01
2.269972460652360802e+00 2.641251583269334180e+00 6.309660236331200434e-01
2.272923797393121781e+00 2.643449073292550633e+00 6.276438940768136465e-01
2.275487161378872081e+00 2.645324401012821181e+00 6.249195467197743437e-01
2.278392804762727764e+00 2.647419798185997486e+00 6.219957339863186885e-01
2.281831510534671814e+00 2.649860573489709381e+00 6.197546428325315659e-01
2.285608292751827975e+00 2.652552434433548267e+00 6.212236878851453703e-01
2.288400242015244501e+00 2.654559366716054303e+00 6.249175002519273825e-01
2.291174686481075362e+00 2.656568374818655265e+00 6.289230429244009324e-01
2.294296024990720717e+00 2.658844171608340190e+00 6.307736576704991993e-01
2.297156607839021092e+00 2.660947013613603751e+00 6.296488601249626837e-01
2.300222707459593785e+00 2.663233664047784721e+00 6.259619779691175667e-01
2.302620082036018978e+00 2.664970917604842171e+00 6.207896743890468638e-01
2.305430157364034560e+00 2.666992152138506711e+00 6.136965930959527027e-01
2.308709872254348205e+00 2.669356070820079196e+00 6.067424842102810967e-01
2.311870654957006721e+00 2.671588465201440776e+00 6.011671516751327937e-01
2.314687939745923906e+00 2.673560415588083661e+00 5.973099337034727396e-01
2.317962162647808633e+00 2.675807556049952574e+00 5.939698580184931131e-01
2.320659997691755017e+00 2.677638210152280429e+00 5.915900441926504882e-01
2.327895594649092459e+00 2.682606662323405722e+00 5.793756202578592696e-01
2.330967559759262731e+00 2.684651627496501103e+00 5.705714791692692023e-01
2.334158498869690845e+00 2.686709414799662188e+00 5.625149508478942684e-01
2.337314675082701854e+00 2.688705713142315545e+00 5.577357487422905935e-01
2.340305453085169685e+00 2.690562434832961092e+00 5.547666026181045096e-01
2.343386363887472346e+00 2.692482256775391214e+00 5.531010456019613830e-01
2.346542169095542363e+00 2.694417943780303304e+00 5.516784239078095231e-01
2.349847530687632968e+00 2.696449328685326385e+00 5.498645871078089442e-01
2.352886627684183996e+00 2.698308184693014589e+00 5.477661501628736662e-01
2.356091534666280740e+00 2.700264581785094542e+00 5.452424261226463953e-01
2.359000842563481637e+00 2.702020622323541676e+00 5.429508894282569775e-01
2.362254836749265507e+00 2.703990027146977226e+00 5.407275511013034386e-01
2.365009229638640242e+00 2.705679503456549284e+00 5.370393846648663372e-01
2.367612843777718634e+00 2.707251043981376171e+00 5.321315438435543221e-01
2.370634581984151446e+00 2.709058639543155955e+00 5.259467812516251950e-01
2.373702168054565576e+00 2.710868520985299845e+00 5.202160441825722792e-01
2.376732578254937778e+00 2.712624569300739807e+00 5.155213878479932843e-01
2.380043795556231245e+00 2.714510906962773085e+00 5.113587478627382721e-01
2.383372052929767726e+00 2.716358296254739901e+00 5.083793160621433715e-01
2.386420202305058247e+00 2.718062364092152183e+00 5.080217955512410510e-01
2.389870477619522759e+00 2.719989043283980834e+00 5.097710211776812494e-01
2.393598382829538629e+00 2.722071030478502962e+00 5.114239586647828517e-01
2.393683631496899444e+00 2.722121217016082007e+00 5.114599318560603125e-01
2.396875821599263823e+00 2.723912795606561410e+00 5.120912682752772893e-01
2.400108826228399828e+00 2.725753441838127955e+00 5.104168421461438010e-01
2.403497975334677239e+00 2.727663058755566361e+00 5.075786712705017134e-01
2.406734765368027773e+00 2.729512772391761821e+00 5.032341166863788517e-01
2.406810458830764166e+00 2.729555422910327156e+00 5.030903297999347323e-01
2.409732736657113072e+00 2.731155952016810939e+00 4.966360178498888667e-01
2.409813770746420225e+00 2.731200021114168486e+00 4.964343982479250683e-01
2.413010104912800102e+00 2.732956510067258815e+00 4.888143352906966221e-01
2.416041903771597443e+00 2.734587280293665934e+00 4.819955006185736024e-01
2.419047815641163446e+00 2.736154223107728711e+00 4.756683552980644492e-01
2.421952895705125286e+00 2.737689881656810265e+00 4.711295171798099424e-01
2.425432130809139331e+00 2.739478493579031060e+00 4.669641986580120308e-01
2.425609398598220778e+00 2.739568198961961798e+00 4.667763748458207962e-01
2.428989124713790915e+00 2.741259992261559475e+00 4.639517826378939391e-01
2.432452055087177101e+00 2.742982374487950903e+00 4.635438919068705643e-01
2.436002445213291789e+00 2.744764307565598305e+00 4.654700699814890430e-01
2.438939137689750236e+00 2.746241371823715749e+00 4.668515643848544783e-01
2.442219325916835881e+00 2.747909711897351226e+00 4.671035456012482823e-01
2.445561046089975044e+00 2.749600759041078479e+00 4.655459576956976209e-01
2.449065852992550418e+00 2.751412131493491398e+00 4.629422910476033159e-01
2.452111490077788059e+00 2.752996617835039572e+00 4.597389504117765369e-01
2.455252194819580236e+00 2.754607361429266987e+00 4.553022803086438364e-01
2.458412336735787740e+00 2.756139045508554819e+00 4.482488282455496797e-01
2.458499880757579525e+00 2.756185101121650494e+00 4.480348944095586816e-01
2.462201255279207412e+00 2.757961020367827754e+00 4.385560225558797764e-01
2.465428884097506490e+00 2.759521962481128909e+00 4.307792422561689816e-01
2.468689852028305154e+00 2.761055645529413738e+00 4.239535752580870231e-01
2.471880660039911248e+00 2.762510797966687193e+00 4.188784651997117248e-01
2.475451827614745248e+00 2.764110468796538989e+00 4.146601976857017813e-01
2.478495696464998232e+00 2.765442914205363145e+00 4.116956729777301316e-01
2.481733633419524576e+00 2.766842705380089917e+00 4.095912310784798338e-01
2.482119409405790122e+00 2.767006924348869301e+00 4.094583920786811215e-01
2.485510942256933475e+00 2.768483293316675198e+00 4.098089696567072671e-01
2.488899759046823146e+00 2.769957833285794813e+00 4.110942163051037324e-01
2.492341128228508396e+00 2.771474636753464171e+00 4.117420872177390834e-01
2.495533192038965176e+00 2.772869100269898190e+00 4.114261050911002804e-01
2.498868226853409702e+00 2.774328700833526451e+00 4.092893350845167588e-01
2.502441950539531668e+00 2.775915186225433651e+00 4.061193882731057858e-01
2.505722227945949676e+00 2.777374896527702308e+00 4.023530823424275038e-01
2.509279073297437712e+00 2.778949363544718221e+00 3.974464350387242884e-01
2.517063361826885171e+00 2.782192734244417487e+00 3.791039383592976764e-01
2.520142358171440389e+00 2.783459122403700192e+00 3.713091743136301970e-01
2.523457163989777818e+00 2.784767984496405724e+00 3.639105517994208894e-01
2.527340305216387861e+00 2.786263819072086978e+00 3.581970687766983241e-01
2.531036546142674482e+00 2.787628374995312797e+00 3.539592594912460144e-01
2.534291767574337051e+00 2.788821261200955526e+00 3.512153245937271184e-01
2.537663914716600466e+00 2.790047838421468640e+00 3.506068592745559265e-01
2.541181124089940013e+00 2.791337332159085527e+00 3.512294602521673914e-01
2.545210441702410620e+00 2.792821312342032680e+00 3.516684086662797415e-01
2.548947266517602728e+00 2.794203562398536178e+00 3.506616942557090888e-01
2.552555818320639602e+00 2.795536767101721054e+00 3.482690327508863870e-01
2.556050907397233729e+00 2.796861082627164041e+00 3.450907316864619823e-01
2.559622098699146697e+00 2.798161755873657786e+00 3.417819895994609891e-01
2.562932511292582483e+00 2.799310791775124763e+00 3.406220510260229983e-01
2.563032123642263294e+00 2.799348571776480554e+00 3.406139831722149736e-01
2.566560263017436672e+00 2.800629810549941645e+00 3.403333868859877431e-01
2.569688872742486474e+00 2.801730634271378140e+00 3.397794626787057348e-01
2.572910785230344555e+00 2.802877259297498647e+00 3.384925705437880628e-01
2.576480762961053550e+00 2.804181864080506514e+00 3.349221736302910868e-01
2.576567339806348222e+00 2.804215182740295020e+00 3.347893021856988560e-01
2.580010703451134368e+00 2.805421313030212360e+00 3.279327992960482940e-01
2.583394062410696801e+00 2.806577169506494940e+00 3.199094803831376566e-01
2.586339675172610431e+00 2.807567119964952784e+00 3.124510760885257366e-01
2.590150049281819911e+00 2.808844572051572452e+00 3.036240600410499701e-01
2.593863267851819643e+00 2.810006931218752335e+00 2.959803733156265437e-01
2.597393699949314794e+00 2.811089431545994444e+00 2.903151852700316393e-01
2.601167446675863637e+00 2.812235869110625508e+00 2.856071131197844837e-01
2.601264294602775529e+00 2.812264692866967675e+00 2.855078800542364958e-01
2.605428302331605828e+00 2.813465220723268434e+00 2.824655753213050624e-01
2.608849307791870409e+00 2.814464903251011840e+00 2.821154681631244943e-01
2.612412194870195492e+00 2.815490342195009710e+00 2.823786989628651600e-01
2.615766041639468131e+00 2.816460554781092807e+00 2.820499624300213393e-01
2.619508278286264868e+00 2.817553863488587940e+00 2.804517129606423631e-01
2.622871669138132411e+00 2.818535981775355914e+00 2.782442994907311506e-01
2.626602966214860224e+00 2.819612337760353693e+00 2.748530049789996710e-01
2.630206233638730851e+00 2.820681532859005358e+00 2.712067596223668997e-01
2.633879044489249921e+00 2.821717852138807991e+00 2.678039157561967754e-01
2.637663954631894736e+00 2.822748556550493948e+00 2.665134917991657248e-01
2.641443613089358600e+00 2.823783227147848240e+00 2.661870636539664381e-01
2.645309558931098870e+00 2.824841340460032768e+00 2.652332478736209587e-01
2.648883871137747814e+00 2.825817775305982771e+00 2.636973448927000252e-01
2.652623641414102007e+00 2.826854373453749680e+00 2.612001374541113030e-01
2.656030238550129319e+00 2.827835088893992488e+00 2.578804008151995841e-01
2.658878475696707433e+00 2.828648382426862895e+00 2.532288848094493283e-01
2.662493493854698912e+00 2.829552019583850608e+00 2.445315619450715294e-01
2.662591850057996368e+00 2.829579553369598877e+00 2.442914485054525908e-01
2.665866527313162759e+00 2.830437399646378971e+00 2.362549559443123948e-01
2.669060253481154721e+00 2.831217325677225283e+00 2.285508294516061245e-01
2.673562453716720633e+00 2.832292026689272380e+00 2.181272538581202347e-01
2.677033763593653415e+00 2.833050844820218295e+00 2.107848004906582862e-01
2.680850443600565125e+00 2.833903142712532741e+00 2.044406544931117176e-01
2.684731745101862188e+00 2.834707626772901001e+00 2.003358810788460620e-01
2.684832000591145462e+00 2.834726416478218880e+00 2.002670663561457176e-01
2.688692843584270520e+00 2.835489678100403310e+00 1.984881867491518626e-01
2.692420880251963133e+00 2.836247671267539516e+00 1.979856668584089319e-01
2.696270219805966928e+00 2.837030111501111396e+00 1.972031654999871209e-01
2.696370244210553491e+00 2.837053101823760137e+00 1.971756534683819229e-01
2.699895862888276099e+00 2.837764011685181220e+00 1.952566148643829769e-01
2.703320285656293009e+00 2.838438270989710688e+00 1.926843525096586796e-01
2.703420784882193839e+00 2.838458262452362213e+00 1.926026149244099983e-01
2.706675249200356959e+00 2.839089929794631928e+00 1.900914860895489000e-01
2.710484905453190763e+00 2.839828000409328368e+00 1.886544966966376413e-01
2.714248245281657645e+00 2.840541365701243492e+00 1.874325671943683769e-01
2.718203373497575903e+00 2.841293900097026981e+00 1.855268630524431750e-01
2.721944616138369355e+00 2.841992276734719880e+00 1.831086712678524631e-01
2.725794497776677261e+00 2.842713721054225928e+00 1.801794010339171082e-01
2.734786612319815013e+00 2.844416904135139923e+00 1.722361019503027280e-01
2.734885602572809660e+00 2.844434037957627837e+00 1.721483776454283687e-01
2.738343568226297098e+00 2.845051041954108406e+00 1.694506502847380469e-01
2.741701026700019916e+00 2.845616631467676516e+00 1.681594895954458824e-01
2.745167490730344717e+00 2.846222186963555334e+00 1.668214207348700517e-01
2.748517588656969934e+00 2.846797967488860159e+00 1.653012681923103078e-01
2.752258840568352127e+00 2.847441837324270253e+00 1.628504091380671426e-01
2.755486117746656305e+00 2.848001676431805684e+00 1.603323657959326021e-01
2.759576869665209209e+00 2.848668272078077823e+00 1.578818345524685141e-01
2.763696652142677124e+00 2.849327373895537807e+00 1.562415413266926845e-01
2.767659869828971608e+00 2.849952379774974176e+00 1.545359677324446568e-01
2.771112985330828948e+00 2.850504808244723076e+00 1.526450628817187793e-01
2.775130761604866159e+00 2.851164683300828173e+00 1.497268213328747932e-01
2.775227623885735628e+00 2.851180475838265505e+00 1.496491162345828241e-01
2.778591243052108695e+00 2.851715310862128483e+00 1.463844118936139249e-01
2.781586328132207520e+00 2.852184648260946975e+00 1.415229173092560910e-01
2.785448645998039652e+00 2.852738329768168768e+00 1.327232887630006297e-01
2.788776905356793012e+00 2.853188609759835348e+00 1.247194242949782594e-01
2.792591990860159079e+00 2.853685193953210408e+00 1.155315810961207029e-01
2.796412994614172920e+00 2.854151528450883823e+00 1.063501452729324753e-01
2.800115064324588232e+00 2.854557119344661054e+00 9.863461573463436216e-02
2.803376856238021908e+00 2.854910029852914199e+00 9.302283618094435436e-02
2.807047158389075037e+00 2.855245361823914862e+00 8.883485966754647856e-02
2.810994621223897205e+00 2.855587484659221520e+00 8.656153014841175275e-02
2.815006225032771425e+00 2.855933310680184967e+00 8.497034033290262744e-02
2.818901816134876004e+00 2.856274551294146313e+00 8.351559057787991125e-02
2.819000439251801549e+00 2.856281935740617950e+00 8.347654474848245632e-02
2.822468202483859656e+00 2.856575214758830583e+00 8.150054272434269220e-02
2.826337223613409222e+00 2.856885822935298691e+00 7.889816930781753945e-02
2.830018131391974556e+00 2.857189053436688386e+00 7.611240765496893323e-02
2.833641437865401791e+00 2.857456840021792566e+00 7.353974670631370503e-02
2.837157249806394166e+00 2.857725227023728554e+00 7.150218141945925698e-02
2.841026687236908543e+00 2.857998091075913294e+00 6.930654008864481352e-02
2.844999743646219770e+00 2.858281233625351803e+00 6.673226496091316795e-02
2.848683917250469655e+00 2.858532552161659801e+00 6.413557210995746161e-02
2.852458678956920846e+00 2.858787188409724678e+00 6.125089378687199881e-02
2.856248588071642835e+00 2.859031694912451460e+00 5.821533879629056663e-02
2.859958653212019808e+00 2.859238799726009361e+00 5.549004606496339698e-02
2.863544674086832664e+00 2.859434503231620184e+00 5.339001992054050877e-02
2.867124013553973061e+00 2.859623383070242664e+00 5.129512446509003343e-02
2.870694865436920207e+00 2.859805325525292652e+00 4.901300159144666296e-02
2.874680904769202350e+00 2.860004071491238697e+00 4.617408141840502467e-02
2.878339986484403479e+00 2.860199960672010100e+00 4.342856975030671973e-02
2.881708361153803910e+00 2.860361792252289703e+00 4.084470584303076524e-02
2.885493906416394694e+00 2.860526147747373127e+00 3.831146416525965659e-02
2.889295857423287206e+00 2.860682912371166786e+00 3.583693718436078285e-02
2.892896559511314969e+00 2.860802089344162802e+00 3.343868874087328052e-02
2.896358582618983935e+00 2.860933781648435481e+00 3.104455242552794231e-02
2.899822057538075093e+00 2.861049845210676956e+00 2.848591761143676529e-02
2.903868206094896376e+00 2.861179643413017004e+00 2.541433344737677180e-02
2.907319839359638891e+00 2.861303511162737845e+00 2.271869530551929445e-02
2.911002939510705989e+00 2.861406786370933819e+00 2.014485314136886876e-02
2.911202304608297098e+00 2.861411396102088389e+00 2.001742776736455467e-02
2.914973714016674489e+00 2.861496983279627315e+00 1.744629269818631645e-02
2.918235824942484236e+00 2.861563887792514471e+00 1.517616640633775472e-02
2.922182879623118623e+00 2.861632623919023732e+00 1.235774252076858246e-02
2.926307662984118707e+00 2.861701609865189955e+00 9.321084013485686839e-03
2.930334152114729029e+00 2.861758566738676013e+00 6.291597758879642621e-03
2.934075920972275320e+00 2.861797044846601246e+00 3.572090657682048132e-03
2.934177600717152057e+00 2.861796699203480010e+00 3.504477492506899178e-03
2.937807418214261723e+00 2.861827263602827909e+00 9.176594705512037186e-04
2.941832752310900911e+00 2.861845994571649676e+00 -1.955271317166815560e-03
2.941930787539754899e+00 2.861849977231204711e+00 -2.022230307668058859e-03
2.945861563628845659e+00 2.861874515590166812e+00 -4.926922399754220423e-03
2.945958628510199073e+00 2.861874361174750803e+00 -4.999854277978192305e-03
2.949585218323381053e+00 2.861886393716772226e+00 -7.731543072672615764e-03
2.958666787101852602e+00 2.861879248426034472e+00 -1.475263127466461960e-02
2.962189526218313773e+00 2.861849487998529451e+00 -1.752939320934737352e-02
2.965713873762302555e+00 2.861820410263783199e+00 -2.016704691673463015e-02
2.969144936372064336e+00 2.861765553121935923e+00 -2.266147204973802121e-02
2.969244666156962253e+00 2.861766154233802428e+00 -2.272915441325229838e-02
2.972664230666124840e+00 2.861694890038398498e+00 -2.524042513639521146e-02
