7.503894335123640902e-01 1.874930163533651273e+00 -1.345162813139900580e-04
7.505392417021732321e-01 1.874896630077427240e+00 -1.839177577653830693e-04
7.517068461968675619e-01 1.874943386736121154e+00 -1.082595464572094985e-03
7.560852620915736733e-01 1.874974716977299449e+00 -5.667065170774296390e-03
7.622888633174446094e-01 1.874990986572962148e+00 -1.211751945554240435e-02
7.698720906852918322e-01 1.874949625606789905e+00 -2.004310336343409146e-02
7.773568434411179950e-01 1.874816089260477270e+00 -2.623505506124341677e-02
7.775486562924368572e-01 1.874816182202265313e+00 -2.635660583600241830e-02
7.853214142892834815e-01 1.874622180399192040e+00 -3.000095548528735473e-02
7.926825588697988811e-01 1.874385978944829168e+00 -3.078352101644109967e-02
8.003610721272120809e-01 1.874140178798127776e+00 -2.881097385727869262e-02
8.077812246750182279e-01 1.873949346602537425e+00 -2.432321072548982235e-02
8.157005962265825305e-01 1.873761704255580085e+00 -1.739400820729073219e-02
8.229566790706781543e-01 1.873655043778700291e+00 -9.793864779698811807e-03
8.231494021219089019e-01 1.873655069504866599e+00 -9.594334637897182494e-03
8.298729431883558050e-01 1.873611493400541894e+00 -2.358283662819385829e-03
8.361925527697147142e-01 1.873605351080134929e+00 4.233696812129508075e-03
8.436003606815800637e-01 1.873654858312018057e+00 1.123024602018706311e-02
8.496900097128816665e-01 1.873709595625254298e+00 1.566687351567220415e-02
8.562838430264304579e-01 1.873817441693893970e+00 1.994766131527454453e-02
8.623080584645875790e-01 1.873955028745984519e+00 2.371220884072035989e-02
8.693853792369178324e-01 1.874151515390412692e+00 2.789992365382357176e-02
8.764477612402776785e-01 1.874366939047855674e+00 3.188433897240734033e-02
8.825796190201362634e-01 1.874566021280030581e+00 3.544931440378219778e-02
8.895945029158236483e-01 1.874840151771346886e+00 3.927942133324634211e-02
8.965789434500504029e-01 1.875129948345245046e+00 4.314327796415384775e-02
8.967560528448426105e-01 1.875138718656126580e+00 4.324631047661544464e-02
9.032139895715814992e-01 1.875413394771633158e+00 4.710542125945731129e-02
9.100756485287372355e-01 1.875751911652179027e+00 5.208580407333881362e-02
9.172117623332990410e-01 1.876142701390207446e+00 5.744578727597714901e-02
9.173905345891911756e-01 1.876153237881635460e+00 5.756416994555690197e-02
9.223675254597613060e-01 1.876460445798694199e+00 6.095172200473742558e-02
9.232392990078839290e-01 1.876502490356104946e+00 6.159093286928597061e-02
9.292347493105037604e-01 1.876871799758067505e+00 6.583121521422094502e-02
9.357170065925107805e-01 1.877316116673896751e+00 7.060898560587569595e-02
9.420034495847789957e-01 1.877775007960008402e+00 7.479011569335961007e-02
9.480627310271166897e-01 1.878230048510012073e+00 7.864210587721047474e-02
9.547928744375342447e-01 1.878767429125950850e+00 8.311743712297306463e-02
9.613447911384420674e-01 1.879331032187629313e+00 8.758155368926547057e-02
9.615223511958506108e-01 1.879346608336723401e+00 8.769511254824588486e-02
9.679867253928728932e-01 1.879936091765602058e+00 9.210414800917063327e-02
9.746029736021872836e-01 1.880567864167075109e+00 9.627747332230637833e-02
9.810528484689543527e-01 1.881191545774905771e+00 1.004538864352909344e-01
9.873445717974809188e-01 1.881844277351886419e+00 1.046114441791010513e-01
9.935842096340791185e-01 1.882517439044318674e+00 1.086808231414556070e-01
1.000118415519531290e+00 1.883247272109822790e+00 1.128029680884037322e-01
1.006278792976309733e+00 1.883946942737875885e+00 1.169560816008779480e-01
1.012421018150656105e+00 1.884705327314017964e+00 1.207310022013718814e-01
1.018406609192581636e+00 1.885449566523327070e+00 1.243983686546852596e-01
1.024857700616212952e+00 1.886271164442091530e+00 1.285908585315110597e-01
1.031127029748322599e+00 1.887082953180107658e+00 1.328852152516192542e-01
1.037726295243319496e+00 1.887990750469804802e+00 1.377186954580346401e-01
1.044278594250744874e+00 1.888902248129494810e+00 1.423307541840289903e-01
1.044439884658285189e+00 1.888925942560522708e+00 1.424439483446093557e-01
1.050620630666742272e+00 1.889809215513246432e+00 1.467917757829769465e-01
1.056278535181094602e+00 1.890648629000936554e+00 1.509638825009202434e-01
1.062216963210181886e+00 1.891571087705129051e+00 1.549535431237021865e-01
1.068436863330926467e+00 1.892564721008593409e+00 1.591001928862151027e-01
1.074163041728427359e+00 1.893475067475616447e+00 1.632295574903232238e-01
1.080688710873638936e+00 1.894556766628265443e+00 1.681063140430151814e-01
1.080847144282440553e+00 1.894580851795625964e+00 1.682296514319558123e-01
1.086527461712611053e+00 1.895559513072110569e+00 1.723956741316788333e-01
1.092977348541975147e+00 1.896694799760268779e+00 1.768918296293684467e-01
1.093138922801270674e+00 1.896724642594064036e+00 1.770021888777493779e-01
1.098915158177858009e+00 1.897769185722636642e+00 1.814405447039287855e-01
1.104706579607417805e+00 1.898831915722684505e+00 1.859877986815268724e-01
1.110753656014928481e+00 1.899983970462645333e+00 1.909880678267727172e-01
1.116451159832104967e+00 1.901109030583459036e+00 1.956526656694277944e-01
1.131241032767008825e+00 1.904107110094265254e+00 2.069060231041643383e-01
1.136602358399223522e+00 1.905240811826424574e+00 2.110707957682028402e-01
1.142027028837958813e+00 1.906419730617875397e+00 2.156310284507228503e-01
1.147745379469857552e+00 1.907679571455217493e+00 2.204533734109601628e-01
1.147896943983964801e+00 1.907711382274015932e+00 2.205755044820883470e-01
1.153717743857705091e+00 1.909034654642282280e+00 2.257551637736145422e-01
1.159205983891161251e+00 1.910315220553360005e+00 2.308524382457912416e-01
1.164934029444364638e+00 1.911668532942806475e+00 2.359863911180204998e-01
1.170922419846725404e+00 1.913118228169997437e+00 2.408664235890723149e-01
1.176879728280025406e+00 1.914594688111432186e+00 2.457691152317892369e-01
1.182272064099314957e+00 1.915959827424804862e+00 2.502266975546457162e-01
1.187561220665153128e+00 1.917334806564127803e+00 2.543577375975094035e-01
1.192555077404473529e+00 1.918655753184378199e+00 2.581495104161264931e-01
1.197815565317755349e+00 1.920044622025527836e+00 2.623960737624538853e-01
1.203212848655381917e+00 1.921511828117596909e+00 2.670776306914613984e-01
1.208477657967259811e+00 1.922966821835158768e+00 2.716817942435765798e-01
1.213523225043736886e+00 1.924376772557700788e+00 2.761444328412712146e-01
1.218559387532246463e+00 1.925821848146746840e+00 2.802181510549633381e-01
1.218695359774432108e+00 1.925865407526133888e+00 2.803418379517548797e-01
1.223993379661463932e+00 1.927381657231937329e+00 2.850100474811295137e-01
1.229834172263966741e+00 1.929104826980034826e+00 2.907268084449182721e-01
1.235456357876160149e+00 1.930804077212881165e+00 2.966251769644465686e-01
1.240603431765605613e+00 1.932398326332245952e+00 3.015509455813489836e-01
1.245731755376388694e+00 1.934002418736584961e+00 3.060958263003137336e-01
1.250599042713888220e+00 1.935560890999064254e+00 3.103460848707431108e-01
1.255679162573195562e+00 1.937180203121980471e+00 3.150171921285498944e-01
1.260329794693332506e+00 1.938718615618578944e+00 3.190664171463040710e-01
1.265481366615579972e+00 1.940431336236537296e+00 3.233189488145348234e-01
1.265613268732219687e+00 1.940476694841592797e+00 3.234260543907840901e-01
1.270739366297259032e+00 1.942204348640210299e+00 3.279889996683265641e-01
1.275466044377293828e+00 1.943818269371434537e+00 3.322576318950006824e-01
1.280711015734116609e+00 1.945653062619364659e+00 3.370112987104487146e-01
1.285507546512822064e+00 1.947341036212812293e+00 3.411559860662626287e-01
1.290675000217957891e+00 1.949197190522202527e+00 3.455292211557293713e-01
1.295836928006732336e+00 1.951056632160538262e+00 3.500319552943583767e-01
1.300955127608212969e+00 1.952938013400723705e+00 3.547375754406880133e-01
1.305709007564463286e+00 1.954695920409772469e+00 3.596338972113379828e-01
1.310623286142463595e+00 1.956562690566198137e+00 3.648037168092268523e-01
1.315551430889890794e+00 1.958474930222090293e+00 3.694261766539175817e-01
1.320192517954573486e+00 1.960275557058140272e+00 3.737629172010021317e-01
1.325422155828385851e+00 1.962340031423196018e+00 3.788268241721266527e-01
1.329622970566074924e+00 1.964009200386264808e+00 3.830815400281318839e-01
1.334183240717238483e+00 1.965862477501639560e+00 3.873206133797252315e-01
1.338939850895726202e+00 1.967837184547220009e+00 3.915882922951868239e-01
1.343341117850728406e+00 1.969650012240548698e+00 3.956667304953122022e-01
1.347734109090269472e+00 1.971488095327344148e+00 3.997922717568644924e-01
1.347852134376992250e+00 1.971538632580562611e+00 3.999094867168387912e-01
1.352300175673541105e+00 1.973437903026768359e+00 4.044325804566136218e-01
1.356597472178345143e+00 1.975279926799217378e+00 4.089348447665518971e-01
1.360769527486860087e+00 1.977112513989591314e+00 4.128283167791709229e-01
1.364822737350025905e+00 1.978888617689642970e+00 4.166479332611638386e-01
1.368731950956771914e+00 1.980614262259512426e+00 4.205005336253048176e-01
1.373569982674878620e+00 1.982813536832145118e+00 4.252889356822715516e-01
1.378020035124916554e+00 1.984833174799452538e+00 4.299623860861336300e-01
1.382347397591457749e+00 1.986833785337923874e+00 4.344790098346420493e-01
1.385601659988687340e+00 1.988347647016950770e+00 4.377647070610850011e-01
1.386985924274039439e+00 1.988996248855936511e+00 4.390942323994962426e-01
1.391579234869020576e+00 1.991162543073496716e+00 4.433515421883382213e-01
1.391692750542116830e+00 1.991217660096403330e+00 4.434595365756724417e-01
1.395920406733008878e+00 1.993223493906316257e+00 4.475528744802803049e-01
1.400016761214257777e+00 1.995201842530292202e+00 4.515686010515074233e-01
1.404321605167460518e+00 1.997275970424557734e+00 4.559810131472186723e-01
1.414393367556551651e+00 2.002319234685599803e+00 4.649180561125725308e-01
1.418634272106645167e+00 2.004458918222486119e+00 4.687569424058278256e-01
1.418745264552875973e+00 2.004514354622617400e+00 4.688624536761051842e-01
1.422757343571583455e+00 2.006531779218987399e+00 4.729662528850113734e-01
1.426831932597497632e+00 2.008624068331544610e+00 4.774916472186089278e-01
1.430664964766485969e+00 2.010622067895418308e+00 4.817705811317335995e-01
1.435020107084068686e+00 2.012931643737249310e+00 4.861952274601192836e-01
1.438813303687444201e+00 2.014962592667051577e+00 4.897240287206154341e-01
1.443027682651278898e+00 2.017223611073436729e+00 4.937428711238078249e-01
1.447545077089228194e+00 2.019671600102441733e+00 4.980835977391476765e-01
1.451944609122920005e+00 2.022074833510225211e+00 5.024422334182737648e-01
1.456671084043184239e+00 2.024688265297434064e+00 5.070245271850145619e-01
1.456779223373380061e+00 2.024749204446651518e+00 5.071308185546820058e-01
1.461027580854908248e+00 2.027132935406009029e+00 5.111383922268375457e-01
1.465120552000597653e+00 2.029455374864088668e+00 5.148951668609782484e-01
1.468686614675412283e+00 2.031497884989350133e+00 5.182887649368224103e-01
1.472891633289749036e+00 2.033909402429627811e+00 5.224329644001753925e-01
1.476553558384878340e+00 2.036027992740998549e+00 5.260924008225520421e-01
1.480396993668957606e+00 2.038276621557510548e+00 5.300065919134132608e-01
1.484494586939189453e+00 2.040719898000524779e+00 5.339551667567905557e-01
1.488274581957891751e+00 2.042977764630983462e+00 5.374976483181643783e-01
1.492338290821422664e+00 2.045429288580399962e+00 5.412861610067679630e-01
1.495991767869579991e+00 2.047626928288996506e+00 5.447607554983329159e-01
1.499753291141850742e+00 2.049896528713547994e+00 5.483431304460603117e-01
1.503486862980356609e+00 2.052171631195579771e+00 5.519615791723319065e-01
1.506994631620481417e+00 2.054341797795542934e+00 5.553384749961572942e-01
1.510876222355562071e+00 2.056771939613040168e+00 5.589853171531994347e-01
1.515029000661272329e+00 2.059400482336864791e+00 5.628871409832211237e-01
1.515124148524693570e+00 2.059464769913586846e+00 5.629832466260207280e-01
1.519167139919088028e+00 2.062046299726123966e+00 5.667571868457385031e-01
1.522898436485081497e+00 2.064435969687225203e+00 5.702630625264641928e-01
1.526845239538525689e+00 2.066954885865146974e+00 5.739769021478313693e-01
1.530286634130867407e+00 2.069162121281208133e+00 5.773414674852900275e-01
1.533764019766661324e+00 2.071460857516325138e+00 5.804789173024977877e-01
1.537714474200951642e+00 2.074060165515575704e+00 5.839610984509536751e-01
1.541254034484102586e+00 2.076420387735822715e+00 5.870465174269404729e-01
1.544805329239460345e+00 2.078780797402283831e+00 5.902010787954207194e-01
1.548622649390450690e+00 2.081357322652794828e+00 5.937284524648670514e-01
1.552155379461673146e+00 2.083760615658602600e+00 5.970457871797936189e-01
1.555677502017589031e+00 2.086140249338724661e+00 6.004117199845713237e-01
1.559335281534400597e+00 2.088674929102964484e+00 6.037499397559147329e-01
1.562622623978833225e+00 2.090937862555084070e+00 6.065847926308074456e-01
1.566175269363895728e+00 2.093421556719225141e+00 6.095760603593524118e-01
1.569519851161955915e+00 2.095771864279791341e+00 6.124592459195092875e-01
1.572947932953323136e+00 2.098203482713629775e+00 6.153642203906797281e-01
1.576451782651233424e+00 2.100707360988286698e+00 6.183121955485433308e-01
1.580230899325614224e+00 2.103403201223189800e+00 6.215233881736068611e-01
1.583618342712414417e+00 2.105859003288652165e+00 6.243656930959373685e-01
1.586977683071244538e+00 2.108309459467305746e+00 6.271770560750995482e-01
1.590445102576407255e+00 2.110827972794007135e+00 6.300472572169174557e-01
1.593797683754326178e+00 2.113271125245562931e+00 6.328744691257512933e-01
1.597320679826396583e+00 2.115882130853162124e+00 6.357345455791568734e-01
1.605682671565738850e+00 2.122107397507784654e+00 6.426239308921407600e-01
1.609170227690456700e+00 2.124733519294967454e+00 6.454483833682279625e-01
1.612692777650011511e+00 2.127426841114369083e+00 6.480783575378241679e-01
1.616465908505350546e+00 2.130336843354716514e+00 6.507028499682655509e-01
1.619353749239132112e+00 2.132571670275716258e+00 6.528112057846349181e-01
1.622522801622741095e+00 2.135011425706046850e+00 6.553108503120274042e-01
1.626026845816754607e+00 2.137730345479701199e+00 6.580292291555880357e-01
1.629520206196305221e+00 2.140465216988311603e+00 6.607466517401039408e-01
1.632627280468875064e+00 2.142911056082112964e+00 6.631067624286581808e-01
1.635642550635081571e+00 2.145302276717767853e+00 6.652050775265893057e-01
1.638814224245184192e+00 2.147830422015311047e+00 6.673815344989005860e-01
1.642080127211231755e+00 2.150432885098331859e+00 6.695771461362349797e-01
1.645509702441805278e+00 2.153178087510471350e+00 6.719124094681905301e-01
1.645594843004824170e+00 2.153246638344585850e+00 6.719683355650666323e-01
1.649017429767142495e+00 2.155990983088275748e+00 6.744744022381432558e-01
1.649104326215983685e+00 2.156058947507314638e+00 6.745340114152663658e-01
1.652191738522453157e+00 2.158531618199805102e+00 6.768142014511729920e-01
1.655675231472466313e+00 2.161365256756989428e+00 6.792997988061550974e-01
1.658888670637346241e+00 2.163999655780477038e+00 6.814785603644254453e-01
1.658973081686710760e+00 2.164070136112250964e+00 6.815374886015117539e-01
1.662111129691934419e+00 2.166619297344964501e+00 6.835165208699734984e-01
1.665220190194387051e+00 2.169177467058127640e+00 6.855136103178378626e-01
1.668404371096250172e+00 2.171812715231370650e+00 6.874605537487888940e-01
1.671619315316079657e+00 2.174453760448143758e+00 6.894780647501602688e-01
1.674530026670705718e+00 2.176885037857208882e+00 6.913128837771514990e-01
1.677700631555155475e+00 2.179544950182324303e+00 6.932115964297823618e-01
1.680865809267733324e+00 2.182190294949656995e+00 6.952823044669881325e-01
1.683706123269841370e+00 2.184552402602750298e+00 6.971426634694244395e-01
1.686937032469458364e+00 2.187271885283721407e+00 6.990875262934516110e-01
1.689982218756489019e+00 2.189864459013325160e+00 7.008202936590313126e-01
1.693353620155762407e+00 2.192751283964776032e+00 7.027132329031074987e-01
1.696631929061765076e+00 2.195547391101790868e+00 7.045029533134919975e-01
1.699743820231547797e+00 2.198237031847297018e+00 7.061477005643496119e-01
1.702941286087914508e+00 2.200972131787534369e+00 7.078900061434365565e-01
1.703025591449937926e+00 2.201042836642347122e+00 7.079384562670184566e-01
1.705880092545587701e+00 2.203487968118501783e+00 7.095438368774835691e-01
1.708791070061671302e+00 2.206018782582019000e+00 7.111846032358614123e-01
1.711946896153787367e+00 2.208785806272749674e+00 7.128573818368765247e-01
1.714927797289751643e+00 2.211408013624907021e+00 7.144011808327163093e-01
1.717661782012756433e+00 2.213806744933447312e+00 7.157901228898490009e-01
1.720555566707004935e+00 2.216371623660667645e+00 7.172055634852902983e-01
1.723274370745964568e+00 2.218778343434471001e+00 7.184817779501334600e-01
1.726405207472589964e+00 2.221552012508309915e+00 7.199400425943583981e-01
1.729037039404968779e+00 2.223901852757265374e+00 7.211700014387927293e-01
1.731819579163027534e+00 2.226376322430001053e+00 7.223315278623340108e-01
1.734835896073984252e+00 2.229084372522019741e+00 7.235503741567672620e-01
1.738005107778918923e+00 2.231927515898299852e+00 7.249108743397657539e-01
1.741188909488986525e+00 2.234768206128764589e+00 7.263590776561715812e-01
1.744047219708443341e+00 2.237322496494221991e+00 7.276587448689386672e-01
1.747121128991710126e+00 2.240111181175108435e+00 7.289756514090836026e-01
1.750032861704237108e+00 2.242751101649270939e+00 7.301573849789236847e-01
1.753018657306744332e+00 2.245466317717294213e+00 7.313330163851714527e-01
1.755993693327071892e+00 2.248177408602498595e+00 7.324206330109301888e-01
1.758890191758975208e+00 2.250815010254165749e+00 7.333968971053088648e-01
1.761689203250168978e+00 2.253388846176112459e+00 7.342806722819846810e-01
1.764823023263878188e+00 2.256242727719856234e+00 7.353757397988583966e-01
1.767716231907608737e+00 2.258876453867967093e+00 7.364683611050223400e-01
1.770528657083360713e+00 2.261453868940130008e+00 7.374850398295824672e-01
1.773317368658220872e+00 2.264042771954840827e+00 7.384391997348891401e-01
1.776186682776218051e+00 2.266699156421637440e+00 7.393269472472100423e-01
1.778908867191806520e+00 2.269207881037946350e+00 7.401298872898898207e-01
1.781721346460549915e+00 2.271778629575021302e+00 7.409368467348504961e-01
1.784680276051905823e+00 2.274490497212632967e+00 7.417566483980329028e-01
1.788006789144777731e+00 2.277565698215592516e+00 7.426848805615636762e-01
1.795910283346331404e+00 2.284961497156144272e+00 7.446294096752192893e-01
1.798527643505646978e+00 2.287416121584538775e+00 7.452809823585385685e-01
1.801470090234592591e+00 2.290131097268299332e+00 7.460289940118127738e-01
1.801547910795133323e+00 2.290202406526796519e+00 7.460480684152639430e-01
1.804547688745250955e+00 2.292982012636548994e+00 7.467881083986845914e-01
1.807539124886876847e+00 2.295795536472347020e+00 7.474465134723438098e-01
1.810677820485381284e+00 2.298724491469810616e+00 7.481380433272166730e-01
1.813574069118005117e+00 2.301456942025562835e+00 7.486901542519756036e-01
1.816398398642729006e+00 2.304111759960194572e+00 7.491867234572137102e-01
1.819211998744435066e+00 2.306773274817908614e+00 7.496884849443468113e-01
1.822038222117605910e+00 2.309422611126735525e+00 7.502301636569229659e-01
1.824940609981433814e+00 2.312174776284384059e+00 7.506725962362623683e-01
1.827915982272313888e+00 2.314981142576747253e+00 7.510786382891717627e-01
1.827993590805572000e+00 2.315052969196227828e+00 7.510861951581090379e-01
1.830870820290069201e+00 2.317796853770762056e+00 7.514689406553863860e-01
1.833679404838523874e+00 2.320464086738130760e+00 7.517478833088813150e-01
1.836406658091646049e+00 2.323052887601330774e+00 7.520152494480907279e-01
1.839359364427065602e+00 2.325846854311995671e+00 7.522815731415699592e-01
1.839435307943093845e+00 2.325918835966761744e+00 7.522899307385839673e-01
1.842030420871715091e+00 2.328353218580983430e+00 7.525762801435146310e-01
1.844772759902570280e+00 2.330935205222630202e+00 7.528970797262697356e-01
1.844848767785315813e+00 2.331005829264213070e+00 7.529035050966300657e-01
1.847710623497813565e+00 2.333732633857483307e+00 7.531883145073161590e-01
1.850286136111463087e+00 2.336195491957993475e+00 7.533816183264910871e-01
1.853232454207630386e+00 2.338999315762286368e+00 7.535488891061200567e-01
1.856312069646695484e+00 2.341947972411702050e+00 7.537321243862497022e-01
1.856388477906604217e+00 2.342019683563292709e+00 7.537371131586919626e-01
1.858858013063306558e+00 2.344377378947688939e+00 7.538441218647519149e-01
1.861652939353122482e+00 2.347034446881944181e+00 7.538913551608672492e-01
1.864352416090130582e+00 2.349607347340456620e+00 7.539081705126329247e-01
1.867132736186851050e+00 2.352258389645549563e+00 7.539140626139396728e-01
1.869907169409030567e+00 2.354894876190557262e+00 7.538662904767117201e-01
1.872685955886715048e+00 2.357549130791260161e+00 7.538652402832242139e-01
1.872989282359635022e+00 2.357832641753684566e+00 7.538706249536847315e-01
1.875622073733497652e+00 2.360339499148166986e+00 7.538636071495672386e-01
1.878252298780463736e+00 2.362847656604091018e+00 7.538414139669933345e-01
1.881106554583307888e+00 2.365548216527443959e+00 7.538031570100092171e-01
1.884175273043235288e+00 2.368478057284812088e+00 7.537607351802519950e-01
1.886883540641685952e+00 2.371057121142537305e+00 7.536238710888449877e-01
1.889882316479698954e+00 2.373907880724090091e+00 7.534235729771991963e-01
1.892583071925410421e+00 2.376479785773488729e+00 7.532039155460796831e-01
1.895344796042934377e+00 2.379118843730113841e+00 7.529344678625389253e-01
1.897886815264791416e+00 2.381542711425940428e+00 7.527174887713419249e-01
1.900670343597922862e+00 2.384175914793951634e+00 7.524871688951841886e-01
1.903671649622595385e+00 2.387034417116930207e+00 7.521914259340219955e-01
1.903747734411975978e+00 2.387104396369344794e+00 7.521814726482950464e-01
1.906515134157829916e+00 2.389745074896989063e+00 7.518718311484076100e-01
1.909126034086062740e+00 2.392232371237649868e+00 7.515742618528220564e-01
1.912113368768569410e+00 2.395078682155168615e+00 7.512324584587601883e-01
1.915025316384710408e+00 2.397844955336084549e+00 7.508068975957262747e-01
1.917554722309833037e+00 2.400266322036252120e+00 7.504247454358280445e-01
1.920016756615636977e+00 2.402601230705344371e+00 7.499885907426695475e-01
1.923098881766408530e+00 2.405520300196303474e+00 7.494837115010957174e-01
1.923173508768851958e+00 2.405590348764822473e+00 7.494720398145515716e-01
1.926174536972821816e+00 2.408410065379860576e+00 7.490046494087289064e-01
1.926249775401094322e+00 2.408482076548776885e+00 7.489950838831294089e-01
1.929256059587527439e+00 2.411307448776764950e+00 7.484605311406379302e-01
1.929331369987647538e+00 2.411378316284000345e+00 7.484456077458971901e-01
1.932097529105650580e+00 2.414001049397884291e+00 7.479174989462441525e-01
1.934715476431515535e+00 2.416484588490086072e+00 7.474055664086918238e-01
1.937553367705055374e+00 2.419169607054402427e+00 7.468294137370609098e-01
1.940424020727715471e+00 2.421843057869271121e+00 7.462105987942874163e-01
1.947284281925065974e+00 2.428211782873638924e+00 7.445477748885841462e-01
1.947432954331195898e+00 2.428351460146272345e+00 7.445103910624647492e-01
1.950079577441142131e+00 2.430810796773322124e+00 7.438504649033660376e-01
1.953017625993079376e+00 2.433554528143790918e+00 7.431686657045222244e-01
1.955870717453932262e+00 2.436231282384037744e+00 7.425358341550631902e-01
1.958661541230530378e+00 2.438829472983761182e+00 7.418574509753657065e-01
1.961510750296060035e+00 2.441506992359181449e+00 7.411256980433084118e-01
1.964282388815849600e+00 2.444094332538458758e+00 7.403632717739498936e-01
1.967005170118517166e+00 2.446615021481302055e+00 7.395504702077809744e-01
1.969869643443701301e+00 2.449282501716395721e+00 7.386320061750963895e-01
1.972592750803706219e+00 2.451794858935743893e+00 7.377039955984420194e-01
1.975241326025668709e+00 2.454239278018345960e+00 7.367802729887509283e-01
1.978189834243035738e+00 2.456949607894135745e+00 7.358354738171061227e-01
1.978266167608790038e+00 2.457019478197890017e+00 7.358091115859328735e-01
1.980911516116011795e+00 2.459458305698059455e+00 7.350123855055213928e-01
1.983484647721946992e+00 2.461826498674615227e+00 7.342037467014369545e-01
1.986304415191736172e+00 2.464383391693373504e+00 7.333081732356035998e-01
1.989099244864929616e+00 2.466927891792518590e+00 7.324444162392431679e-01
1.991586935853995710e+00 2.469197917292993871e+00 7.316236925541712566e-01
1.994448938596779186e+00 2.471822831359050898e+00 7.305569019948493503e-01
1.997644951486988063e+00 2.474727548408602207e+00 7.293051474513000398e-01
1.997719562178770669e+00 2.474796828591972808e+00 7.292789608405061408e-01
2.000673202258646644e+00 2.477464058398394009e+00 7.280552600491292381e-01
2.000750310525145181e+00 2.477533626164527547e+00 7.280248261739946658e-01
2.003787248218200645e+00 2.480282796413890711e+00 7.268507997051903979e-01
2.003864563318986658e+00 2.480350839528917106e+00 7.268216758183678738e-01
2.006661889569225199e+00 2.482893119193251508e+00 7.257891864247761893e-01
2.009349809442909862e+00 2.485290010013511797e+00 7.247728470236279863e-01
2.012338113282380547e+00 2.487956023495487834e+00 7.236006146434362796e-01
2.015487394586981562e+00 2.490784295403911663e+00 7.222461899476264602e-01
2.015564743176377682e+00 2.490849406583647507e+00 7.222150679724478328e-01
2.018459487152061360e+00 2.493442297816189868e+00 7.209976690785274700e-01
2.021441561068727744e+00 2.496086955176360256e+00 7.197223308439698597e-01
2.024036708073311708e+00 2.498401379899490848e+00 7.185661956632933833e-01
2.026650842502031313e+00 2.500698681958291480e+00 7.173558447530298254e-01
2.029423909318881947e+00 2.503147545602072199e+00 7.160093951697071857e-01
2.032438762066348659e+00 2.505780533916146080e+00 7.146954470451960528e-01
2.035341786133507469e+00 2.508350118592335587e+00 7.134794462039552032e-01
2.038260246792565233e+00 2.510912831497240649e+00 7.122229290128225809e-01
2.040805644393882012e+00 2.513149068920695228e+00 7.110402039676961827e-01
2.043793127155248524e+00 2.515782578506228884e+00 7.095878681118296116e-01
2.046568816270886160e+00 2.518189360910771502e+00 7.082263808706550368e-01
2.049471581084368221e+00 2.520734989320075670e+00 7.068100082049789679e-01
2.052243061232004173e+00 2.523145240754860907e+00 7.053778445860287016e-01
2.055012922196674641e+00 2.525565095844560126e+00 7.038873208295646222e-01
2.057790358833057276e+00 2.527962519500272620e+00 7.024729853695435011e-01
2.060897335862721391e+00 2.530606778130174206e+00 7.009106889894644032e-01
2.060976376872055038e+00 2.530674019402322728e+00 7.008708997578503297e-01
2.063634132102935670e+00 2.532923074629096494e+00 6.995114799155824903e-01
2.066659523346916494e+00 2.535520953117019527e+00 6.978982412708707450e-01
2.069778924286910016e+00 2.538150056952675815e+00 6.962581066259000417e-01
2.072899050770810270e+00 2.540789828789880911e+00 6.945450232096286314e-01
2.075880853922702940e+00 2.543294087099085665e+00 6.928276393992357507e-01
2.078845374545972291e+00 2.545796858010120900e+00 6.910919970241369281e-01
2.081886688127866147e+00 2.548374814514515752e+00 6.893833739835240060e-01
2.084856505462671539e+00 2.550875718631647970e+00 6.877546837582989570e-01
2.088014222213147253e+00 2.553485693965965364e+00 6.859946666260774428e-01
2.090937513219036425e+00 2.555890300592865927e+00 6.843477647185982615e-01
2.094241874476447052e+00 2.558612678277430330e+00 6.824327443851803121e-01
2.094321100368645716e+00 2.558677668009542217e+00 6.823841940172030718e-01
2.097299764296645108e+00 2.561151914219218728e+00 6.806004397171043774e-01
2.100068300913178199e+00 2.563414005446245980e+00 6.789180055889549870e-01
2.103765014732097427e+00 2.566415002012640389e+00 6.767035544073598530e-01
2.106440739883750801e+00 2.568611924742368657e+00 6.751100557658262780e-01
2.113782019703029480e+00 2.574595097550507639e+00 6.706401697036763476e-01
2.116702359272394141e+00 2.576964799893324720e+00 6.688748293122802613e-01
2.119710815572776852e+00 2.579365213683631808e+00 6.670023577687547167e-01
2.122638730509906591e+00 2.581725783317396772e+00 6.650484176342031928e-01
2.122796328282373857e+00 2.581854727617935108e+00 6.649417038631857402e-01
2.125828620614345965e+00 2.584270980787618299e+00 6.628950907450869012e-01
2.129153951650812893e+00 2.586929112098158345e+00 6.605965862883922401e-01
2.131781905518530529e+00 2.589025791098314322e+00 6.588579325966157363e-01
2.134798678764411317e+00 2.591429139923029812e+00 6.568724115206744374e-01
2.137596133428212752e+00 2.593629071500399341e+00 6.550063615938562789e-01
2.140569027167747773e+00 2.595964477738596621e+00 6.529224413780528868e-01
2.143523309072685290e+00 2.598289267532217561e+00 6.508572855798541168e-01
2.146683737649158985e+00 2.600716046780870983e+00 6.486583170343411808e-01
2.146764727226482705e+00 2.600775565449266136e+00 6.485986259639279217e-01
2.149826232343795773e+00 2.603126689208538291e+00 6.464166582306373199e-01
2.152975188257647332e+00 2.605532966330315059e+00 6.442253170427083564e-01
2.155883588014779306e+00 2.607755423394370720e+00 6.421899886919195666e-01
2.159051599533621690e+00 2.610138254189248386e+00 6.400214165695278234e-01
2.162132962746173170e+00 2.612449826513790985e+00 6.379640018754980657e-01
2.165155273497096911e+00 2.614706380865742030e+00 6.358779704103190156e-01
2.168164629284667910e+00 2.616961381348963833e+00 6.337574629019557815e-01
2.171427447781893783e+00 2.619385889434385106e+00 6.314230188166628510e-01
2.171509063120341310e+00 2.619447349456835550e+00 6.313649072673570561e-01
2.174427800206697015e+00 2.621631067623956035e+00 6.292451043312279335e-01
2.177509606175457080e+00 2.623919003201157452e+00 6.269812467339055395e-01
2.181028100585122864e+00 2.626493875849422288e+00 6.243679636716343850e-01
2.184232126138678343e+00 2.628822380965416539e+00 6.220750363186019483e-01
2.187268650859616415e+00 2.631028634694806634e+00 6.198608370586726757e-01
2.187351467469518695e+00 2.631085719764739483e+00 6.197950535219460821e-01
2.190529552406224489e+00 2.633423049096542901e+00 6.174148231075886617e-01
2.190612622788202124e+00 2.633484724824945555e+00 6.173525264897289366e-01
2.193917878700453628e+00 2.635867906841585562e+00 6.148272813444548568e-01
2.194000327287407792e+00 2.635927863774916169e+00 6.147622420609782923e-01
2.197279236543286718e+00 2.638302417811575040e+00 6.121988227284292927e-01
2.200841302593950388e+00 2.640831600271164259e+00 6.094336108555682419e-01
2.200925444766056227e+00 2.640891402886568429e+00 6.093729547835676774e-01
2.204328546872051042e+00 2.643312325653584871e+00 6.067574064520943056e-01
2.204411318416810595e+00 2.643369397855968472e+00 6.066961778928878779e-01
2.207233769145624969e+00 2.645348639878976726e+00 6.046009667639004048e-01
2.210306412011161292e+00 2.647516403049280154e+00 6.022884179769585344e-01
2.213793424254157038e+00 2.649957113863466773e+00 5.996546727600347015e-01
2.216782246205522888e+00 2.652049805398005500e+00 5.973427571849535545e-01
2.219435866442215577e+00 2.653908205982220103e+00 5.952659443947202478e-01
2.222421298333377315e+00 2.655989350971681873e+00 5.928783981050425034e-01
2.225578652673540159e+00 2.658170387678084001e+00 5.903125067275455384e-01
2.228629925784014532e+00 2.660256404800156460e+00 5.878698874704351152e-01
2.231730635315543942e+00 2.662362428449544183e+00 5.853876991995888845e-01
2.235076428297932516e+00 2.664633648301840907e+00 5.827361618565615187e-01
2.235159838999753568e+00 2.664686631569904485e+00 5.826686716748339379e-01
2.238740493015178412e+00 2.667113569649198990e+00 5.798037273042494499e-01
2.242258846192078714e+00 2.669470326259014481e+00 5.769751584026321378e-01
2.242345002895421047e+00 2.669524449124505150e+00 5.769031888234970040e-01
2.245192758733682403e+00 2.671436794972871009e+00 5.745644960632810827e-01
2.248227044521688534e+00 2.673443094226535699e+00 5.720530134214137918e-01
2.251258235741474767e+00 2.675442790020807760e+00 5.695101272850466856e-01
2.254823784085237648e+00 2.677752673511041959e+00 5.664464839221894366e-01
2.258211908754731212e+00 2.679969773144236456e+00 5.635606532163908167e-01
2.261345784176183926e+00 2.681984516594257517e+00 5.609062649317151372e-01
2.264414589623524154e+00 2.683947722915865697e+00 5.582896302121871379e-01
2.267752766606178305e+00 2.686059736609486048e+00 5.554290628943847619e-01
2.271183254570083854e+00 2.688221277865265435e+00 5.525362237856844549e-01
2.274263798214984256e+00 2.690169897238891661e+00 5.499080850168065471e-01
2.277250283377166173e+00 2.692042379095852311e+00 5.473701326177997650e-01
2.280096023226433566e+00 2.693793275838157086e+00 5.449612987312384416e-01
2.283218409712384656e+00 2.695709805556632865e+00 5.423770187769951789e-01
2.286400718318555736e+00 2.697679217307865418e+00 5.397675736617678632e-01
2.290009539030573915e+00 2.699895935966835747e+00 5.368087499786031724e-01
2.290095923470215844e+00 2.699947989136099569e+00 5.367369788741863657e-01
2.293628720215743932e+00 2.702087382202378762e+00 5.338152934593680676e-01
2.293715963506349098e+00 2.702141832030576118e+00 5.337457401517171629e-01
2.296810831827175825e+00 2.704009819811784343e+00 5.310811133160033837e-01
2.299821014794658947e+00 2.705837856306145817e+00 5.283787348039729048e-01
2.303186592833932345e+00 2.707844558215071640e+00 5.253177504337563919e-01
2.310890786892256799e+00 2.712417221007429546e+00 5.183491680707306148e-01
2.313926501880803510e+00 2.714168765711435505e+00 5.156566544741234548e-01
2.314360955145962073e+00 2.714425081211814916e+00 5.152750920825646119e-01
2.317930516561413690e+00 2.716485901259817481e+00 5.122287885729819301e-01
2.320914368472469125e+00 2.718184574117401997e+00 5.096535926980418907e-01
2.324340103518561129e+00 2.720143492998314372e+00 5.066067307209282111e-01
2.327596290038838056e+00 2.721994134521139141e+00 5.036845216522012336e-01
2.330761416333321012e+00 2.723780701370800195e+00 5.008745318841875127e-01
2.334042121615258925e+00 2.725617384599051451e+00 4.980840498646722514e-01
2.337689724235191058e+00 2.727619335067914541e+00 4.950629900017720630e-01
2.337778447681265526e+00 2.727666692894808342e+00 4.949868718164008308e-01
2.341054474629388871e+00 2.729462082068482953e+00 4.920400950224590453e-01
2.344488255882579253e+00 2.731349349533780391e+00 4.888950585936591708e-01
2.347744797524396354e+00 2.733119619295062641e+00 4.858964582406195554e-01
2.351017634359142683e+00 2.734912204689466719e+00 4.828284283063196680e-01
2.354312743771549421e+00 2.736686371288194586e+00 4.797651398344214280e-01
2.358126105821753526e+00 2.738730576767100633e+00 4.762823819040916118e-01
2.361880601577565741e+00 2.740712040766412727e+00 4.729350589671993954e-01
2.364841389495608848e+00 2.742250980174603558e+00 4.702622357879926440e-01
2.368346633296619874e+00 2.744072190879713879e+00 4.670865604934948956e-01
2.368437543571295656e+00 2.744116761316070630e+00 4.670002356453335501e-01
2.371835157974302000e+00 2.745901220712351432e+00 4.638894885943906088e-01
2.375069030963651961e+00 2.747555091309895392e+00 4.609905424031320309e-01
2.378415724009919963e+00 2.749237273653692526e+00 4.579576404202881368e-01
2.381863060225032136e+00 2.750952756541988009e+00 4.550811296929113681e-01
2.385464489935081644e+00 2.752757183973434607e+00 4.521523808580460990e-01
2.388973636929174305e+00 2.754509147014800430e+00 4.491282856650697930e-01
2.392105860892767666e+00 2.756082061850839260e+00 4.461919624346166735e-01
2.395428798744873244e+00 2.757734319369913756e+00 4.429198656810566237e-01
2.398664248768196838e+00 2.759293482161067956e+00 4.396893435257993588e-01
2.402273912563655855e+00 2.761028988303531495e+00 4.361281305188772217e-01
2.402364133114860856e+00 2.761070840805811333e+00 4.360373607561057741e-01
2.405730198510369178e+00 2.762656723104010670e+00 4.327722498248955940e-01
2.409090155682489520e+00 2.764262850292768636e+00 4.296525360285866624e-01
2.412926850760745090e+00 2.766055712971606351e+00 4.261669063191502738e-01
2.413018356804522035e+00 2.766096627385040918e+00 4.260791561782590886e-01
2.416400371569872085e+00 2.767674784274638977e+00 4.229597449413817212e-01
2.419975061597062549e+00 2.769320789371043201e+00 4.196599098617065371e-01
2.420065441324964262e+00 2.769362271712569434e+00 4.195765088228132766e-01
2.423825182466615491e+00 2.771086436572847589e+00 4.161130385681032218e-01
2.427237563095064665e+00 2.772640904945379514e+00 4.128966531378671090e-01
2.430657001616633117e+00 2.774151277682769035e+00 4.096731125116955807e-01
2.433894989495640093e+00 2.775586735271422523e+00 4.068801853522056589e-01
2.437151177183435102e+00 2.777004987346099352e+00 4.041795003815227272e-01
2.440546308704720335e+00 2.778513321369142197e+00 4.010997688583994303e-01
2.444323663293472393e+00 2.780144141560541460e+00 3.973588590663546527e-01
2.447653162968784546e+00 2.781587735191077382e+00 3.940130787495950693e-01
2.451089504075854020e+00 2.783043456080252831e+00 3.906127612497073409e-01
2.454338346906355106e+00 2.784402096235492508e+00 3.874334140225718093e-01
2.457508512845353987e+00 2.785722610467702864e+00 3.844531547198786758e-01
2.460672503761050400e+00 2.787034557739288765e+00 3.815359601083662122e-01
2.463778628474669219e+00 2.788318775808344974e+00 3.786917639456559570e-01
2.467139895472486799e+00 2.789682990035833754e+00 3.756200984454529657e-01
2.470595740772504101e+00 2.791081626526453974e+00 3.724657945273235904e-01
2.474246699011296347e+00 2.792555791043604074e+00 3.691213142370401989e-01
2.477518502857716243e+00 2.793856044111279857e+00 3.661446015785120300e-01
2.481011862145474201e+00 2.795210088031569562e+00 3.628884184018622561e-01
2.484573757663961047e+00 2.796602398430278136e+00 3.597406057703151361e-01
2.488050675311528792e+00 2.797951695866743194e+00 3.567504632091462180e-01
2.491463768525828293e+00 2.799249712757925668e+00 3.537532289830351284e-01
2.494651750384645705e+00 2.800445907146241975e+00 3.509157093228578717e-01
2.497769847505716179e+00 2.801610167525675266e+00 3.480850709659900621e-01
2.500850991452724603e+00 2.802765889594700965e+00 3.451010222142103512e-01
2.504124607687143289e+00 2.803987568557049670e+00 3.418090079389394242e-01
2.507518532559403823e+00 2.805237150055945872e+00 3.384028113223125911e-01
2.511665227870149231e+00 2.806740128500651466e+00 3.343269663750980114e-01
2.511760835559219363e+00 2.806772356460346618e+00 3.342312295252680698e-01
2.515084888368328997e+00 2.807977128899293628e+00 3.310024076702642870e-01
2.524186703073098226e+00 2.811172486959098382e+00 3.223856317749905775e-01
2.527718628307529691e+00 2.812391247806714567e+00 3.190458508373503199e-01
2.530866874415279355e+00 2.813479807407616384e+00 3.160407829742081787e-01
2.534121386777556051e+00 2.814584730477550867e+00 3.130687118095587529e-01
2.537761596949129839e+00 2.815790173543900821e+00 3.097424023253597114e-01
2.541610748156482913e+00 2.817059794832288411e+00 3.061949083638854097e-01
2.541707023320967096e+00 2.817090520535755260e+00 3.061059108045287580e-01
2.545845123938272447e+00 2.818449828749514108e+00 3.022865599775916845e-01
2.549323225284742200e+00 2.819566835393687576e+00 2.990675916839874438e-01
2.553267113468991489e+00 2.820799771262631594e+00 2.954494408330010091e-01
2.556832988741142287e+00 2.821929875477668936e+00 2.921578772788972489e-01
2.560031551561432472e+00 2.822909911261069382e+00 2.893182741619631515e-01
2.563230298557341413e+00 2.823886330630619224e+00 2.866700543770737131e-01
2.567112392302315804e+00 2.825050130101629975e+00 2.834394248896667245e-01
2.567211415360459270e+00 2.825078611733800482e+00 2.833610840130691977e-01
2.570468088360760461e+00 2.826046355694658896e+00 2.804720603642355536e-01
2.573845741798641562e+00 2.827065109448812841e+00 2.770263381065745101e-01
2.577305244786651350e+00 2.828091782251324293e+00 2.734627938539922476e-01
2.580887411522733821e+00 2.829158456238126895e+00 2.698159806487540613e-01
2.584562049822640262e+00 2.830232902092264080e+00 2.661964834852130757e-01
2.584756301801052203e+00 2.830292205510303916e+00 2.660082062866588326e-01
2.588831775743978270e+00 2.831427028193423290e+00 2.621254052821608282e-01
2.592616868166309096e+00 2.832476134310781379e+00 2.586091738023461595e-01
2.596297802972162394e+00 2.833485670759244179e+00 2.551898678229685413e-01
2.599896800635707272e+00 2.834466201367937366e+00 2.518643997212410279e-01
2.603609199666380825e+00 2.835433172563798454e+00 2.484359351228379864e-01
2.607512722936849769e+00 2.836463825194554644e+00 2.449113294770825788e-01
2.607612773463337419e+00 2.836490915530625934e+00 2.448242375396390003e-01
2.611055794857798595e+00 2.837390633527523853e+00 2.416881899680209667e-01
2.614685841799355259e+00 2.838299321771511341e+00 2.384216951122256900e-01
2.618014883554060646e+00 2.839148671883978015e+00 2.354548917717312340e-01
2.622128399269975763e+00 2.840149642037568256e+00 2.317856048697225779e-01
2.625661011107305320e+00 2.841014514610902708e+00 2.286214426804005218e-01
2.629379349339462824e+00 2.841896672476208252e+00 2.253294651576742691e-01
2.632628386412156019e+00 2.842654223547385062e+00 2.225934639060453413e-01
2.635972624224212968e+00 2.843440328766098535e+00 2.197861111174906623e-01
2.639883521480260953e+00 2.844352682817151479e+00 2.164593604012512440e-01
2.643613358613277953e+00 2.845206364936417653e+00 2.132410111136038011e-01
2.647047811497653669e+00 2.845982867142195616e+00 2.102494608894641959e-01
2.650687053061948184e+00 2.846786944781432016e+00 2.070580314365907948e-01
2.654311884581601166e+00 2.847581479505981061e+00 2.038570990659332172e-01
2.657952502524128402e+00 2.848355053283615490e+00 2.008207854352927757e-01
2.661508517311003352e+00 2.849097511963981422e+00 1.981927100634357231e-01
2.665553037410144377e+00 2.849933382852390285e+00 1.951906957349586469e-01
2.669309106528037212e+00 2.850703270228891029e+00 1.922929931853058494e-01
2.672955183420097747e+00 2.851418277866408779e+00 1.893116893574357806e-01
2.676491513833453517e+00 2.852118085312325135e+00 1.858505339771018283e-01
2.680083219443588849e+00 2.852833403920763011e+00 1.817254361123188389e-01
2.683388454434659565e+00 2.853461165160892765e+00 1.779134761199000214e-01
2.686732324885891643e+00 2.854108189163931719e+00 1.742785429056853685e-01
2.689994545863905184e+00 2.854734261707476684e+00 1.709183224396691458e-01
2.693952194846771953e+00 2.855473684290857683e+00 1.671512258065860901e-01
2.697847504533233298e+00 2.856158711782661452e+00 1.635197275822045104e-01
2.701540719141037883e+00 2.856787477499847405e+00 1.601737800458129246e-01
2.704948108802680551e+00 2.857364942775263650e+00 1.571366437415371853e-01
2.708544427294106605e+00 2.857934705349074012e+00 1.540230889420571014e-01
2.712545673327011020e+00 2.858559462392687323e+00 1.505823654013152546e-01
2.716043271424346095e+00 2.859105016442273772e+00 1.475841643297601258e-01
2.719839158442909799e+00 2.859687524703927952e+00 1.443935238870808768e-01
2.723444492298229935e+00 2.860222986819610735e+00 1.413900928993500339e-01
2.727129768049338487e+00 2.860775398982120521e+00 1.383280642541183381e-01
2.736427287129372665e+00 2.862108830346792310e+00 1.306087462017095358e-01
2.740732270972934703e+00 2.862710515637323816e+00 1.270236307310788904e-01
2.744325343266407202e+00 2.863191899366842819e+00 1.240848111062089892e-01
2.747831395821508149e+00 2.863645228621322758e+00 1.211515520799388429e-01
2.751138560990389781e+00 2.864071273979740262e+00 1.183951633249598068e-01
2.755050726141978767e+00 2.864546177670705962e+00 1.150929728237615052e-01
2.758756792116050516e+00 2.864975530816651350e+00 1.121133104222704902e-01
2.762667859990451724e+00 2.865438948216964210e+00 1.090745667245733991e-01
2.766676531196125222e+00 2.865901776073728424e+00 1.059739638591754574e-01
2.770685299709566340e+00 2.866355106751036441e+00 1.027954399336937219e-01
2.773981296176455391e+00 2.866721789206618798e+00 1.001708679955841119e-01
2.777671669682087341e+00 2.867127369610550591e+00 9.715580121555257576e-02
2.777773527951729271e+00 2.867138802133147202e+00 9.707213590536332981e-02
2.781387964046276196e+00 2.867513556026897170e+00 9.433443393226245699e-02
2.784699260322311964e+00 2.867828937204686568e+00 9.200844721049566965e-02
2.788310660495150639e+00 2.868179577307437444e+00 8.941079828317193001e-02
2.792509122453497472e+00 2.868568822603124069e+00 8.630118491752310217e-02
2.796020170382346848e+00 2.868907585622330281e+00 8.360577402154927007e-02
2.800105646153900008e+00 2.869287221210872207e+00 8.042141329844040842e-02
2.804508304616381675e+00 2.869667960984426003e+00 7.683085626301781879e-02
2.808109856550557559e+00 2.869948434670379633e+00 7.445185262930770209e-02
2.811724163693652301e+00 2.870227843045480398e+00 7.235608001128358835e-02
2.815418337847549690e+00 2.870505160295647951e+00 7.016296170881512750e-02
2.819210991822163059e+00 2.870769324694192104e+00 6.773915975890293373e-02
2.819413576827073609e+00 2.870788135991567458e+00 6.760153068670567145e-02
2.823076072517468393e+00 2.871066760309131105e+00 6.500427741416178740e-02
2.823176382049781274e+00 2.871074576006071855e+00 6.492987516531460723e-02
2.827239341551581298e+00 2.871363143522230654e+00 6.171612473453792075e-02
2.831012404518564285e+00 2.871638865089779724e+00 5.868048243821034210e-02
2.834735225105033951e+00 2.871864181355917367e+00 5.632629536506197215e-02
2.838216860809063657e+00 2.872058666262069515e+00 5.471967491585455479e-02
2.841523806110014316e+00 2.872256456733124796e+00 5.298077371815819447e-02
2.845411849035190510e+00 2.872466030719077246e+00 5.065459339969012598e-02
2.845511486711913562e+00 2.872469727770453396e+00 5.058836062206682749e-02
2.849276620433877305e+00 2.872669904261882401e+00 4.795748320751561794e-02
2.852847074088480817e+00 2.872898402201458978e+00 4.529395105859444076e-02
2.856616462709927085e+00 2.873109187163510381e+00 4.242869256862798200e-02
2.859934409224384577e+00 2.873251775165192701e+00 4.047644981772320627e-02
2.863645861481684207e+00 2.873406778373922332e+00 3.870346650582418696e-02
2.867116026019068453e+00 2.873539541894441829e+00 3.709352210601102318e-02
2.870811724364255468e+00 2.873680020036617933e+00 3.496419258143032560e-02
2.874385805813683969e+00 2.873811500211862047e+00 3.269990897378720340e-02
2.877934317930002095e+00 2.873980737917096295e+00 3.017276532258027916e-02
2.881364736479479216e+00 2.874126490534658629e+00 2.757991840994624549e-02
2.884866646962365611e+00 2.874236020037071349e+00 2.538431166400185665e-02
2.888978543418017519e+00 2.874348751722842543e+00 2.316709134483410648e-02
2.889078330771325032e+00 2.874353785338589873e+00 2.311628420950771062e-02
2.893027913218583880e+00 2.874472970420827167e+00 2.074583296489837872e-02
2.893224611090714493e+00 2.874475077448698901e+00 2.061575825912871987e-02
2.896591433164054319e+00 2.874577208928974059e+00 1.836917898156989817e-02
2.900435783178735960e+00 2.874683657471853060e+00 1.571901232926691330e-02
2.900535281359987838e+00 2.874686700515844073e+00 1.565028667156400169e-02
2.904413561009127509e+00 2.874773217283027371e+00 1.314171562297925498e-02
2.907711107671421491e+00 2.874819650523324555e+00 1.133012376191041767e-02
2.911379255331697280e+00 2.874861731963624933e+00 9.234101322188862163e-03
2.915141792805802545e+00 2.874925679886722207e+00 6.948574161197932503e-03
2.915337338987302296e+00 2.874924661652379143e+00 6.824318595976789845e-03
2.918789470253725593e+00 2.874963877517892286e+00 4.502708295523773219e-03
2.922411350987858647e+00 2.875011533628285321e+00 1.867593272413424358e-03
2.926034476333699175e+00 2.875059208643682140e+00 -8.867241607478825371e-04
2.934707582569251461e+00 2.875105090304211686e+00 -1.290813205978762548e-02
2.938232742394252472e+00 2.875108278630887693e+00 -2.076218385388413010e-02
2.941709153750759143e+00 2.875070408712098846e+00 -2.851580107927927446e-02
2.945189121458132497e+00 2.874973856170634168e+00 -3.572190773888164750e-02
2.949146371223863472e+00 2.874868528159624681e+00 -4.130120844884440506e-02
2.953158938863381433e+00 2.874705522354048526e+00 -4.561999991121667986e-02
2.957161284528505796e+00 2.874511745826253684e+00 -4.753729367991173238e-02
2.961076031477106518e+00 2.874333487186687019e+00 -4.633392228556162257e-02
2.961181728260197765e+00 2.874326740364692157e+00 -4.625894333239589928e-02
2.965034982616844061e+00 2.874150349306865859e+00 -4.261830897108814797e-02
2.965133458857393212e+00 2.874145537885501867e+00 -4.250356466680708933e-02
2.968857831487448085e+00 2.874000100120989831e+00 -3.872975709294494001e-02
2.968955437788817875e+00 2.873995809730724549e+00 -3.866145984054691898e-02
2.973089664649242625e+00 2.873835244248160947e+00 -3.713449600163745701e-02
2.977014869446478862e+00 2.873684770581816927e+00 -3.740553877395334792e-02
