1.000339213558154805e+00 9.999719237534201444e-01 -1.336450917232140378e-04
1.000474177260630260e+00 9.999557563416459072e-01 -1.766543295965465274e-04
1.000497703023316420e+00 9.999547826449100008e-01 -7.706419901742715109e-05
1.000517908822471158e+00 9.999537000910768691e-01 1.854112274170454993e-04
1.000534582699252661e+00 9.999510975007470659e-01 5.967401568944718160e-04
1.000557081882062826e+00 9.999464358521330531e-01 1.267141426224427771e-03
1.000587013188488861e+00 9.999530746814117022e-01 2.226754302130598377e-03
1.000586559547134602e+00 9.999533154187075779e-01 2.257784728549508575e-03
1.000743698311646890e+00 9.999521976940487500e-01 4.914436940766918685e-03
1.000761280362396421e+00 9.999488070639712678e-01 6.365118553507892636e-03
1.000774647899938863e+00 9.999441729377658294e-01 8.327270059843881050e-03
1.000849523035836297e+00 9.999458181640676901e-01 1.027999874798898351e-02
1.000939800143169744e+00 9.999486911828735503e-01 1.215864386531426665e-02
1.000941525377504471e+00 9.999487766332586514e-01 1.221762384094369699e-02
1.001064707179177837e+00 9.999511678314425556e-01 1.431603101709462075e-02
1.001130678550966158e+00 9.999486582144120339e-01 1.700233779030321454e-02
1.001135198682114646e+00 9.999492383164834131e-01 1.707165579841887076e-02
1.001189302873728648e+00 9.999506467603059834e-01 1.999669800431810515e-02
1.001253822375185010e+00 9.999473224262259707e-01 2.339416440446570947e-02
1.001258133877683587e+00 9.999475659217164081e-01 2.347704698310391913e-02
1.001303850640368642e+00 9.999416423949316624e-01 2.651220865607872498e-02
1.001359598809373086e+00 9.999455416057679846e-01 3.029250764793810918e-02
1.001455123121978374e+00 9.999533866306178354e-01 3.384087341003391702e-02
1.001530499615678860e+00 9.999509840738742827e-01 3.769584509353196555e-02
1.001559990974657977e+00 9.999521936983408743e-01 4.173439165081981733e-02
1.002597259927803686e+00 1.000005064889105011e+00 4.689899724090679928e-02
1.005814586531448729e+00 1.000163523262230125e+00 5.399290710511871205e-02
1.011130955664264253e+00 1.000471765302889837e+00 6.153652661015510117e-02
1.016655354715906734e+00 1.000849747104807008e+00 6.875288839407321662e-02
1.022148594609266326e+00 1.001238462430785292e+00 7.573293164589252335e-02
1.029194888695335930e+00 1.001806398500780793e+00 8.494705418823765564e-02
1.034584487773279049e+00 1.002270445076662853e+00 9.218918186303158568e-02
1.034706189811063659e+00 1.002283464359186471e+00 9.234544093462702941e-02
1.038111420928598649e+00 1.002610250982004514e+00 9.670241635670223657e-02
1.039484909926405853e+00 1.002712638016790114e+00 9.905677034229175282e-02
1.040437610233682086e+00 1.002822679073216428e+00 1.027698874580902505e-01
1.041114889347622752e+00 1.002877828824830786e+00 1.085492944005134880e-01
1.041390081894888020e+00 1.002897476208196359e+00 1.162203066494861270e-01
1.041444923603843664e+00 1.002911406690778939e+00 1.253660875870391267e-01
1.042048555314221359e+00 1.002995471372045477e+00 1.338951685920272971e-01
1.045168945519301396e+00 1.003430106311250070e+00 1.421578735210689004e-01
1.050657927566477134e+00 1.004268990685779350e+00 1.510205691956489071e-01
1.056198362895518050e+00 1.005170322832378726e+00 1.601404713274055536e-01
1.061228044937752024e+00 1.006028398985505667e+00 1.685065315039444567e-01
1.066944698427054972e+00 1.007045104321694140e+00 1.780566133477679280e-01
1.072611267878232022e+00 1.008104682240406724e+00 1.875640763048875004e-01
1.078210742725031812e+00 1.009196074298158274e+00 1.969129032966534798e-01
1.078354165932646103e+00 1.009228124394226489e+00 1.971554862393122276e-01
1.083275335179098686e+00 1.010223794117184104e+00 2.059667202174292056e-01
1.086383423969626172e+00 1.010852795296686590e+00 2.124583125853205245e-01
1.087637068094493564e+00 1.011073465794831483e+00 2.162205118556685124e-01
1.088297070094105701e+00 1.011223732772966954e+00 2.210864716431225896e-01
1.088495527217349323e+00 1.011259400150322119e+00 2.294740859398667621e-01
1.090001283859769021e+00 1.011623343113641882e+00 2.386597180900155157e-01
1.093822294621557889e+00 1.012575428328012839e+00 2.465413011494022033e-01
1.099168323685025817e+00 1.013996324837073137e+00 2.562907509649099969e-01
1.099302694021986992e+00 1.014032359726004140e+00 2.565379773743556857e-01
1.104194684382119096e+00 1.015375279595610136e+00 2.656588340614714494e-01
1.109024672797284339e+00 1.016742782228151176e+00 2.747245505830020473e-01
1.114598091378439015e+00 1.018357170175941517e+00 2.850981699000081915e-01
1.120098758573282449e+00 1.020024874119919378e+00 2.953628593303995742e-01
1.124527048444347921e+00 1.021397621766826136e+00 3.037134600562295117e-01
1.128373571391195762e+00 1.022625016593378122e+00 3.116012402115960755e-01
1.130436564699319524e+00 1.023240956128264489e+00 3.170662585003049538e-01
1.131468990056402113e+00 1.023562612402175054e+00 3.217421439787674364e-01
1.131964532876948981e+00 1.023722103828700769e+00 3.270238828884554638e-01
1.132302758415181243e+00 1.023845463800999500e+00 3.461558900910357006e-01
1.132341744326888389e+00 1.023852802710047971e+00 3.540492504366055115e-01
1.133325850814576041e+00 1.024217683129138523e+00 3.618662902357362987e-01
1.137361727072780715e+00 1.025801924903273932e+00 3.714589878267808287e-01
1.137479965167410567e+00 1.025855416149865862e+00 3.717037160479866320e-01
1.141787653377623224e+00 1.027597723089520798e+00 3.807968941012516151e-01
1.146550296920670231e+00 1.029579737936577422e+00 3.904356694065557187e-01
1.146667015864016870e+00 1.029629452617131458e+00 3.906643782925488528e-01
1.150800842379475997e+00 1.031395339097411767e+00 3.992577709898615934e-01
1.154581379064396396e+00 1.033006184656798165e+00 4.074375639052026377e-01
1.159000744307663977e+00 1.034971554262340776e+00 4.171513297139496923e-01
1.162801736233205707e+00 1.036694826552488458e+00 4.255421158844414631e-01
1.167362440360447451e+00 1.038803836302472750e+00 4.354789152145596698e-01
1.171529895147974232e+00 1.040784025480256281e+00 4.446208620669441780e-01
1.175662933021154988e+00 1.042794227609815882e+00 4.537504763651698525e-01
1.179440022550944933e+00 1.044655375677719933e+00 4.620976057224875921e-01
1.183201602409189590e+00 1.046536700237314266e+00 4.704209778661358476e-01
1.187108335538126891e+00 1.048559069740845340e+00 4.791382447784452991e-01
1.191084596604228274e+00 1.050666269358239369e+00 4.880359200704049716e-01
1.191187477703445463e+00 1.050721330007645449e+00 4.882718595549698781e-01
1.195052381645990147e+00 1.052763810130467492e+00 4.976446489019040187e-01
1.195122417894599609e+00 1.052801207967541064e+00 4.978276511926842396e-01
1.196822390588285767e+00 1.053616033202934066e+00 5.033169143912794574e-01
1.197532565003576632e+00 1.053966800242674084e+00 5.082263712520830312e-01
1.197779080498408311e+00 1.054122281459201504e+00 5.151364623377716612e-01
1.197815836386421084e+00 1.054139815855881235e+00 5.229860421469390008e-01
1.198603818240721930e+00 1.054597535224851113e+00 5.303930193233030721e-01
1.201498946756129449e+00 1.056328650263962166e+00 5.385696228220206994e-01
1.205116257693088055e+00 1.058523961673515590e+00 5.474716824833305573e-01
1.209192460680526882e+00 1.061063712786395552e+00 5.577047404108552708e-01
1.212768704114465690e+00 1.063326070025379710e+00 5.667382927612397703e-01
1.215934324723068949e+00 1.065364189220338265e+00 5.747312630223614383e-01
1.219256411775551774e+00 1.067537871100795899e+00 5.831979131491845658e-01
1.222336300062097481e+00 1.069610417941628588e+00 5.911453669534201261e-01
1.225573643356246079e+00 1.071820951247798748e+00 5.995594599454400209e-01
1.229161207872442096e+00 1.074299177219836476e+00 6.088381654069882076e-01
1.233011767958540394e+00 1.077017450473222393e+00 6.187652581166126486e-01
1.236445786761764642e+00 1.079494085334568476e+00 6.276815599908899257e-01
1.236535119505353331e+00 1.079558571908270537e+00 6.279132480094589130e-01
1.239859316109301002e+00 1.081989054804932682e+00 6.365537347213517938e-01
1.243211223382492792e+00 1.084504549760920922e+00 6.453398603991901128e-01
1.246732252746125313e+00 1.087192185498485619e+00 6.545410368832130787e-01
1.250044839169069055e+00 1.089770072676057300e+00 6.632577373396180143e-01
1.253411894119383696e+00 1.092410980266718790e+00 6.721962991913762453e-01
1.256674852591770142e+00 1.095032408378171063e+00 6.809458056962707229e-01
1.260239602126377090e+00 1.097942576168280393e+00 6.905474787031672390e-01
1.263433767341242131e+00 1.100601167417456505e+00 6.991820476242887050e-01
1.266692125288862547e+00 1.103361052705492451e+00 7.079215891798645854e-01
1.270073215170686609e+00 1.106274796546298234e+00 7.171732070562911732e-01
1.270158326304560603e+00 1.106342120037273613e+00 7.174007610149589764e-01
1.273151036944783598e+00 1.108972460546371552e+00 7.257026562831554450e-01
1.276030376452649939e+00 1.111545128866264998e+00 7.338572924351183246e-01
1.279390807408588904e+00 1.114586596501782934e+00 7.432925840723325628e-01
1.282164309613715636e+00 1.117146624440540359e+00 7.511504987464281413e-01
1.284921070883319860e+00 1.119729429467887671e+00 7.589178501659781251e-01
1.287723396342071780e+00 1.122402095679743139e+00 7.668797637458550920e-01
1.290416584146768297e+00 1.125010915546054147e+00 7.746263860894329056e-01
1.293090716962338016e+00 1.127667100212023321e+00 7.823216408348692141e-01
1.298012051686208146e+00 1.132622806696078621e+00 7.970505675728830619e-01
1.300405696854450177e+00 1.135078447481534747e+00 8.041053314747689251e-01
1.303149471641871893e+00 1.137929913774157420e+00 8.122609199216708209e-01
1.305784725700836146e+00 1.140726706155576364e+00 8.202103214010728616e-01
1.308476507319192184e+00 1.143633688760858913e+00 8.283290380172891876e-01
1.310833291326097605e+00 1.146222116220801501e+00 8.355822837724722341e-01
1.313239592523330224e+00 1.148903859736529531e+00 8.430026988139758259e-01
1.315705994186530781e+00 1.151687876934211596e+00 8.506154373597282214e-01
1.318220259428247054e+00 1.154577092664600624e+00 8.584512792087127808e-01
1.320907516839263662e+00 1.157724918069672038e+00 8.669438039590988687e-01
1.323646333059543156e+00 1.160973912059146018e+00 8.756689195780005264e-01
1.323713025089352069e+00 1.161054263233236572e+00 8.758822973334869921e-01
1.326372970730276268e+00 1.164285733128380684e+00 8.843242324717671687e-01
1.328886242360127534e+00 1.167389013377123197e+00 8.919664935211493173e-01
1.328952638131065456e+00 1.167469797760536832e+00 8.921656322607006695e-01
1.331385406206704536e+00 1.170533695852447487e+00 8.994455506938587863e-01
1.331449199416991691e+00 1.170615499698259176e+00 8.996312528581804635e-01
1.333752203168568684e+00 1.173507575007811443e+00 9.061059959672982389e-01
1.336017126539842170e+00 1.176408371373556916e+00 9.121308407105833682e-01
1.338186376567865654e+00 1.179239819202345663e+00 9.176991651684230922e-01
1.340350503057778919e+00 1.182136037283469054e+00 9.228092919050114862e-01
1.343014355639270629e+00 1.185765132269928301e+00 9.283474614288389493e-01
1.345202498353043952e+00 1.188779314850495705e+00 9.326375633784194097e-01
1.347557446950983895e+00 1.192036661085874805e+00 9.368639891604593206e-01
1.349927100389583856e+00 1.195324256237303429e+00 9.408556435025621223e-01
1.349986854368446787e+00 1.195403467249408047e+00 9.409513179645819791e-01
1.352184689369752224e+00 1.198533850826161373e+00 9.448518843833944025e-01
1.354319659109890939e+00 1.201584872624319233e+00 9.487125152908771897e-01
1.356337314229200786e+00 1.204450014455519469e+00 9.526332895004356871e-01
1.358261736834784905e+00 1.207184587343397730e+00 9.567787996031895670e-01
1.360333862811010430e+00 1.210189444048713536e+00 9.606968958364908717e-01
1.362392058002332984e+00 1.213171813199347415e+00 9.643878633590090566e-01
1.364491954940801222e+00 1.216255969125474401e+00 9.679184779030062247e-01
1.366804374282089674e+00 1.219675544419684510e+00 9.717475749238514426e-01
1.368878703734079494e+00 1.222768172529787201e+00 9.751094817227003997e-01
1.371044664702178117e+00 1.226048612410619132e+00 9.786005275459315200e-01
1.373104751985778194e+00 1.229155469597436934e+00 9.819623174357962059e-01
1.374959793159434618e+00 1.232006676803645284e+00 9.847157592656263780e-01
1.377181560575599484e+00 1.235429078467048969e+00 9.880259220575042800e-01
1.379177139269967434e+00 1.238563200157504651e+00 9.908391239786364935e-01
1.381420889404255892e+00 1.242028955975834403e+00 9.948777549377941787e-01
1.383400426029730124e+00 1.245078008912738010e+00 1.000483717972855624e+00
1.385581926319076729e+00 1.248514382910787868e+00 1.008330982628028671e+00
1.387501972322424004e+00 1.251576270448650163e+00 1.014786135182146110e+00
1.389478123902725404e+00 1.254788093708574692e+00 1.020797922763757803e+00
1.389532680113465535e+00 1.254875841657059787e+00 1.020939136417822191e+00
1.391555668002006696e+00 1.258234213163087034e+00 1.025151046320821768e+00
1.393689273920914351e+00 1.261884645091868817e+00 1.026758641920085369e+00
1.393738996913671535e+00 1.261968003916035919e+00 1.026727531034081542e+00
1.395465491329657581e+00 1.264849746422939347e+00 1.025461518060261312e+00
1.397287709079898743e+00 1.267947650969898810e+00 1.023199304643071850e+00
1.399319630757492661e+00 1.271360894731955682e+00 1.021268378960346945e+00
1.401184289131338412e+00 1.274515680404551432e+00 1.020419497094414485e+00
1.403274941007921939e+00 1.277971622155049891e+00 1.021261926838216372e+00
1.404912084995860511e+00 1.280737821967854462e+00 1.022611952923035306e+00
1.406846854020910254e+00 1.283903808932048474e+00 1.025285605156207147e+00
1.409094513903065060e+00 1.287640841497510458e+00 1.030983787902391313e+00
1.411081211443862671e+00 1.290974890395419461e+00 1.038333662633004195e+00
1.415957023696050587e+00 1.299426380597308084e+00 1.057288994660062986e+00
1.417637449944343597e+00 1.302411657755276897e+00 1.063610952676998345e+00
1.419415890947833381e+00 1.305647742286806245e+00 1.068163507655445210e+00
1.421224495536247412e+00 1.309042307864742849e+00 1.070367092886288729e+00
1.422779368347877771e+00 1.311990326408188468e+00 1.070020612529086534e+00
1.424171499433891430e+00 1.314665543940155334e+00 1.067402807386968799e+00
1.425565418274385321e+00 1.317379978242296357e+00 1.062784240797156388e+00
1.427419131568011590e+00 1.320824899685810516e+00 1.056702358372658468e+00
1.427467358204666859e+00 1.320911616655589649e+00 1.056548602767251932e+00
1.428861384305196491e+00 1.323567139348805766e+00 1.051406012964410497e+00
1.429031577829096511e+00 1.324416863651147525e+00 1.047045364867035033e+00
1.428925497772208342e+00 1.324247706871226171e+00 1.042524608531161467e+00
1.428862255103629408e+00 1.324264315821447990e+00 1.037920022204603887e+00
1.428771863055109392e+00 1.324190142470458298e+00 1.034024741723998053e+00
1.428709300655278014e+00 1.324199255359023386e+00 1.029429131425760646e+00
1.428641273294551262e+00 1.324183819848824273e+00 1.025845621862473855e+00
1.428611307735530023e+00 1.324180699689986085e+00 1.022044084296262145e+00
1.428580433411153594e+00 1.324206056479608318e+00 1.018318731163383672e+00
1.428501009751993456e+00 1.324135629122516145e+00 1.015375080206272651e+00
1.428455329369593407e+00 1.324180885073466651e+00 1.012075846757471309e+00
1.428379481224340442e+00 1.324210342559900999e+00 1.009523346756466378e+00
1.428302052106110498e+00 1.324208655312323124e+00 1.007305748510328725e+00
1.428249580619716186e+00 1.324249681190299288e+00 1.005286118885611257e+00
1.428209472092765608e+00 1.324305307211350646e+00 1.003353306597793315e+00
1.428189406467553990e+00 1.324361956555435427e+00 1.001516937285790609e+00
1.428155266367379994e+00 1.324404937005140726e+00 1.000132279415610892e+00
1.428114686474524664e+00 1.324428894176632898e+00 9.990046014875969549e-01
1.428076249612982629e+00 1.324444257423870619e+00 9.980868724338821663e-01
1.428040318870817948e+00 1.324464319211873020e+00 9.973325414138751732e-01
1.428016412657874046e+00 1.324507456839308261e+00 9.967166532148556968e-01
1.428003396280003612e+00 1.324552047376823305e+00 9.963647717072359189e-01
1.428008676272209510e+00 1.324598442764312267e+00 9.961431122089448031e-01
1.428027515030729333e+00 1.324659217589125193e+00 9.960419309690214940e-01
1.428056202933820407e+00 1.324734105183372090e+00 9.960928253272414157e-01
1.428099812288620374e+00 1.324807934451881497e+00 9.963193567806316597e-01
1.428139446713168059e+00 1.324853696414225013e+00 9.969386925302773372e-01
1.428139069363495217e+00 1.324854585961554365e+00 9.969604083433925013e-01
1.428151988467745603e+00 1.324873859308087765e+00 9.979244411636174483e-01
1.428163998769060639e+00 1.324898899961498788e+00 9.989588897353034458e-01
1.428178480856551857e+00 1.324928226225395855e+00 1.000294078294744704e+00
1.428201939343695770e+00 1.324950686487806228e+00 1.002023359042687911e+00
1.428201575210052532e+00 1.324951392821386964e+00 1.002072259430662360e+00
1.428213206089190335e+00 1.324973575183616470e+00 1.004066778117174596e+00
1.428239333857276971e+00 1.325014664210586002e+00 1.006069368624836979e+00
1.428268130257544621e+00 1.325070361098582339e+00 1.008540503249518494e+00
1.428300380041277240e+00 1.325125397377199477e+00 1.011146713979802048e+00
1.428316119370754089e+00 1.325149146303213232e+00 1.014465100646366968e+00
1.428342686925287097e+00 1.325194938346796025e+00 1.017983226448476053e+00
1.428345354682217128e+00 1.325196157141045106e+00 1.018156399011875379e+00
1.428648473628681304e+00 1.325691116083165255e+00 1.021781377266259394e+00
1.430311205184851886e+00 1.328433908361663862e+00 1.028797062227621462e+00
1.432478139398936534e+00 1.332091570438883377e+00 1.038019171326078682e+00
1.434385627117838791e+00 1.335346268481196308e+00 1.046066244352450436e+00
1.436064982069865215e+00 1.338261749314782589e+00 1.053269535138900759e+00
1.437885779470221781e+00 1.341450975411343283e+00 1.061130925546982517e+00
1.439959053303663694e+00 1.345195243924184325e+00 1.069480419770366897e+00
1.440002796680069252e+00 1.345286143689447433e+00 1.069668481919129110e+00
1.441975257783113085e+00 1.348915602206716802e+00 1.075846894132323373e+00
1.443985504363943573e+00 1.352718509028208338e+00 1.079317400675786187e+00
1.445619447800868373e+00 1.355853742479456114e+00 1.081757018153342020e+00
1.447168086027368794e+00 1.358893345007013087e+00 1.082557737634366690e+00
1.448731561284598568e+00 1.361977055504000944e+00 1.080831806570372366e+00
1.450067269934678826e+00 1.364541314018511420e+00 1.077471466868473726e+00
1.451553895508663095e+00 1.367407498162068302e+00 1.072747499103697155e+00
1.452672043877525354e+00 1.369756207921055235e+00 1.067837486370589950e+00
1.452631294789389127e+00 1.369925747045248832e+00 1.063396102442310198e+00
1.452511136393458857e+00 1.369801507585048483e+00 1.059301498274739739e+00
1.452429548825207473e+00 1.369795471311136881e+00 1.055431952613030022e+00
1.452364645714987246e+00 1.369778640482622656e+00 1.051713960445997742e+00
1.452290254533048941e+00 1.369811815804738542e+00 1.048103641016105980e+00
1.452153990582221610e+00 1.369823448086173290e+00 1.040104312918592733e+00
1.452120981528577159e+00 1.369860700363274564e+00 1.037098061419877704e+00
1.452048812909085385e+00 1.369878257769284957e+00 1.034334928078054494e+00
1.451960527054616090e+00 1.369900551355065277e+00 1.031772837936649090e+00
1.451918742429202158e+00 1.369944063595412098e+00 1.029697828222165379e+00
1.451876473844971649e+00 1.370004706964900398e+00 1.027650691846724529e+00
1.451842106781317643e+00 1.370055671550831189e+00 1.025914581299268935e+00
1.451806863325432628e+00 1.370101610588066565e+00 1.024391242669998148e+00
1.451805112430018641e+00 1.370104970313689385e+00 1.024357256341703382e+00
1.451767517223744530e+00 1.370160753395381459e+00 1.022934306052098341e+00
1.451767930787574601e+00 1.370159291315204086e+00 1.022902004909144180e+00
1.451723022935946350e+00 1.370193873908816862e+00 1.021871332325957393e+00
1.451686324700208086e+00 1.370239154199164755e+00 1.020977620769167649e+00
1.451671327288399427e+00 1.370278391289336817e+00 1.020274011190590135e+00
1.451683927892995829e+00 1.370314449320818584e+00 1.019756018975485734e+00
1.451700524913118073e+00 1.370341934549010432e+00 1.019502173564271086e+00
1.451723607833703911e+00 1.370368933972935688e+00 1.019441462523251518e+00
1.451749950648685950e+00 1.370390202414821346e+00 1.019530710396485684e+00
1.451752295080342536e+00 1.370392046142662190e+00 1.019565662045330612e+00
1.451773701309259756e+00 1.370415252744195067e+00 1.019864053146965821e+00
1.451793589113626437e+00 1.370448670684151882e+00 1.020437240648510935e+00
1.451824506944224602e+00 1.370491704533745914e+00 1.021134475527530228e+00
1.451853334390674100e+00 1.370526266732297938e+00 1.022093770406367064e+00
1.451876877110126696e+00 1.370563080941838985e+00 1.023181442134972752e+00
1.451896871653884924e+00 1.370608529669039566e+00 1.024703429139764754e+00
1.451929411959137495e+00 1.370639414413580504e+00 1.026292279275034192e+00
1.451938603919481041e+00 1.370667113057862707e+00 1.028475855534580985e+00
1.451955740207022894e+00 1.370698775046741424e+00 1.030966906826981777e+00
1.451978099455363935e+00 1.370738202242229642e+00 1.033632285307008347e+00
1.451998001178270048e+00 1.370768536821589834e+00 1.036550870251058631e+00
1.452008703410663681e+00 1.370791396861273492e+00 1.039461429282541038e+00
1.452024087133416019e+00 1.370815110278838400e+00 1.042478371329580877e+00
1.452053372857054825e+00 1.370852936572953817e+00 1.045552423360046612e+00
1.452079553068452267e+00 1.370897287551066546e+00 1.049219199355686971e+00
1.452096587597460076e+00 1.370918970738510323e+00 1.053093619009811910e+00
1.452140290372017084e+00 1.371012304199852538e+00 1.057510136495338093e+00
1.452175515143833140e+00 1.371085054074813847e+00 1.062015459525158079e+00
1.452185590974378382e+00 1.371099876319062716e+00 1.067315651923319786e+00
1.452208542591648888e+00 1.371136566305374060e+00 1.072269999389687811e+00
1.452246580114235242e+00 1.371205835728529498e+00 1.077794845068591911e+00
1.452262092468659560e+00 1.371242292963789300e+00 1.083061063895296439e+00
1.452286763838073647e+00 1.371318357476115413e+00 1.088463730009918695e+00
1.452832496171926557e+00 1.372374827946254428e+00 1.095824275823492178e+00
1.454512930517863456e+00 1.375696848044663856e+00 1.104815775349966334e+00
1.456114084127385189e+00 1.378880620202771690e+00 1.112775343294631680e+00
1.457605495157920039e+00 1.381939089226376538e+00 1.119496518122053752e+00
1.459027712510745367e+00 1.384900977981546877e+00 1.123856003011585170e+00
1.460407952878698623e+00 1.387883106311081027e+00 1.126519448066278128e+00
1.462065378766545853e+00 1.391490395176583794e+00 1.126582482285748865e+00
1.463516501254282343e+00 1.394598775731243023e+00 1.123170868561163660e+00
1.464799168094912840e+00 1.397516864016504545e+00 1.117399281382938980e+00
1.464831720692630457e+00 1.397581765903763262e+00 1.117260235130808299e+00
1.466147644150917584e+00 1.400280912477297024e+00 1.110751903420202469e+00
1.467592741076153784e+00 1.403294134402618187e+00 1.103003849549472948e+00
1.468995105280108238e+00 1.406128580979824738e+00 1.095615754694931887e+00
1.470856244648054867e+00 1.409827346846213469e+00 1.085981599918579343e+00
1.472590332001751712e+00 1.413210390835693442e+00 1.077216301084192862e+00
1.472632279299562974e+00 1.413295578968882804e+00 1.077011576710936502e+00
1.474456178498094516e+00 1.416782603436316457e+00 1.068909621555767409e+00
1.479249644016429333e+00 1.425679787387772235e+00 1.058758686976484675e+00
1.481008710913856330e+00 1.428834825024232202e+00 1.056218026208994631e+00
1.481058402677791097e+00 1.428924417157152904e+00 1.056174148921306344e+00
1.482992571087619282e+00 1.432340544896267165e+00 1.055565892188987664e+00
1.484729259975731130e+00 1.435413075819032880e+00 1.057721011673870448e+00
1.486780264192505197e+00 1.439097901076471286e+00 1.063353757838044755e+00
1.486824110636743246e+00 1.439188091693529792e+00 1.063544693401621055e+00
1.488791672491479812e+00 1.442755441119149884e+00 1.071973683399606525e+00
1.488837560028613449e+00 1.442844075048120178e+00 1.072200609809917493e+00
1.490412363559592279e+00 1.445761691799242188e+00 1.079524777346162701e+00
1.492268221094444458e+00 1.449241513983185792e+00 1.088083995733841292e+00
1.493893468563942228e+00 1.452373779327489345e+00 1.095731747424645519e+00
1.495860161116760789e+00 1.456226014936986557e+00 1.103747963643346486e+00
1.497439003975149951e+00 1.459374664951489153e+00 1.107929601261069319e+00
1.499076396380382814e+00 1.462694121338852460e+00 1.109858789588948902e+00
1.500589518629955155e+00 1.465796509418558324e+00 1.110073695641198066e+00
1.502012197086076917e+00 1.468921251459215149e+00 1.107594688802258531e+00
1.502074324871807143e+00 1.469049955521086526e+00 1.107467886702521609e+00
1.503499247031828023e+00 1.472008691375408684e+00 1.102331845032310964e+00
1.505099779421438466e+00 1.475220594003614494e+00 1.097858257215381883e+00
1.506688786418901138e+00 1.478408071840533022e+00 1.096309464959851931e+00
1.508508469805864838e+00 1.481960310578938955e+00 1.097517202553374149e+00
1.508558788516313864e+00 1.482057281558012196e+00 1.097573144636511566e+00
1.510393567123529124e+00 1.485650677387145180e+00 1.101145395536241578e+00
1.512275986240631420e+00 1.489368726726552739e+00 1.106215627021856829e+00
1.512364663303835233e+00 1.489549527987551469e+00 1.106470150500235450e+00
1.514001903575927344e+00 1.492850730823692240e+00 1.110047830793488233e+00
1.515635215090967547e+00 1.496149704407373937e+00 1.112192516033944090e+00
1.517124343988366153e+00 1.499203265215423020e+00 1.113826658930877178e+00
1.518745869755858235e+00 1.502569502594867767e+00 1.114805881347706196e+00
1.520396824625466881e+00 1.506016684904812220e+00 1.115551288093663773e+00
1.520437801953741896e+00 1.506107422880408109e+00 1.115566196622388206e+00
1.521884219077504596e+00 1.509188014953276813e+00 1.115258046439708162e+00
1.523186104964237231e+00 1.512001814088157925e+00 1.113062303935077102e+00
1.524341253957955944e+00 1.514452165943604101e+00 1.109383746979597074e+00
1.525832819682075403e+00 1.517489465790569758e+00 1.103060352487181373e+00
1.527436187265810652e+00 1.520729002735214719e+00 1.097052924214823699e+00
1.529051646056233116e+00 1.523967296413679673e+00 1.092550058130576041e+00
1.530709339806976876e+00 1.527230526087365980e+00 1.090930382230730578e+00
1.532101844768498866e+00 1.529901950960220081e+00 1.090905591363842575e+00
1.533355471205915865e+00 1.532320083167520330e+00 1.092754082511346869e+00
1.535219066111939590e+00 1.535977956074064732e+00 1.099459477907860583e+00
1.536993380853176827e+00 1.539479237927014132e+00 1.107497208635479735e+00
1.538524838280957319e+00 1.542561373410872960e+00 1.114122405738749766e+00
1.540273230178182740e+00 1.546131115207705964e+00 1.119917217176039426e+00
1.541734916542971678e+00 1.549175179989745965e+00 1.123008390101560172e+00
1.541776825263340367e+00 1.549263591995744260e+00 1.123070201908989985e+00
1.543310209980388148e+00 1.552551269379904397e+00 1.124161160804641346e+00
1.544724636817414565e+00 1.555563405657746756e+00 1.123984135923900007e+00
1.546064224727441649e+00 1.558456134649107483e+00 1.123000212130178532e+00
1.547491848048786700e+00 1.561566212908185314e+00 1.119322579725495093e+00
1.548847653042983330e+00 1.564470018233562687e+00 1.113303535781822173e+00
1.550419714564039042e+00 1.567745292191357054e+00 1.105753598001234295e+00
1.551904090072527609e+00 1.570756005822915746e+00 1.099920855065010583e+00
1.553438386986879971e+00 1.573839662508934145e+00 1.095947816843596545e+00
1.555095524196987711e+00 1.577109909186839687e+00 1.094272743378923440e+00
1.556844236502423762e+00 1.580501806255194763e+00 1.095113237598230649e+00
1.558815799961660087e+00 1.584351170770459838e+00 1.099554119165727428e+00
1.560564854799473933e+00 1.587810920296126360e+00 1.106578709717638942e+00
1.562267138965929281e+00 1.591240608240700016e+00 1.114333959340953584e+00
1.564202904052975684e+00 1.595212744476653732e+00 1.121838798712974761e+00
1.564247262989871601e+00 1.595301682844211033e+00 1.121973433119838548e+00
1.565713808641644889e+00 1.598375411484202813e+00 1.126200591240338555e+00
1.567253198157489980e+00 1.601645298616391155e+00 1.128615404216060325e+00
1.568911420362997466e+00 1.605228477305720380e+00 1.129009353469510035e+00
1.568955016217351339e+00 1.605316952532447106e+00 1.128989352603377405e+00
1.572604761396560580e+00 1.613273685035359062e+00 1.122078692425812596e+00
1.574025056120380794e+00 1.616381006368801110e+00 1.114842743592385110e+00
1.575754993798520687e+00 1.619955821118601813e+00 1.106237995863358137e+00
1.577267016995573812e+00 1.623062522540912100e+00 1.100136015380482224e+00
1.579172692751721563e+00 1.626941893179626675e+00 1.095534415673541817e+00
1.581042955523048299e+00 1.630553858818048152e+00 1.094742957410260065e+00
1.582854148832853802e+00 1.634117709581189626e+00 1.096799466312954552e+00
1.584838033517815603e+00 1.637987216262604129e+00 1.102537163242005791e+00
1.584887218534366315e+00 1.638081108823082666e+00 1.102721866132752693e+00
1.586603794751873409e+00 1.641504804256809891e+00 1.109764256628509527e+00
1.588187738356636514e+00 1.644705131982494350e+00 1.115822967471484572e+00
1.589642748283221163e+00 1.647688797033810104e+00 1.120681209363553643e+00
1.591070704636757149e+00 1.650664922102283105e+00 1.123540750426897050e+00
1.592730811227490717e+00 1.654150424254285046e+00 1.125011618652401957e+00
1.594274336990487484e+00 1.657439503616550347e+00 1.125010099344891712e+00
1.595840469371654802e+00 1.660850491598234502e+00 1.122129239745762508e+00
1.597250826838582327e+00 1.663854797104654004e+00 1.116577630726706127e+00
1.597287042689785386e+00 1.663936670952958163e+00 1.116422307488607046e+00
1.599079380669518269e+00 1.667655345318683757e+00 1.109588097257842021e+00
1.600560841687032720e+00 1.670703179603355126e+00 1.105251965564339356e+00
1.602000567339863846e+00 1.673650097056409436e+00 1.101903151055330765e+00
1.603891908958626544e+00 1.677418178876713961e+00 1.100334931705911456e+00
1.605648454198778996e+00 1.680886707604925423e+00 1.101414029281344353e+00
1.607210310819833232e+00 1.684004910377694397e+00 1.104299968399967913e+00
1.608798301944242004e+00 1.687181116465528818e+00 1.109014026828985866e+00
1.610003085676141588e+00 1.689606147722663376e+00 1.113341474368727102e+00
1.610406233488294703e+00 1.690423233266469705e+00 1.114664978213862234e+00
1.611897701127212423e+00 1.693479574056574677e+00 1.119258134634920188e+00
1.613589236324329157e+00 1.696968650524379729e+00 1.121935918648529595e+00
1.615134320942944068e+00 1.700215143805490436e+00 1.123331546786895618e+00
1.616779316012106671e+00 1.703702083241644072e+00 1.123694939390599723e+00
1.616819533888945504e+00 1.703790640445153493e+00 1.123693561500573868e+00
1.618330412875334190e+00 1.707055332647740675e+00 1.123114320205376382e+00
1.619698690798478280e+00 1.709940888525218083e+00 1.120624269362477721e+00
1.621124829932804712e+00 1.713055100526999386e+00 1.115309428928724200e+00
1.622813777354661369e+00 1.716590607584875583e+00 1.108115130620997535e+00
1.624472900332812220e+00 1.720011323949598658e+00 1.101784822428759858e+00
1.626149241185127714e+00 1.723390459213122394e+00 1.097162968051986986e+00
1.627683498142393770e+00 1.726466902843342810e+00 1.095104980139714357e+00
1.627730020482459850e+00 1.726555707687369212e+00 1.095071732638798201e+00
1.629482414192129802e+00 1.729934282476919050e+00 1.094886405588383127e+00
1.631250701458441865e+00 1.733418345621970946e+00 1.097274637791440410e+00
1.632880608461980021e+00 1.736649711284376840e+00 1.101469921863142520e+00
1.634687512516060703e+00 1.740240173365561915e+00 1.108203728699570956e+00
1.636108204318068582e+00 1.743107613350098006e+00 1.113713791673237363e+00
1.637600406406452880e+00 1.746130437028024618e+00 1.117692723612419670e+00
1.639142203514436513e+00 1.749341329163077718e+00 1.119590330143996448e+00
1.640643022696777198e+00 1.752478182773869797e+00 1.119900643842664190e+00
1.642055795072141056e+00 1.755541152660984316e+00 1.119472680827301669e+00
1.643430960430222187e+00 1.758471756566947430e+00 1.118471261840057407e+00
1.644958875436224988e+00 1.761760354155964770e+00 1.114271783013355721e+00
1.646592217490778332e+00 1.765145283041552160e+00 1.107100669771753143e+00
1.648443924887480927e+00 1.768924864664141783e+00 1.099835188341810932e+00
1.648487606741614986e+00 1.769010769462658450e+00 1.099674647911059067e+00
1.650263278153412561e+00 1.772537070102922385e+00 1.094544880177681367e+00
1.652040764643101234e+00 1.776040222936615454e+00 1.092372208384807752e+00
1.653870437582910302e+00 1.779570320234923564e+00 1.091544347113924340e+00
1.655649574282230141e+00 1.783008160161730249e+00 1.093383053251320014e+00
1.657610660403352032e+00 1.786833332042096600e+00 1.098235624988045167e+00
1.659319581355493955e+00 1.790217343913852677e+00 1.104030413022299095e+00
1.661196451149013598e+00 1.793980405267782574e+00 1.109783265542620079e+00
1.662790097782403276e+00 1.797189275076005011e+00 1.112820343534468348e+00
1.664575277610925053e+00 1.800837523773700877e+00 1.114073084029751692e+00
1.668440977164263206e+00 1.808992631043987664e+00 1.113246936306651946e+00
1.670059600207538963e+00 1.812359040105461228e+00 1.112222679022006000e+00
1.671510197143180942e+00 1.815493368020652865e+00 1.109194324732536874e+00
1.672820494827375715e+00 1.818259950235741718e+00 1.104267915974705527e+00
1.674347876514156841e+00 1.821304044980267545e+00 1.097740876718394265e+00
1.676123118648058519e+00 1.824860243621014622e+00 1.091362497554904554e+00
1.676165426781907275e+00 1.824949820610209050e+00 1.091225593158060114e+00
1.677818477417224896e+00 1.828193752082079460e+00 1.086546158712861310e+00
1.679556287331229525e+00 1.831515560492904982e+00 1.084389605021784053e+00
1.681335114859033197e+00 1.834889275081828863e+00 1.084737530272151140e+00
1.683129143454056953e+00 1.838306848981313468e+00 1.087969811301649159e+00
1.683224858669223778e+00 1.838490593651988192e+00 1.088232154700163656e+00
1.684871426635299319e+00 1.841645591671068338e+00 1.093379927086783221e+00
1.686552400667515439e+00 1.844916932843132962e+00 1.098302220707926047e+00
1.688059356367991093e+00 1.847870231949951592e+00 1.102305346406977193e+00
1.689933747036241662e+00 1.851587262125715894e+00 1.104553618050539976e+00
1.691725857987187442e+00 1.855216411331585435e+00 1.105299295823797046e+00
1.693317038679358788e+00 1.858475588508388343e+00 1.105027604090996540e+00
1.694850717200365064e+00 1.861701451567616017e+00 1.102747707601876126e+00
1.696318505477314220e+00 1.864706623841975608e+00 1.097510821898040945e+00
1.697953582658501492e+00 1.867982647278733310e+00 1.090672199706497869e+00
1.699527182047741114e+00 1.871018142647000948e+00 1.084769531355106675e+00
1.701159412081374001e+00 1.874172741024876299e+00 1.080190226112249130e+00
1.703022298043188165e+00 1.877738590986757439e+00 1.077308189622040890e+00
1.704687983030693577e+00 1.880860655629896128e+00 1.075776017012950225e+00
1.706507403951159851e+00 1.884231533163336803e+00 1.076141856464902125e+00
1.708302522727547457e+00 1.887569135342155313e+00 1.079327917321100339e+00
1.710085948302421777e+00 1.890924922217491311e+00 1.084640315007088018e+00
1.711805507758428213e+00 1.894185737744037867e+00 1.089809427834701250e+00
1.713701346193852615e+00 1.897826472530706798e+00 1.093715944439022980e+00
1.715296072799212368e+00 1.900926500999600588e+00 1.095177181194290084e+00
1.716993969130549802e+00 1.904283341744109848e+00 1.095207810840302942e+00
1.718576264131921327e+00 1.907439852243081546e+00 1.094458442112127949e+00
1.720046119224010628e+00 1.910418694541555773e+00 1.092227091274101447e+00
1.721592256237070462e+00 1.913582875652348303e+00 1.086891974916840864e+00
1.723271759963968197e+00 1.916804390186547913e+00 1.079877710010885838e+00
1.724966984926748603e+00 1.920071632393877348e+00 1.073495851856948402e+00
1.725142224127539592e+00 1.920424308956580006e+00 1.072906087546445786e+00
1.727053129941258813e+00 1.924038272529099647e+00 1.067677043865631115e+00
1.728968867807632259e+00 1.927550123358930056e+00 1.065517947090348860e+00
1.730993216493944775e+00 1.931203383849215305e+00 1.066235889953129901e+00
1.732940398852788721e+00 1.934733757174484037e+00 1.070014513875165107e+00
1.734783041724708763e+00 1.938131691920871535e+00 1.075203917057482528e+00
1.736536735564252920e+00 1.941383577578625896e+00 1.080040838210737153e+00
1.738413216650550597e+00 1.944893026946861170e+00 1.082967387356336353e+00
1.740086462173900284e+00 1.948062210341386491e+00 1.083846083860704024e+00
1.741930307806427436e+00 1.951649472082801040e+00 1.083440011934912128e+00
1.741979299060999686e+00 1.951736209851365977e+00 1.083413553607193380e+00
1.743633102961790415e+00 1.954984566532403711e+00 1.082252209123748532e+00
1.745344305966851195e+00 1.958324448740342394e+00 1.078855552832237441e+00
1.746696371754452137e+00 1.961024207594616264e+00 1.073789542011346132e+00
1.748383399011582018e+00 1.964195750977004273e+00 1.067313942398171678e+00
1.750156402595171912e+00 1.967503896857899726e+00 1.061233522663637352e+00
1.751819196085549590e+00 1.970595087373292920e+00 1.057215176669761947e+00
1.753478379856641567e+00 1.973570274472950414e+00 1.054937285795265245e+00
1.755333484890977847e+00 1.976834747310811657e+00 1.054988717819332900e+00
1.757219000136776677e+00 1.980196197800954128e+00 1.057698360894830714e+00
1.758963222464801301e+00 1.983309096385418080e+00 1.061409489726006905e+00
1.760963741182002718e+00 1.986901851192917956e+00 1.065517919375221334e+00
1.762510708775943513e+00 1.989695148720476370e+00 1.068190543615801902e+00
1.764219100791291961e+00 1.992828402960560075e+00 1.069210350161871714e+00
1.765876544299205264e+00 1.995883330335167738e+00 1.069240638581752556e+00
1.767706874942141848e+00 1.999332482975886283e+00 1.068605297525900166e+00
1.767753304732279540e+00 1.999419267262094735e+00 1.068584078659021497e+00
1.771648127731898281e+00 2.006721047433845939e+00 1.065843514717748075e+00
1.773379242510943143e+00 2.009888721537902434e+00 1.064540035870919610e+00
1.775056689867393178e+00 2.013044777660081941e+00 1.062913423703487403e+00
1.776624009420752603e+00 2.015912692595655198e+00 1.059776580787878286e+00
1.778069008448980082e+00 2.018475018995561143e+00 1.055745544358439370e+00
1.779664639529006553e+00 2.021365786558955158e+00 1.052831355969925387e+00
1.781519901547133466e+00 2.024600401181426257e+00 1.052128236321536958e+00
1.783644138375174659e+00 2.028344151637850423e+00 1.054273407322663170e+00
1.785725855542116491e+00 2.032038268332597042e+00 1.058995203187120593e+00
1.787551339162861019e+00 2.035313618971102301e+00 1.063904112310841699e+00
1.789241003968391475e+00 2.038345377175811990e+00 1.066474917318971372e+00
1.790841171123713771e+00 2.041345276104244988e+00 1.066643902705906255e+00
1.792496960048679311e+00 2.044428336756855202e+00 1.064409404520196167e+00
1.794081144180877718e+00 2.047391473758133795e+00 1.059743901927726162e+00
1.795928739488871884e+00 2.050767238328395692e+00 1.053302348982857906e+00
1.797835657574348378e+00 2.054166996770922182e+00 1.047668906894890783e+00
1.799411699287701616e+00 2.056939175322933799e+00 1.042905958412522205e+00
1.801187947812957546e+00 2.060018143639434030e+00 1.036908975528496590e+00
1.802985595743004765e+00 2.063095383373009462e+00 1.031188855788054415e+00
1.804907322316190887e+00 2.066379429997239114e+00 1.026821332718560020e+00
1.806872425886890010e+00 2.069622181677932993e+00 1.025100921830923273e+00
1.808821450399904718e+00 2.072828330032897792e+00 1.026094066545270023e+00
1.810595128553562416e+00 2.075766119758115202e+00 1.029550468401867480e+00
1.812866778398082968e+00 2.079581471027317718e+00 1.037081084694662758e+00
1.812919790746343018e+00 2.079674119491177642e+00 1.037284046308238450e+00
1.814858361285935917e+00 2.082984664622865800e+00 1.044393107947313215e+00
1.816912078922610085e+00 2.086507862999386287e+00 1.048674845419184765e+00
1.818564907430523014e+00 2.089425141726241719e+00 1.049397703201536469e+00
1.820061026902945134e+00 2.092077357901091172e+00 1.048517137688709022e+00
1.821760054500431103e+00 2.095088553656963448e+00 1.045093982657477216e+00
1.823470419869446468e+00 2.098058360952895995e+00 1.038795514757065774e+00
1.825189178777514076e+00 2.101046253787790086e+00 1.032466243862145916e+00
1.827033243586808631e+00 2.104224457867879927e+00 1.026944419620803517e+00
1.828806736296849422e+00 2.107254119113111557e+00 1.023438073824302075e+00
1.830874497671629353e+00 2.110642748869636875e+00 1.022235649115558420e+00
1.832704074142549544e+00 2.113640788732837894e+00 1.023721362514502076e+00
1.834684344133455935e+00 2.116911576524364236e+00 1.026635627257107330e+00
1.836452967402592451e+00 2.119835644213208248e+00 1.029170419788052460e+00
1.838596109895474395e+00 2.123394884063877441e+00 1.031251260881935528e+00
1.838648526853210008e+00 2.123480096815395068e+00 1.031281210490227140e+00
1.840547808340081692e+00 2.126663819143455925e+00 1.031907291148568051e+00
1.842368738840923559e+00 2.129718892140974873e+00 1.031270077413279918e+00
1.844124216987475640e+00 2.132703025213193548e+00 1.030254219204447930e+00
1.845800328064061357e+00 2.135669490241633106e+00 1.027657328434348427e+00
1.847622365067363326e+00 2.138756294130455426e+00 1.021618111705866916e+00
1.849368594593309378e+00 2.141631094385717304e+00 1.014821437452190223e+00
1.851164235265066127e+00 2.144580042895300132e+00 1.008634287726983381e+00
1.853094530618915048e+00 2.147735875644523063e+00 1.003695166975913988e+00
1.855118248567213302e+00 2.150961943357906136e+00 1.000697790740680437e+00
1.857097159057254032e+00 2.154047327720624239e+00 9.999596503022624150e-01
1.859487900168281582e+00 2.157806197221204592e+00 1.001909455519225611e+00
1.859601848191823059e+00 2.157985963519333250e+00 1.002041065417662136e+00
1.861567881697470117e+00 2.161058477237440378e+00 1.004608052499257553e+00
1.863826393002390613e+00 2.164611949503959742e+00 1.006902997508352771e+00
1.865962574170112687e+00 2.167997002644552751e+00 1.008450319284237118e+00
1.867946802066765777e+00 2.171159184621257232e+00 1.008583698167664355e+00
1.869798597228274684e+00 2.174098219582807801e+00 1.008059841888527153e+00
1.874319064760085141e+00 2.181356311149092342e+00 1.004870394332353811e+00
1.876092759594428117e+00 2.184202360145024002e+00 1.003454684083697979e+00
1.877987286054917826e+00 2.187235617654120112e+00 1.000953979566187257e+00
1.879946257197381732e+00 2.190384327190534997e+00 9.968804285511065899e-01
1.882263232221133675e+00 2.194039675685474311e+00 9.940980779989143645e-01
1.884356482735459970e+00 2.197242527337510687e+00 9.944293871675311536e-01
1.886473041631584913e+00 2.200504109180836387e+00 9.969802001129870472e-01
1.888425880486729103e+00 2.203552796975252637e+00 9.996350224620466074e-01
1.890531621738641199e+00 2.206823660090561745e+00 1.001311161621725621e+00
1.890585679802544217e+00 2.206910568025641783e+00 1.001320121436672039e+00
1.892525251357813243e+00 2.210049549023315407e+00 1.000395089934163151e+00
1.894355960194244792e+00 2.213000940292458196e+00 9.973044161443789246e-01
1.896186640614487384e+00 2.215917959369166024e+00 9.912273607215410509e-01
1.898108342825234551e+00 2.218938498713234786e+00 9.843022617176981903e-01
1.900203006157132668e+00 2.222134665290610211e+00 9.779711644010673499e-01
1.900257059163185547e+00 2.222216604517043059e+00 9.778278279521034344e-01
1.902388228856150443e+00 2.225433147731686212e+00 9.729529262123784994e-01
1.904278690545096575e+00 2.228206784953989938e+00 9.708665889874722454e-01
1.906209524395173105e+00 2.231014999078679395e+00 9.708097137556079836e-01
1.908192214041811274e+00 2.233935463762662721e+00 9.726141403612994507e-01
1.910226194889045548e+00 2.236918189235306276e+00 9.749104428131636357e-01
1.912300631976954657e+00 2.239976229548419351e+00 9.768516650542965474e-01
1.912357037244564850e+00 2.240058186335661450e+00 9.768860389218392282e-01
1.914424727544465910e+00 2.243135825640335312e+00 9.775424501033453950e-01
1.916457690500858790e+00 2.246196844773818313e+00 9.767742581065648189e-01
1.918278910532434711e+00 2.248929187186154532e+00 9.757831352241242984e-01
1.920380007576616865e+00 2.252132188892002951e+00 9.741838028178457787e-01
1.922529192454490721e+00 2.255337883746864946e+00 9.724019664378493744e-01
1.924497444879130770e+00 2.258307617996087480e+00 9.700612480569134055e-01
1.924694582636769180e+00 2.258609926540506851e+00 9.697173210145404454e-01
1.926734930424194303e+00 2.261708421207074160e+00 9.640557642345002343e-01
1.928919029069295021e+00 2.264908173219295495e+00 9.565372571399736179e-01
1.930906202896596868e+00 2.267797095651294725e+00 9.499565256545283720e-01
1.933024038449341564e+00 2.270831782879443761e+00 9.453648169889736774e-01
1.935360949865477131e+00 2.274035020565427168e+00 9.435401359633923679e-01
1.937732080556865633e+00 2.277318302713564169e+00 9.447349838997664007e-01
1.939797627895510690e+00 2.280183953738196934e+00 9.486837507468872666e-01
1.941957524341964891e+00 2.283213391453211116e+00 9.544490756252040908e-01
1.942011361671147629e+00 2.283297652609013184e+00 9.545835897194527853e-01
1.944408034308934496e+00 2.286691942624814011e+00 9.577444713806406718e-01
1.944464327819845906e+00 2.286771424968965238e+00 9.577662408463376575e-01
1.946720978269719904e+00 2.290040586145227763e+00 9.570879932690136149e-01
1.946776788365165656e+00 2.290124546496798086e+00 9.570386718072467769e-01
1.948795167008090301e+00 2.293087210891259886e+00 9.539792153508876993e-01
1.950738849217024784e+00 2.295884009400115389e+00 9.486731591892058058e-01
1.952863920521290542e+00 2.298902213019472285e+00 9.425498584528979595e-01
1.955132357168161583e+00 2.302093582481988143e+00 9.369181907117597463e-01
1.957319436415482672e+00 2.305116003330425656e+00 9.342541319073343065e-01
1.959692968515534428e+00 2.308312095559657884e+00 9.339183685087518727e-01
1.962088798207463514e+00 2.311553400297858829e+00 9.344512747087716509e-01
1.964543962993471560e+00 2.314867745930695442e+00 9.347787729567169634e-01
1.964603522311436645e+00 2.314951511239378590e+00 9.347790823478849820e-01
1.966709574121318749e+00 2.317844932800605662e+00 9.342445083475334755e-01
1.968361659807678077e+00 2.320097512687758101e+00 9.333784343488793489e-01
1.969076339026609057e+00 2.321065956218516746e+00 9.329957668515350688e-01
1.971002480848334182e+00 2.323701770552663692e+00 9.318455049740916873e-01
1.973173071117137800e+00 2.326665764660569735e+00 9.303637701490075074e-01
1.975224747512101864e+00 2.329469884014935488e+00 9.288661161394502486e-01
1.977467308928017697e+00 2.332570347529649535e+00 9.263756059639013385e-01
1.979402911920534969e+00 2.335208700182343833e+00 9.231960677465471665e-01
1.981844572675304228e+00 2.338431410935486454e+00 9.216356459456197525e-01
1.984227668184460391e+00 2.341577014242933519e+00 9.221897832309634557e-01
1.986461317415150418e+00 2.344523294154356119e+00 9.229921147394987146e-01
1.988873181299064541e+00 2.347716287556162129e+00 9.232865277749626731e-01
1.991134260572341219e+00 2.350723280294250372e+00 9.227420491944919867e-01
1.993573253423542635e+00 2.353963831112686034e+00 9.214211227362703038e-01
1.995995987149708828e+00 2.357208825796833995e+00 9.194866996586725794e-01
1.998164375050746955e+00 2.360245363148198550e+00 9.152955649047517239e-01
2.000013744745400945e+00 2.362639560052173238e+00 9.094286213373832251e-01
2.000394955484734005e+00 2.363151211647055217e+00 9.080309367031480505e-01
2.005854621363311718e+00 2.370157601231247746e+00 8.943486859068393580e-01
2.008184923917232023e+00 2.373035949020741775e+00 8.932883733872997167e-01
2.010588286371614686e+00 2.376039245654428811e+00 8.950190235973604080e-01
2.013222999293678761e+00 2.379324836348266636e+00 8.996906877707497863e-01
2.015387941616404888e+00 2.382083887447509873e+00 9.033246226246260946e-01
2.017399624392331781e+00 2.384639057099001036e+00 9.044669381560294097e-01
2.019740677901328496e+00 2.387715718065947179e+00 9.030602709472954626e-01
2.021718076540072850e+00 2.390264066450674463e+00 8.998753974362644348e-01
2.023439324139425732e+00 2.392451042866960087e+00 8.949606190942943629e-01
2.025935303810124655e+00 2.395595410940763781e+00 8.860837087056775419e-01
2.028531030292379800e+00 2.398872805918521145e+00 8.777637814368376423e-01
2.030874549954528874e+00 2.401697962452117086e+00 8.711157034617323935e-01
2.033134428622652035e+00 2.404419753080647482e+00 8.671509726989243827e-01
2.036104186613449052e+00 2.407911553053779574e+00 8.653355820313565205e-01
2.038287296690664441e+00 2.410475476389597915e+00 8.653762940133572501e-01
2.040597459165339522e+00 2.413190355648226593e+00 8.657878575950328504e-01
2.043008597609647481e+00 2.416024308624725059e+00 8.659673431344984129e-01
2.045671308939926547e+00 2.419136753921157457e+00 8.653915332576948005e-01
2.048063274427458058e+00 2.421959932723529718e+00 8.641871813876532693e-01
2.050712329776988696e+00 2.425084119981564257e+00 8.623879828695911742e-01
2.050780496221762839e+00 2.425159935884089180e+00 8.623325286210820062e-01
2.053116179024840449e+00 2.427898321700129092e+00 8.607902308505926969e-01
2.055787503321505838e+00 2.430998373342255547e+00 8.594803111951083707e-01
2.055854797643388299e+00 2.431073184921315189e+00 8.594442418778863724e-01
2.058045566850080110e+00 2.433632849465065640e+00 8.582214319031122862e-01
2.060370559389498091e+00 2.436358766534652887e+00 8.566381227286939959e-01
2.062904741046194701e+00 2.439301047438114267e+00 8.547669570764938607e-01
2.065110630368445666e+00 2.441851837988319396e+00 8.530727489332736724e-01
2.067654464431785577e+00 2.444779318063258877e+00 8.509331571977697406e-01
2.070197796381655131e+00 2.447684370099607598e+00 8.487684135921297335e-01
2.072650310756262826e+00 2.450516010749140161e+00 8.465987423147123270e-01
2.074913864816488651e+00 2.453127231640284123e+00 8.445171385550178655e-01
2.077103679496016486e+00 2.455666301399714868e+00 8.419250133837854477e-01
2.079208156992036649e+00 2.458024136070148913e+00 8.371168669090143233e-01
2.081417614541266836e+00 2.460516856741826519e+00 8.308531925206930069e-01
2.084049204016255707e+00 2.463426665071628996e+00 8.264773371721482187e-01
2.086613755042600715e+00 2.466212506453875797e+00 8.247972121461613071e-01
2.089119745321695198e+00 2.468915469474702640e+00 8.251975400487173706e-01
2.092063582261881383e+00 2.472111298522924105e+00 8.264030631794173631e-01
2.092132247543961654e+00 2.472186950553970419e+00 8.264235534587947019e-01
2.094558248224946073e+00 2.474818509570595459e+00 8.270034171299270875e-01
2.097395705234237795e+00 2.477904376153644783e+00 8.259920745642606033e-01
2.099804302174264059e+00 2.480526376635071806e+00 8.245157645601675078e-01
2.102388296310459648e+00 2.483375734819449399e+00 8.223173755533595974e-01
2.104696378230539011e+00 2.485889495487788370e+00 8.184198721098283613e-01
2.106917719882814843e+00 2.488267091241227469e+00 8.138745592618172875e-01
2.109312079462260403e+00 2.490863371390701797e+00 8.104783274803621929e-01
2.111810105342506461e+00 2.493491167151761445e+00 8.089547846976651302e-01
2.114258078013986353e+00 2.496051438076204221e+00 8.079428953930677393e-01
2.116868415077263865e+00 2.498788796590579064e+00 8.069520366170466197e-01
2.119404276273071375e+00 2.501453197271311435e+00 8.056963150770624082e-01
2.121856398918848363e+00 2.504028653063773646e+00 8.040757655150992944e-01
2.124137423082105069e+00 2.506460598729443934e+00 8.019884443507565575e-01
2.126515865657434112e+00 2.508967403619768888e+00 7.978086148136330769e-01
2.128826694897698601e+00 2.511330386570045814e+00 7.912956281199350350e-01
2.131465613351397614e+00 2.514036530683870563e+00 7.831323583189504500e-01
2.134215765235458750e+00 2.516814864969816767e+00 7.776183451338068986e-01
2.134286144337963265e+00 2.516885044663070836e+00 7.775257730542122214e-01
2.137114333952299106e+00 2.519642049863885624e+00 7.753148514232646171e-01
2.137260039085218999e+00 2.519786432350963779e+00 7.752759090908898365e-01
2.139698640945308483e+00 2.522194806904267672e+00 7.758349281452510127e-01
2.142352917009508140e+00 2.524807931736581246e+00 7.777936776158346222e-01
2.144820070605636175e+00 2.527239920692312403e+00 7.793277807778890010e-01
2.150967820825451682e+00 2.533322547089063459e+00 7.792219023144142387e-01
2.153665181915792814e+00 2.536006607596679174e+00 7.783263050234626723e-01
2.156121545508611348e+00 2.538451916015075582e+00 7.759497498818470618e-01
2.158489649198259031e+00 2.540835073852058201e+00 7.728738671998264254e-01
2.160851776853378148e+00 2.543189567420378161e+00 7.694770053706793123e-01
2.163537086838374535e+00 2.545838132484357086e+00 7.655935124317418961e-01
2.166389555441105230e+00 2.548639992954958799e+00 7.616861524629138236e-01
2.169108398797077175e+00 2.551317598027877054e+00 7.583059264090263873e-01
2.171447512183056094e+00 2.553561649031980352e+00 7.557178423842627613e-01
2.173738154723430238e+00 2.555801769439239646e+00 7.529254585090356944e-01
2.176273834970222421e+00 2.558249563787595271e+00 7.474184471747958858e-01
2.178796538512049352e+00 2.560618612484803158e+00 7.399747712038277081e-01
2.181303173739534529e+00 2.562958497745876585e+00 7.323748171410546792e-01
2.184494926322096298e+00 2.565860844001329966e+00 7.260079118731880277e-01
2.187892681160103159e+00 2.568857440919501745e+00 7.231985347675543574e-01
2.190767241509997909e+00 2.571391076884100180e+00 7.235857258199220876e-01
2.193342581295047555e+00 2.573676521874230794e+00 7.249205068496188398e-01
2.195940503481076611e+00 2.575993699891583777e+00 7.258862456480377201e-01
2.198470992046514638e+00 2.578220476920086046e+00 7.257360462346391650e-01
2.201597707126677683e+00 2.581000015694541627e+00 7.238067886479967461e-01
2.203981480024468809e+00 2.583150519536951517e+00 7.205488569414848499e-01
2.206594288700206796e+00 2.585475486167497117e+00 7.150991947425652251e-01
2.209696807914939498e+00 2.588237035047224133e+00 7.108270297423856521e-01
2.209772698541033975e+00 2.588302442815574533e+00 7.107371120881903481e-01
2.212747462964124168e+00 2.590894845860419515e+00 7.075014697909136618e-01
2.215928263168570389e+00 2.593651774794269560e+00 7.046476425374950114e-01
2.218950117938929267e+00 2.596223511423655594e+00 7.020890869320799421e-01
2.221955997394513993e+00 2.598790569110073001e+00 6.995030865859844793e-01
2.224584453082660396e+00 2.601042123147069507e+00 6.970821608594524044e-01
2.227078850328625848e+00 2.603138325475213399e+00 6.946951952756098558e-01
2.229840860550347692e+00 2.605493953705695365e+00 6.914099545802979696e-01
2.232244146532098572e+00 2.607486896507537288e+00 6.874424931414252482e-01
2.235499736762771583e+00 2.610210447650982424e+00 6.827684332975404446e-01
2.238393544040708782e+00 2.612603195657956512e+00 6.790505240732729320e-01
2.241284510384878637e+00 2.614974508981694701e+00 6.757168821117784940e-01
2.244051049660849895e+00 2.617215341705322551e+00 6.727660132998948272e-01
2.246897928295634728e+00 2.619516587878671476e+00 6.698700627248621586e-01
2.249376913731671479e+00 2.621509729521731558e+00 6.673883831952024392e-01
2.252159852737227297e+00 2.623731147065251790e+00 6.645994729104002241e-01
2.255021101010645346e+00 2.626010539304368230e+00 6.617552723146409299e-01
2.257941721073664532e+00 2.628295278753838726e+00 6.591641132740139186e-01
2.260833616405416358e+00 2.630532649049396987e+00 6.578971582198994694e-01
2.263951615129175199e+00 2.633004858741951004e+00 6.547098062383632788e-01
2.266753151449976578e+00 2.635215213358348851e+00 6.502489393458298350e-01
2.269330341126581274e+00 2.637181173232643339e+00 6.460260887362480053e-01
2.269407124629116979e+00 2.637238293520209886e+00 6.458935795869031882e-01
2.272589487794750340e+00 2.639712015233363296e+00 6.407691659953373975e-01
2.275231358971840034e+00 2.641734529790396024e+00 6.370164557175962416e-01
2.278557479659824025e+00 2.644223654115331890e+00 6.327613179905132723e-01
2.281535463094106042e+00 2.646424510482471071e+00 6.294325687434189076e-01
2.284709487433009834e+00 2.648714657402896577e+00 6.281756072555053638e-01
2.284796137799185445e+00 2.648776826742203383e+00 6.281761999536483732e-01
2.288266833905317377e+00 2.651300275260696448e+00 6.295670022696593371e-01
2.288353077842359973e+00 2.651361827146518024e+00 6.296032614293896046e-01
2.291522925967043101e+00 2.653685004300197381e+00 6.311796954305392005e-01
2.291604962637078469e+00 2.653740088271489661e+00 6.311897259293287599e-01
2.294431164192213046e+00 2.655800923970458083e+00 6.301506965459406917e-01
2.297360970390109891e+00 2.657969142803571216e+00 6.269786829554909735e-01
2.300048222818681154e+00 2.659925310902201634e+00 6.211462051989722344e-01
2.302831720906325152e+00 2.661964963202836820e+00 6.134448545694994870e-01
2.305588954943048385e+00 2.663919717140436294e+00 6.057001714538006176e-01
2.308549153363903539e+00 2.666010125084100402e+00 6.000268626448019837e-01
2.311401637694521227e+00 2.667937542254938066e+00 5.971992581826951474e-01
2.314285053753047272e+00 2.669898361563659783e+00 5.965518772657096847e-01
2.317189961404483967e+00 2.671872668938116036e+00 5.968054609982450520e-01
2.319972332733343912e+00 2.673775321963202778e+00 5.967813788947847753e-01
2.322819494100506255e+00 2.675708603569975530e+00 5.958346262153267903e-01
2.325610042715698711e+00 2.677607383617272241e+00 5.940166673153461918e-01
2.328870275937806156e+00 2.679835147863368405e+00 5.908183686426307091e-01
2.335530951974687852e+00 2.684317303609701000e+00 5.791057002248363172e-01
2.338331693712217607e+00 2.686185452682198438e+00 5.738171526366083741e-01
2.341447973671523908e+00 2.688251113190548214e+00 5.686742962179657246e-01
2.341530107394135030e+00 2.688306844859036815e+00 5.685580628877943132e-01
2.344577686066634747e+00 2.690278829625386781e+00 5.646573637959906300e-01
2.348013601653157423e+00 2.692495607096360377e+00 5.609392717780026238e-01
2.350709130860602958e+00 2.694190358540290653e+00 5.581810236000239733e-01
2.353733290062252070e+00 2.696098639394718166e+00 5.551829123078931838e-01
2.357114529036632433e+00 2.698187299990741472e+00 5.527036925766494191e-01
2.360437432642073396e+00 2.700236911719557931e+00 5.528645801131772952e-01
2.363536277594027624e+00 2.702153203820603977e+00 5.543697086350420911e-01
2.366524552273602033e+00 2.704007296110594538e+00 5.555802316323391610e-01
2.366607356347776303e+00 2.704059746715956614e+00 5.555806484660829048e-01
2.369487247369331584e+00 2.705852942965671915e+00 5.543248629162611518e-01
2.372769845950193801e+00 2.707967871051374154e+00 5.503927867897975279e-01
2.375424047091405644e+00 2.709698943947126182e+00 5.446530461422525171e-01
2.378483237685864005e+00 2.711591281801712050e+00 5.367503182406277995e-01
2.381641171458046990e+00 2.713511799107068079e+00 5.291400125317748948e-01
2.384966701244407794e+00 2.715506193591578743e+00 5.236542341370146181e-01
2.388058449976194986e+00 2.717298952506837395e+00 5.200282370490200146e-01
2.391547867191096799e+00 2.719297105397727066e+00 5.170098582032235379e-01
2.391636640730462116e+00 2.719345968644574896e+00 5.169408506358658117e-01
2.394587194371402994e+00 2.721029004115638195e+00 5.147212802079843552e-01
2.397972359266564712e+00 2.722936004044104408e+00 5.121184850048700055e-01
2.401085275191237933e+00 2.724686049702269131e+00 5.095838575109308266e-01
2.404311082436189295e+00 2.726481280433089793e+00 5.066354778633899159e-01
2.407952869066121160e+00 2.728486951217306444e+00 5.037083589790419813e-01
2.411314960150654496e+00 2.730341167063160768e+00 5.025221174826780546e-01
2.414211348799982559e+00 2.731961812820053126e+00 5.002927404154983160e-01
2.417276052331648550e+00 2.733664862977716936e+00 4.953379548984083169e-01
2.420364791131880189e+00 2.735334260823592878e+00 4.882113195040254094e-01
2.420451248921318577e+00 2.735380406249399599e+00 4.879881644731691170e-01
2.424012541467373438e+00 2.737258370501957749e+00 4.796420684325045092e-01
2.427229429696187157e+00 2.739007982962510468e+00 4.736692281857405318e-01
2.430126926192797576e+00 2.740515700100292218e+00 4.689868402625194665e-01
2.433364900669328534e+00 2.742153325434936395e+00 4.653748799861404106e-01
2.437083334580822047e+00 2.744002249851819286e+00 4.641409907930716394e-01
2.440250506636074235e+00 2.745593818277266784e+00 4.647613240022723247e-01
2.443900607649863055e+00 2.747420569742737406e+00 4.652073765275138717e-01
2.447074227829225013e+00 2.749031554836917302e+00 4.650090920959316643e-01
2.450431948584295583e+00 2.750725944691120084e+00 4.630816512342482150e-01
2.453855583167547927e+00 2.752467021290483817e+00 4.601634150250087374e-01
2.457218428721445136e+00 2.754213581796803645e+00 4.563917388808396147e-01
2.457299113616029373e+00 2.754257460001312996e+00 4.562740162919899922e-01
2.460147457981764152e+00 2.755666405935662588e+00 4.511260728138238862e-01
2.463489120322576831e+00 2.757308660410140888e+00 4.427151287132256585e-01
2.463573726305654965e+00 2.757348828582202316e+00 4.424934152428040557e-01
2.467116312183559756e+00 2.759028273525592212e+00 4.343537519797753821e-01
2.470585626053018125e+00 2.760697031507734600e+00 4.278943124567555767e-01
2.474539249670667296e+00 2.762541545623288464e+00 4.217277560350214949e-01
2.477633932427051988e+00 2.763940376019873746e+00 4.178470588717754231e-01
2.480946110184389930e+00 2.765389915290669798e+00 4.143369975765266999e-01
2.484576917576669430e+00 2.766949612158194238e+00 4.117148531660522193e-01
2.487894611636168207e+00 2.768408458928044880e+00 4.119742710133940666e-01
2.491348816147950451e+00 2.769925454565909551e+00 4.126537685188920168e-01
2.494851804159599951e+00 2.771456680340131928e+00 4.126502288725599210e-01
2.498316074160946254e+00 2.772974896186410021e+00 4.110457863217542585e-01
2.507320552211226072e+00 2.776903194251764795e+00 4.034547863433164960e-01
2.507678637316216097e+00 2.777063948083809741e+00 4.031247671953647749e-01
2.510828649906907017e+00 2.778462505730746379e+00 3.994190318036692777e-01
2.513754711161694022e+00 2.779735344082908455e+00 3.936946145051223311e-01
2.514067642581385265e+00 2.779865222197495100e+00 3.929819658928597748e-01
2.517667571289538220e+00 2.781365951178099927e+00 3.842393056857966172e-01
2.517754868814598534e+00 2.781403214846001504e+00 3.840398202821709850e-01
2.521328869391412653e+00 2.782908793203464626e+00 3.761699171856609514e-01
2.524423071008336628e+00 2.784158815328203751e+00 3.704391969091862524e-01
2.528110838402563232e+00 2.785602402692155088e+00 3.644682384717873314e-01
2.531664017830894231e+00 2.786980466919638300e+00 3.598758824020866776e-01
2.531755537994436089e+00 2.787015015143757601e+00 3.597647119939413329e-01
2.534904719772566040e+00 2.788191801415898396e+00 3.567432506130097103e-01
2.538456504160011118e+00 2.789495404491880493e+00 3.555219929566908466e-01
2.541579464361493734e+00 2.790659985777124152e+00 3.550032397904334669e-01
2.545550735563867129e+00 2.792141817373042567e+00 3.536695022635621410e-01
2.549036517631442678e+00 2.793419992447835121e+00 3.519753344000718376e-01
2.552375130427281480e+00 2.794656826330812471e+00 3.497310185968202090e-01
2.556007908552513808e+00 2.796018576855505700e+00 3.464029397947330224e-01
2.559562978287086121e+00 2.797296108662504110e+00 3.438324260011101363e-01
2.563296914183576192e+00 2.798623310337017500e+00 3.435633326379204933e-01
2.566912372878637605e+00 2.799915159313628443e+00 3.434250008983955049e-01
2.570396131494748992e+00 2.801164790328138032e+00 3.428451100225099468e-01
2.574057348094954900e+00 2.802490179505340517e+00 3.410943530418671932e-01
2.577631036285459309e+00 2.803795230332422506e+00 3.380171453461852660e-01
2.580499925714340392e+00 2.804820466035547355e+00 3.336034265793650366e-01
2.583471424454403476e+00 2.805874301845789898e+00 3.270808278510548561e-01
2.586555065958545896e+00 2.806943914226718739e+00 3.197152631017297630e-01
2.589594039332757447e+00 2.807970161673845055e+00 3.120986609222927699e-01
2.593243154722570498e+00 2.809210138486568198e+00 3.035809950162378645e-01
2.596802834644375224e+00 2.810378566843478421e+00 2.962943311547183711e-01
2.600125580557540950e+00 2.811414154071385063e+00 2.908186005261391704e-01
2.603703979267185886e+00 2.812479397338995213e+00 2.863800670203306420e-01
2.606889096541329387e+00 2.813411494392476619e+00 2.831487221656496245e-01
2.610746356914047439e+00 2.814529240027180190e+00 2.815990692039407328e-01
2.614124763822558428e+00 2.815498803354036905e+00 2.814985184512395211e-01
2.617571493695194818e+00 2.816504900573238768e+00 2.811019076009310669e-01
2.617761059940196589e+00 2.816566303722686015e+00 2.810756576554581665e-01
2.621195884525998387e+00 2.817559831451962538e+00 2.799187382130577939e-01
2.624629865517005722e+00 2.818552997842968644e+00 2.773591455547956275e-01
2.628332945892073891e+00 2.819639861486506582e+00 2.740862514525675420e-01
2.632133693474832725e+00 2.820753757218362523e+00 2.703322307688692527e-01
2.632232303811972152e+00 2.820784888095364096e+00 2.702384811499578543e-01
2.636128283023767782e+00 2.821879479515374545e+00 2.668434903723244100e-01
2.640039269847821224e+00 2.822946581786506037e+00 2.654594504032216640e-01
2.643767050913773620e+00 2.823955430772071118e+00 2.647549369948627440e-01
2.643861777870498919e+00 2.823981243682453623e+00 2.647418075349204369e-01
2.647917731273651043e+00 2.825082702254988476e+00 2.628975251907254562e-01
2.651883629699853806e+00 2.826162411634581595e+00 2.603335393181003821e-01
2.655717793066477483e+00 2.827225798111808519e+00 2.569791326146739219e-01
2.658956901703862119e+00 2.828085941309331552e+00 2.517284112938922291e-01
2.662403249647782744e+00 2.828982651802594450e+00 2.438415442525168619e-01
2.665732275990824185e+00 2.829860011934228758e+00 2.360213029771154325e-01
2.668908804263046441e+00 2.830605396001782736e+00 2.282173421594991813e-01
2.672762332985319844e+00 2.831535484683348258e+00 2.196415469175257706e-01
2.676222116429320508e+00 2.832334469533809962e+00 2.132524890768129067e-01
2.679848285707844280e+00 2.833135570772821410e+00 2.081236361595475703e-01
2.683734442082637450e+00 2.833946371096653039e+00 2.043830356846397800e-01
2.687675205057550087e+00 2.834754318153337671e+00 2.030628196368249039e-01
2.691295296418139138e+00 2.835503463955656223e+00 2.022826015513507769e-01
2.695048009244219500e+00 2.836270524516145919e+00 2.010251816392870094e-01
2.698472043623682648e+00 2.836971921406449937e+00 1.989941127862800696e-01
2.702206109696030367e+00 2.837739683876602470e+00 1.959941315866195188e-01
2.705534113984320754e+00 2.838406921152012430e+00 1.929985573120138187e-01
2.714780112460086769e+00 2.840189447363880682e+00 1.882020266959066601e-01
2.718310018806709305e+00 2.840859772322578358e+00 1.869625212794661373e-01
2.722238410549970400e+00 2.841616609734729515e+00 1.846943538271044738e-01
2.726377901608598275e+00 2.842388493457527865e+00 1.815182686381087707e-01
2.729973684684309454e+00 2.843061040527596894e+00 1.782719330473293839e-01
2.733821341837105123e+00 2.843756286696002888e+00 1.751485271280910361e-01
2.737731054364250571e+00 2.844437780983862574e+00 1.731880887295477178e-01
2.741713526173928273e+00 2.845137007773582916e+00 1.712530242983550666e-01
2.745352769521367087e+00 2.845764360877867105e+00 1.691796267818305444e-01
2.749369542133405453e+00 2.846473625069091185e+00 1.665102346388838139e-01
2.752890637093225124e+00 2.847096450169428028e+00 1.638268615039793485e-01
2.756670034413156056e+00 2.847767128781029555e+00 1.605606075981110270e-01
2.760559870959021112e+00 2.848407197887719455e+00 1.579247729163138492e-01
2.764460329104911906e+00 2.849036691572388591e+00 1.559714280447380697e-01
2.764559908153614298e+00 2.849050918794129750e+00 1.559203788406425817e-01
2.767909398723533698e+00 2.849591719563052905e+00 1.539263059962236169e-01
2.771457270671682238e+00 2.850152664977229300e+00 1.515801236687048803e-01
2.774808001145786740e+00 2.850692967967319191e+00 1.491667286169214846e-01
2.778249963118706312e+00 2.851232653548867901e+00 1.459613521262508873e-01
2.781225130313819349e+00 2.851703521279501885e+00 1.409847515746563973e-01
2.784887662208491932e+00 2.852194840015522370e+00 1.326785142492404312e-01
2.788312904889296284e+00 2.852673367745806488e+00 1.245862023460085760e-01
2.791766148938020109e+00 2.853134360478162712e+00 1.165202191443727026e-01
2.795284864008512393e+00 2.853574239648235533e+00 1.087184691463828207e-01
2.798475519188127869e+00 2.853954730893460745e+00 1.021772643400168240e-01
2.801788585651993291e+00 2.854312647403813408e+00 9.715023011821227739e-02
2.805437525851721681e+00 2.854652729245104936e+00 9.311841934369931295e-02
2.808889754229966229e+00 2.854955590242606256e+00 9.000721768013807134e-02
2.812261478910261570e+00 2.855269057447826775e+00 8.810013041058627203e-02
2.815554568585061368e+00 2.855549272609161360e+00 8.674372322526771595e-02
2.818947316109333912e+00 2.855850758906713693e+00 8.523802582123152227e-02
2.822742570107251936e+00 2.856169685842039119e+00 8.304507530224236600e-02
2.826151657993783761e+00 2.856449462941654360e+00 8.081217434643651887e-02
2.829432980645122608e+00 2.856719080000293509e+00 7.835088298817945163e-02
2.833249559413109075e+00 2.857011437170291934e+00 7.588685987978632808e-02
2.836968417942511866e+00 2.857297189236612134e+00 7.367293597533058902e-02
2.840878910339504237e+00 2.857578880820131673e+00 7.122516325836449058e-02
2.840979827606012087e+00 2.857587013118687125e+00 7.116070217095225858e-02
2.845057621358258793e+00 2.857882413235480534e+00 6.820302671705340269e-02
2.848556905316712573e+00 2.858128703467378795e+00 6.552919126849354736e-02
2.852254195510141699e+00 2.858357815047547490e+00 6.263799239833628407e-02
2.855837413056209861e+00 2.858591085088028727e+00 5.980369783806099154e-02
2.859653124529143220e+00 2.858823980708237400e+00 5.728599262051769364e-02
2.863066294810469259e+00 2.859019048516323380e+00 5.527247440831618841e-02
2.866771431858111896e+00 2.859236778815104518e+00 5.288217581674280188e-02
2.870148152644929507e+00 2.859425538853120230e+00 5.071486197744760199e-02
2.873623833192831434e+00 2.859610362562303720e+00 4.824140818404358544e-02
2.877500790009701159e+00 2.859803676021151375e+00 4.527058892236270060e-02
2.881354323734506284e+00 2.860005039649966552e+00 4.219196719791939304e-02
2.884664019671607349e+00 2.860138994406000723e+00 3.980907017574494833e-02
2.888671755344944359e+00 2.860295226287910886e+00 3.718728837384876335e-02
2.892335506915464816e+00 2.860439926835970592e+00 3.482728713753261568e-02
2.896024552917197958e+00 2.860572797003329448e+00 3.229558782845704662e-02
2.905133459951796393e+00 2.860890963291142342e+00 2.563149323471961005e-02
2.908789687772753041e+00 2.860985126901002928e+00 2.288880393311617731e-02
2.912058768184625279e+00 2.861074208557023546e+00 2.044952899459115750e-02
2.915824424612332599e+00 2.861171093453068526e+00 1.782070062494903531e-02
2.919569804181870953e+00 2.861262419820374436e+00 1.518032740984483382e-02
2.923217215669055236e+00 2.861325528348663383e+00 1.250431526130965816e-02
2.927055265102092019e+00 2.861378005055864371e+00 9.617599343996507608e-03
2.927151856052454093e+00 2.861378606777889022e+00 9.541761898838731909e-03
2.930804416342075225e+00 2.861433908862228037e+00 6.836853042308429704e-03
2.934356381295853744e+00 2.861482047843271648e+00 4.347217674083518613e-03
2.937613280858146325e+00 2.861522077443289014e+00 2.034792905295007472e-03
2.940962666785575053e+00 2.861546174564333356e+00 -4.642175332452771488e-04
2.944695041688574655e+00 2.861575700052729765e+00 -3.271694148561660274e-03
2.948024457902800322e+00 2.861567309652731872e+00 -5.817803785960408598e-03
2.951344542554712902e+00 2.861586138770049637e+00 -8.370943220045369559e-03
2.954970008868281983e+00 2.861574649392418568e+00 -1.119706943541417393e-02
2.958592388905008530e+00 2.861551722442710499e+00 -1.390601286048728964e-02
2.962231200391880037e+00 2.861504446116931444e+00 -1.659275742742854359e-02
2.962328139894800927e+00 2.861502212373447485e+00 -1.666596374600227623e-02
2.966144837044622840e+00 2.861473456973737228e+00 -1.947977347307761758e-02
2.966239829008751716e+00 2.861468657742560318e+00 -1.955525312539713526e-02
2.969663055342782076e+00 2.861430340871540245e+00 -2.210407257910480122e-02
2.973770325310962193e+00 2.861341549150569818e+00 -2.518694300116194537e-02
