2.625343517327329845e+00 1.499971541323458890e+00 -1.371889607212802009e-04
2.625451206707020368e+00 1.499959179753831862e+00 -1.709575832147663672e-04
2.625471788603394252e+00 1.499955074473664496e+00 -1.600218016326738883e-04
2.625495277169730635e+00 1.499948735726040594e+00 -1.026763704725176444e-05
2.625526497288793060e+00 1.499948064626033251e+00 2.882772610860562354e-04
2.625571029180123528e+00 1.499942373902819703e+00 8.594093840423238729e-04
2.625620515752633555e+00 1.499937325463195803e+00 1.652922277794644521e-03
2.625684311897807710e+00 1.499941628129237703e+00 2.637040974751670222e-03
2.625707312335034072e+00 1.499942972122055185e+00 4.016166548278357444e-03
2.625707339501210491e+00 1.499942102355000140e+00 4.054663005336727605e-03
2.625749570411726630e+00 1.499930902437637492e+00 5.602982918289265216e-03
2.625795770776486293e+00 1.499930329578141874e+00 7.243216596535167855e-03
2.625834441067099068e+00 1.499936522077478518e+00 9.144007244600722492e-03
2.625906964866988602e+00 1.499934833147419377e+00 1.126181934514672647e-02
2.626113084363633554e+00 1.499932942891974319e+00 1.695160040864778297e-02
2.626120577817912416e+00 1.499933123346971486e+00 1.800207386638263962e-02
2.626178059158053024e+00 1.499927861876206858e+00 2.103520413618129373e-02
2.626255789639852622e+00 1.499918946695662392e+00 2.388582397812633040e-02
2.626315390100272928e+00 1.499915551024387783e+00 2.707221242682383150e-02
2.626385492737945082e+00 1.499920755521442661e+00 3.052173423784844408e-02
2.626460149242352049e+00 1.499931954701991588e+00 3.407846261520035280e-02
2.626551333113873010e+00 1.499927234904758544e+00 3.769932772638623364e-02
2.626583112066449566e+00 1.499926372341231717e+00 4.196186463444799564e-02
2.626650392686114444e+00 1.499930804192042055e+00 4.621047683835474706e-02
2.626690773792646372e+00 1.499930349301574983e+00 5.107605146590706718e-02
2.626692721753170368e+00 1.499930518999324613e+00 5.121084279929055683e-02
2.626761619132145231e+00 1.499933376314191324e+00 5.665818247659261397e-02
2.626762488493498360e+00 1.499933684360620800e+00 5.679778167027394603e-02
2.626811873784749451e+00 1.499930591576248862e+00 6.184756161331194518e-02
2.626849787357802501e+00 1.499934645217444240e+00 6.686243899827416792e-02
2.626905548664817402e+00 1.499932079549543662e+00 7.289769970433226942e-02
2.626957410009060467e+00 1.499936990527173553e+00 7.934682616450250414e-02
2.627034629604982019e+00 1.499944874362969083e+00 8.559312981596872705e-02
2.627110624541966200e+00 1.499938051188487442e+00 9.213229284337444425e-02
2.627146106518558621e+00 1.499939345794240486e+00 9.968131379655283120e-02
2.627168757024648027e+00 1.499941667492769692e+00 1.069481322679463886e-01
2.627261086521482270e+00 1.499952472040090301e+00 1.138534832195838148e-01
2.627266068715457425e+00 1.499955067905493822e+00 1.146572591502980909e-01
2.627357984885149822e+00 1.499960915926288552e+00 1.230941636021997965e-01
2.627443624519504972e+00 1.499971126783701481e+00 1.304894705257536591e-01
2.627507494454630166e+00 1.499980725560356332e+00 1.383968798928616739e-01
2.627598140632480206e+00 1.500006407014325749e+00 1.466626877402016638e-01
2.627676381067033162e+00 1.500016819948766900e+00 1.553977573689009628e-01
2.627767077143135843e+00 1.500033859372948308e+00 1.635043960551046949e-01
2.627835225380255046e+00 1.500040051368108696e+00 1.716155847580117522e-01
2.627909577317076639e+00 1.500054822092924400e+00 1.806678419144388537e-01
2.627963636987672214e+00 1.500064204358684261e+00 1.895716444095969511e-01
2.628055425356645713e+00 1.500082220868510952e+00 1.971662807969491449e-01
2.628112535705718233e+00 1.500089626140221011e+00 2.055959788759464946e-01
2.628219638218610488e+00 1.500110160727472275e+00 2.132751207811764416e-01
2.628276827340798150e+00 1.500129580991081735e+00 2.209979576240673205e-01
2.628370405446286195e+00 1.500143139001370196e+00 2.284457610048276355e-01
2.628483241338689602e+00 1.500172548015510809e+00 2.379096949872019084e-01
2.628488244376371963e+00 1.500172877751643652e+00 2.381374374875025457e-01
2.628628293788457970e+00 1.500215679057900875e+00 2.468549604285721066e-01
2.628758728315253368e+00 1.500257371825545860e+00 2.550938173571556389e-01
2.628822820523492254e+00 1.500278608329709495e+00 2.632921860739786402e-01
2.628923430050372989e+00 1.500314638906873110e+00 2.714001292067582671e-01
2.629016672878556893e+00 1.500345507803577227e+00 2.800799174948862547e-01
2.629162334747771723e+00 1.500381650724944560e+00 2.892055575630779196e-01
2.629300653838398283e+00 1.500430139075083824e+00 2.987771660876997748e-01
2.629430964384623870e+00 1.500466157590512939e+00 3.080436886016914011e-01
2.629524389424303443e+00 1.500507925956735322e+00 3.165849755883598515e-01
2.629649934927872579e+00 1.500558974827596481e+00 3.254368583182253860e-01
2.629731343085067063e+00 1.500592027970930165e+00 3.329358995292533430e-01
2.629836960001485480e+00 1.500644827232640477e+00 3.411222053847858815e-01
2.629941860106804974e+00 1.500688330922796521e+00 3.493153216600305422e-01
2.630009863830739647e+00 1.500732604621022093e+00 3.581334232472874746e-01
2.630014079133277782e+00 1.500735855317923306e+00 3.583678722589662136e-01
2.630155931136599623e+00 1.500792244968740086e+00 3.671009155557696246e-01
2.630249027396437178e+00 1.500831822062950183e+00 3.755963127679348146e-01
2.630385849693543499e+00 1.500902266633382220e+00 3.848801846622343370e-01
2.630505918208885241e+00 1.500961091751985776e+00 3.935897798416469473e-01
2.630639038171794120e+00 1.501030872947607619e+00 4.029110204218840363e-01
2.630941537987518952e+00 1.501187118246654739e+00 4.267225739971837184e-01
2.631047107807633623e+00 1.501238690982116930e+00 4.344740063346008152e-01
2.631173266263303390e+00 1.501314938620535777e+00 4.421304837296252122e-01
2.631305160736348459e+00 1.501378186953088001e+00 4.507815855726869936e-01
2.631390677967508029e+00 1.501434331621679386e+00 4.597131800836889437e-01
2.631521136300081665e+00 1.501513321336288120e+00 4.690041024676730452e-01
2.631618841655766428e+00 1.501565426698742378e+00 4.775029702311898161e-01
2.631735159096873833e+00 1.501626352476875370e+00 4.859364841895575382e-01
2.631818313929627617e+00 1.501676612333576077e+00 4.944738651692191511e-01
2.631963896271723335e+00 1.501747287699021438e+00 5.044618071236027790e-01
2.632082878990663843e+00 1.501810136739317736e+00 5.127646784471074914e-01
2.632204583232957695e+00 1.501873202953219799e+00 5.207950838410501104e-01
2.632313904429592899e+00 1.501926117429644325e+00 5.294767841047943735e-01
2.632410690478157900e+00 1.501988854455607481e+00 5.371433985318530002e-01
2.632506874317378731e+00 1.502040091803223065e+00 5.448412142314333906e-01
2.632562553640093395e+00 1.502079041255888203e+00 5.521872150579896221e-01
2.632610815587392850e+00 1.502118071453007353e+00 5.597625998172959250e-01
2.632713309413478697e+00 1.502190724588012172e+00 5.679617118678336185e-01
2.632798839552065839e+00 1.502259317592782972e+00 5.761833888126218772e-01
2.632860805023552242e+00 1.502307414382444861e+00 5.842250055612661086e-01
2.632911766025207267e+00 1.502353352779229656e+00 5.918047705451966456e-01
2.633025948788632498e+00 1.502450304685893467e+00 6.014184220129403791e-01
2.633080793456911817e+00 1.502501922649447152e+00 6.096679926015319273e-01
2.633136307098447926e+00 1.502549911693937590e+00 6.183885137691900180e-01
2.633210721548849165e+00 1.502616253201882079e+00 6.278055121674559480e-01
2.633304567254699968e+00 1.502695732821197172e+00 6.372216833053824248e-01
2.633395936331870413e+00 1.502772280531181615e+00 6.452799541120269877e-01
2.633465847946867111e+00 1.502824062981675812e+00 6.540522876789400808e-01
2.633568708986501861e+00 1.502921968271660358e+00 6.629975119244729820e-01
2.633570756431636184e+00 1.502923425617799902e+00 6.632304739985445119e-01
2.633670532838519929e+00 1.502997718198321397e+00 6.722317355885529810e-01
2.633675713175670730e+00 1.502998818229999145e+00 6.724644101972193644e-01
2.633746085964868477e+00 1.503069399612459334e+00 6.803098841147253717e-01
2.633818714220638402e+00 1.503144806791880228e+00 6.897627652062617853e-01
2.633892700710966484e+00 1.503215047798687420e+00 6.983810637929555032e-01
2.633988168630631677e+00 1.503293248061195797e+00 7.077734362545176072e-01
2.634052369404454641e+00 1.503363608362663584e+00 7.159429143501915282e-01
2.634096546660387617e+00 1.503411089963092140e+00 7.237565027861627698e-01
2.634172837227016117e+00 1.503472389741237203e+00 7.314894891789607279e-01
2.634250705878587784e+00 1.503553548185953215e+00 7.393604833536883136e-01
2.634292962517660985e+00 1.503598670316379282e+00 7.473431925249427454e-01
2.634346990043836989e+00 1.503652484053617178e+00 7.552164686619524669e-01
2.634396627109111044e+00 1.503717724253978316e+00 7.628821470727422671e-01
2.634428193395477624e+00 1.503745165359758884e+00 7.717174265077507700e-01
2.634498383130550625e+00 1.503828394450400951e+00 7.811988705020855850e-01
2.634579187918707710e+00 1.503916539683573861e+00 7.887925163458346933e-01
2.634676723781642416e+00 1.504005100227642888e+00 7.971847933136824160e-01
2.634758503418987541e+00 1.504074628091352395e+00 8.058470982627461421e-01
2.634846671071878532e+00 1.504163175005532649e+00 8.142648735164005336e-01
2.634945151300572164e+00 1.504260601091446103e+00 8.224295417108421491e-01
2.635018285660998050e+00 1.504363741771036267e+00 8.323987692273291383e-01
2.635124320717200597e+00 1.504464239337095277e+00 8.416831117564462783e-01
2.635175012471139944e+00 1.504533334325624638e+00 8.505194874997576981e-01
2.635250771755193178e+00 1.504634636865909147e+00 8.580940954726746783e-01
2.635311918053274027e+00 1.504718294006436086e+00 8.663767325968472210e-01
2.635379630127940853e+00 1.504813159621390506e+00 8.748956328952156580e-01
2.635431520833634966e+00 1.504881786883597083e+00 8.831278607637733646e-01
2.635475929437805842e+00 1.504947877169753978e+00 8.920561483023522475e-01
2.635561516865382536e+00 1.505061252451257214e+00 9.007929362969652187e-01
2.635642107010268909e+00 1.505188313754497020e+00 9.099075397920909358e-01
2.635708122132605524e+00 1.505289649920807937e+00 9.179469287720898318e-01
2.635779421715567672e+00 1.505405721141387820e+00 9.265436844390455562e-01
2.635920994962073216e+00 1.505630950801909673e+00 9.478286442225544173e-01
2.635965395366822506e+00 1.505713686849917909e+00 9.560131309318851134e-01
2.636035302096394251e+00 1.505834383826457623e+00 9.645895686290991700e-01
2.636081515110931139e+00 1.505914044084757597e+00 9.732482838200546826e-01
2.636110071730007220e+00 1.505976175924557570e+00 9.815553096200888561e-01
2.636165546537672100e+00 1.506056910230130663e+00 9.900088031350972040e-01
2.636229712203885356e+00 1.506161036982159862e+00 9.991341918667459021e-01
2.636229460182290651e+00 1.506160980119277681e+00 9.993701970715991312e-01
2.636274493637682959e+00 1.506253478174877092e+00 1.008952981928451287e+00
2.636316771422551497e+00 1.506332567821355495e+00 1.017184773284570687e+00
2.636381026159037244e+00 1.506432853767430524e+00 1.026096306748741860e+00
2.636412816359162470e+00 1.506485928000764307e+00 1.034666207044805386e+00
2.636447105455374196e+00 1.506564746586879666e+00 1.042789452976699005e+00
2.636497537860541751e+00 1.506658174025118146e+00 1.050938667854869113e+00
2.636553870227498653e+00 1.506774273606078074e+00 1.060479073779811321e+00
2.636598133621064655e+00 1.506871475967132001e+00 1.069482747754458840e+00
2.636593641588212744e+00 1.506872224566234042e+00 1.069720889811945241e+00
2.636642461087199685e+00 1.506955888934613297e+00 1.078156034680743058e+00
2.636708483333183306e+00 1.507059015473317665e+00 1.086863571795290140e+00
2.636738483141651823e+00 1.507148574856480572e+00 1.095645673699419342e+00
2.636763714343298481e+00 1.507210771816877237e+00 1.104966171317401935e+00
2.636805290197572926e+00 1.507314106374876950e+00 1.114125369071429228e+00
2.636837328517803503e+00 1.507404721510738677e+00 1.123132496353403287e+00
2.636860562818970077e+00 1.507479839241938624e+00 1.131673848104260305e+00
2.636915078473674789e+00 1.507579859683638501e+00 1.140662101883027191e+00
2.636962586923029761e+00 1.507687131001364422e+00 1.149490770651961924e+00
2.636997465047708822e+00 1.507784817728665905e+00 1.157093998478318175e+00
2.637017457919593522e+00 1.507867544963081174e+00 1.165884809951436951e+00
2.637046329541981926e+00 1.507971366606427388e+00 1.175279856227152253e+00
2.637048994841720173e+00 1.507973693796155645e+00 1.175748212915693980e+00
2.637091953986709925e+00 1.508076900346986937e+00 1.184236712227602739e+00
2.637116619203627277e+00 1.508179241279991700e+00 1.192798230975011808e+00
2.637157581353713365e+00 1.508327412333325901e+00 1.201962569462655450e+00
2.637157528042636923e+00 1.508329811994561398e+00 1.202197338399001447e+00
2.637186077044472388e+00 1.508446863510553460e+00 1.211860700150211301e+00
2.637221045968499045e+00 1.508581226691482424e+00 1.220844404036616870e+00
2.637247236874380896e+00 1.508675348803271810e+00 1.229299662953153849e+00
2.637276653901729162e+00 1.508783274387802464e+00 1.237444846851867286e+00
2.637304568165492302e+00 1.508880371712811641e+00 1.245326154566470667e+00
2.637330018679047594e+00 1.508991857171666506e+00 1.253199041148335580e+00
2.637359046872734147e+00 1.509095182732884455e+00 1.261720202000904623e+00
2.637378617368668632e+00 1.509208662704389914e+00 1.269765973826273653e+00
2.637406095029973141e+00 1.509296259053056088e+00 1.277649335987672830e+00
2.637434303659555557e+00 1.509418569123454734e+00 1.285667264496985540e+00
2.637446997340195498e+00 1.509524794265683534e+00 1.293774323097420798e+00
2.637472474791485944e+00 1.509620092802479219e+00 1.301804948687105945e+00
2.637494708745722782e+00 1.509728598265833277e+00 1.309871680562452623e+00
2.637518763638293517e+00 1.509862134829414781e+00 1.319283708048041515e+00
2.637539833739730888e+00 1.509972070381575993e+00 1.327538276902610503e+00
2.637558374766253877e+00 1.510085721347173449e+00 1.336012267608634119e+00
2.637585969034140110e+00 1.510189355215556528e+00 1.343584533598521480e+00
2.637596819482189936e+00 1.510293487672330182e+00 1.351441035750468700e+00
2.637599151261414310e+00 1.510369044727813748e+00 1.359553927366178083e+00
2.637613855290314557e+00 1.510461717770080536e+00 1.367202332658408848e+00
2.637624850076495164e+00 1.510570626759151658e+00 1.375448106196174747e+00
2.637650520781546160e+00 1.510692711772114505e+00 1.384448911959123896e+00
2.637678004213421801e+00 1.510916935903501290e+00 1.405283699693951061e+00
2.637682551265009501e+00 1.511029919437052005e+00 1.414007178125208819e+00
2.637684207472700493e+00 1.511144307978944168e+00 1.421780933016692616e+00
2.637683701577724360e+00 1.511269377430906502e+00 1.431074764557898726e+00
2.637682784021003091e+00 1.511273825049209707e+00 1.431308549883081982e+00
2.637687944487494107e+00 1.511346058544206672e+00 1.441259320838085944e+00
2.637692075074095310e+00 1.511474989802712443e+00 1.450483890639308715e+00
2.637692224277937036e+00 1.511569323249356112e+00 1.459039389484558580e+00
2.637695500218213418e+00 1.511686353716403808e+00 1.468325575397994909e+00
2.637694734521508710e+00 1.511774366024060345e+00 1.476902179118521286e+00
2.637698607050024346e+00 1.511869223572844367e+00 1.484756423197920672e+00
2.637695706060439793e+00 1.511955053309819830e+00 1.492414646581135873e+00
2.637700465097918112e+00 1.512046143972249901e+00 1.501308838457422690e+00
2.637689072722071870e+00 1.512121824245659774e+00 1.510235576764062948e+00
2.637696801769632948e+00 1.512236262718101631e+00 1.519620350904074213e+00
2.637686696711188272e+00 1.512302186703118778e+00 1.528528220803094140e+00
2.637684909688263080e+00 1.512308308632023479e+00 1.528768501152100834e+00
2.637678202823824147e+00 1.512374138270770718e+00 1.536845271458173290e+00
2.637675924127678595e+00 1.512462065204496442e+00 1.545558840064700235e+00
2.637675370901204630e+00 1.512534631118567008e+00 1.553637812137834917e+00
2.637661969543266594e+00 1.512615700432127008e+00 1.563234261701779371e+00
2.637648134440528480e+00 1.512707663825153759e+00 1.572049761062549456e+00
2.637643807948669927e+00 1.512809350764596772e+00 1.581358062381331475e+00
2.637635653114382528e+00 1.512900596641489015e+00 1.589517898970870924e+00
2.637634799800731233e+00 1.512913755811476246e+00 1.590460294338574609e+00
2.637629146459011587e+00 1.512987435256218482e+00 1.598922765547244218e+00
2.637615613456369967e+00 1.513073926841394856e+00 1.606760531858813179e+00
2.637596299328919702e+00 1.513179884251423024e+00 1.615457393849749179e+00
2.637569713648605596e+00 1.513326370816081790e+00 1.624924125579549461e+00
2.637569901693179286e+00 1.513330348398290282e+00 1.625150819358822218e+00
2.637546894844412737e+00 1.513453454611312310e+00 1.633605242213012509e+00
2.637522762501526508e+00 1.513564829511217846e+00 1.642363274275276508e+00
2.637502765271929395e+00 1.513650667928791993e+00 1.650551258708456537e+00
2.637482855007942550e+00 1.513734800710054840e+00 1.658692019372689952e+00
2.637466585912775052e+00 1.513825116346070532e+00 1.666647414127029103e+00
2.637441454957813125e+00 1.513925507005957627e+00 1.674548404210778330e+00
2.637423107424928137e+00 1.514031262910120690e+00 1.684078008907773594e+00
2.637406344721821227e+00 1.514134639630141832e+00 1.693310496650611174e+00
2.637405186711082816e+00 1.514138061510885702e+00 1.693542944325857169e+00
2.637395344872644820e+00 1.514236822653173942e+00 1.701847704834857700e+00
2.637379044209502865e+00 1.514330467153332416e+00 1.709735973900971873e+00
2.637349872540983853e+00 1.514431145236416087e+00 1.717799021259415859e+00
2.637317468058420822e+00 1.514551882454911569e+00 1.726677872542490499e+00
2.637294199640555004e+00 1.514668151192001266e+00 1.735406848973392036e+00
2.637252039884378174e+00 1.514792795432694517e+00 1.743850914148622477e+00
2.637219002627652742e+00 1.514927657978747622e+00 1.752765835572659192e+00
2.637188367175521186e+00 1.515050953248174848e+00 1.762420336183077918e+00
2.637151493443668393e+00 1.515184005635333175e+00 1.771376541246286740e+00
2.637110670477491148e+00 1.515293156228359805e+00 1.781094863859827404e+00
2.637081607557562268e+00 1.515400729856253736e+00 1.789646514426026513e+00
2.637044270289015113e+00 1.515512172905856492e+00 1.797906993978964696e+00
2.637017544233770661e+00 1.515637379087608316e+00 1.805963355802735482e+00
2.636973207663112717e+00 1.515756070337175077e+00 1.815080204896880822e+00
2.636946051154510862e+00 1.515869326808782391e+00 1.823830580366502030e+00
2.636942372628235720e+00 1.515869358972072423e+00 1.824064647163608610e+00
2.636898617767457154e+00 1.515978369125185132e+00 1.832233819405098441e+00
2.636860310028731114e+00 1.516084559980579893e+00 1.840638078750064466e+00
2.636834066290246081e+00 1.516194938096957934e+00 1.848762518875916694e+00
2.636802489876300726e+00 1.516302411494344193e+00 1.857029678676775930e+00
2.636757936028391036e+00 1.516425021534548945e+00 1.865254032779697146e+00
2.636724945802102038e+00 1.516503598264368202e+00 1.872763121908167294e+00
2.636682901598788931e+00 1.516633760577473788e+00 1.881926130670975583e+00
2.636640046384955305e+00 1.516727928231060618e+00 1.889802358166583485e+00
2.636605845579228724e+00 1.516828173024923565e+00 1.898820013532888984e+00
2.636561950840992985e+00 1.516924773360467382e+00 1.907339630494301108e+00
2.636521129139181685e+00 1.517025857032545666e+00 1.915622176002528709e+00
2.636464262822014071e+00 1.517133749660398045e+00 1.925251274592124640e+00
2.636401598218084175e+00 1.517247960561727504e+00 1.933532866303086406e+00
2.636368523178955758e+00 1.517362323915881106e+00 1.941668899311808083e+00
2.636233589336125505e+00 1.517618938122857752e+00 1.962977201567122298e+00
2.636179961725696241e+00 1.517727872080186780e+00 1.971226415700897627e+00
2.636133008855670923e+00 1.517827387793948546e+00 1.979777227315504984e+00
2.636093432291442884e+00 1.517927628960872743e+00 1.988414974386226497e+00
2.636042684465804253e+00 1.518031893487703066e+00 1.997193879687899187e+00
2.635970895824274240e+00 1.518157542158425244e+00 2.005501747897532105e+00
2.635882149431805654e+00 1.518295826077360910e+00 2.014662331703693798e+00
2.635881890500094027e+00 1.518298793254671653e+00 2.014878775801833832e+00
2.635523212101186896e+00 1.519034747676974328e+00 2.023730243545249330e+00
2.634060935623052657e+00 1.521988817162337915e+00 2.031949111523023710e+00
2.631379871047966557e+00 1.527312230202702015e+00 2.040483406803843103e+00
2.628145210406882537e+00 1.533545560706273347e+00 2.049679169247737853e+00
2.628057808613565083e+00 1.533706503014124589e+00 2.049930417108665193e+00
2.625112666257261029e+00 1.539233392616642382e+00 2.058195761460814399e+00
2.622211653990952573e+00 1.544480522138449663e+00 2.065329423216541560e+00
2.619193229237067211e+00 1.549843934600790840e+00 2.070918538042308299e+00
2.616030261827988923e+00 1.555435940392196015e+00 2.074269864718200740e+00
2.615953403588589410e+00 1.555578315025821334e+00 2.074297885721623658e+00
2.612578247480533911e+00 1.561340369319694776e+00 2.073588232552687316e+00
2.612495485078095037e+00 1.561488248303023241e+00 2.073497865668774143e+00
2.609684834080161053e+00 1.566351543662202417e+00 2.070158434322289409e+00
2.606645630217734322e+00 1.571867963393285716e+00 2.063273226907362368e+00
2.604070274717293021e+00 1.576623920079299745e+00 2.057278683581572398e+00
2.603999110774755987e+00 1.576767707709411770e+00 2.057103755837954573e+00
2.601139213158023100e+00 1.582105186737421620e+00 2.050366613697659268e+00
2.598011134302487868e+00 1.588127472627708370e+00 2.042475306093889831e+00
2.595141746583121023e+00 1.593621345050149740e+00 2.035167061440140035e+00
2.592157141909766871e+00 1.599406577249488759e+00 2.027827564090782797e+00
2.588786238958061592e+00 1.606171178287288948e+00 2.022218116736638649e+00
2.585577494216117600e+00 1.612677052452873516e+00 2.020079733357850404e+00
2.582623422207070085e+00 1.618751869315836478e+00 2.018734120882268446e+00
2.579679359440527175e+00 1.624803213486159637e+00 2.016866983767962473e+00
2.576982430255409184e+00 1.630372306637485558e+00 2.014424389685174788e+00
2.574005744110356098e+00 1.636523530831565099e+00 2.010813054282257095e+00
2.573935658759094025e+00 1.636674799402802138e+00 2.010727967493365576e+00
2.570852293627066132e+00 1.643130079063310545e+00 2.007132128310019414e+00
2.567826678879883140e+00 1.649567081644969235e+00 2.004934446736055254e+00
2.567749403610381620e+00 1.649727359134694371e+00 2.004886072028956079e+00
2.564870433226809521e+00 1.655904359538705961e+00 2.002767655931482871e+00
2.562222700527938546e+00 1.661582595853202893e+00 2.000319481491634743e+00
2.559501944035854404e+00 1.667379177416751679e+00 1.997443653135679620e+00
2.556808052677024712e+00 1.673104169427665600e+00 1.993112279692615951e+00
2.554315206882263212e+00 1.678652761563228957e+00 1.988395465059265454e+00
2.551629732372532100e+00 1.684589270769281111e+00 1.982860320430992029e+00
2.549010273765696333e+00 1.690503284172171439e+00 1.976866570752301211e+00
2.546502354776047028e+00 1.696155394327548471e+00 1.970451205651180038e+00
2.543977659209664122e+00 1.702156735823682876e+00 1.964029951873727198e+00
2.543850101901006688e+00 1.702473131850428700e+00 1.963747929213911281e+00
2.541202764034198314e+00 1.708866873958688526e+00 1.959646085873743004e+00
2.538772350643042408e+00 1.714803915315475491e+00 1.957523932361426189e+00
2.536445299625916583e+00 1.720551696543160425e+00 1.955373770654801779e+00
2.534080925831796005e+00 1.726406730540526846e+00 1.952775290962222687e+00
2.531601527017429465e+00 1.732529032170832206e+00 1.949685406800510057e+00
2.531539524011833020e+00 1.732685656456320222e+00 1.949599126360052725e+00
2.528971491300386454e+00 1.738921674774198678e+00 1.945388695726229633e+00
2.526635211544911552e+00 1.744744351889527367e+00 1.940094780788901074e+00
2.524343086170110606e+00 1.750538026892650478e+00 1.934294255706089372e+00
2.522307133623751696e+00 1.755858025392714072e+00 1.929113752226325307e+00
2.520194133571713735e+00 1.761464396602278049e+00 1.924591781175634120e+00
2.518097489510343845e+00 1.767216213748279419e+00 1.921911446639161580e+00
2.518037956193051929e+00 1.767375708510455556e+00 1.921852392791837616e+00
2.516087963450012399e+00 1.772699665295327520e+00 1.919970559222918594e+00
2.514107931999022050e+00 1.778156118264994090e+00 1.917817861635933596e+00
2.512041287918758137e+00 1.783857315106814223e+00 1.915244864931872071e+00
2.509982269487118334e+00 1.789495357912258777e+00 1.911913522548549293e+00
2.504830021727249001e+00 1.803623538044707875e+00 1.900424187681334809e+00
2.504779528633012564e+00 1.803775004326154230e+00 1.900285622265345253e+00
2.502857111088779618e+00 1.809383288278232582e+00 1.894830424689647019e+00
2.502804678887766698e+00 1.809527075040911592e+00 1.894667677799148020e+00
2.500762833573859201e+00 1.815459853502462417e+00 1.887837248912807908e+00
2.498990772133652172e+00 1.820800131868269833e+00 1.881599544655198963e+00
2.497117053424434463e+00 1.826597637635901217e+00 1.874937247808095675e+00
2.495243752247461977e+00 1.832630501055370287e+00 1.869389496523605310e+00
2.493473292966830179e+00 1.838420548081364458e+00 1.866386003124970605e+00
2.491549879672784407e+00 1.844752059845892411e+00 1.864340806729395394e+00
2.489724553109958105e+00 1.850794595819990507e+00 1.862603683118359221e+00
2.488007213455331268e+00 1.856506353569530310e+00 1.859874582514801311e+00
2.486478784763598515e+00 1.861504060360755108e+00 1.856639850710377626e+00
2.485023967550388679e+00 1.866459188234494970e+00 1.852101704989117748e+00
2.483321627425886913e+00 1.872207674365728103e+00 1.846017147437891692e+00
2.481766577729736412e+00 1.877598852799282625e+00 1.840092238775741684e+00
2.480384944163422478e+00 1.882426366067504908e+00 1.835048020176669015e+00
2.478966474965467182e+00 1.887558496062110347e+00 1.829441516964199321e+00
2.477397636428110950e+00 1.893261318855219422e+00 1.822785169211306400e+00
2.475949826230244621e+00 1.898774956597380603e+00 1.816487347370199013e+00
2.474595106813967327e+00 1.904034152723717011e+00 1.810900585929015705e+00
2.473244466132583419e+00 1.909425898101946961e+00 1.805780495020647303e+00
2.472017270344166739e+00 1.914625653541680794e+00 1.801796516544445614e+00
2.470788400052238210e+00 1.919895686498651610e+00 1.799671347628625462e+00
2.469364886226827593e+00 1.925977524886231862e+00 1.797772527756419825e+00
2.468052455441264836e+00 1.931711351915799124e+00 1.795660126428989978e+00
2.468017140714031221e+00 1.931856123638760803e+00 1.795602239086302454e+00
2.466704212997576473e+00 1.937625724999901822e+00 1.792675010710658157e+00
2.465340385771948473e+00 1.943463902167876123e+00 1.787541807046352682e+00
2.464182530884730937e+00 1.948674390551786484e+00 1.781915993476940852e+00
2.462853708521443696e+00 1.954590475439702102e+00 1.775013750193389805e+00
2.461794181643110146e+00 1.959610994756368463e+00 1.769086783803875740e+00
2.460662613018282041e+00 1.965099115584181266e+00 1.762500481149614329e+00
2.459530953883013904e+00 1.970657583823473891e+00 1.755615249799807653e+00
2.458552372319371848e+00 1.975721317941343980e+00 1.749569160416224234e+00
2.457635091991332121e+00 1.980636687385695538e+00 1.744251724609593435e+00
2.456724624095037335e+00 1.985528204586899381e+00 1.738760678532686565e+00
2.455925039228616491e+00 1.990139381334773638e+00 1.733239572496684255e+00
2.455070710132218892e+00 1.995283502026958589e+00 1.727387065596678539e+00
2.454131844868055801e+00 2.001118121419507290e+00 1.721175519377764473e+00
2.453250951575787653e+00 2.006702114675601667e+00 1.715450219523331876e+00
2.452466199749069542e+00 2.011975992508755251e+00 1.709827674691370092e+00
2.451677127841771942e+00 2.017198203129577649e+00 1.703772942758356113e+00
2.451000586129753689e+00 2.022105835074841984e+00 1.698169559752315427e+00
2.450341014652810845e+00 2.026920506972814451e+00 1.692909626461197137e+00
2.449681810076300259e+00 2.031983243258595806e+00 1.687601086355845936e+00
2.448981758563795630e+00 2.037788111061766383e+00 1.681228333595969904e+00
2.448436579442096139e+00 2.042815173111766747e+00 1.675959717575778996e+00
2.447837720518897253e+00 2.048641984879441491e+00 1.672310514826400807e+00
2.447318850145195235e+00 2.053813081604013213e+00 1.670047857036688566e+00
2.446835880208797942e+00 2.058722888383757610e+00 1.667796741801082172e+00
2.446332504141224273e+00 2.063747346360866430e+00 1.664400466196663819e+00
2.445820663550903440e+00 2.068895779302323490e+00 1.659460200438963362e+00
2.444655077242631869e+00 2.081157402307128645e+00 1.645877743418688643e+00
2.444254985180449147e+00 2.086305081501792280e+00 1.639780094966299728e+00
2.444244996820216898e+00 2.086437172290584563e+00 1.639624301622203184e+00
2.443867411273049406e+00 2.091357871800490376e+00 1.633060233310996479e+00
2.443560803814488480e+00 2.096197635308396201e+00 1.626233294434865195e+00
2.443304253036785667e+00 2.100478303067044195e+00 1.620355296089144748e+00
2.443296136175541644e+00 2.100609300524457268e+00 1.620183708960638125e+00
2.443029345291244159e+00 2.105390755857376117e+00 1.613891176813810446e+00
2.443022905972312753e+00 2.105517150038038743e+00 1.613725405858629447e+00
2.442795230679511764e+00 2.110898097964438946e+00 1.606655154232505378e+00
2.442571744950101653e+00 2.115435505622772716e+00 1.600933400864119394e+00
2.442401108413623678e+00 2.120222829221720229e+00 1.595174373511911048e+00
2.442275602916109900e+00 2.124649588384016852e+00 1.590070610203416113e+00
2.442144753391170653e+00 2.129719374359239303e+00 1.584502153339928165e+00
2.442144498725547397e+00 2.129847794010673923e+00 1.584358779480123269e+00
2.442065047521514209e+00 2.134590113127858402e+00 1.578852961484653372e+00
2.441964350811841822e+00 2.139690060690415230e+00 1.572429160009108262e+00
2.441941166878757397e+00 2.144479839855418568e+00 1.566310269056524707e+00
2.441929039632859677e+00 2.149360092929565980e+00 1.560214800345474551e+00
2.441934900504904693e+00 2.154211955226046804e+00 1.554411660291611375e+00
2.441997070541580328e+00 2.159562490353272857e+00 1.548305950153356703e+00
2.442081885000681130e+00 2.164231528671426652e+00 1.542648197510297914e+00
2.442204673261787473e+00 2.168679124346210241e+00 1.536584688915295649e+00
2.442348683282232091e+00 2.173972867505445716e+00 1.529481935154348049e+00
2.442542038508549673e+00 2.179190238561880655e+00 1.522647714686474307e+00
2.442758471790178021e+00 2.184078585051177690e+00 1.516539543180565053e+00
2.442976370452080825e+00 2.188706304378046141e+00 1.510643218408084909e+00
2.443235913896593559e+00 2.193531791546943222e+00 1.504048945667141979e+00
2.443514932446874788e+00 2.198373581949786271e+00 1.497557104339628742e+00
2.443835195842832153e+00 2.203094007432612411e+00 1.491272071641692731e+00
2.443843957227985531e+00 2.203219413514693414e+00 1.491112415250862355e+00
2.444219903425490781e+00 2.208505573841516689e+00 1.484149610231550342e+00
2.444235086478679264e+00 2.208626978649959938e+00 1.483974353276384051e+00
2.444575768861068088e+00 2.213036271945449940e+00 1.477938279521691767e+00
2.445011955279666527e+00 2.218136730630803299e+00 1.471032944522701280e+00
2.445416777649337181e+00 2.222393504454933222e+00 1.465374939426537848e+00
2.445813545103379560e+00 2.226409875329519839e+00 1.460272731686801606e+00
2.446346699824187176e+00 2.231387537261582565e+00 1.454143277805627799e+00
2.446844575724218540e+00 2.236081359476284725e+00 1.448104415338733686e+00
2.446871514943358417e+00 2.236316960266655052e+00 1.447779304328127070e+00
2.447359220085198572e+00 2.240464171969260398e+00 1.441801949087174073e+00
2.447967325245270942e+00 2.245344014547048239e+00 1.434793157387248330e+00
2.448541957923531243e+00 2.249602582176716048e+00 1.428820137351387576e+00
2.449094203022557092e+00 2.253765892084973910e+00 1.423215194099312519e+00
2.449672132494129961e+00 2.257809792056899134e+00 1.418095807525959096e+00
2.450358913275479278e+00 2.262530070389692671e+00 1.411509262808782861e+00
2.451010759762792368e+00 2.266757274408411682e+00 1.405295209609049856e+00
2.451577843479749053e+00 2.270468389876007631e+00 1.399397571443211863e+00
2.452248588572272237e+00 2.274425250309330515e+00 1.391765851686405986e+00
2.452972429771176799e+00 2.278697085133622124e+00 1.383428284484449211e+00
2.453669699355557565e+00 2.282506511200184551e+00 1.376313429243955833e+00
2.454472130582276534e+00 2.286750896823474211e+00 1.368425081096789064e+00
2.455335235670439431e+00 2.291154201831986814e+00 1.360720055587895549e+00
2.456219562602098172e+00 2.295423204740772327e+00 1.353802168806207851e+00
2.457144406547497884e+00 2.299580739677559826e+00 1.347597081229866545e+00
2.458097797809978946e+00 2.303752990313815641e+00 1.341968577520602279e+00
2.459222796826929791e+00 2.308591584421235687e+00 1.335652975550293275e+00
2.460275453286926872e+00 2.313049727740722261e+00 1.329696768143719954e+00
2.461408576860309338e+00 2.317819770707983729e+00 1.322905163513000915e+00
2.462526063514279162e+00 2.322206470090895536e+00 1.316526016264691457e+00
2.465411372513433008e+00 2.333428236874568906e+00 1.300356976810358667e+00
2.466476483066868841e+00 2.337324505466986224e+00 1.294781968116890392e+00
2.467597197061821124e+00 2.341412261280090945e+00 1.288669460095991592e+00
2.468715119616865294e+00 2.345332991619624607e+00 1.282604729665684173e+00
2.469915403431181211e+00 2.349493443703335238e+00 1.276261975579375596e+00
2.469947054152356714e+00 2.349604567209887307e+00 1.276098492045079968e+00
2.471238459407421484e+00 2.353982269549856454e+00 1.269690293086994881e+00
2.472461161313336486e+00 2.358011186505075685e+00 1.263860300148177629e+00
2.473638619303108577e+00 2.361783514486978763e+00 1.258166413929431293e+00
2.474811865053107685e+00 2.365545002039826539e+00 1.252224770208708149e+00
2.476169023283573800e+00 2.369811413483430940e+00 1.245402406258326211e+00
2.477562800681605282e+00 2.374055203972867290e+00 1.238634577111418000e+00
2.477596405467626273e+00 2.374164890384436788e+00 1.238468665388568812e+00
2.478989247873787161e+00 2.378315009648457323e+00 1.231396658540393929e+00
2.480253099518400450e+00 2.381917939861136979e+00 1.223668601224145780e+00
2.481595892866696129e+00 2.385670452384857754e+00 1.215570200832531755e+00
2.482875043328280462e+00 2.389209282195597694e+00 1.208085145913134761e+00
2.484421921408213496e+00 2.393411297492361811e+00 1.200014720750063324e+00
2.484461672699385115e+00 2.393516366086051228e+00 1.199821717904377527e+00
2.486010068238572845e+00 2.397580630361249909e+00 1.192591327845230920e+00
2.487486251100024415e+00 2.401340451157385480e+00 1.186613584778182462e+00
2.489043899031568863e+00 2.405208721421852491e+00 1.180628385386199186e+00
2.489377832389505496e+00 2.406052118428000597e+00 1.179360339470117980e+00
2.491015930394612887e+00 2.410068406636526994e+00 1.173008809151527831e+00
2.492599805925696188e+00 2.413861648470377652e+00 1.166795088625496080e+00
2.494061349427718177e+00 2.417336185220860134e+00 1.161121994189052931e+00
2.495674108571111827e+00 2.421111135173956708e+00 1.155093684839068491e+00
2.497417927580162456e+00 2.425060565854305850e+00 1.148822661480932483e+00
2.498936442975200123e+00 2.428494521153726105e+00 1.143418374524156844e+00
2.500570886887589772e+00 2.432155126055227878e+00 1.137376624180947315e+00
2.502234336762973133e+00 2.435815367533462172e+00 1.131017369167518938e+00
2.504071779414075660e+00 2.439853503177588312e+00 1.123447394904082852e+00
2.505819605522435545e+00 2.443545924506130618e+00 1.115076650198114638e+00
2.507469846646689149e+00 2.446878831710086022e+00 1.107296702659703147e+00
2.509388889604065476e+00 2.450801239309384982e+00 1.099111927294943003e+00
2.511308367874847569e+00 2.454622063977347501e+00 1.091849401627909444e+00
2.513440911474257522e+00 2.458795287711355471e+00 1.084309413416583601e+00
2.515130766472110757e+00 2.461998733593765643e+00 1.078587274511638494e+00
2.516865375181016162e+00 2.465280132311533201e+00 1.072984736262731831e+00
2.518664536631189055e+00 2.468632343688650366e+00 1.067382531567064197e+00
2.520773599269521270e+00 2.472444969054660380e+00 1.061030729155156394e+00
2.522628156121990095e+00 2.475767115653070949e+00 1.055494085763328149e+00
2.524791785162877833e+00 2.479617995524495466e+00 1.049092425241554105e+00
2.526691727556969358e+00 2.483001330881408286e+00 1.043230383074163159e+00
2.528495707004715598e+00 2.486164809151270028e+00 1.037428404650758917e+00
2.530378338479653877e+00 2.489394809366234362e+00 1.030759954717678673e+00
2.530428550651154573e+00 2.489486178581372666e+00 1.030562092323388246e+00
2.532462049427307349e+00 2.492945522745082521e+00 1.022854532812517370e+00
2.534370171205753586e+00 2.496146556991949872e+00 1.015759770374058180e+00
2.536472439545856883e+00 2.499579790007758096e+00 1.008353910700265255e+00
2.536528476757154316e+00 2.499671715740032774e+00 1.008164215207917325e+00
2.538454662399960426e+00 2.502730858174794903e+00 1.002009835109169300e+00
2.540814484965673969e+00 2.506422519522728543e+00 9.950170744146598079e-01
2.542836432984368678e+00 2.509562497496867550e+00 9.889286133239352239e-01
2.545091801942234611e+00 2.513036984074200397e+00 9.820811787137012638e-01
2.547359915622697368e+00 2.516494330527867529e+00 9.754539155828672037e-01
2.549594821746974826e+00 2.519832099987322493e+00 9.690991415851145652e-01
2.551746623039801154e+00 2.523026932072276907e+00 9.629767417841206267e-01
2.553679511862450457e+00 2.525824058038035780e+00 9.576914030083031326e-01
2.555936532994891763e+00 2.529058320760551481e+00 9.509266695620631760e-01
2.558156488319895505e+00 2.532214417333691348e+00 9.432807598141633720e-01
2.560658024556785595e+00 2.535725895472263680e+00 9.348587340185913197e-01
2.562835503551534444e+00 2.538709779718971937e+00 9.278194399496435540e-01
2.565172945398484394e+00 2.541862981331527216e+00 9.210302898508232472e-01
2.567547871031557793e+00 2.545018203811538093e+00 9.146185096216897792e-01
2.570180290716542970e+00 2.548473789313279170e+00 9.079797394289853552e-01
2.570243996576123902e+00 2.548555455734617503e+00 9.078223992116384311e-01
2.572820235626660068e+00 2.551878442466533059e+00 9.016013375578070255e-01
2.575280522495229096e+00 2.555003333527888998e+00 8.957246681248201003e-01
2.580875542224663199e+00 2.562025818193636617e+00 8.818345653236049353e-01
2.583203095740033817e+00 2.564930577296382186e+00 8.757873346713251905e-01
2.585588618268624739e+00 2.567838327084860151e+00 8.688466386060360591e-01
2.587758675331877090e+00 2.570445073267723313e+00 8.624217044999037407e-01
2.590224049791677086e+00 2.573358240943655062e+00 8.552966177907087575e-01
2.592986773322585758e+00 2.576572468311731257e+00 8.478314372331721138e-01
2.595861052321332796e+00 2.579860949460943687e+00 8.406134183897979728e-01
2.595927928323212619e+00 2.579938464606017945e+00 8.404432186630831358e-01
2.598410028222683632e+00 2.582746017146370754e+00 8.343297236761190172e-01
2.598684436782571439e+00 2.583054642539586165e+00 8.336522196188440592e-01
2.601236752548798936e+00 2.585913018875332536e+00 8.273861622032242513e-01
2.603818419335238943e+00 2.588752258436734621e+00 8.211336379009773756e-01
2.606321149282019523e+00 2.591451256777040246e+00 8.145129216542549289e-01
2.608987019297946741e+00 2.594324496558614079e+00 8.073241319099122570e-01
2.611542268055412119e+00 2.597024239481560581e+00 8.007066904267392538e-01
2.613917165054115976e+00 2.599539158077181167e+00 7.947498320930583837e-01
2.616359643468828988e+00 2.602081421760034541e+00 7.889437490261782537e-01
2.619348919303946754e+00 2.605099590239853047e+00 7.821524795975980382e-01
2.621982286512322347e+00 2.607748323166814153e+00 7.760885555987266926e-01
2.624683668500254363e+00 2.610431436995811261e+00 7.699021853163612317e-01
2.627468059648102372e+00 2.613165713364822285e+00 7.635759401991095707e-01
2.630197088427864927e+00 2.615798994618010020e+00 7.575249341105472212e-01
2.633139410828169602e+00 2.618614254070389613e+00 7.508401570260712088e-01
2.635866367080499373e+00 2.621162884573653429e+00 7.442463779697525705e-01
2.638830760651729612e+00 2.623922424994140190e+00 7.370839330513673238e-01
2.641312957690784113e+00 2.626208154820744767e+00 7.313204729157956052e-01
2.644187137551179401e+00 2.628802279581509360e+00 7.249366907895902212e-01
2.646918294912575575e+00 2.631243258869127466e+00 7.189093948223022057e-01
2.649876942627619858e+00 2.633854765972612810e+00 7.124188970109688324e-01
2.649950587830869786e+00 2.633916755738485271e+00 7.122551667142116294e-01
2.652783575891153323e+00 2.636368539441985348e+00 7.062302317148299036e-01
2.655786077984880311e+00 2.638938843058765471e+00 6.999523418368496230e-01
2.658562827657662719e+00 2.641336126430645859e+00 6.937657431556650822e-01
2.661975650148833861e+00 2.644210388772935350e+00 6.859023456246627903e-01
2.664873271782998820e+00 2.646596750271462017e+00 6.794217814333343153e-01
2.668270452306335638e+00 2.649365762794250401e+00 6.721536933302512118e-01
2.671436254537302712e+00 2.651936291072533258e+00 6.656023257270131666e-01
2.674226244438969502e+00 2.654148300850722286e+00 6.598912280173802047e-01
2.676947606101637067e+00 2.656274814657518135e+00 6.543094999851563065e-01
2.679839226741016489e+00 2.658511324295801614e+00 6.483601339024916976e-01
2.682717987006079330e+00 2.660725083422988746e+00 6.422611440563584795e-01
2.686023812701091806e+00 2.663242783001821490e+00 6.351921792097607877e-01
2.689272872545691584e+00 2.665698197825302707e+00 6.284310074025264425e-01
2.692366957052638732e+00 2.667984030089773917e+00 6.221322975236949215e-01
2.695407043588872398e+00 2.670179643527110791e+00 6.160912840689298786e-01
2.698363055321619797e+00 2.672301145375390874e+00 6.103295042792565850e-01
2.701662161927739003e+00 2.674618579885465586e+00 6.039732162950409711e-01
2.704619431782347316e+00 2.676692740872130827e+00 5.982909596988004175e-01
2.704702527270007373e+00 2.676748253586942461e+00 5.981345634720118820e-01
2.707496196727747773e+00 2.678699996159051189e+00 5.926280568542007243e-01
2.710393166576556823e+00 2.680691334019140282e+00 5.868231080771355579e-01
2.713875868410775549e+00 2.683059589859825955e+00 5.798066067700107240e-01
2.717044550163997041e+00 2.685151731005482212e+00 5.735339127978622553e-01
2.720145442231272082e+00 2.687187981330716458e+00 5.675890664248097739e-01
2.720227718665477745e+00 2.687244799432514153e+00 5.674311339655826458e-01
2.722996857529799364e+00 2.689056415531307476e+00 5.622408040323042533e-01
2.726362457437090825e+00 2.691210252582316720e+00 5.560306461531820954e-01
2.726447376350789931e+00 2.691263387860626466e+00 5.558755404906221553e-01
2.729229608145910202e+00 2.693024781300667136e+00 5.507177096721682652e-01
2.732694808390560670e+00 2.695190761049704342e+00 5.441808012950168916e-01
2.740110452626410620e+00 2.699701540156986823e+00 5.300135995722810023e-01
2.743454186829973551e+00 2.701696451028205992e+00 5.237537129177397555e-01
2.743625944735351041e+00 2.701797995815199194e+00 5.234276088152309825e-01
2.747241907219579282e+00 2.703914567122919443e+00 5.167808329518588373e-01
2.750353436880720093e+00 2.705714916689923477e+00 5.112569404641945647e-01
2.753839148045270857e+00 2.707676240699093295e+00 5.050575575423327246e-01
2.757263037088277802e+00 2.709623733804409795e+00 4.988598205174931688e-01
2.757348764108023431e+00 2.709675682973687216e+00 4.987052410077243980e-01
2.760507336222466357e+00 2.711412385392948821e+00 4.930575674056089652e-01
2.763922783862073018e+00 2.713268332045431386e+00 4.870472798924005420e-01
2.764008567232694169e+00 2.713315044945116661e+00 4.868941692213417660e-01
2.767076332336170452e+00 2.714979682193066068e+00 4.815491530790913521e-01
2.770678098460495065e+00 2.716919753227001522e+00 4.752531081942754643e-01
2.770764464583897801e+00 2.716969510281131317e+00 4.750979561007482865e-01
2.774106093432616493e+00 2.718731111814859158e+00 4.693221955404773271e-01
2.777103841256265859e+00 2.720270439495261705e+00 4.642232542080676483e-01
2.780030222743275825e+00 2.721750653591386460e+00 4.591610019068153026e-01
2.783225539848612762e+00 2.723356505814581219e+00 4.536743652109024860e-01
2.786707767462684338e+00 2.725082354575376176e+00 4.476981740484259897e-01
2.786796151182700854e+00 2.725126129548812948e+00 4.475445580761012176e-01
2.789922438194018195e+00 2.726660060420749154e+00 4.422193428677508309e-01
2.793249628353464686e+00 2.728248457852876285e+00 4.365800539144848447e-01
2.796558550322533421e+00 2.729813270562247318e+00 4.310068549113643677e-01
2.799697080655169312e+00 2.731291091512139779e+00 4.258086572859922092e-01
2.802649858139246497e+00 2.732675081418296514e+00 4.209186473092511593e-01
2.806420559229181322e+00 2.734363643135218958e+00 4.147257225375394207e-01
2.809919668253171743e+00 2.735940379579267390e+00 4.090281117716444981e-01
2.810009289020360956e+00 2.735981108994036681e+00 4.088838431359189118e-01
2.813364407476041773e+00 2.737461679133461168e+00 4.034056432722895602e-01
2.816251232631164836e+00 2.738702596254156685e+00 3.987395927769042392e-01
2.819674515252505120e+00 2.740183651376466578e+00 3.933081441739106343e-01
2.822668745728402762e+00 2.741447384572906820e+00 3.885762360343444355e-01
2.825659579857499271e+00 2.742692924312502889e+00 3.838341099150572866e-01
2.828913495067878259e+00 2.744050916932795126e+00 3.786345637822742249e-01
2.832373819233919843e+00 2.745459437868896568e+00 3.731585550562258047e-01
2.832555816882371236e+00 2.745533324626637572e+00 3.728732358770091571e-01
2.836016682195316108e+00 2.746916889166363340e+00 3.674624811164075577e-01
2.839581002364320206e+00 2.748318601409597939e+00 3.619389208515012002e-01
2.839670553193371916e+00 2.748358398656719270e+00 3.618016200991412967e-01
2.843336304492254829e+00 2.749749166518846266e+00 3.560792037853870995e-01
2.846643803550594320e+00 2.751000271007660203e+00 3.509521951126487460e-01
2.850040248354452910e+00 2.752270212742097488e+00 3.457498648894457571e-01
2.853429921142836445e+00 2.753537335767449967e+00 3.405194278740549807e-01
2.856847750314718493e+00 2.754779199703877079e+00 3.352548736898176562e-01
2.860271082716652202e+00 2.756012911089893880e+00 3.299650453433509711e-01
2.863893466264629151e+00 2.757280011864472247e+00 3.244083299867702164e-01
2.867413284611986413e+00 2.758514991484366075e+00 3.190696696768950402e-01
2.870834453062799163e+00 2.759686052346308482e+00 3.139479181125343632e-01
2.874279460608239578e+00 2.760846822050873950e+00 3.088416493705677390e-01
2.878030096446432928e+00 2.762101513035087663e+00 3.031768864124199658e-01
2.881856866030303888e+00 2.763329864331929286e+00 2.974819133200893306e-01
2.885331027877985566e+00 2.764417581418483927e+00 2.923537312233104313e-01
2.888882193612540839e+00 2.765504314965871124e+00 2.871931156886379788e-01
2.892350265135776866e+00 2.766549447755678681e+00 2.822130776953896691e-01
2.896007306669540871e+00 2.767615834774402650e+00 2.769792989540457717e-01
2.899471205974232024e+00 2.768620746175883163e+00 2.721228566604359522e-01
2.902753110919930712e+00 2.769549715184094651e+00 2.675690080938904480e-01
2.906393502617980573e+00 2.770577160908576086e+00 2.624818814663837929e-01
2.906488030829094349e+00 2.770602485260275305e+00 2.623506848045044637e-01
2.909855077740489460e+00 2.771533845023209430e+00 2.576842684146413154e-01
2.913393353192564206e+00 2.772492956359540628e+00 2.527644617915741354e-01
2.917052233835964348e+00 2.773444284008446559e+00 2.476839820319238217e-01
2.917147340900921204e+00 2.773469507927118549e+00 2.475529036442274400e-01
2.925502582919945027e+00 2.775597365770843705e+00 2.360951719830533813e-01
2.928889583801149499e+00 2.776422129553620444e+00 2.314449005233270851e-01
2.932342898740901482e+00 2.777284719567127524e+00 2.264892414153645561e-01
2.935950626267734176e+00 2.778146236588314721e+00 2.211217937398813060e-01
2.936045134151824776e+00 2.778171136704420174e+00 2.209889540200972446e-01
2.939418032560105587e+00 2.778965530386464877e+00 2.161291563851674702e-01
2.943062958814848251e+00 2.779796874403147822e+00 2.109768170382257391e-01
2.946827473227984662e+00 2.780640787660695779e+00 2.057535670351195167e-01
2.950780995481318669e+00 2.781462135897372789e+00 2.004266925336242455e-01
2.950874445474721774e+00 2.781482557574350256e+00 2.003014644827149082e-01
2.954270568986083312e+00 2.782186246130538887e+00 1.957494178338522461e-01
2.958130036763411130e+00 2.782985491703061420e+00 1.906185642148507386e-01
2.962088398498650577e+00 2.783783863980243467e+00 1.853466428365275753e-01
2.965388741264516348e+00 2.784426102419907956e+00 1.810527788406799676e-01
2.969145983212404083e+00 2.785139189535649429e+00 1.761973171208724431e-01
2.972457592927779668e+00 2.785732286935576063e+00 1.718982935580190552e-01
2.976022773374478181e+00 2.786365364998927951e+00 1.673285380543209355e-01
2.979792781842969696e+00 2.787031890825447888e+00 1.626672191414004764e-01
2.983171562706856683e+00 2.787612410300821963e+00 1.586298802672472530e-01
