1.125351160778307547e+00 1.124976924327519834e+00 -1.270450122035567966e-04
1.125477844900399260e+00 1.124961302435303567e+00 -1.676159393700623679e-04
1.125497094209608306e+00 1.124957840991263280e+00 -1.389556818671327306e-04
1.125527115611161921e+00 1.124950609383967848e+00 5.261455071094064398e-05
1.125557494396582037e+00 1.124945997586011881e+00 3.895545921364029166e-04
1.125602484105605816e+00 1.124940305270470065e+00 1.000699889953659020e-03
1.125647215994677985e+00 1.124935614330426104e+00 1.732457473486209189e-03
1.125712788255992303e+00 1.124938703976009036e+00 2.822591606910678994e-03
1.125791418852682524e+00 1.124943329563381500e+00 4.003469036323905640e-03
1.125855125408493862e+00 1.124931677242079875e+00 5.441411705847261013e-03
1.125901615490791263e+00 1.124928666091096874e+00 7.220927385301347499e-03
1.125955767455968370e+00 1.124934291611099146e+00 9.140187460025915936e-03
1.126040543501434232e+00 1.124932852041688580e+00 1.132863354867650815e-02
1.126187105130327604e+00 1.124937298124397245e+00 1.382708797343372258e-02
1.126330332047215332e+00 1.124939282659677575e+00 1.635856934759813072e-02
1.126402573898347415e+00 1.124941394159490571e+00 1.911735287155973823e-02
1.126428623826605246e+00 1.124938503053200201e+00 2.217555134384478766e-02
1.126476431443991233e+00 1.124931310345808733e+00 2.578897875913138335e-02
1.126524458346768398e+00 1.124928999040228250e+00 2.965896083731073274e-02
1.126589818563252798e+00 1.124940124033169786e+00 3.373389181436373119e-02
1.126690317981809741e+00 1.124938436844379996e+00 3.805475076209206137e-02
1.126720758135334455e+00 1.124940097348058332e+00 4.276039710644896630e-02
1.126763584234750537e+00 1.124935776512861141e+00 4.771539431662006475e-02
1.126792492815254176e+00 1.124941249623068851e+00 5.280557214681677602e-02
1.126794689980520792e+00 1.124941755328477067e+00 5.294738080761174359e-02
1.126853518426182088e+00 1.124940625656873472e+00 5.835845799475854190e-02
1.126898254792353171e+00 1.124941353143934508e+00 6.437911574287169536e-02
1.126953510440118489e+00 1.124939116203319101e+00 7.082027250873482171e-02
1.127006175990965753e+00 1.124940961779803628e+00 7.685781275208075636e-02
1.127073410358170324e+00 1.124936114406993370e+00 8.291664101382864582e-02
1.127075957038988996e+00 1.124936537140397652e+00 8.309251281482459006e-02
1.127113642308867236e+00 1.124939956756515036e+00 9.026204364546505654e-02
1.127148072810413737e+00 1.124943511148315034e+00 9.790377226085096585e-02
1.127196209808832617e+00 1.124950352822098321e+00 1.051599376257884161e-01
1.127319903692989511e+00 1.124965323972642928e+00 1.136940861874459197e-01
1.127460300502612922e+00 1.124978596142190979e+00 1.213620709000533537e-01
1.127554415259653497e+00 1.124992770719706270e+00 1.292837548747255427e-01
1.127621951953178936e+00 1.124999095008121675e+00 1.370359942721444124e-01
1.127714175376695938e+00 1.125018860698117740e+00 1.455019450865710773e-01
1.127825852156364883e+00 1.125030074780408729e+00 1.530052464348344576e-01
1.127903729362177421e+00 1.125044970716737369e+00 1.610476984789815658e-01
1.127983777040235669e+00 1.125055543014044090e+00 1.700232867562130601e-01
1.127985208956107543e+00 1.125055366879972540e+00 1.702507803725023527e-01
1.128055283749740179e+00 1.125067277723143855e+00 1.788348371253681290e-01
1.128139561026571425e+00 1.125085421985863476e+00 1.883281502859390499e-01
1.128204658101156443e+00 1.125098417909010884e+00 1.976370142178792422e-01
1.128260729162579912e+00 1.125103892927798999e+00 2.063145149890486807e-01
1.128350730362210230e+00 1.125122737310907617e+00 2.153895593303143396e-01
1.128352459537471431e+00 1.125123791260278949e+00 2.156128159821082690e-01
1.128472383287843828e+00 1.125163496887629844e+00 2.241238375731198218e-01
1.128608127850024845e+00 1.125200226506007484e+00 2.324899033603182730e-01
1.128707169873851557e+00 1.125220847174355887e+00 2.415927217336152066e-01
1.128844682739286842e+00 1.125257848717923004e+00 2.507934329096893067e-01
1.128943956123905190e+00 1.125280842820938432e+00 2.594172844731191807e-01
1.129066626009976870e+00 1.125306722149471028e+00 2.676079287983049726e-01
1.129161422548761839e+00 1.125335584582452197e+00 2.764611472933194425e-01
1.129212352383770268e+00 1.125355635007158517e+00 2.842718741429218765e-01
1.129311199639355889e+00 1.125398649649124172e+00 2.926369492886892743e-01
1.129586702645850593e+00 1.125505139604595639e+00 3.144693141512286960e-01
1.129676877291727610e+00 1.125550531264896570e+00 3.227056288537629714e-01
1.129776138575584676e+00 1.125597057244232424e+00 3.320890230189937342e-01
1.129906224082366517e+00 1.125647067411604363e+00 3.408227768935602198e-01
1.130004897426303723e+00 1.125682258823897053e+00 3.486507528976869885e-01
1.130123890031549116e+00 1.125734601471725327e+00 3.580434726219283714e-01
1.130267596671702623e+00 1.125808291261904293e+00 3.665446710531784502e-01
1.130381530818664659e+00 1.125857258595260424e+00 3.748885933492521194e-01
1.130480939172916699e+00 1.125905849899824451e+00 3.844649240574962157e-01
1.130592732962246938e+00 1.125957850342059086e+00 3.926043855668458482e-01
1.130692431841999968e+00 1.126011183103668989e+00 4.009778890867491952e-01
1.130804193784227918e+00 1.126064653906749813e+00 4.099467590596992395e-01
1.130927416668203733e+00 1.126112818832918805e+00 4.183063432809191462e-01
1.131042390583949953e+00 1.126170566762293435e+00 4.265173601900613121e-01
1.131161823543588296e+00 1.126220588169951631e+00 4.350131183963175108e-01
1.131276833179328367e+00 1.126281977074784058e+00 4.437783982632282909e-01
1.131430411470447428e+00 1.126361358776196697e+00 4.529489025396498669e-01
1.131432249727532424e+00 1.126364499657847906e+00 4.531753451432251056e-01
1.131570328738320530e+00 1.126444497869334871e+00 4.621618182431490585e-01
1.131573486711227483e+00 1.126443991209419293e+00 4.623833843972047219e-01
1.131695338922970029e+00 1.126531688309223345e+00 4.697596774663105879e-01
1.131816905674909002e+00 1.126579878958571035e+00 4.778011817568548203e-01
1.131923950609128315e+00 1.126644532337889304e+00 4.863288331750014182e-01
1.132002908734841107e+00 1.126702361746660941e+00 4.939203884020318958e-01
1.132006148467333828e+00 1.126703243655946984e+00 4.941385045761243489e-01
1.132069365782226944e+00 1.126740753464622546e+00 5.016807364097735089e-01
1.132181031265975246e+00 1.126823032819797010e+00 5.100527224742092969e-01
1.132301721107387804e+00 1.126903510718973545e+00 5.188122979074921703e-01
1.132398688129020004e+00 1.126976300490074134e+00 5.279174005145910176e-01
1.132402856320653406e+00 1.126979642557435879e+00 5.281401863972693400e-01
1.132460156026744436e+00 1.127024845744447390e+00 5.373280974614431660e-01
1.132461872335430053e+00 1.127024252691593231e+00 5.375623868018147844e-01
1.132536347727166604e+00 1.127083580805004148e+00 5.460523510268586733e-01
1.132614026074064917e+00 1.127142285019855805e+00 5.554197504870710400e-01
1.132687122420985792e+00 1.127193235153734152e+00 5.642255017735824385e-01
1.132762804299868975e+00 1.127253045166233036e+00 5.722759964384587228e-01
1.133558383687842896e+00 1.127780423321290026e+00 5.800626539691303707e-01
1.136503863252757984e+00 1.129791496385871952e+00 5.893207836472333927e-01
1.139854175482465148e+00 1.132089660697207734e+00 5.983122071341356873e-01
1.142761070989964711e+00 1.134129042164938150e+00 6.063956407620987310e-01
1.146355372725102351e+00 1.136727571941276160e+00 6.157249815109805402e-01
1.149387385775289427e+00 1.138928150677039453e+00 6.222863583762842099e-01
1.152258996513447542e+00 1.141063067354597615e+00 6.275897688795649687e-01
1.155049760962824967e+00 1.143168779576476224e+00 6.317083131799131612e-01
1.158338690638926360e+00 1.145662279394157768e+00 6.358001694207546795e-01
1.161466324963724484e+00 1.148039590437943902e+00 6.393897202100785604e-01
1.164639618518890307e+00 1.150447353058332789e+00 6.427781210742866680e-01
1.167621144371958186e+00 1.152732953837636298e+00 6.461697175327159037e-01
1.170602895582385061e+00 1.155039518697829060e+00 6.501707154494781316e-01
1.173737884493744277e+00 1.157479309496461939e+00 6.549677917602311217e-01
1.177062646308214111e+00 1.160116286927198148e+00 6.605183913947049179e-01
1.180084020878987783e+00 1.162512635338535105e+00 6.653786549504547843e-01
1.183362335988434655e+00 1.165155730535148315e+00 6.706493894853182702e-01
1.186351306982299514e+00 1.167581134825930400e+00 6.749466158349718414e-01
1.189455475050799516e+00 1.170135766026373814e+00 6.794334674026361043e-01
1.192391453723971262e+00 1.172566376159497770e+00 6.836251184218012922e-01
1.195630067948628028e+00 1.175292810579494418e+00 6.883130448268411916e-01
1.198631672267464143e+00 1.177826652299692523e+00 6.925742878668348368e-01
1.201460282665604007e+00 1.180219044516865212e+00 6.966136998078719111e-01
1.204623548784794496e+00 1.182906946986097108e+00 7.012029931749353961e-01
1.204701299209530063e+00 1.182977294998948325e+00 7.013221561872671206e-01
1.207513476022465282e+00 1.185402912012149867e+00 7.053540769062575100e-01
1.207593648540704390e+00 1.185471570937594699e+00 7.054631866208345148e-01
1.210632876374881928e+00 1.188111244264435928e+00 7.096251378243929597e-01
1.213804475841426145e+00 1.190885366124208922e+00 7.140279555886434038e-01
1.221127514855980145e+00 1.197350919776931866e+00 7.241958423154954971e-01
1.224040938143594381e+00 1.199965795501070964e+00 7.283705329442347054e-01
1.226628410906148492e+00 1.202315410422373887e+00 7.320480611798283466e-01
1.229207267616058807e+00 1.204651748628595254e+00 7.357462752579189136e-01
1.231943571525273340e+00 1.207165856035143481e+00 7.395546004378100724e-01
1.234533896832330502e+00 1.209550147448678059e+00 7.431033874104822079e-01
1.237599350913971996e+00 1.212416590469769684e+00 7.474485751852432136e-01
1.240613979056572447e+00 1.215243595410310018e+00 7.515317436401058870e-01
1.243223865314711185e+00 1.217711801400158667e+00 7.551249952769094609e-01
1.246343678558960111e+00 1.220700853498555283e+00 7.594953368385487513e-01
1.249170468640450782e+00 1.223404296672623071e+00 7.633829059845130827e-01
1.252050718219628545e+00 1.226185424040145966e+00 7.674392486202256114e-01
1.255083663156057128e+00 1.229113644934552330e+00 7.717058144370774198e-01
1.257946428350042334e+00 1.231918368218607007e+00 7.755872955960755322e-01
1.260922580492268796e+00 1.234874195604334535e+00 7.796189390711281142e-01
1.263589552016957329e+00 1.237550057099624734e+00 7.831649974189628383e-01
1.266500369707955098e+00 1.240449755317462044e+00 7.870375693341689072e-01
1.269464377716605696e+00 1.243425062612635301e+00 7.910038711589520988e-01
1.271967236878410512e+00 1.245976836105674668e+00 7.943243590868926951e-01
1.275050178710113835e+00 1.249105671010824814e+00 7.985742984940770173e-01
1.277891826360765926e+00 1.252042719083553246e+00 8.024492675299725875e-01
1.280877250387122412e+00 1.255151333071869990e+00 8.063287823308948887e-01
1.280950063626489444e+00 1.255227921953410819e+00 8.064244133270287440e-01
1.283540478217224834e+00 1.257944581050411292e+00 8.098152022292943730e-01
1.283900350068923224e+00 1.258320003064584025e+00 8.102614467036085566e-01
1.286754074695138250e+00 1.261363632901259635e+00 8.139287628571936217e-01
1.289325768352937995e+00 1.264111962510061860e+00 8.172251136507495684e-01
1.291796915411778546e+00 1.266789605087045523e+00 8.204206457441926004e-01
1.294418541688861390e+00 1.269612470387176284e+00 8.237531708019408816e-01
1.297155375556629187e+00 1.272616418846883368e+00 8.271907202896352507e-01
1.299743836978358047e+00 1.275462807037798019e+00 8.304664260328309400e-01
1.302667351499483095e+00 1.278704931257915955e+00 8.342062946103613319e-01
1.302736552630961109e+00 1.278780857678008420e+00 8.342960695717374087e-01
1.305452846320754867e+00 1.281807332603213334e+00 8.376855102494102923e-01
1.308020085882078742e+00 1.284672668863299450e+00 8.408674880916090499e-01
1.310789753028405613e+00 1.287776670459427564e+00 8.442954427432829423e-01
1.310855435732658725e+00 1.287855931284367816e+00 8.443792317270872871e-01
1.313655170989669108e+00 1.291042132089733174e+00 8.478122507583145673e-01
1.316324412822757584e+00 1.294089875215553853e+00 8.511277209921226383e-01
1.318776496314395530e+00 1.296911513905415703e+00 8.540882619441035883e-01
1.321414238906114536e+00 1.299965640033168501e+00 8.573210318636877991e-01
1.323989228709103516e+00 1.302944885910984452e+00 8.604192100427021650e-01
1.326535775171908238e+00 1.305927085996792858e+00 8.635505438395033595e-01
1.328870180260284695e+00 1.308705198258607538e+00 8.663662193377763554e-01
1.331339000925166438e+00 1.311633650897785719e+00 8.692524722827529304e-01
1.334260366314225843e+00 1.315114705465918465e+00 8.726550301665202403e-01
1.336852450962764172e+00 1.318204109078487951e+00 8.756364863196469672e-01
1.339233629524867242e+00 1.321059267403947413e+00 8.783711884679028525e-01
1.341802926141947072e+00 1.324153122437552232e+00 8.813636843623693373e-01
1.344347981884301380e+00 1.327252575402414703e+00 8.843297120769521014e-01
1.346629231674862037e+00 1.330058788732748187e+00 8.869669040115988334e-01
1.349088300242675675e+00 1.333083434423568026e+00 8.898456150052339586e-01
1.351467516377929723e+00 1.336055311726202621e+00 8.925034135181850736e-01
1.353771496719615275e+00 1.338943441370092025e+00 8.950900863993536127e-01
1.355880026947907213e+00 1.341609908135360518e+00 8.973666347108646413e-01
1.357977328054062127e+00 1.344264176890060059e+00 8.996036796669473201e-01
1.360315228270806642e+00 1.347251414729874641e+00 9.021082985440739277e-01
1.362729772954683227e+00 1.350320455649238527e+00 9.046796638378616917e-01
1.365184977674525291e+00 1.353480121964005134e+00 9.072789970582475494e-01
1.367529969712725890e+00 1.356475820132354126e+00 9.097588084913963424e-01
1.373047155160244781e+00 1.363622372865677779e+00 9.156717863534464819e-01
1.375395680834450740e+00 1.366722643466604437e+00 9.182066094509001575e-01
1.377423976835359554e+00 1.369413159605567643e+00 9.203270996833357032e-01
1.379689236217423343e+00 1.372433087081833536e+00 9.226565454071911088e-01
1.382158948179491365e+00 1.375706846267052308e+00 9.251447266487858867e-01
1.384273872987008991e+00 1.378565885037322136e+00 9.272337884001287112e-01
1.386694198031259040e+00 1.381837729596120390e+00 9.296106083553223876e-01
1.388932463338852452e+00 1.384876323456114777e+00 9.318166894644061005e-01
1.391403555586624208e+00 1.388245817093487933e+00 9.342088672555785012e-01
1.393649265759334677e+00 1.391301339765201872e+00 9.363670647757148524e-01
1.395866750891304964e+00 1.394344427465796343e+00 9.385160589782672869e-01
1.395927050173350725e+00 1.394427139849970354e+00 9.385719334216201526e-01
1.397856798320739724e+00 1.397074263181217857e+00 9.404108952048184644e-01
1.397918175915480621e+00 1.397155045934843187e+00 9.404675444809975637e-01
1.400126203622757970e+00 1.400214042423579830e+00 9.425376959216412720e-01
1.402618087749810449e+00 1.403689082058303228e+00 9.449139108227316841e-01
1.402677857088922009e+00 1.403772750541254943e+00 9.449717813191932381e-01
1.404645365156966808e+00 1.406504342757194825e+00 9.467832924984626031e-01
1.406758211204673703e+00 1.409502428494311399e+00 9.486902758732783658e-01
1.409109279515887492e+00 1.412829021926727213e+00 9.508177680036042911e-01
1.411232472712705466e+00 1.415816589023029426e+00 9.527507826951160386e-01
1.413513238803109973e+00 1.419081259395455374e+00 9.548006657254468621e-01
1.415720050412063280e+00 1.422255166994434328e+00 9.567077879247910532e-01
1.417760907313595276e+00 1.425170790688404132e+00 9.584647343602079594e-01
1.419782340307845558e+00 1.428103785028881134e+00 9.602008248915119282e-01
1.421932817847960218e+00 1.431209346814735106e+00 9.620212302732152887e-01
1.424065556155940993e+00 1.434301497890700272e+00 9.638539407210549026e-01
1.426320648853491635e+00 1.437576184377349797e+00 9.657579028836044133e-01
1.428325741542237459e+00 1.440523595750053065e+00 9.674131669569353553e-01
1.430438508860417901e+00 1.443633490727232793e+00 9.691538823377823242e-01
1.432432522663041663e+00 1.446584841600224713e+00 9.707644362753756750e-01
1.434315134142459147e+00 1.449364902499819197e+00 9.723242071881066373e-01
1.436405119091950899e+00 1.452481367247343114e+00 9.740268394968203403e-01
1.436462513616151737e+00 1.452563337110917674e+00 9.740731687054737797e-01
1.438618678503942983e+00 1.455770211419435967e+00 9.757494711945009502e-01
1.441029704511421983e+00 1.459404385631311474e+00 9.776370743036169042e-01
1.443109948256800390e+00 1.462535063912570266e+00 9.792698214205879381e-01
1.445350433937605317e+00 1.465934113267856720e+00 9.809788378145422039e-01
1.447361756369176078e+00 1.468985747083284110e+00 9.824900779154575048e-01
1.449437468658103523e+00 1.472117813562721089e+00 9.840670394441813906e-01
1.451383121999280323e+00 1.475088377285897812e+00 9.854923389926651955e-01
1.453424865179051118e+00 1.478229622947435651e+00 9.870360759200620393e-01
1.455596402333533490e+00 1.481541794900822495e+00 9.886489268454613510e-01
1.457637964041616829e+00 1.484683374045671744e+00 9.901438014579204694e-01
1.459618427472809676e+00 1.487755644562783530e+00 9.915871361950403529e-01
1.461619351846067616e+00 1.490817587163843161e+00 9.930070885112789458e-01
1.463749382758227524e+00 1.494135425789542504e+00 9.945255532620115302e-01
1.466164082239855393e+00 1.497890303003521772e+00 9.962119956244410712e-01
1.468308973595377154e+00 1.501222127821764563e+00 9.976963419793599686e-01
1.470223364707391234e+00 1.504203231608862934e+00 9.989937252181593230e-01
1.472132377360208411e+00 1.507187329306379331e+00 1.000287130215175235e+00
1.474289119264286185e+00 1.510602739367098657e+00 1.001711141905777813e+00
1.476353191394574216e+00 1.513850938382632849e+00 1.003048349306540299e+00
1.478393411551867098e+00 1.517111099624544490e+00 1.004369458511221502e+00
1.480537737876250315e+00 1.520533579024551551e+00 1.005770230100535123e+00
1.480594397967441633e+00 1.520618816182142119e+00 1.005803799850495839e+00
1.482581233522579200e+00 1.523791863346544595e+00 1.007058411722957958e+00
1.484509473179966399e+00 1.526888680651887098e+00 1.008241287992556412e+00
1.486488821652057535e+00 1.530057355701239352e+00 1.009495170636504735e+00
1.488618528848234090e+00 1.533497007935169965e+00 1.010724937840234094e+00
1.490516930770531934e+00 1.536582205858123551e+00 1.011817390833518404e+00
1.492597485364545840e+00 1.539930354806469115e+00 1.013033428050817752e+00
1.494728107792864247e+00 1.543384964889500166e+00 1.014228997652544928e+00
1.500142274335419801e+00 1.552158793215552279e+00 1.017216941858941626e+00
1.502074609527434212e+00 1.555347826037371206e+00 1.018279722724147351e+00
1.504138009616620808e+00 1.558714809249905242e+00 1.019424234633622195e+00
1.506308431313673868e+00 1.562251068821243427e+00 1.020656899058690836e+00
1.508338057459455150e+00 1.565624964469238600e+00 1.021775559570156311e+00
1.510336968421837733e+00 1.568900919775041647e+00 1.022836138551906693e+00
1.512454721046665451e+00 1.572354657235643272e+00 1.023947014432411429e+00
1.514377964781471908e+00 1.575557847852852245e+00 1.024926174178762528e+00
1.516362774614255393e+00 1.578848251410832848e+00 1.025888299431459982e+00
1.518496723557003936e+00 1.582398867054070957e+00 1.026896708790783652e+00
1.518549076235991224e+00 1.582483215810055022e+00 1.026919574012171044e+00
1.520759626392720332e+00 1.586209493172483942e+00 1.027906152833650388e+00
1.522839420409178635e+00 1.589672124955216814e+00 1.028812869397424556e+00
1.524701115376275506e+00 1.592798474796595087e+00 1.029618159572878833e+00
1.526674303021422041e+00 1.596097812906405622e+00 1.030457134861175517e+00
1.528739267160960758e+00 1.599561922892880128e+00 1.031337255666027852e+00
1.530771007192833766e+00 1.602957268380687417e+00 1.032433309433874014e+00
1.530824777346609489e+00 1.603044372070877133e+00 1.032465585974553290e+00
1.532750487680985430e+00 1.606253176101256397e+00 1.033451503456349396e+00
1.534751635110991330e+00 1.609644072055618214e+00 1.034349193379165310e+00
1.536881331743265022e+00 1.613297502243109527e+00 1.035249344826316920e+00
1.538914106831743789e+00 1.616779916695567643e+00 1.036049819854754306e+00
1.541143957887286975e+00 1.620609657306586016e+00 1.036893468006450547e+00
1.542915924741707689e+00 1.623664884253308127e+00 1.037530068196310662e+00
1.544807212910298100e+00 1.626877002532952421e+00 1.038188677939810622e+00
1.546725663685184937e+00 1.630199993051703933e+00 1.038869818397899492e+00
1.548614268578722530e+00 1.633413970970024387e+00 1.039513195559270242e+00
1.550352369395569196e+00 1.636384609177074401e+00 1.040069776378075073e+00
1.552116195858943337e+00 1.639431685160112728e+00 1.040606235365747034e+00
1.553897247950023708e+00 1.642484225105406370e+00 1.041386858157431705e+00
1.555823947344671776e+00 1.645811431228662469e+00 1.042270786748908717e+00
1.557654262685450375e+00 1.648981793588420341e+00 1.043093429639663672e+00
1.559565514154870103e+00 1.652302143614248653e+00 1.043895459638026768e+00
1.561484470790701629e+00 1.655635928988524963e+00 1.044664026590189199e+00
1.563414076104863604e+00 1.659034635704000227e+00 1.045190988894169726e+00
1.565422609066287718e+00 1.662531719601944236e+00 1.045592355536980378e+00
1.567204255088540776e+00 1.665672477011406194e+00 1.045929445491968979e+00
1.568953166441910296e+00 1.668723481638043182e+00 1.046280402998704062e+00
1.570628662531568409e+00 1.671689950372687417e+00 1.046659706083635122e+00
1.572289741869317359e+00 1.674574211087529463e+00 1.047017185752821877e+00
1.574132117230694128e+00 1.677802336647868042e+00 1.047389783961019782e+00
1.575970095660931269e+00 1.681055221541117195e+00 1.047765908013773561e+00
1.578063253192415916e+00 1.684734887885905419e+00 1.048153105267947360e+00
1.579867103446109144e+00 1.687889115337738222e+00 1.048644329755134219e+00
1.581769989939907806e+00 1.691218486777585905e+00 1.049372103585939131e+00
1.583686175693552078e+00 1.694562679646629544e+00 1.050061266518651504e+00
1.585581388748662057e+00 1.697898647555805551e+00 1.050693312601101326e+00
1.585631642528276375e+00 1.697986346496503041e+00 1.050708718691988564e+00
1.587569745792959175e+00 1.701421236810536364e+00 1.051236393215372988e+00
1.589404418551171760e+00 1.704673715590887095e+00 1.051691022664247965e+00
1.591512093111456583e+00 1.708442488543970628e+00 1.052066970133529455e+00
1.593215185677344881e+00 1.711506418024512755e+00 1.052232537315589189e+00
1.595356628634459151e+00 1.715351948377078939e+00 1.052443251100781074e+00
1.597226113257022018e+00 1.718670888528072815e+00 1.052601905983724162e+00
1.599046832216991509e+00 1.721910590281398257e+00 1.052752712047471562e+00
1.600948457532772373e+00 1.725248681311223109e+00 1.052895315996793535e+00
1.602937144622724519e+00 1.728754304450404122e+00 1.053101476673467651e+00
1.602986057212125504e+00 1.728842003709580855e+00 1.053105474584617340e+00
1.607502910340339319e+00 1.736854422359053185e+00 1.054305844492663402e+00
1.609432240720049423e+00 1.740272749665595864e+00 1.054867211623462531e+00
1.611255231020253476e+00 1.743530528150147196e+00 1.055301302584014334e+00
1.613070326846605340e+00 1.746772476913434069e+00 1.055663566765469907e+00
1.614846177781412040e+00 1.749939067388523561e+00 1.055944211089181017e+00
1.616514024714738706e+00 1.752922677000379181e+00 1.056165150808098474e+00
1.618331632796652819e+00 1.756164757034039070e+00 1.056347782435347993e+00
1.620440828920200582e+00 1.759933473762224310e+00 1.056276652247942538e+00
1.620488329122212967e+00 1.760019483204447788e+00 1.056272038533194069e+00
1.622438881979693548e+00 1.763531861063762918e+00 1.056158861512416669e+00
1.622487761748257817e+00 1.763619107408025188e+00 1.056157018486621135e+00
1.624244788262319217e+00 1.766773640943966495e+00 1.056091515605380282e+00
1.625948724192738837e+00 1.769850549179900145e+00 1.056022804573297780e+00
1.627588002042110960e+00 1.772826689243275577e+00 1.056004671618899993e+00
1.629383287138047143e+00 1.776016250915789296e+00 1.056582152905966465e+00
1.631387896783526470e+00 1.779568754531654307e+00 1.059691014313416613e+00
1.633422596686860517e+00 1.783226428076362335e+00 1.064288479546737332e+00
1.635224771860859017e+00 1.786492144828947470e+00 1.065832488095233677e+00
1.637187055118113133e+00 1.790168331075926655e+00 1.065058855473625554e+00
1.639097008683743084e+00 1.793674523154613176e+00 1.062792798940719763e+00
1.640719284443647785e+00 1.796685424175633594e+00 1.060622970480390448e+00
1.642472487131505732e+00 1.799951016778416069e+00 1.058675651331032253e+00
1.644475499108396077e+00 1.803613777390801864e+00 1.057127001425720580e+00
1.646399964961580142e+00 1.807105939494037639e+00 1.056481947224647389e+00
1.648242781078867569e+00 1.810433532501923626e+00 1.056020336499398748e+00
1.650217705479897434e+00 1.813940634423134135e+00 1.055594955361797815e+00
1.650265067780829042e+00 1.814027857577578118e+00 1.055588858345069436e+00
1.652047106663069087e+00 1.817190974053231045e+00 1.055668611999511786e+00
1.654148096405436696e+00 1.820902762936942310e+00 1.058215720762952783e+00
1.654201561405626464e+00 1.820992930616184724e+00 1.058320758000233841e+00
1.656134335348137476e+00 1.824444840926791267e+00 1.062893077686045684e+00
1.656237227659094202e+00 1.824618075582964405e+00 1.063129965774324059e+00
1.658043457062890802e+00 1.827875528081936540e+00 1.067144899441190731e+00
1.659898607488897504e+00 1.831235823216625924e+00 1.070013931491355041e+00
1.661672128537112991e+00 1.834511099291634029e+00 1.072387608344537169e+00
1.663581029634864539e+00 1.838111215539625753e+00 1.072555950600009744e+00
1.663625784865521595e+00 1.838197727762197253e+00 1.072518730821541588e+00
1.665160975636016172e+00 1.841094206373909525e+00 1.070511228168027795e+00
1.667077522485849173e+00 1.844728094544686225e+00 1.065425284097116787e+00
1.667122688025747479e+00 1.844810750703807845e+00 1.065288732392861926e+00
1.669155620829082309e+00 1.848576530044270028e+00 1.059581257749978578e+00
1.670986092594443972e+00 1.851960889732383819e+00 1.056036146519091501e+00
1.672774806705060069e+00 1.855186704382418617e+00 1.053476738941309110e+00
1.674543309358757837e+00 1.858349094809342184e+00 1.052259895508398158e+00
1.676325411120097586e+00 1.861524040418705450e+00 1.051477686985802018e+00
1.678189935426980472e+00 1.864775352989551438e+00 1.051258472954920808e+00
1.680039955685168840e+00 1.868009257506871412e+00 1.051581847091667354e+00
1.680092442068007008e+00 1.868098691541314693e+00 1.051615653256970484e+00
1.682089472061054858e+00 1.871638269607704519e+00 1.054426734138676602e+00
1.682140706287223342e+00 1.871728309387709510e+00 1.054538932965305431e+00
1.684082433600393225e+00 1.875154996989431666e+00 1.059347263786583726e+00
1.686051979165415382e+00 1.878669768839123400e+00 1.063743296744147138e+00
1.686103616423416662e+00 1.878757884735066330e+00 1.063850276455571731e+00
1.687724224384731686e+00 1.881687714220008134e+00 1.067019167120975220e+00
1.689603984285257710e+00 1.885125031357041792e+00 1.068286924448601960e+00
1.691251698031173367e+00 1.888234594872535865e+00 1.067227920671048658e+00
1.691299858133220146e+00 1.888317943337725513e+00 1.067144981434628104e+00
1.692913836766185121e+00 1.891302592787395653e+00 1.063807575191622501e+00
1.694503590775402690e+00 1.894309101366970616e+00 1.059293308610897766e+00
1.696161285760093174e+00 1.897314802307602299e+00 1.055094226599428975e+00
1.697727245901516246e+00 1.900178627620700222e+00 1.052158451962464047e+00
1.699707768694118215e+00 1.903763727810054540e+00 1.049989034323030701e+00
1.701394914801654057e+00 1.906746116348823739e+00 1.048849665111472484e+00
1.703256983543281589e+00 1.909975547316687727e+00 1.048070374575304831e+00
1.705078420885510315e+00 1.913137296770827334e+00 1.047678807012383695e+00
1.707119767721708925e+00 1.916674950893749951e+00 1.049386642344387388e+00
1.709211509804867024e+00 1.920323615342933943e+00 1.053365483260876312e+00
1.711010001917809609e+00 1.923468039424776510e+00 1.057019256943195096e+00
1.712979089276927436e+00 1.926967968565448164e+00 1.060067600423861167e+00
1.717596213657325066e+00 1.935312627639732996e+00 1.061940778119687678e+00
1.719331379017016825e+00 1.938465643289915441e+00 1.062178753435943035e+00
1.721172128042830041e+00 1.941899362962728137e+00 1.060320516766798393e+00
1.721219484135809719e+00 1.941983385393751815e+00 1.060233511292054676e+00
1.722665429992856545e+00 1.944650382610262795e+00 1.056527735367086329e+00
1.724480454281988706e+00 1.947951475443954639e+00 1.051262454503426813e+00
1.724528978196325335e+00 1.948034960157456030e+00 1.051121461416648861e+00
1.726221399058056827e+00 1.951036663431251039e+00 1.046526766942721176e+00
1.728141907058467819e+00 1.954441044191059129e+00 1.043606337202128254e+00
1.728188334336415277e+00 1.954526510768938241e+00 1.043545425179870367e+00
1.730039088368364286e+00 1.957750564541982596e+00 1.042074610779914368e+00
1.732073681809483734e+00 1.961228294127276950e+00 1.042906020064802153e+00
1.734053570629914720e+00 1.964630808078798418e+00 1.045416325246578237e+00
1.735947446158305096e+00 1.967902361914802611e+00 1.047471440501372530e+00
1.737701151326015658e+00 1.970944935686665067e+00 1.049072947824427615e+00
1.739696236705517318e+00 1.974450276938886972e+00 1.049572913760814297e+00
1.739748058071578285e+00 1.974539791796506183e+00 1.049581533102417197e+00
1.741522002491998400e+00 1.977666442764128840e+00 1.049279282395613633e+00
1.743196453679826785e+00 1.980619153774694885e+00 1.048765771485615339e+00
1.744829078159251479e+00 1.983513322468731577e+00 1.047744139894009496e+00
1.746828803421471621e+00 1.987101462371275051e+00 1.044670058493214482e+00
1.746872971091579130e+00 1.987190389819111669e+00 1.044584061020142451e+00
1.748823492331457174e+00 1.990653142720697932e+00 1.041317201368525902e+00
1.750678354722729146e+00 1.993912762493287083e+00 1.038792591122912556e+00
1.750727435275859278e+00 1.994001524394218183e+00 1.038733011270677187e+00
1.752571713366986028e+00 1.997162168784348157e+00 1.037233745881733782e+00
1.754502675883930385e+00 2.000407719667709472e+00 1.037914649156060021e+00
1.756479801598098689e+00 2.003787975411456035e+00 1.041194975022824432e+00
1.758485081023935859e+00 2.007230396076654877e+00 1.046181190853024301e+00
1.758533177052839847e+00 2.007318994686175806e+00 1.046279631626654494e+00
1.760430860368506156e+00 2.010605384625043790e+00 1.048413124846397704e+00
1.762166053320104675e+00 2.013708301530603428e+00 1.047917585882273350e+00
1.763949272364521370e+00 2.016853637741503391e+00 1.045279947565451950e+00
1.765730283801679956e+00 2.020024328406446745e+00 1.041711569460764153e+00
1.767523686590933174e+00 2.023200324408829687e+00 1.038399760898900848e+00
1.769351143599291021e+00 2.026371470495826443e+00 1.035624174574100831e+00
1.771458172053061997e+00 2.029988691909512699e+00 1.033708171353866945e+00
1.773561990395087884e+00 2.033598741511239982e+00 1.031442327106855350e+00
1.775629675077254221e+00 2.037125151018594149e+00 1.029085781100135710e+00
1.775680472157466605e+00 2.037209543227511244e+00 1.029029109771572692e+00
1.777612894193105086e+00 2.040480022636333768e+00 1.027335277823846482e+00
1.779739117631768952e+00 2.043974164770744117e+00 1.027840716163208379e+00
1.781714256661690143e+00 2.047266866529309226e+00 1.031356174469573839e+00
1.783496268696906029e+00 2.050285145563809586e+00 1.036707981401858270e+00
1.785449089130959344e+00 2.053595857598265351e+00 1.042116531910032728e+00
1.785498586834092904e+00 2.053679797265205220e+00 1.042248554015580364e+00
1.787514030356006423e+00 2.057138122112565526e+00 1.046108646005720288e+00
1.789421610419263065e+00 2.060515262557006899e+00 1.046879234745159204e+00
1.791305027796329830e+00 2.063858940477246051e+00 1.045171577462449486e+00
1.792839016850615863e+00 2.066655533760432650e+00 1.040959708889338087e+00
1.794522864589425559e+00 2.069543531824553639e+00 1.034092163398838915e+00
1.796533684751452142e+00 2.073010511335927841e+00 1.026055786311423912e+00
1.798192037766605189e+00 2.075786278597744783e+00 1.020080084326266734e+00
1.800140555320733693e+00 2.079037516611719205e+00 1.015337065490529822e+00
1.802260013430886154e+00 2.082522242730738160e+00 1.012751535769382372e+00
1.802360420705559685e+00 2.082694848851254221e+00 1.012651333460945491e+00
1.804586223402235845e+00 2.086238330538678909e+00 1.011652854183852979e+00
1.806623443714318045e+00 2.089493573089042044e+00 1.013596826931095096e+00
1.808694227807115640e+00 2.092832621272301630e+00 1.018271800475851308e+00
1.810823769300368369e+00 2.096295921319880406e+00 1.023203801378495870e+00
1.810877660935053202e+00 2.096386013055914876e+00 1.023307938326331268e+00
1.812840152571498775e+00 2.099637473145222089e+00 1.027236308432060818e+00
1.814693430097514160e+00 2.102715903856316793e+00 1.028597415009945948e+00
1.816666460109325643e+00 2.106028950294203117e+00 1.028472872015650186e+00
1.816715625396149614e+00 2.106114276739998736e+00 1.028457166373768494e+00
1.818475446807295892e+00 2.109140699664480145e+00 1.027517132623354090e+00
1.819994519472134087e+00 2.111678827641759071e+00 1.025225514995794951e+00
1.824843078948159114e+00 2.119668578916757973e+00 1.008465517111168053e+00
1.826662273443646622e+00 2.122664805168945623e+00 1.002177620894674881e+00
1.828779313162625098e+00 2.126051819572341905e+00 9.961933689456339280e-01
1.828832817234390173e+00 2.126135154878789457e+00 9.960872437576548943e-01
1.830754783702771338e+00 2.129135379068883172e+00 9.935321421970285671e-01
1.830812865584670268e+00 2.129223835152931787e+00 9.934917071739615135e-01
1.832784708655307071e+00 2.132239532019710726e+00 9.931433678865759784e-01
1.834841756789573175e+00 2.135426151577500153e+00 9.951088510625025751e-01
1.836929239375229228e+00 2.138650293666377600e+00 9.988026299585612833e-01
1.839098451317146665e+00 2.142034874731046035e+00 1.002658688549636468e+00
1.839151000256360469e+00 2.142118123701011179e+00 1.002749961187459737e+00
1.841146295022838553e+00 2.145249301349791970e+00 1.005345032332077171e+00
1.843174986152191330e+00 2.148468563244150253e+00 1.005651343937092879e+00
1.844965956657624195e+00 2.151343620323167727e+00 1.005192790785483181e+00
1.846937978833945060e+00 2.154544039619884721e+00 1.004066627182344185e+00
1.848921781384035068e+00 2.157754043720332415e+00 1.001934820253344682e+00
1.848972982643553031e+00 2.157828048468105386e+00 1.001848747294807884e+00
1.850992888365860622e+00 2.161107388918325434e+00 9.981985825996466666e-01
1.851047797211959445e+00 2.161186075843570364e+00 9.980955313181205657e-01
1.852943512886875865e+00 2.164180346773727948e+00 9.947978170017534039e-01
1.852998030244722649e+00 2.164265622352147034e+00 9.947270813606761131e-01
1.855034206289908116e+00 2.167427373134394930e+00 9.935245914355729235e-01
1.857142222415032684e+00 2.170672833950678893e+00 9.947952490559298644e-01
1.859082251025006904e+00 2.173661130266872910e+00 9.979806306540299765e-01
1.861105893702195813e+00 2.176801477572876564e+00 1.001789305152135823e+00
1.863070911495024351e+00 2.179879075854905146e+00 1.004723859583830370e+00
1.864934079563198122e+00 2.182849798019234733e+00 1.005859450627685892e+00
1.866766632530446168e+00 2.185848104321650887e+00 1.005044742885560005e+00
1.868776803641668760e+00 2.189100234755446905e+00 1.001058553308943999e+00
1.870777561280065893e+00 2.192311447180862682e+00 9.940178726226580608e-01
1.870828013430897219e+00 2.192385990632610859e+00 9.938259264711064578e-01
1.872697201684358603e+00 2.195316400923392752e+00 9.867263112871696995e-01
1.874851495720953221e+00 2.198680776166799689e+00 9.807965866695805834e-01
1.877145236412844032e+00 2.202170938789871357e+00 9.756085336723091528e-01
1.879271244125011675e+00 2.205379432807228035e+00 9.726977712043216595e-01
1.881557287660180933e+00 2.208733195939800442e+00 9.710838489412838559e-01
1.883629978968305974e+00 2.211753310673968187e+00 9.717179061466776346e-01
1.885862119073126397e+00 2.215036603546475469e+00 9.746158836050003993e-01
1.885918206620794013e+00 2.215120557162517212e+00 9.747000871430417934e-01
1.887949963999672409e+00 2.218094443175242958e+00 9.767896476251620719e-01
1.889808926019205026e+00 2.220866369744117108e+00 9.775478593665238858e-01
1.892054007698548368e+00 2.224200613180163266e+00 9.777473523665275446e-01
1.894295181022396468e+00 2.227538758976709943e+00 9.771865314158003635e-01
1.894351379650113909e+00 2.227620602413019846e+00 9.771707293121382198e-01
1.896473994265411189e+00 2.230815563449932704e+00 9.757661902091576689e-01
1.896526356655315659e+00 2.230897589265545378e+00 9.757171146228194036e-01
1.898704361084596837e+00 2.234216590891793697e+00 9.715843638816575867e-01
1.900720573178357631e+00 2.237224549704176280e+00 9.668262969933665296e-01
1.902981041268659856e+00 2.240567147478030208e+00 9.618886270566595620e-01
1.905003980415326037e+00 2.243499573021433768e+00 9.583445324348692784e-01
1.907212684827702454e+00 2.246641175680573088e+00 9.569234480027849488e-01
1.909237748055716999e+00 2.249545642184687999e+00 9.578969886467239014e-01
1.911160969512506469e+00 2.252297982247656094e+00 9.611196095009585383e-01
1.911218638080572685e+00 2.252385097469227659e+00 9.612501524942476117e-01
1.913364456592562046e+00 2.255477551916323264e+00 9.657775727877547789e-01
1.915464856238855207e+00 2.258525369836745789e+00 9.676677566256578489e-01
1.917497598466077147e+00 2.261538260336871886e+00 9.668906530717421566e-01
1.919318654144335667e+00 2.264264147383991510e+00 9.641449284033137834e-01
1.921236709167460921e+00 2.267101986969265237e+00 9.593228365971320226e-01
1.923272218181867554e+00 2.270059810319044580e+00 9.539021105388385546e-01
1.925520204062329155e+00 2.273327736289147083e+00 9.486036533123809456e-01
1.927544504692064065e+00 2.276210869625618027e+00 9.451320872640198711e-01
1.929695490256467583e+00 2.279241577717784573e+00 9.428189895869882875e-01
1.931972627060655867e+00 2.282363167300255569e+00 9.425935034923162981e-01
1.934173793482711234e+00 2.285397047837971929e+00 9.435354571917944355e-01
1.936619485942765451e+00 2.288769287658146023e+00 9.444594818364593358e-01
1.938745391066998724e+00 2.291718606758027743e+00 9.447855575003385464e-01
1.944102399681518101e+00 2.299123288658569741e+00 9.430602167509629652e-01
1.946338243559180947e+00 2.302221177170005628e+00 9.419970922038727323e-01
1.948550509885298210e+00 2.305328159832450208e+00 9.404294465923738189e-01
1.950418939734656743e+00 2.307958805996405793e+00 9.386606640724762807e-01
1.952222644251035089e+00 2.310470180468314538e+00 9.357048067923369183e-01
1.954261135712863418e+00 2.313316445874325389e+00 9.318514815578083921e-01
1.956501204335191257e+00 2.316342311797900511e+00 9.300277622188092286e-01
1.958891306775866425e+00 2.319545132417776934e+00 9.306344797188752516e-01
1.961301325811307894e+00 2.322773685142433209e+00 9.322347982566373537e-01
1.963525785765470655e+00 2.325780413551909120e+00 9.333243978192743429e-01
1.965842495783637567e+00 2.328913633136673766e+00 9.337081032387808399e-01
1.968162037972270628e+00 2.332055885935439665e+00 9.329759735588322167e-01
1.968275424926866357e+00 2.332208713059962690e+00 9.329127879191529971e-01
1.970317091039407220e+00 2.335092380639224530e+00 9.303474828303885946e-01
1.971972919074218344e+00 2.337354032916853619e+00 9.264234947228772166e-01
1.974201943817230687e+00 2.340363641418330864e+00 9.192835296987764693e-01
1.976383822399272461e+00 2.343290693739555675e+00 9.125956805503265823e-01
1.978399870689105500e+00 2.345952990905519009e+00 9.070868000304995737e-01
1.980538921526943330e+00 2.348734656687149425e+00 9.033008434661213837e-01
1.983165563644153195e+00 2.352067450528001480e+00 9.016314820351527537e-01
1.985717413027785483e+00 2.355282824159664834e+00 9.032316448063639758e-01
1.988380893328446142e+00 2.358675773856813151e+00 9.064486708894902156e-01
1.990711890824037766e+00 2.361665020219802180e+00 9.067406556293557962e-01
1.993455449496427612e+00 2.365178866906303412e+00 9.047799453959859406e-01
1.995580867116808044e+00 2.367954307110690770e+00 9.022330611678821555e-01
1.997556888264658825e+00 2.370515057956531280e+00 8.993893358609146294e-01
1.999864149081495013e+00 2.373493232853312485e+00 8.960512947994719868e-01
1.999922685820736401e+00 2.373572907247775809e+00 8.959639977197325633e-01
2.002135144595477811e+00 2.376417286369489013e+00 8.932033721583617636e-01
2.004371744695945257e+00 2.379250913049610894e+00 8.907503073730794751e-01
2.006558697099161570e+00 2.382003012236541650e+00 8.886024973453832132e-01
2.008799779110096217e+00 2.384747025193734160e+00 8.876621885157378600e-01
2.011347877457315025e+00 2.387861886192644612e+00 8.869037450218304475e-01
2.011411758365577729e+00 2.387940608568399625e+00 8.868837643101469270e-01
2.014132705158174552e+00 2.391294743500184339e+00 8.857624338210854376e-01
2.016492575196686232e+00 2.394174433565754434e+00 8.844987766321615874e-01
2.018907188069419600e+00 2.397117991604571507e+00 8.829838544684002200e-01
2.021638633160706355e+00 2.400454185513591021e+00 8.810776108856408495e-01
2.023989995975673750e+00 2.403313141421867805e+00 8.792854692633754743e-01
2.026297687646397172e+00 2.406140300516144581e+00 8.772865395255754484e-01
2.028500752350062886e+00 2.408913774627993831e+00 8.736842786085124990e-01
2.030921476388243718e+00 2.411879254394720284e+00 8.693829197833550237e-01
2.033426858639054480e+00 2.414840348694811567e+00 8.672713956636858290e-01
2.035962957853117317e+00 2.417831215891115271e+00 8.670138394127133719e-01
2.038354267806081310e+00 2.420641497016445598e+00 8.674536277537989726e-01
2.040803168917766364e+00 2.423529723187150431e+00 8.674948043536794273e-01
2.043103989796767994e+00 2.426266354737814268e+00 8.670984101063069494e-01
2.045286784612269315e+00 2.428856893470307199e+00 8.658973146375839036e-01
2.047486904578664113e+00 2.431509405875449836e+00 8.638979375047657339e-01
2.049558439519748809e+00 2.434028643075071052e+00 8.603414289705677565e-01
2.051779179818175258e+00 2.436657931731699644e+00 8.548778194802386654e-01
2.053992721741705996e+00 2.439243901565818273e+00 8.492900042691925444e-01
2.056368220137302583e+00 2.442004822019305799e+00 8.443542090103054454e-01
2.056435295884000425e+00 2.442078556951620349e+00 8.442539029659177352e-01
2.058917567000296600e+00 2.444887833842370739e+00 8.419535503697895829e-01
2.061268352103455381e+00 2.447530701063186154e+00 8.420651157442566870e-01
2.063714127571432577e+00 2.450263953364820946e+00 8.440775381265865906e-01
2.065960372355872821e+00 2.452802657582798140e+00 8.462407215704951247e-01
2.068419908340213276e+00 2.455587740262427321e+00 8.470058160587081719e-01
2.070918865733479830e+00 2.458447620480920026e+00 8.453570553574788482e-01
2.073274715713562255e+00 2.461147687659902328e+00 8.415573780659149072e-01
2.075638503819761560e+00 2.463821101580324413e+00 8.358730302717892746e-01
2.078093291368097617e+00 2.466626532586165155e+00 8.292964470750197048e-01
2.084117961869042635e+00 2.473221196756733242e+00 8.184106593278800412e-01
2.086791419731842900e+00 2.476083804451578274e+00 8.183407996779421545e-01
2.089300526955417681e+00 2.478764003942224292e+00 8.205899839588187694e-01
2.091772598259374227e+00 2.481419017792463766e+00 8.230198114397033748e-01
2.094268999212496762e+00 2.484137261400277463e+00 8.227966509554616170e-01
2.096694866502272880e+00 2.486822650085038333e+00 8.201839876958246789e-01
2.098827203386962381e+00 2.489153477736032016e+00 8.157066083405045687e-01
2.101576301984129369e+00 2.492119022494130753e+00 8.086729377988692846e-01
2.104003756794690538e+00 2.494736173848382421e+00 8.028243303917378393e-01
2.106391614101416732e+00 2.497258871683633252e+00 7.979334947363448949e-01
2.108994850326075809e+00 2.499936411522426738e+00 7.948672027947891738e-01
2.111760623365327216e+00 2.502740563341364854e+00 7.944524943926595251e-01
2.114620223232549279e+00 2.505652699401420769e+00 7.971505542745457307e-01
2.117097494331867669e+00 2.508206219651793578e+00 8.004378505000764310e-01
2.119402947716982233e+00 2.510574756313830314e+00 8.016046510227691213e-01
2.122043034952887375e+00 2.513368799161376010e+00 8.002510744736264225e-01
2.124484213873530702e+00 2.515927352404267570e+00 7.969811866160265712e-01
2.126990651098471297e+00 2.518609895567707646e+00 7.904616513352019647e-01
2.127056830921516983e+00 2.518677964179222517e+00 7.902667840015646927e-01
2.129804620570582951e+00 2.521478754419615775e+00 7.828714251155057813e-01
2.132340699830046482e+00 2.524031426287702384e+00 7.787651668815509520e-01
2.135189408216159990e+00 2.526827717817052843e+00 7.771302759050554565e-01
2.135259104632094118e+00 2.526897472807673850e+00 7.771308582720032332e-01
2.138037882310610094e+00 2.529650003961410487e+00 7.773784256567864981e-01
2.140551744283494706e+00 2.532166470622649435e+00 7.758735169987612812e-01
2.143109144598549953e+00 2.534704624241250315e+00 7.722898406339984145e-01
2.143179852547308251e+00 2.534773688570308270e+00 7.721628692633647484e-01
2.145496817511758803e+00 2.537088445475821352e+00 7.679210617501209812e-01
2.148045670772141591e+00 2.539587647557623118e+00 7.632581179445728781e-01
2.150528285966499809e+00 2.541999079897168112e+00 7.589650503620128941e-01
2.153330425166898543e+00 2.544703033882932619e+00 7.549295690557702443e-01
2.156020513234214064e+00 2.547252601220215240e+00 7.520942691468198715e-01
2.156092406059060274e+00 2.547324884029261494e+00 7.520436262952371331e-01
2.158639327403315988e+00 2.549707783892897872e+00 7.516316096051552931e-01
2.161486043199809970e+00 2.552358588569808795e+00 7.538567367125771357e-01
2.164396808128989491e+00 2.555100153237894745e+00 7.567999173156685355e-01
2.167230819641566164e+00 2.557802989465710830e+00 7.581800512606590159e-01
2.167302732850890479e+00 2.557873258799132632e+00 7.581812974669766003e-01
2.170296718238837741e+00 2.560738119130072654e+00 7.564038560008755629e-01
2.172732078133008837e+00 2.563173023816385232e+00 7.525619439555272239e-01
2.172791718446119180e+00 2.563232946716507143e+00 7.524438686197080228e-01
2.174803972603114754e+00 2.565227322950421218e+00 7.471914278801161657e-01
2.177696568482140105e+00 2.567906445805212101e+00 7.381358852474269039e-01
2.180635864666101043e+00 2.570625870667413437e+00 7.293519435112902904e-01
2.183469345912176784e+00 2.573197316338078355e+00 7.221182458289076012e-01
2.186119258079067595e+00 2.575550131602200477e+00 7.178192555974756139e-01
2.188724393581557681e+00 2.577810636785651255e+00 7.157462667361010888e-01
2.191940152859436441e+00 2.580609821987467356e+00 7.145034810884118848e-01
2.195135708389489793e+00 2.583373694009771349e+00 7.123952742569756857e-01
2.195211540554749430e+00 2.583440652324494380e+00 7.123476816511010723e-01
2.197721835940593671e+00 2.585615026926895155e+00 7.104267942702183758e-01
2.200759002953029508e+00 2.588242703994380278e+00 7.075182909326113156e-01
2.203512374645772098e+00 2.590622938840935419e+00 7.047309473865195351e-01
2.206212654571998222e+00 2.592893897074593390e+00 7.026934687731414275e-01
2.209054665942707274e+00 2.595296922203073287e+00 7.028023166581096604e-01
2.209133013731007456e+00 2.595363600632436984e+00 7.028271005946363781e-01
2.212324057807953714e+00 2.598083487051483065e+00 7.039709963352118738e-01
2.212402608627203726e+00 2.598148990641195866e+00 7.039798926628160203e-01
2.215057983145946707e+00 2.600399905448004922e+00 7.038369402485269433e-01
2.217621699744158903e+00 2.602589243399723973e+00 7.028052478934706526e-01
2.220206274777730915e+00 2.604787775802329897e+00 7.010914627038788982e-01
2.223238832399035303e+00 2.607406919022116742e+00 6.965046001656821639e-01
2.225662029026350019e+00 2.609462616674034230e+00 6.909276630003146069e-01
2.228620214259687593e+00 2.611921818577566334e+00 6.837212660427495203e-01
2.231071743791714468e+00 2.613929803294657628e+00 6.782214820586094373e-01
2.233590363484989183e+00 2.615984041587094300e+00 6.743538316761662488e-01
2.240641313326570572e+00 2.621604036687729344e+00 6.714879816026597670e-01
2.243595861063835351e+00 2.623943478180935873e+00 6.713770261826192964e-01
2.243675387727278814e+00 2.624007295832394782e+00 6.713771609850579525e-01
2.246467427393814109e+00 2.626244337369799009e+00 6.711166618934095718e-01
2.249189657397431041e+00 2.628415859019457734e+00 6.693728343099948352e-01
2.252027054590326038e+00 2.630710877947599169e+00 6.665776102162923600e-01
2.254349090756172291e+00 2.632640594914702703e+00 6.627147080467892248e-01
2.256912685381477601e+00 2.634639702582152854e+00 6.577803281249059442e-01
2.260169470238234446e+00 2.637213926699109035e+00 6.531036391825327803e-01
2.263078998400322561e+00 2.639459106223369211e+00 6.496253657971735596e-01
2.266246829582075684e+00 2.641898396599103194e+00 6.463277970665544103e-01
2.266323391230572692e+00 2.641960010500755907e+00 6.462489921635655721e-01
2.269194217501245170e+00 2.644129582967448933e+00 6.433934983470621649e-01
2.272051385396109069e+00 2.646300302253567160e+00 6.405822190267553840e-01
2.275073476074449541e+00 2.648594242374567642e+00 6.376092829667777684e-01
2.278340860209300711e+00 2.651034430024853172e+00 6.343984230508268318e-01
2.281603164934798755e+00 2.653430101256087248e+00 6.316528071117322174e-01
2.284758524476336206e+00 2.655753628035028235e+00 6.297551643816193812e-01
2.287899044677221827e+00 2.658083437052737086e+00 6.258267746713500612e-01
2.290965050169854855e+00 2.660344160991981788e+00 6.211349872930586047e-01
2.294210664049070481e+00 2.662748042952672645e+00 6.160019306398837324e-01
2.297352641402350848e+00 2.665019095833113916e+00 6.114482602368751518e-01
2.297512578268533723e+00 2.665134393718349592e+00 6.112224977022071570e-01
2.300856240930343688e+00 2.667484799036036414e+00 6.070894027946589500e-01
2.303561431466447207e+00 2.669395191337531337e+00 6.040146372066376168e-01
2.306554611098321494e+00 2.671467188537271831e+00 6.013724768871676618e-01
2.309690752434402139e+00 2.673599458959260211e+00 6.010121978951220578e-01
2.312775422580508611e+00 2.675734968474025699e+00 6.016353598845854966e-01
2.315803375724497570e+00 2.677811751652130035e+00 6.020136206317741046e-01
2.318681040493995482e+00 2.679793758449354080e+00 6.015067216756180279e-01
2.318763621892931504e+00 2.679851051267205797e+00 6.014658628878166713e-01
2.321868000180952407e+00 2.682004093197853489e+00 5.987717678292938661e-01
2.324195788808660179e+00 2.683607048650544336e+00 5.952248505594397443e-01
2.327117922670549177e+00 2.685629242323014587e+00 5.882404315761740055e-01
2.329810323635535418e+00 2.687437855887221172e+00 5.810346094671638983e-01
2.332799660976403011e+00 2.689417733045918801e+00 5.732777122220074073e-01
2.335927599396367071e+00 2.691479444998898796e+00 5.678378446704024363e-01
2.338947780544664568e+00 2.693392698867794088e+00 5.648673554361904880e-01
2.341945286916258695e+00 2.695295829843327162e+00 5.634422191871069074e-01
2.345028592917188792e+00 2.697244242229688282e+00 5.623377504884659039e-01
2.348267314751925294e+00 2.699268604779172076e+00 5.608072151557025320e-01
2.351320547287023111e+00 2.701213962212167807e+00 5.588245411003353036e-01
2.354435480517865997e+00 2.703177825880959340e+00 5.563625423514138024e-01
2.357530044566654048e+00 2.705131125008418458e+00 5.533349469717270264e-01
2.360647630364253402e+00 2.707120554084935904e+00 5.487821479870282904e-01
2.363671786359557547e+00 2.709015701805928877e+00 5.439160755975095407e-01
2.366873663353746160e+00 2.710984356768990189e+00 5.388278561066978112e-01
2.369844106407441586e+00 2.712795764086098238e+00 5.344274513149792627e-01
2.373109436801218219e+00 2.714747295328607812e+00 5.303402430170414128e-01
2.376205724624917526e+00 2.716572040950517852e+00 5.268363920220860974e-01
2.379765549825464177e+00 2.718652400333656960e+00 5.230424916918690048e-01
2.382646192490287973e+00 2.720305762249824788e+00 5.202556826449498129e-01
2.385955991414195676e+00 2.722191273307123183e+00 5.190005242476875003e-01
2.389177621257253747e+00 2.724029568845718785e+00 5.189315813301124125e-01
2.392044739451987034e+00 2.725670104477939226e+00 5.184359971326925054e-01
2.394994515376180466e+00 2.727364217901098620e+00 5.171389329157047854e-01
2.398104239455495890e+00 2.729151501288280102e+00 5.147070381879279566e-01
2.401028918346162833e+00 2.730871537238821478e+00 5.103623928192354553e-01
2.408275588889753127e+00 2.734950857644715239e+00 4.940293743876092991e-01
2.411636446173496040e+00 2.736795117221395568e+00 4.866473210547975770e-01
2.414859078145006777e+00 2.738527783148513084e+00 4.817585409205570879e-01
2.418009364937479866e+00 2.740166892333362192e+00 4.787993361247523949e-01
2.421093585011055538e+00 2.741775480922512997e+00 4.769955707733875561e-01
2.424133198965308100e+00 2.743331737748736288e+00 4.754631197105170792e-01
2.427794530606035117e+00 2.745225172627455912e+00 4.732163655771843835e-01
2.431453849055223770e+00 2.747096789015038176e+00 4.705121437410106355e-01
2.434864144234535566e+00 2.748800151389542368e+00 4.686265373493732067e-01
2.438389780169064380e+00 2.750594167931681877e+00 4.684256716530186271e-01
2.438480341450487643e+00 2.750639287592251847e+00 4.684280828597932045e-01
2.441695599102627234e+00 2.752270089587142365e+00 4.676302151084459902e-01
2.445081402067122767e+00 2.754067604813939862e+00 4.643421154488139302e-01
2.448350391218706346e+00 2.755780002432805187e+00 4.586537736499771700e-01
2.451660969975603344e+00 2.757399039308830346e+00 4.512662725849626022e-01
2.454782614434092736e+00 2.758912035094174264e+00 4.446066954237993252e-01
2.458280067167908367e+00 2.760620596349378175e+00 4.382778020432038790e-01
2.461680932017151768e+00 2.762217426037397061e+00 4.344113862252987901e-01
2.465266141137822498e+00 2.763862703804391252e+00 4.313718355462848320e-01
2.465355344436690466e+00 2.763906556933364733e+00 4.313106554908225920e-01
2.468365042381026608e+00 2.765287087995874415e+00 4.292325148875426044e-01
2.471743487073490897e+00 2.766832592284163006e+00 4.268319774439404135e-01
2.475133791607807332e+00 2.768375171847405891e+00 4.242575182499231379e-01
2.478418091663370681e+00 2.769872566087328014e+00 4.213368225962128566e-01
2.482121811401110989e+00 2.771510427149170841e+00 4.190941976191668306e-01
2.485824347299400827e+00 2.773159489362483576e+00 4.184584252235995505e-01
2.489018023794944412e+00 2.774587026940777523e+00 4.178690510522247714e-01
2.492847699583846222e+00 2.776301380424578635e+00 4.159831903989177349e-01
2.496225042310958653e+00 2.777792430671158996e+00 4.136813004234087821e-01
2.499727672049189664e+00 2.779378498797558272e+00 4.101608331985620581e-01
2.502617708417597786e+00 2.780618494222840908e+00 4.048420803559161785e-01
2.505447509414345575e+00 2.781881719157884625e+00 3.983622106567330512e-01
2.508391579081317602e+00 2.783123115325802477e+00 3.917883160446531399e-01
2.511489029095995029e+00 2.784417052142774907e+00 3.860332708925822143e-01
2.514721000785698379e+00 2.785775217662433079e+00 3.812986369798254116e-01
2.517890885455646544e+00 2.787080265669277246e+00 3.775224177941203796e-01
2.521376062069517143e+00 2.788461152502385687e+00 3.739035960418478632e-01
2.524953524823648543e+00 2.789886285608372596e+00 3.703405593306311472e-01
2.528517726286000578e+00 2.791280247065110132e+00 3.669276247653803780e-01
2.532090589925164004e+00 2.792660779967177209e+00 3.635074031099811975e-01
2.536006370195748705e+00 2.794127831029192599e+00 3.602458801684742529e-01
2.536102440103489730e+00 2.794165081308099374e+00 3.601990340796491497e-01
2.539728730458723494e+00 2.795546499765556359e+00 3.584741093576700455e-01
2.539822591738210456e+00 2.795580600820691597e+00 3.584307999036833725e-01
2.543107415072999089e+00 2.796800255428538051e+00 3.566787247295132302e-01
2.546411602323710888e+00 2.798030966768577876e+00 3.544872568718813177e-01
2.549982293443192383e+00 2.799346076528570926e+00 3.517934998251656120e-01
2.553463862458921430e+00 2.800645357755993992e+00 3.487923874387968137e-01
2.557215674660346494e+00 2.802039570612330444e+00 3.453656434629337468e-01
2.560595881134431373e+00 2.803299657003160306e+00 3.414660150989081155e-01
2.564074466829923793e+00 2.804543633809823966e+00 3.356745445299575969e-01
2.564166163218673411e+00 2.804575370450470562e+00 3.355070049452763548e-01
2.567605636193326824e+00 2.805815324800319921e+00 3.296182648875291554e-01
2.570690005259197441e+00 2.806915527880220917e+00 3.247964186749218718e-01
2.574185350402556693e+00 2.808126927291597852e+00 3.198968769124405642e-01
2.577517931089861936e+00 2.809248200105786353e+00 3.158272018824039851e-01
2.580680415537991657e+00 2.810278481822361840e+00 3.123673101099455618e-01
2.584534042992659764e+00 2.811507549596070632e+00 3.088876827708132433e-01
2.587878582917028325e+00 2.812571538282411687e+00 3.063146696484023712e-01
2.591226860570315260e+00 2.813636139492825983e+00 3.036904414253172035e-01
2.594386420391086912e+00 2.814620250746603158e+00 3.010656785754067255e-01
2.597550508399985247e+00 2.815618820026326574e+00 2.982232504652511107e-01
2.601079049302187585e+00 2.816712927124879862e+00 2.949350853509016823e-01
2.604533714062914562e+00 2.817768235282394507e+00 2.916378280447139426e-01
2.608302534945516449e+00 2.818888714543422047e+00 2.885541836086400469e-01
2.611812708737112132e+00 2.819938825585670994e+00 2.868813385949229300e-01
2.615970400258375683e+00 2.821150931203033618e+00 2.848922228970785508e-01
2.619436885858810182e+00 2.822157801645674091e+00 2.827547203181179913e-01
2.623082795291897362e+00 2.823244000215112237e+00 2.799524888211261664e-01
2.631600517478282164e+00 2.825741291207669370e+00 2.724278903061091994e-01
2.635429262045885679e+00 2.826859117092601625e+00 2.688417913811282367e-01
2.638818699608788787e+00 2.827879294711672653e+00 2.649382697890109162e-01
2.641664260612217596e+00 2.828661458204834389e+00 2.601290815864790162e-01
2.644794700119812880e+00 2.829544642355775519e+00 2.542088437861912409e-01
2.647945415380766221e+00 2.830384743981360529e+00 2.484137336026026877e-01
2.651209898895849015e+00 2.831232615994586421e+00 2.431624823162590321e-01
2.655009011294084509e+00 2.832215744177191130e+00 2.382192196198205381e-01
2.655107973442390801e+00 2.832240154533575804e+00 2.381006713842625522e-01
2.658804440041737216e+00 2.833135974230908793e+00 2.340125855133516897e-01
2.662897204857395561e+00 2.834106618541581302e+00 2.304394710252137268e-01
2.666529007380524341e+00 2.834960363593685084e+00 2.273317059234879478e-01
2.670648918384948445e+00 2.835904460642427516e+00 2.238094378427569475e-01
2.670748470119869822e+00 2.835925826533562066e+00 2.237220836327609708e-01
2.675074497498061366e+00 2.836899711817641112e+00 2.198703241342739867e-01
2.679002169284083301e+00 2.837795581420947677e+00 2.162745753917609537e-01
2.682956083348660314e+00 2.838662124409300436e+00 2.133405322153526240e-01
2.686379628038010559e+00 2.839394961367259551e+00 2.111134188333400330e-01
2.690098352750945665e+00 2.840191011625982753e+00 2.084796890901206845e-01
2.693710142955009879e+00 2.840969421631129421e+00 2.056237978906928221e-01
2.693806807591092145e+00 2.840992858740175819e+00 2.055480002808124929e-01
2.697023545272345668e+00 2.841690252311140696e+00 2.027121126331571099e-01
2.700829201429807647e+00 2.842494464383518160e+00 1.992589629129390416e-01
2.704841231562922665e+00 2.843321493717226200e+00 1.955600258370559508e-01
2.708606841629372930e+00 2.844056469548458033e+00 1.924927260469595225e-01
2.711887764702760606e+00 2.844694740180361059e+00 1.907799322114233365e-01
2.715332608493989497e+00 2.845349814957651269e+00 1.890130598667713879e-01
2.719066171192262793e+00 2.846070658571919321e+00 1.867485141509541979e-01
2.722885492636063720e+00 2.846806366796160059e+00 1.840397723873598013e-01
2.722983812693844818e+00 2.846825438201468828e+00 1.839672835776996751e-01
2.727067198971645290e+00 2.847621263834631655e+00 1.805150676609988125e-01
2.730983409001898288e+00 2.848367711033342964e+00 1.770208588307981834e-01
2.735073783437658612e+00 2.849080370905419102e+00 1.743298142369766324e-01
2.738718329405361196e+00 2.849725268018390878e+00 1.727307463108718188e-01
2.742664648451238918e+00 2.850423944661667264e+00 1.707625899602536745e-01
2.746717438925871502e+00 2.851140366680113836e+00 1.680842478641301485e-01
2.750055989523269240e+00 2.851752186790632138e+00 1.652366783671349870e-01
2.753089457352939640e+00 2.852286191606885346e+00 1.607998833086005386e-01
2.756284210804079482e+00 2.852829938566558532e+00 1.538612178936090980e-01
2.760355500271616691e+00 2.853509830331450114e+00 1.445630893884247703e-01
2.764161184304207541e+00 2.854081268387294479e+00 1.364543391958598639e-01
2.767815220239431717e+00 2.854636981259669248e+00 1.300291374393528210e-01
2.771497071571655368e+00 2.855138449509321052e+00 1.251199287485202649e-01
2.775466512663053109e+00 2.855629333591811481e+00 1.215228042417406257e-01
2.779106626967323912e+00 2.856077081341156898e+00 1.189989337130034769e-01
2.782737008389206235e+00 2.856499216901583260e+00 1.169498504142858497e-01
2.786734966565089344e+00 2.856966394288694921e+00 1.147486894348418995e-01
2.786837414859060225e+00 2.856980987272982109e+00 1.146879523441153986e-01
2.790816066807341400e+00 2.857442353213680786e+00 1.119160935914621097e-01
2.794610671401791535e+00 2.857862847722180355e+00 1.089942213680872851e-01
2.798710499907071547e+00 2.858323385010109519e+00 1.057245331717511644e-01
2.802103289886687776e+00 2.858697081742618273e+00 1.029351970910159508e-01
2.805981035329798257e+00 2.859108684580121462e+00 9.965392896292754599e-02
2.809798652739419644e+00 2.859499796953012041e+00 9.654141606965989386e-02
2.813112687833417169e+00 2.859832491347893413e+00 9.403206767427624291e-02
2.816599551129984391e+00 2.860168164361343024e+00 9.140114651485577169e-02
2.820687109110836754e+00 2.860550694588939180e+00 8.823045094410326972e-02
2.823983002130152187e+00 2.860863205107231799e+00 8.558442199661613070e-02
2.827479395484242986e+00 2.861183394266539004e+00 8.271927990730487679e-02
2.827579114225462042e+00 2.861190787847815997e+00 8.263448887084139105e-02
2.831280952240975424e+00 2.861509928922532531e+00 7.980154271186115644e-02
2.840805217274508632e+00 2.862261405473517151e+00 7.335282353317063020e-02
2.844495855041712318e+00 2.862549714042424753e+00 7.083897916116739524e-02
2.848388992718037915e+00 2.862850206522624674e+00 6.794566008092821352e-02
2.852460728765460196e+00 2.863152309883758129e+00 6.455607460631450356e-02
2.856236521513255244e+00 2.863425235205987907e+00 6.130604083773942559e-02
2.859724689517445295e+00 2.863655797864708585e+00 5.868336531566922115e-02
2.863901765472079752e+00 2.863927420009570568e+00 5.577041733720330269e-02
2.867779175926737256e+00 2.864162344924879200e+00 5.304011058650699717e-02
2.871271185776772761e+00 2.864363264427322697e+00 5.045124208105886132e-02
2.875025301170245129e+00 2.864573755180399139e+00 4.749499720073187964e-02
2.878579469588925299e+00 2.864767905633514467e+00 4.465662507847655005e-02
2.882681996736336849e+00 2.864962514083926770e+00 4.170844886850249428e-02
2.886369642029028793e+00 2.865124032492419204e+00 3.920673220905351863e-02
2.890038702439060359e+00 2.865287712555502075e+00 3.667366199075947769e-02
2.894003940257002583e+00 2.865456037236091102e+00 3.376321375425075239e-02
2.897878146720446857e+00 2.865604249880759458e+00 3.074817950753832435e-02
2.901527983313622272e+00 2.865741893397457218e+00 2.783605443992939743e-02
2.905475317213384034e+00 2.865888532720977100e+00 2.463772594336147495e-02
2.909237748517321975e+00 2.866013321346112530e+00 2.176786419844237500e-02
2.912615875940491872e+00 2.866103988234304900e+00 1.939979773376696026e-02
2.916466389910132406e+00 2.866200144032533537e+00 1.671508649318809159e-02
2.920232237090847782e+00 2.866281467728735599e+00 1.393134110202383889e-02
2.924176249380062487e+00 2.866368834868184834e+00 1.094960759345182423e-02
2.927639314165603857e+00 2.866448925683101390e+00 8.297345504230332208e-03
2.931575816874592011e+00 2.866516362984572908e+00 5.175684362936167071e-03
2.934829003209883602e+00 2.866562594579611822e+00 2.701721672547579504e-03
2.938778324921328178e+00 2.866588080824637785e+00 -1.023478853144622577e-04
2.942612739252202125e+00 2.866622361568857968e+00 -2.838522109525766935e-03
2.946342485511599385e+00 2.866638063895391664e+00 -5.555287750189625597e-03
2.950080403681847763e+00 2.866655624514239165e+00 -8.380989231386873350e-03
2.953722623508032719e+00 2.866676312538714910e+00 -1.126478940615098165e-02
2.957152275167707955e+00 2.866679932417616428e+00 -1.386216590367825643e-02
2.960684407494071024e+00 2.866660415209691060e+00 -1.647252673529722364e-02
2.964214503900761244e+00 2.866643877231277671e+00 -1.906139357458595807e-02
2.967831018345338467e+00 2.866595646932295072e+00 -2.174307957500163507e-02
2.971741780642628505e+00 2.866527606399624784e+00 -2.468946422522621739e-02
2.975346399160766264e+00 2.866463413440288654e+00 -2.743401318032348893e-02
