2.000348719635031802e+00 2.999971459963732379e+00 -1.360908703171622846e-04
2.000455927092193775e+00 2.999959128253236518e+00 -1.711807954365120925e-04
2.000474777905721702e+00 2.999958644379388861e+00 -2.049224171065546862e-04
2.000487653483350670e+00 2.999972673853720906e+00 -4.270895329519328195e-04
2.000511765957444510e+00 2.999991223949309838e+00 -8.613621638851740514e-04
2.000524146620657806e+00 3.000091935856699532e+00 -2.559447674076318485e-03
2.000540887796474987e+00 3.000135794734203554e+00 -3.390034789972132950e-03
2.000522597736031916e+00 3.000199539763097611e+00 -4.395576517241170898e-03
2.000491851459790915e+00 3.000269180642234357e+00 -5.629939661901474206e-03
2.000490633596214707e+00 3.000334885125676809e+00 -7.156488957682492248e-03
2.000479908168953713e+00 3.000393800164314229e+00 -8.978312525216141857e-03
2.000478298529765553e+00 3.000395035399969768e+00 -9.028962400440454852e-03
2.000451031432249671e+00 3.000446144191157849e+00 -1.108946918289377762e-02
2.000372502498124483e+00 3.000504102278211072e+00 -1.304150413366648650e-02
2.000274072685969351e+00 3.000560612614119105e+00 -1.492291297540615687e-02
2.000152711338031963e+00 3.000634082413819126e+00 -1.734193590579872699e-02
2.000122999712003580e+00 3.000679238851188035e+00 -2.068962621272445873e-02
2.000010016299119897e+00 3.000742571862667685e+00 -2.370010562152225289e-02
1.999970117707219552e+00 3.000799507584131387e+00 -2.678636998166208927e-02
1.999975532379540510e+00 3.000847836536298718e+00 -3.070729262417706135e-02
1.999798044547123288e+00 3.000914914156947777e+00 -3.490129930469726416e-02
1.999796511135338850e+00 3.000913821047133556e+00 -3.501567714367708611e-02
1.999710778588812410e+00 3.000983451756159770e+00 -3.921396958015042206e-02
1.999578422072514794e+00 3.001039480862228714e+00 -4.420437057622667726e-02
1.999577019156346891e+00 3.001085911420120489e+00 -4.952319842349315465e-02
1.999573804061079763e+00 3.001087222689918566e+00 -4.965890186314007859e-02
1.999524621917895484e+00 3.001126650205454105e+00 -5.564053984321031682e-02
1.999480072674955533e+00 3.001216170811646489e+00 -6.181631815873676883e-02
1.999451622540216578e+00 3.001273534384976571e+00 -6.813570778723977706e-02
1.999448315165132106e+00 3.001322199289418347e+00 -7.414811925893981248e-02
1.999426053057728137e+00 3.001416717287228142e+00 -8.099759731751438041e-02
1.999312921308661117e+00 3.001444856409387629e+00 -8.743824784408278650e-02
1.999181621115684315e+00 3.001531159186926700e+00 -9.452486885244175407e-02
1.999200246429726935e+00 3.001605216213465877e+00 -1.013278874749897474e-01
1.999119020615442555e+00 3.001668748174503687e+00 -1.093782934923906713e-01
1.999080099627760676e+00 3.001724978199073579e+00 -1.163862985810165951e-01
1.998997422328997242e+00 3.001798309687325084e+00 -1.243940362398906624e-01
1.999018225843933516e+00 3.001851462462384212e+00 -1.330831145956804518e-01
1.999067652314801435e+00 3.001912646343127378e+00 -1.413540164690177681e-01
1.999066507536237491e+00 3.001957050482164657e+00 -1.491774751470185956e-01
1.999093931379208877e+00 3.001995036766077707e+00 -1.569606048697013145e-01
1.999131072157677824e+00 3.002048371026559970e+00 -1.657592550998716052e-01
1.999169069682941835e+00 3.002084396040536785e+00 -1.741314585127764492e-01
1.999218637683517708e+00 3.002104386243438672e+00 -1.818812740555580953e-01
1.999284686480928386e+00 3.002132621455913863e+00 -1.912818537598070801e-01
1.999342104004119713e+00 3.002157058945685630e+00 -1.996763465222839151e-01
1.999410707091677786e+00 3.002183106680166969e+00 -2.090431572701826335e-01
1.999513432562536774e+00 3.002198855109725173e+00 -2.179407935369435945e-01
1.999552533535876808e+00 3.002207830795358579e+00 -2.258839304218367705e-01
1.999602218321857805e+00 3.002225205644143635e+00 -2.336051620105364379e-01
1.999604942448050426e+00 3.002225881989767142e+00 -2.338424362228745113e-01
1.999669477541211604e+00 3.002243502411974241e+00 -2.427588614052617888e-01
1.999770481352335150e+00 3.002266054932511974e+00 -2.516237668231138813e-01
1.999856260213195513e+00 3.002266341100814362e+00 -2.606164805171937160e-01
1.999952827313431714e+00 3.002255694082744508e+00 -2.690602436377175777e-01
2.000077269741158403e+00 3.002250076288780711e+00 -2.777918934421491626e-01
2.000183307509128205e+00 3.002252966417772395e+00 -2.877018478422099790e-01
2.000253609444369918e+00 3.002267921705938480e+00 -2.967162212357444262e-01
2.000252776183867987e+00 3.002266583691489465e+00 -2.969547234580040551e-01
2.000329838515402248e+00 3.002267368643846801e+00 -3.062768158548224151e-01
2.000330211031660088e+00 3.002266204449119957e+00 -3.065144175834537688e-01
2.000377791458458621e+00 3.002264380281412848e+00 -3.149837869647702515e-01
2.000425583425034848e+00 3.002267401069221631e+00 -3.239405197613270393e-01
2.000471450346296365e+00 3.002270482824631603e+00 -3.329210501689423007e-01
2.000934816830761687e+00 3.002129223870827257e+00 -3.412595040616998032e-01
2.003710127712866829e+00 3.001147215200978380e+00 -3.499948509677274222e-01
2.009433841603734727e+00 2.999047618687785466e+00 -3.597334089877918251e-01
2.009613661178685007e+00 2.998980649893764561e+00 -3.599779754326443149e-01
2.018227148069280386e+00 2.995695958575252504e+00 -3.698741693752523596e-01
2.025192247400690260e+00 2.992981779375873064e+00 -3.755470364837317776e-01
2.043828886609774909e+00 2.985588141221243497e+00 -3.772354932200322475e-01
2.052099036861254611e+00 2.982324308158549986e+00 -3.732405267636388912e-01
2.052294074121661982e+00 2.982247724861410099e+00 -3.731220876694900102e-01
2.060044421457339681e+00 2.979239260305551973e+00 -3.677247866789644659e-01
2.066640446745491300e+00 2.976712856948381170e+00 -3.619549646586250891e-01
2.073136845206127621e+00 2.974267271858092254e+00 -3.557145198749950277e-01
2.079711807548775937e+00 2.971834098057680951e+00 -3.491111764304079546e-01
2.086095890582480905e+00 2.969513027680721340e+00 -3.424342134760021694e-01
2.092163745143289066e+00 2.967366688073866943e+00 -3.364317511953452966e-01
2.098160265007904979e+00 2.965286138305959884e+00 -3.325115042909622676e-01
2.105072773534040653e+00 2.962906849444943536e+00 -3.293463510669438765e-01
2.112149844742188254e+00 2.960497263454038297e+00 -3.262670869993802292e-01
2.112326922155051800e+00 2.960436090812637921e+00 -3.261817697333438404e-01
2.118764821440107582e+00 2.958274252152890416e+00 -3.236273537630368624e-01
2.125248806126491363e+00 2.956124397793202352e+00 -3.216345182619089749e-01
2.131941612020997301e+00 2.953912689078809883e+00 -3.195006252461632390e-01
2.137594847756752792e+00 2.952061785001774297e+00 -3.177530352641831923e-01
2.144239875444807097e+00 2.949900583742540494e+00 -3.159621083193447921e-01
2.150940051481110338e+00 2.947715627922869341e+00 -3.136020314491719252e-01
2.157152436942383567e+00 2.945714507241835811e+00 -3.103732203834804748e-01
2.163197665860606023e+00 2.943760294315469039e+00 -3.067660975980172622e-01
2.170210335602314800e+00 2.941548522135413624e+00 -3.028628342621191849e-01
2.176503781450919828e+00 2.939591291015805297e+00 -2.987598823417022542e-01
2.182125767022054852e+00 2.937873358107083721e+00 -2.943426853443535385e-01
2.187475245601383289e+00 2.936263769611483276e+00 -2.904157513121440326e-01
2.193061745211965619e+00 2.934597855118800780e+00 -2.874174009035023181e-01
2.198987706773724682e+00 2.932846520364108756e+00 -2.840268947765186014e-01
2.204958041117013323e+00 2.931127133442172017e+00 -2.803119883363742737e-01
2.211039093067147299e+00 2.929381828903723228e+00 -2.759101423374000772e-01
2.217129031224831515e+00 2.927672481682746852e+00 -2.713253587160951441e-01
2.222963463332951140e+00 2.926052744834739983e+00 -2.677471721588673970e-01
2.228495210313385044e+00 2.924545837703452111e+00 -2.642037621996058960e-01
2.234796995942630371e+00 2.922854080273820543e+00 -2.597047815666551074e-01
2.240557973791109880e+00 2.921338458033348129e+00 -2.558917405052084648e-01
2.240708836842519869e+00 2.921297721019300742e+00 -2.557949506826948660e-01
2.245693033906863256e+00 2.919992799750920742e+00 -2.526077846256322146e-01
2.251080057551005709e+00 2.918612401543841717e+00 -2.484535401895517914e-01
2.256483983813873273e+00 2.917253798409089605e+00 -2.440156392715425726e-01
2.262173828114493634e+00 2.915855566516127872e+00 -2.398342681389292463e-01
2.267392225276109841e+00 2.914590593081559877e+00 -2.366672349471883874e-01
2.272730387059370472e+00 2.913300475720554505e+00 -2.330061880544565533e-01
2.278244428874755645e+00 2.912006277495844841e+00 -2.290756975013338304e-01
2.278389114719794772e+00 2.911972957123063033e+00 -2.289627324015327814e-01
2.283920593240030605e+00 2.910697860187859476e+00 -2.245906255757579018e-01
2.284060693157543120e+00 2.910666326112165692e+00 -2.244945034310410481e-01
2.289382478860557235e+00 2.909454074403004409e+00 -2.207588601872194356e-01
2.294582605365867778e+00 2.908287075131972266e+00 -2.169635856391137763e-01
2.299645451911985106e+00 2.907171077998922826e+00 -2.130735953805238947e-01
2.304478311242000643e+00 2.906144144967341525e+00 -2.093428412717267262e-01
2.310132836142769985e+00 2.904937590098842115e+00 -2.041542346438342814e-01
2.310273192744476844e+00 2.904907111651115592e+00 -2.040201755363408587e-01
2.314948349310869347e+00 2.903952181076808969e+00 -1.995728298592220895e-01
2.320070166868491768e+00 2.902933596514246872e+00 -1.956410631769700259e-01
2.325102602191676748e+00 2.901931445473916682e+00 -1.917678861927681333e-01
2.330432108035290550e+00 2.900911627193256237e+00 -1.875265994085300036e-01
2.330564270432296414e+00 2.900892209529096100e+00 -1.874033495096268931e-01
2.335828962913779616e+00 2.899899720098280120e+00 -1.834733294109823776e-01
2.340832874553893106e+00 2.898996183814097627e+00 -1.799825361984836725e-01
2.345190808928387050e+00 2.898186608904373518e+00 -1.766444426734649353e-01
2.357017907403664125e+00 2.896134161081193703e+00 -1.657935136971705192e-01
2.362115380301062384e+00 2.895284403877095514e+00 -1.610533239491427349e-01
2.366641188413691310e+00 2.894578034282883738e+00 -1.571852307470762156e-01
2.371392542258369485e+00 2.893820237743908841e+00 -1.533559831687427433e-01
2.371519525090356240e+00 2.893805473944179418e+00 -1.532478761006941248e-01
2.376535865928462332e+00 2.893043130494423298e+00 -1.488796637340805418e-01
2.381162755456665892e+00 2.892346539800997540e+00 -1.447078947032692242e-01
2.385948743730653909e+00 2.891679452943260120e+00 -1.406439386868253705e-01
2.390565823800297807e+00 2.891052355206655378e+00 -1.374878683191508300e-01
2.394921828081021609e+00 2.890462825232272603e+00 -1.343148288837207327e-01
2.395045363037355379e+00 2.890446370760690886e+00 -1.342188913477531387e-01
2.399781737842150431e+00 2.889801781415364257e+00 -1.303369390867244459e-01
2.404030872374926631e+00 2.889248797615509456e+00 -1.267143669716094267e-01
2.409275851263969592e+00 2.888603263151687806e+00 -1.222072489073834645e-01
2.413960334499412053e+00 2.888056372752339396e+00 -1.184455654458874546e-01
2.418815644319078917e+00 2.887493092567991138e+00 -1.151108783343964687e-01
2.423423136652229637e+00 2.886983688123382130e+00 -1.118158498870871070e-01
2.428049560686366792e+00 2.886483553793194101e+00 -1.084372619926771836e-01
2.432796711431320258e+00 2.885991962838753366e+00 -1.047239578734612125e-01
2.437930315871915443e+00 2.885475469309004115e+00 -1.007921786949763504e-01
2.442915315716287949e+00 2.884987064102236154e+00 -9.746792569548992646e-02
2.447073455174975098e+00 2.884588694903546191e+00 -9.458978842325484193e-02
2.452054968382250788e+00 2.884139640743162758e+00 -9.094443290865873719e-02
2.456340317633785908e+00 2.883761937156507305e+00 -8.771526489404382620e-02
2.459534176097396774e+00 2.883495212514513018e+00 -8.526355143164632278e-02
2.461384384460561847e+00 2.883354588439324129e+00 -8.403764284216858060e-02
2.465693939023155590e+00 2.883015212151478934e+00 -8.124859302411169271e-02
2.469522197527068030e+00 2.882710917612568480e+00 -7.873648219729419140e-02
2.473713451765149340e+00 2.882376207690708458e+00 -7.582188670740108716e-02
2.478247781259188987e+00 2.882035350634574389e+00 -7.257203858499870763e-02
2.482300035915136593e+00 2.881755025658187197e+00 -6.966413175181275508e-02
2.486392301682755157e+00 2.881481231317769343e+00 -6.700177583008348758e-02
2.490947979612327945e+00 2.881184317717840671e+00 -6.433630513759647229e-02
2.494819332608599005e+00 2.880934820411058084e+00 -6.200030103696854006e-02
2.499027788257926819e+00 2.880706495492356023e+00 -5.937756591248111171e-02
2.499142410093186939e+00 2.880696405669962878e+00 -5.931159240963026352e-02
2.503812406507381905e+00 2.880424386416286175e+00 -5.621881627470436127e-02
2.508141366695284979e+00 2.880199798398258793e+00 -5.330756908444624770e-02
2.508257984689485909e+00 2.880194971400836579e+00 -5.323549764927874156e-02
2.511948059544303558e+00 2.880033256678004694e+00 -5.107993061559350234e-02
2.515755507822132309e+00 2.879856565663593937e+00 -4.916129720206628695e-02
2.520221025575233753e+00 2.879645970459313808e+00 -4.688090780271566421e-02
2.524590211009235752e+00 2.879460234183534695e+00 -4.449461345819684388e-02
2.529053775933073567e+00 2.879277638601565492e+00 -4.196208148945319849e-02
2.529166317554093713e+00 2.879274339274345618e+00 -4.189611867772315840e-02
2.533801851648778136e+00 2.879119371847261633e+00 -3.962116400233475777e-02
2.537747722985738807e+00 2.879011091659624100e+00 -3.799196124671127411e-02
2.541391324997658518e+00 2.878895468081613451e+00 -3.636746140834561103e-02
2.545346411178697643e+00 2.878767237829746861e+00 -3.455163029164776134e-02
2.548324412683229845e+00 2.878697951038982072e+00 -3.310454261993633907e-02
2.550193242545206296e+00 2.878650111695402192e+00 -3.216674257065965659e-02
2.554251786015122150e+00 2.878545848083353675e+00 -3.013425738976349688e-02
2.558361069486935868e+00 2.878444959004559767e+00 -2.834812581301393922e-02
2.562378891829601990e+00 2.878382292411820309e+00 -2.696533108659571534e-02
2.566378307760725175e+00 2.878335823752238731e+00 -2.551471489570575693e-02
2.566598385498938040e+00 2.878331655995278293e+00 -2.542638801622708333e-02
2.570820433131126403e+00 2.878263794632158756e+00 -2.373264923473047613e-02
2.575268974061104998e+00 2.878183972848520789e+00 -2.190129283548461134e-02
2.578843011194478674e+00 2.878132678978706060e+00 -2.051608241667734686e-02
2.583014081824057673e+00 2.878105898366313475e+00 -1.914808579545284467e-02
2.583123741698908127e+00 2.878104387083275206e+00 -1.911592049673805846e-02
2.586644475595875292e+00 2.878063348642820429e+00 -1.815562607685457588e-02
2.590167854120303481e+00 2.878043374981100300e+00 -1.711807264920119781e-02
2.594024414017727320e+00 2.878007440603279399e+00 -1.606029500567798113e-02
2.603856251444045089e+00 2.877976849591334485e+00 -1.344727399921458351e-02
2.607509170197111370e+00 2.877964352863192854e+00 -1.241883655117336990e-02
2.611854609870602140e+00 2.877953823675691858e+00 -1.150794073225615104e-02
2.615760023142322144e+00 2.877940673397706650e+00 -1.080426470817463444e-02
2.619777147143526275e+00 2.877938332548874989e+00 -1.006035973482958916e-02
2.623498373443469145e+00 2.877938083781489187e+00 -9.334070744326759816e-03
2.627317860823056073e+00 2.877934742308533078e+00 -8.554174538809243208e-03
2.630823212581641535e+00 2.877921138335490792e+00 -7.761657554702817464e-03
2.634817091600464511e+00 2.877915489455932896e+00 -7.122340342720739383e-03
2.634920292974189948e+00 2.877918620125358373e+00 -7.105809627669712469e-03
2.638689225081610523e+00 2.877935471393209266e+00 -6.644296025371854847e-03
2.642985144296820188e+00 2.877947190417043721e+00 -6.139183741976080716e-03
2.643088864222321366e+00 2.877949691339908522e+00 -6.125921564301884184e-03
2.646872578427298617e+00 2.877965282355088750e+00 -5.713237807626083548e-03
2.650952657724426231e+00 2.877999279461374016e+00 -5.201007057690781518e-03
2.651056718999629691e+00 2.878003628007036241e+00 -5.187031209298227120e-03
2.655328035035205758e+00 2.878016795849421161e+00 -4.888611963054461870e-03
2.658871306764174935e+00 2.878022757829055589e+00 -4.856649451593911780e-03
2.662837443988483876e+00 2.878040673997564802e+00 -4.779699309302319100e-03
2.666699740237263416e+00 2.878051147172969060e+00 -4.589300170552580022e-03
2.670467850667078036e+00 2.878052625464052827e+00 -4.331326705450161754e-03
2.674238861192986150e+00 2.878047538377147330e+00 -4.074439942125516502e-03
2.677900526605943021e+00 2.878054352672512639e+00 -3.785653525194614295e-03
2.681355547319606458e+00 2.878057689152010656e+00 -3.527556916064049971e-03
2.685071069538893074e+00 2.878079876152643379e+00 -3.504429508564892333e-03
2.689205259730210962e+00 2.878104366515190193e+00 -3.554341926378798248e-03
2.693027204476691416e+00 2.878130591744922029e+00 -3.636374025696909821e-03
2.696746303903887476e+00 2.878150633569128924e+00 -3.693518182242998271e-03
2.700873087854491317e+00 2.878162601028495970e+00 -3.788917007280648026e-03
2.704189841666740701e+00 2.878178764349025531e+00 -3.882273514220785197e-03
2.707892944604955332e+00 2.878201135191516880e+00 -4.220831447892967915e-03
2.711305536994264909e+00 2.878218316292359358e+00 -4.600107123538687941e-03
2.715843326953674364e+00 2.878229925256657662e+00 -5.172425394183879574e-03
2.719875454541688775e+00 2.878247704191247092e+00 -5.683088150003247005e-03
2.719977397438677169e+00 2.878247918750922008e+00 -5.695580408196607158e-03
2.723785575584479979e+00 2.878266018552672278e+00 -6.045075965631535250e-03
2.728104656850692145e+00 2.878292078797444642e+00 -6.325826318332003657e-03
2.731716229174918631e+00 2.878310025927837135e+00 -6.631572634916232077e-03
2.735386367193264334e+00 2.878321437011311712e+00 -7.102072597934696620e-03
2.738960779606729457e+00 2.878326290799559484e+00 -7.769712912094496951e-03
2.742326349099505123e+00 2.878356931061703872e+00 -8.335599763928926154e-03
2.745888627861663434e+00 2.878351315974422509e+00 -8.894217733094405762e-03
2.749864028571183283e+00 2.878355272255911590e+00 -9.633558743696786844e-03
2.753229974379593159e+00 2.878350082836818924e+00 -1.020229237320881624e-02
2.757091680900387143e+00 2.878350218419691409e+00 -1.084159845692192481e-02
2.760956411574730041e+00 2.878346909765622019e+00 -1.160668809354392129e-02
2.765030111453341544e+00 2.878349916138484677e+00 -1.256570357804551868e-02
2.768800198666729884e+00 2.878326467602673855e+00 -1.348295082874432713e-02
2.772457960994733295e+00 2.878315711119151299e+00 -1.432795399515415270e-02
2.776113969997860309e+00 2.878279317091139600e+00 -1.513198302080263381e-02
2.779972837738774682e+00 2.878256473587178732e+00 -1.597583683371422980e-02
2.784113811498570179e+00 2.878249856435412646e+00 -1.688676044332316703e-02
2.787358798835746221e+00 2.878231351724267029e+00 -1.771760675687296741e-02
2.791213075040598568e+00 2.878198496256324290e+00 -1.871202373361025018e-02
2.794949741192132020e+00 2.878171594875536421e+00 -1.972293241850304676e-02
2.798705745974644277e+00 2.878132055394012845e+00 -2.071741668425244529e-02
2.802764666551183392e+00 2.878088865839756316e+00 -2.180889618884628012e-02
2.802867640748791800e+00 2.878087836243816255e+00 -2.183348119901190598e-02
2.806501614219522711e+00 2.878022361707714083e+00 -2.287259862054322884e-02
2.810925187354067045e+00 2.877952008738557943e+00 -2.416836851128808042e-02
2.814665854927012489e+00 2.877886144321021078e+00 -2.523681310704385672e-02
2.818830758934590008e+00 2.877802600273910549e+00 -2.640946587799011813e-02
2.822957672035728116e+00 2.877710986855766873e+00 -2.755967343125384841e-02
2.823061921237391747e+00 2.877710883237894812e+00 -2.758699976605475529e-02
2.826783755897459116e+00 2.877637061636146409e+00 -2.866982547376835389e-02
2.830516127558563078e+00 2.877539420017274363e+00 -2.975410345184130098e-02
2.834153258561090460e+00 2.877446239899645430e+00 -3.077916727035960934e-02
2.838487779852015613e+00 2.877351493687277717e+00 -3.198354330752030406e-02
2.842203131619655210e+00 2.877248401899334951e+00 -3.304805169289304345e-02
2.845815993016554302e+00 2.877169210516944187e+00 -3.413998021152327145e-02
2.849237318900791127e+00 2.877074594939547314e+00 -3.524903300084064606e-02
2.858598597913514894e+00 2.876804091430484878e+00 -3.848321146380663527e-02
2.862516020608051104e+00 2.876679424457845080e+00 -3.983671406290974215e-02
2.866730045405336380e+00 2.876556245244535681e+00 -4.121862785801971851e-02
2.870717615393807876e+00 2.876431343112809458e+00 -4.255326933516621890e-02
2.874609695653846053e+00 2.876285475541595194e+00 -4.392176934315095149e-02
2.878514006828216232e+00 2.876133034504459118e+00 -4.533343584123211006e-02
2.882400226460575698e+00 2.875977623788853244e+00 -4.680861336990634752e-02
2.886797641320459462e+00 2.875796183407408169e+00 -4.824023219089774994e-02
2.890979940783985125e+00 2.875617687439900649e+00 -4.953113771455310010e-02
2.894858018352708839e+00 2.875465934739574791e+00 -5.081578739381135273e-02
2.899033563114991718e+00 2.875283052681168350e+00 -5.230019846559030156e-02
2.902288241889097176e+00 2.875121221991202791e+00 -5.359882999142070309e-02
2.905846745410160192e+00 2.874973113536499536e+00 -5.512061745884024033e-02
2.909030785107681094e+00 2.874812312046069351e+00 -5.621694503051696823e-02
2.912749016655750811e+00 2.874605711660541019e+00 -5.653978770581107038e-02
2.912848249173487503e+00 2.874598766084705659e+00 -5.651221893254970013e-02
2.916746220882362461e+00 2.874385499236778330e+00 -5.420405526508074306e-02
2.921106769001844849e+00 2.874144758772036568e+00 -4.839177506607722501e-02
2.921219168928777421e+00 2.874139271278842944e+00 -4.822850161193894397e-02
2.925171687873606263e+00 2.873960317543686305e+00 -4.149383902866080748e-02
2.928711170521245855e+00 2.873827291872703249e+00 -3.437700693879518210e-02
2.932585736597255188e+00 2.873709234989166195e+00 -2.707460802192398000e-02
2.932685319447240868e+00 2.873707092687699305e+00 -2.690015760724884242e-02
2.936720897001539932e+00 2.873615535684197919e+00 -2.145853226326632432e-02
2.936820854591492669e+00 2.873613096949675594e+00 -2.137396033124720068e-02
2.940234691905911468e+00 2.873570194324357896e+00 -1.956653681976345052e-02
2.943569667756863240e+00 2.873539658449831613e+00 -1.970219947442917660e-02
2.946788460305758139e+00 2.873499902983253307e+00 -2.155795240935396567e-02
2.950151366420163956e+00 2.873443098976276033e+00 -2.554956949075758155e-02
2.953803811360860010e+00 2.873382303586956343e+00 -3.100385318010987282e-02
2.957556220552026716e+00 2.873295831600930939e+00 -3.584610672404780346e-02
2.957655017766878558e+00 2.873295467617745569e+00 -3.594949483184213535e-02
2.961159686057749596e+00 2.873232150868871848e+00 -3.887589139411853217e-02
2.964753591279438716e+00 2.873149237523023647e+00 -4.115258068789685170e-02
2.968504568957472056e+00 2.873037242759541865e+00 -4.343278756275441993e-02
2.971906258940653522e+00 2.872943636196795492e+00 -4.551858562254552237e-02
