2.000311048049800089e+00 3.000269080777169695e+00 -7.045056925011894400e-04
2.000419382077446073e+00 3.000404609327564032e+00 -9.575638252045611844e-04
2.000429977224357891e+00 3.000432719935095971e+00 -1.061394364176585382e-03
2.000437179702911461e+00 3.000466175552544357e+00 -1.377296971314614536e-03
2.000433972022970686e+00 3.000521379240545627e+00 -1.864623853910484354e-03
2.000435935667539855e+00 3.000586422590834079e+00 -2.550482260325293623e-03
2.000458479876890738e+00 3.000670449362504488e+00 -3.568180093964689117e-03
2.000476758606209327e+00 3.000742557845774705e+00 -4.661103766491053561e-03
2.000476849276553004e+00 3.000810879089387040e+00 -6.235021927717000756e-03
2.000494055146320171e+00 3.000860406317071849e+00 -7.974390821984991828e-03
2.000500692286625082e+00 3.000905862186448836e+00 -1.004810147963087694e-02
2.000488811167000947e+00 3.000970849022961406e+00 -1.201072891128565981e-02
2.000492521183161010e+00 3.001029605015849810e+00 -1.466165220990383808e-02
2.000499456625368655e+00 3.001083304462440093e+00 -1.714262701985500015e-02
2.000486840777245146e+00 3.001145091825783151e+00 -2.017563862927296628e-02
2.000484337843411620e+00 3.001144727481533714e+00 -2.025680102897800886e-02
2.000472704578447392e+00 3.001203585498494864e+00 -2.313344646271123239e-02
2.000388781352386847e+00 3.001238056366867024e+00 -2.593614619714539396e-02
2.000201634412911655e+00 3.001291154181671139e+00 -2.880033762973642150e-02
2.000097982904571747e+00 3.001358746010915013e+00 -3.261962422128223543e-02
1.999968439500171780e+00 3.001417241545973003e+00 -3.683254874301167964e-02
1.999964084932071451e+00 3.001414947840730818e+00 -3.694153427537875956e-02
1.999880287343351215e+00 3.001454856051183118e+00 -4.137059934130984939e-02
1.999825493313434066e+00 3.001513921443534461e+00 -4.641022727134121867e-02
1.999635553606251781e+00 3.001567570030983401e+00 -5.066177755699918794e-02
1.999614847027158637e+00 3.001599833606419132e+00 -5.585460229008912258e-02
1.999622654137744204e+00 3.001653015469077257e+00 -6.103903217830006223e-02
1.999593730998918684e+00 3.001718757101526247e+00 -6.654491922105891522e-02
1.999593136029489404e+00 3.001804856119103970e+00 -7.321999030243983575e-02
1.999558159808796587e+00 3.001863543348516128e+00 -7.917830208176739049e-02
1.999408182609569762e+00 3.001889963046939336e+00 -8.624189683387223360e-02
1.999410110806145502e+00 3.001891942995533746e+00 -8.642728596104067018e-02
1.999120055088608794e+00 3.001956895176586926e+00 -9.295753254998265214e-02
1.998791403749776485e+00 3.002048591666355737e+00 -9.992868427819680266e-02
1.998780875655951972e+00 3.002053499074356591e+00 -1.000816977780348699e-01
1.998601070059562446e+00 3.002127642564113685e+00 -1.060359448504478025e-01
1.998592455460767248e+00 3.002127978216103443e+00 -1.062174644166500731e-01
1.998446154199781333e+00 3.002196437802822970e+00 -1.127831970951099910e-01
1.998327669747378410e+00 3.002271713441814427e+00 -1.217630110439587715e-01
1.998278594303368294e+00 3.002302086842728812e+00 -1.296295848520595539e-01
1.998249363056086247e+00 3.002341622822547684e+00 -1.383024487274329140e-01
1.998220915620648741e+00 3.002378784506770870e+00 -1.471926729193404337e-01
1.998226477886707375e+00 3.002424701487966807e+00 -1.562844787841723149e-01
1.998259202498015252e+00 3.002464414421370797e+00 -1.646540152797150436e-01
1.998309937762187793e+00 3.002500826162316727e+00 -1.737292042277615856e-01
1.998313710936937992e+00 3.002505743744408484e+00 -1.739514549173603042e-01
1.998397064951238589e+00 3.002528230151523037e+00 -1.817176175351508938e-01
1.998533592072215814e+00 3.002584319195901852e+00 -2.069900980810346902e-01
1.998587278639785136e+00 3.002602240897194186e+00 -2.146862088819695424e-01
1.998648859077030826e+00 3.002616551567802716e+00 -2.224299685642727731e-01
1.998719610145549774e+00 3.002635233928632630e+00 -2.318623788022517451e-01
1.998808308383817955e+00 3.002647068540319264e+00 -2.406456443401941703e-01
1.998929608048655826e+00 3.002642181424575618e+00 -2.489234172636603792e-01
1.998988011204058557e+00 3.002660020568648669e+00 -2.581025228369485669e-01
1.999053253267720986e+00 3.002661419643632534e+00 -2.670353936810096473e-01
1.999167343990830403e+00 3.002667004566706765e+00 -2.773862205669602177e-01
1.999225925183734764e+00 3.002667318830723797e+00 -2.862334833916665988e-01
1.999304917367255907e+00 3.002671355684174426e+00 -2.948127696457576996e-01
1.999389344107727506e+00 3.002669790456744536e+00 -3.029501617855456241e-01
1.999463890448925474e+00 3.002671047655531389e+00 -3.120315127715116432e-01
1.999536478606605217e+00 3.002666219391502800e+00 -3.210961635684578819e-01
1.999596373804005234e+00 3.002670323004223984e+00 -3.296280565746361191e-01
1.999658721104451420e+00 3.002676738507390031e+00 -3.388959163670115515e-01
1.999757829214627636e+00 3.002657757126564242e+00 -3.476370133226622250e-01
1.999878993271410721e+00 3.002640904554270573e+00 -3.564359399922658600e-01
1.999966364720544787e+00 3.002625359919816717e+00 -3.647135143315054506e-01
2.000075135460044784e+00 3.002613518518910229e+00 -3.733076528675596251e-01
2.000166487966167583e+00 3.002596837296747978e+00 -3.817866685866386223e-01
2.000271924035275539e+00 3.002581978025030907e+00 -3.904954294776211698e-01
2.000368545951115351e+00 3.002563769293224993e+00 -3.988544807844389695e-01
2.000453486830769290e+00 3.002560901873729815e+00 -4.077704623504211368e-01
2.000540834726957318e+00 3.002559964315400176e+00 -4.169293914882429841e-01
2.000546925112035801e+00 3.002558054023198419e+00 -4.171714342565358002e-01
2.000629605509393283e+00 3.002541145808050427e+00 -4.263064251641659475e-01
2.000707530556482983e+00 3.002539740294269066e+00 -4.366443501120360060e-01
2.000817350887446278e+00 3.002512847418584485e+00 -4.461918917337349133e-01
2.000911301037204382e+00 3.002502214591070473e+00 -4.550029978479586124e-01
2.000981353926635453e+00 3.002484339473059372e+00 -4.644111428104253370e-01
2.001091443232115630e+00 3.002466814113032179e+00 -4.741725328469286738e-01
2.001169806025654196e+00 3.002451382862273643e+00 -4.829077360203484770e-01
2.001294309218356826e+00 3.002414142557239707e+00 -4.934897770774838155e-01
2.001391173957994152e+00 3.002388353498913087e+00 -5.033225109587944335e-01
2.001394244251640142e+00 3.002388811821793624e+00 -5.035667901150736592e-01
2.001503408625807889e+00 3.002361930858505890e+00 -5.124141035949559830e-01
2.001633289997633014e+00 3.002319249007652679e+00 -5.210913156968872695e-01
2.001743133086769433e+00 3.002281635109405933e+00 -5.299741820606217457e-01
2.001826361204886773e+00 3.002269612460425563e+00 -5.395175510601927238e-01
2.001924589065929627e+00 3.002240689529374063e+00 -5.476481279760693210e-01
2.002023192366984894e+00 3.002195095617731901e+00 -5.582093894493302955e-01
2.002107499135437951e+00 3.002174037331794665e+00 -5.671616655673858975e-01
2.002189213558958514e+00 3.002164404303099943e+00 -5.763806948026135579e-01
2.002271975845313357e+00 3.002143852865200024e+00 -5.851677921330648013e-01
2.003208601007534728e+00 3.001550451658976382e+00 -5.943574225418807311e-01
2.003265307528947936e+00 3.001513356979206293e+00 -5.945952742252504919e-01
2.006353562839482851e+00 2.999421005840147370e+00 -6.032594021553370212e-01
2.011587288742364255e+00 2.995835283323258214e+00 -6.124408607291841333e-01
2.016897453364524306e+00 2.992103612400199175e+00 -6.210072487513040862e-01
2.022743435602708750e+00 2.987927624870010845e+00 -6.278597868903886825e-01
2.027856338822108029e+00 2.984209702636937855e+00 -6.309376267774089442e-01
2.033008302142095047e+00 2.980447273774398109e+00 -6.308766773683620599e-01
2.037276522108250276e+00 2.977339953909528436e+00 -6.294887634002258592e-01
2.041173880117440387e+00 2.974528038204236502e+00 -6.293299733963781950e-01
2.041243343737707328e+00 2.974475973049385491e+00 -6.293539425447982616e-01
2.043238752600927910e+00 2.973049377405466931e+00 -6.310282287727940753e-01
2.044842746784464538e+00 2.971888968937369757e+00 -6.314010549073737488e-01
2.046011280962659828e+00 2.971041244025464767e+00 -6.292485241532369544e-01
2.046653792902318969e+00 2.970582812329722433e+00 -6.238276690123061297e-01
2.046902724906132232e+00 2.970419173250173017e+00 -6.160589250281310880e-01
2.046905873655601837e+00 2.970415720583440056e+00 -6.158476739300633440e-01
2.046959581673741813e+00 2.970376434452631997e+00 -6.078495578643577923e-01
2.047026322078933092e+00 2.970331271191576583e+00 -5.989903458070470199e-01
2.047030468521319424e+00 2.970328340680230994e+00 -5.987739570774285314e-01
2.047099976870941251e+00 2.970289195434787199e+00 -5.910051970198098026e-01
2.047145248073776180e+00 2.970255401318608879e+00 -5.833896632029562657e-01
2.047236330836161855e+00 2.970202247695723052e+00 -5.750329528593127737e-01
2.047289411538401716e+00 2.970171575776896944e+00 -5.666148694548005516e-01
2.047343953608818268e+00 2.970146771919182527e+00 -5.581998762143894899e-01
2.047354611715567430e+00 2.970140550742612184e+00 -5.500594711504454004e-01
2.048321589603186776e+00 2.969568387956011524e+00 -5.415991233413709471e-01
2.051422343201159126e+00 2.967728645775140173e+00 -5.337652257758933594e-01
2.064744800964897209e+00 2.960035294756358404e+00 -5.124483269179128664e-01
2.069981597874399171e+00 2.957112333707705876e+00 -5.040679651174598819e-01
2.075402397487239980e+00 2.954138530771058591e+00 -4.953147498704469909e-01
2.080974870688111267e+00 2.951155001307990577e+00 -4.864531277047851043e-01
2.085980973154210272e+00 2.948518124663983109e+00 -4.781880558435763762e-01
2.086108564610632765e+00 2.948451899354646688e+00 -4.779673984485690585e-01
2.090599994278168339e+00 2.946118753421477887e+00 -4.704833660222947356e-01
2.093465935843385584e+00 2.944671139581451769e+00 -4.658233056415876372e-01
2.094834595618450201e+00 2.943996376352548072e+00 -4.626458681617931501e-01
2.095652761470919057e+00 2.943603872955502521e+00 -4.577692846836629581e-01
2.096226450150395770e+00 2.943331159466157310e+00 -4.527433741775938603e-01
2.096814545714481337e+00 2.943071935103517944e+00 -4.460959758305304002e-01
2.096827806468620548e+00 2.943064102042713959e+00 -4.459242040601273382e-01
2.097183503166725416e+00 2.942898956193473747e+00 -4.394776696475442557e-01
2.097375178629352188e+00 2.942811352904072475e+00 -4.323250110230526522e-01
2.097543271018354805e+00 2.942744691356690367e+00 -4.235315430070675791e-01
2.098806973415320520e+00 2.942188554282792357e+00 -4.148630304458810758e-01
2.102533257150360768e+00 2.940588497173587168e+00 -4.064549899416409762e-01
2.107348675671286475e+00 2.938561345096405208e+00 -3.969542636055016782e-01
2.111866444113990937e+00 2.936715919188532808e+00 -3.878700856171365396e-01
2.116603723819980853e+00 2.934835319852026281e+00 -3.783467120498349434e-01
2.121331980696522734e+00 2.932997402617890881e+00 -3.689065004833120276e-01
2.126273287560722647e+00 2.931139211338250394e+00 -3.589938845548518720e-01
2.130741176595989383e+00 2.929494054431232453e+00 -3.502185668892298098e-01
2.135006040156238072e+00 2.927958524521423467e+00 -3.416256816009952124e-01
2.139312128033009408e+00 2.926446910083147390e+00 -3.331632930884176336e-01
2.143586831267120019e+00 2.924981603012199560e+00 -3.247969942395409482e-01
2.147624505284204677e+00 2.923641116800953288e+00 -3.168493219866104771e-01
2.151126025369022976e+00 2.922501426391231671e+00 -3.092655952322222457e-01
2.153550461114166925e+00 2.921748935572016759e+00 -3.030304882601538297e-01
2.156560596452888223e+00 2.920810595565606516e+00 -2.958679777891802809e-01
2.158511219471739739e+00 2.920237903861941930e+00 -2.907544549191278249e-01
2.159435054310777868e+00 2.919988663493140457e+00 -2.863657288397604139e-01
2.160620777296185846e+00 2.919672078747775679e+00 -2.800957279478262230e-01
2.163952628687801916e+00 2.918737016732379175e+00 -2.720425234806602699e-01
2.168537703609930034e+00 2.917492294860609459e+00 -2.626631610239368309e-01
2.172421322568717006e+00 2.916474179146554491e+00 -2.546184985455770544e-01
2.177198246186502484e+00 2.915268887802765718e+00 -2.448160010551673482e-01
2.181415408081719853e+00 2.914231247991991847e+00 -2.361388839329060796e-01
2.185605826914411853e+00 2.913249654685261980e+00 -2.274514888784530120e-01
2.189573109552070740e+00 2.912340480255640074e+00 -2.193294328965969542e-01
2.193867953048741271e+00 2.911407185757198146e+00 -2.106584347592801165e-01
2.198181424724470201e+00 2.910504557375285906e+00 -2.020236127221418931e-01
2.202582078802835852e+00 2.909633334205594224e+00 -1.933973460841116321e-01
2.202695013652586908e+00 2.909614200654939697e+00 -1.931723368347254555e-01
2.206816622070076228e+00 2.908820242084031449e+00 -1.851143143574993932e-01
2.210722733571747867e+00 2.908110701832151257e+00 -1.772375025869774023e-01
2.215259215061455844e+00 2.907300271712791595e+00 -1.682572825603806110e-01
2.215369185546274711e+00 2.907282426356742722e+00 -1.680481132940762068e-01
2.219187160421869809e+00 2.906651563431481122e+00 -1.613279001503368504e-01
2.223116696540007098e+00 2.906058995585865112e+00 -1.553884242317374875e-01
2.226796298936886576e+00 2.905499980064051968e+00 -1.501077301074506820e-01
2.230592983512686978e+00 2.904961205976211769e+00 -1.452303658391180252e-01
2.234480745117164879e+00 2.904428866167216405e+00 -1.396619390507131686e-01
2.238365419431309178e+00 2.903895436871462898e+00 -1.333753178150697827e-01
2.242441598483658982e+00 2.903364447721119568e+00 -1.268546692479938787e-01
2.246295152639651072e+00 2.902902516514946907e+00 -1.210291864051360328e-01
2.249832102811968326e+00 2.902493971934748451e+00 -1.163402257711605992e-01
2.253776227498394569e+00 2.902085991548957633e+00 -1.116394449831279029e-01
2.257803383991775270e+00 2.901681040549354940e+00 -1.070181155397764844e-01
2.261411766830824011e+00 2.901311454504329923e+00 -1.022778967802706468e-01
2.265550222631450339e+00 2.900915889833132422e+00 -9.603499519933728079e-02
2.269368309750356971e+00 2.900569310158763958e+00 -9.050459284730313914e-02
2.272827672511764874e+00 2.900274363301706071e+00 -8.569458677424345028e-02
2.276269689005318231e+00 2.900026535005593153e+00 -8.130663011085043079e-02
2.279736042539581398e+00 2.899770692585418530e+00 -7.730456103992344730e-02
2.283840714489534296e+00 2.899475403302695931e+00 -7.202693063301709997e-02
2.287715706860666387e+00 2.899200102273178370e+00 -6.595109991160806595e-02
2.291641558479698748e+00 2.898948672627320367e+00 -5.864515528698076990e-02
2.295601092848458702e+00 2.898731890195733296e+00 -5.085512701870028435e-02
2.299282616171149485e+00 2.898558154842118650e+00 -4.318038715610573314e-02
2.303184822384219288e+00 2.898388450999486388e+00 -3.517911727914516812e-02
2.307070537384070086e+00 2.898271614898781490e+00 -2.732456706773167196e-02
2.311441931568067876e+00 2.898173489274122883e+00 -1.884842689723165154e-02
2.315763437735632202e+00 2.898094852332969928e+00 -1.087150578304015708e-02
2.319426924932874723e+00 2.898082435858874817e+00 -4.969867974763375260e-03
2.323357380809804695e+00 2.898101778356525493e+00 1.483829402718131723e-04
2.327423090665923677e+00 2.898151815054667235e+00 4.464435990270425661e-03
2.327522358159858307e+00 2.898153274688155090e+00 4.564074790671170459e-03
2.331612764821447747e+00 2.898212228332663454e+00 8.638488806605400250e-03
2.335099377815401223e+00 2.898276830756197686e+00 1.229732014642601415e-02
2.338753285562116702e+00 2.898369789028772292e+00 1.601721308274344641e-02
2.342272137935564214e+00 2.898464826419254958e+00 1.947623591863054116e-02
2.345914134454496924e+00 2.898582085450925661e+00 2.261238004411591715e-02
2.349924645091668651e+00 2.898709866906650667e+00 2.595276268738393524e-02
2.353321104365844185e+00 2.898846609280115061e+00 2.870562774134113176e-02
2.356946605182870247e+00 2.899009093363200673e+00 3.126080240728602855e-02
2.360463784492197625e+00 2.899153367004194681e+00 3.436765482985051218e-02
2.363987547549361246e+00 2.899307068473584437e+00 3.783678004671796324e-02
2.374824499365079333e+00 2.899844139663522835e+00 4.840608175571251698e-02
2.378321261527737818e+00 2.900059522001565249e+00 5.174591478853240306e-02
2.381581020163237028e+00 2.900246778869633335e+00 5.440082875041679644e-02
2.384871337309807604e+00 2.900485933896896462e+00 5.620374579236038504e-02
2.387977025093928507e+00 2.900718418202548943e+00 5.683148564468053915e-02
2.390958899088227341e+00 2.900918595923493104e+00 5.551639384000841421e-02
2.394528031965179160e+00 2.901188774769446699e+00 5.346084477573755100e-02
2.398282694433333972e+00 2.901422588246826528e+00 5.185782034791433515e-02
2.402080199094747570e+00 2.901665869599952874e+00 5.161254349365928390e-02
2.405407432433002146e+00 2.901870518180243774e+00 5.275781547950788436e-02
2.409181193673208821e+00 2.902061941314246774e+00 5.550359642925378062e-02
2.412891094488083699e+00 2.902268963098338705e+00 5.927656178207207222e-02
2.412987081052402338e+00 2.902274556224451629e+00 5.938412741448507309e-02
2.416947753671390142e+00 2.902523615720502548e+00 6.374483547389496463e-02
2.420759409666063622e+00 2.902770049762602778e+00 6.816264302160450483e-02
2.424591945860004927e+00 2.903049576816682187e+00 7.204173614316930485e-02
2.427914387297598786e+00 2.903289663268485032e+00 7.528899139752322223e-02
2.431127176969351655e+00 2.903534452272997779e+00 7.809767685888446831e-02
2.434335084805827165e+00 2.903788470874332450e+00 8.125920653147453154e-02
2.437978760901886144e+00 2.904096241615063523e+00 8.510288420587892866e-02
2.438073163147373545e+00 2.904104895941153064e+00 8.519948039802857642e-02
2.441431988348737203e+00 2.904392025580895265e+00 8.841017341262163987e-02
2.444874761191960566e+00 2.904700410761086538e+00 9.159554393155522334e-02
2.448297800844949634e+00 2.905021820420768286e+00 9.471608380866458621e-02
2.451428697950932545e+00 2.905317433478209921e+00 9.745426508006367616e-02
2.455198148126469526e+00 2.905706764112172991e+00 1.006928757085149145e-01
2.458507448148189667e+00 2.906032874675036126e+00 1.038045295892355002e-01
2.462184213943046984e+00 2.906425732711077625e+00 1.073126207500998824e-01
2.465485929921788166e+00 2.906796205535287392e+00 1.103062169703188516e-01
2.469335941903885612e+00 2.907234515866632840e+00 1.136648012395918145e-01
2.469427163856259266e+00 2.907246330149469316e+00 1.137454194666522173e-01
2.472657314133760664e+00 2.907625964029517451e+00 1.165438710487800567e-01
2.475796669348120371e+00 2.908013931731442181e+00 1.192132621629218431e-01
2.478923519577683532e+00 2.908405786354062883e+00 1.218267000987966614e-01
2.482058316183766156e+00 2.908793738395154094e+00 1.246192787852763301e-01
2.485431593808763218e+00 2.909225814644609720e+00 1.276895152338370643e-01
2.489161367278548642e+00 2.909711693171868507e+00 1.310099428349487394e-01
2.492273552122654223e+00 2.910144264118142310e+00 1.336736866815208258e-01
2.495885314183064807e+00 2.910648685108406131e+00 1.366310840497499679e-01
2.499145027337666747e+00 2.911112352888824972e+00 1.392615236597607165e-01
2.502387775888657462e+00 2.911588682573756248e+00 1.418414191056507900e-01
2.505526750001782599e+00 2.912044289993780399e+00 1.443321582353660482e-01
2.509090938878632659e+00 2.912578764741046822e+00 1.472706768237352637e-01
2.512220914325339560e+00 2.913049617536557889e+00 1.498706392993608694e-01
2.515252285020596279e+00 2.913528146025423649e+00 1.523353525386938745e-01
2.518437043244198037e+00 2.914010664577826759e+00 1.549512908116136289e-01
2.521280993078220511e+00 2.914458339388485530e+00 1.572422718874894043e-01
2.524441880563060181e+00 2.914973166065935484e+00 1.597910880159647273e-01
2.527836647664346792e+00 2.915540355569926412e+00 1.624879122393852182e-01
2.530987739297269279e+00 2.916059414797707472e+00 1.649373332604073261e-01
2.534136392494052537e+00 2.916588586900781266e+00 1.674243337514954855e-01
2.536929303248411038e+00 2.917080019028411630e+00 1.696169616770320798e-01
2.540381590828090452e+00 2.917696379257545214e+00 1.722958485306304022e-01
2.543746663602052038e+00 2.918308522414746697e+00 1.748908011265164764e-01
2.547095290384869148e+00 2.918924188395859876e+00 1.774674795061232657e-01
2.550497277491409420e+00 2.919558193880109620e+00 1.800778627339180982e-01
2.553576898574463350e+00 2.920142558682103484e+00 1.823796905300958948e-01
2.557027466959731488e+00 2.920792327027606383e+00 1.850589822336413670e-01
2.559919773221807304e+00 2.921341370177793717e+00 1.872845053959739381e-01
2.563352174296572361e+00 2.921999620057071478e+00 1.899170228831494334e-01
2.563434611790964102e+00 2.922016648773359204e+00 1.899799260804929668e-01
2.566362843427414386e+00 2.922593106040355604e+00 1.921799036079439027e-01
2.569613661999735399e+00 2.923254646569978910e+00 1.945336516177018915e-01
2.572787027011137706e+00 2.923879344816312731e+00 1.969125513461615351e-01
2.575618889800232569e+00 2.924437180592313723e+00 1.990362113342144246e-01
2.578598193184409748e+00 2.925029230244062362e+00 2.013796870309890186e-01
2.581637890685951842e+00 2.925658362646157418e+00 2.037025019814461269e-01
2.581720894097838670e+00 2.925677606329928793e+00 2.037609921418787329e-01
2.584777414990618194e+00 2.926369448128657069e+00 2.052489627896351698e-01
2.584852754879522596e+00 2.926387654774764258e+00 2.052536316591847265e-01
2.592790013954896278e+00 2.928153338902852454e+00 2.000502470081307049e-01
2.592861696319581633e+00 2.928167132271250139e+00 1.999840094933687806e-01
2.595773215923998123e+00 2.928785420922444871e+00 1.977094902915531027e-01
2.598665582460890633e+00 2.929392821227884358e+00 1.977830138516418201e-01
2.601661552860715432e+00 2.929988058725289779e+00 1.987909510838436478e-01
2.604885945587371410e+00 2.930626262832736195e+00 2.009313718948810834e-01
2.608015043254435117e+00 2.931269333528417231e+00 2.038323500238211072e-01
2.610973194638021688e+00 2.931879244997214418e+00 2.068191026872678029e-01
2.613533514456797491e+00 2.932419757399981730e+00 2.092928898068660559e-01
2.616297680585883523e+00 2.933009972775999508e+00 2.118975619051930437e-01
2.619021105251582604e+00 2.933599773656323961e+00 2.141070877531666417e-01
2.621921610782579126e+00 2.934236289405597109e+00 2.165044479003901401e-01
2.624670471013049955e+00 2.934847003232818441e+00 2.186973106607062456e-01
2.627629120091787396e+00 2.935505788368634850e+00 2.209889114951601174e-01
2.630339560094156148e+00 2.936112862051355243e+00 2.231354939658835024e-01
2.633181188979117238e+00 2.936765033201622632e+00 2.253353789135066620e-01
2.635864221663878126e+00 2.937379595871098648e+00 2.274224357145602504e-01
2.638616818877112635e+00 2.938022393469049920e+00 2.295382103623992698e-01
2.641585681013755682e+00 2.938714829139845275e+00 2.317669721655446491e-01
2.644314287965285892e+00 2.939365724257569923e+00 2.338276458809822600e-01
2.647192548204934326e+00 2.940049079063968840e+00 2.359752485620827678e-01
2.649876572395499785e+00 2.940695262398837606e+00 2.380754415819892611e-01
2.653004935642146123e+00 2.941468368367226027e+00 2.405199085561636196e-01
2.655747840510811919e+00 2.942140449381103640e+00 2.427474320522641227e-01
2.658447050220784202e+00 2.942810934486058905e+00 2.448368949311898746e-01
2.661008147733555429e+00 2.943460076404356141e+00 2.467172748069117461e-01
2.663511648942637144e+00 2.944105811671785311e+00 2.484246486357252481e-01
2.666085042219267898e+00 2.944776173794291019e+00 2.501669510587752332e-01
2.668414734867028404e+00 2.945369757528251586e+00 2.518396318517645005e-01
2.671090371521706253e+00 2.946072067975515463e+00 2.537592929664816421e-01
2.673685677940638161e+00 2.946752986544959985e+00 2.556515594394669355e-01
2.676211060790131935e+00 2.947423478978652422e+00 2.574766861268772411e-01
2.678654209278917619e+00 2.948083577462430771e+00 2.592808354721218844e-01
2.681134501296101202e+00 2.948754146221097105e+00 2.609982154034843349e-01
2.683817735618027722e+00 2.949488825954012405e+00 2.628126616777687885e-01
2.683888638457530895e+00 2.949506417835161987e+00 2.628588222687329168e-01
2.686222789231911712e+00 2.950150489741998783e+00 2.644287909980640450e-01
2.688748751486405020e+00 2.950847697501078226e+00 2.661957266233810904e-01
2.691520773022412882e+00 2.951622458910483360e+00 2.676887977084432824e-01
2.693983339467459714e+00 2.952378751245092747e+00 2.669752863170162249e-01
2.696164465633856366e+00 2.953020594527499210e+00 2.639117344593544523e-01
2.696220444087325419e+00 2.953036328843038572e+00 2.638212503697329736e-01
2.698505998708076170e+00 2.953676485038301713e+00 2.607843687045302006e-01
2.701029119149493951e+00 2.954400235334560865e+00 2.585094860835775443e-01
2.703361454578139700e+00 2.955097903275575089e+00 2.572035034383284846e-01
2.705449193592428969e+00 2.955671230909926894e+00 2.571355681338616805e-01
2.707875138744337384e+00 2.956317409081430370e+00 2.579873924606749802e-01
2.710245719927568242e+00 2.956936596949386598e+00 2.592367366484731872e-01
2.712736973807879259e+00 2.957596183373325083e+00 2.609132382992052079e-01
2.715207288591299672e+00 2.958250886659033796e+00 2.628046270127798456e-01
2.717826113081224459e+00 2.958962198896390561e+00 2.649205595373915201e-01
2.717889564276633863e+00 2.958979736072085309e+00 2.649766214780392981e-01
2.720218210706576656e+00 2.959614348933650163e+00 2.668915597162920816e-01
2.722592842064219809e+00 2.960270157179984096e+00 2.689058992193071873e-01
2.724958567996859760e+00 2.960914475323196182e+00 2.708957656182428009e-01
2.727314797072701413e+00 2.961570723394502558e+00 2.728122425406041551e-01
2.729718383695872497e+00 2.962243319100790195e+00 2.746912963119768070e-01
2.732154964742479208e+00 2.962934030079898751e+00 2.765460510266955496e-01
2.732278831964557675e+00 2.962968896843504840e+00 2.766403094869686607e-01
2.734565083259532514e+00 2.963619072807630594e+00 2.783267887421985165e-01
2.737141723293524009e+00 2.964356517471193886e+00 2.802568334255427507e-01
2.739704046852869723e+00 2.965093658242479613e+00 2.821648247683636312e-01
2.741984776434383875e+00 2.965755000194485458e+00 2.837776005821792125e-01
2.744402757861017506e+00 2.966463834199148497e+00 2.856479357760475790e-01
2.744464648661233852e+00 2.966480471745974512e+00 2.856920277910046657e-01
2.746942618868378538e+00 2.967215483907874596e+00 2.875583690922354774e-01
2.747005003902077469e+00 2.967231517553034603e+00 2.876046395697166580e-01
2.749100988430518200e+00 2.967851594649793867e+00 2.892274515358179698e-01
2.751374391244134632e+00 2.968529638400250192e+00 2.909745263730398879e-01
2.753641191660316068e+00 2.969210075958182760e+00 2.926617525465021186e-01
2.753701003387771351e+00 2.969225557988981024e+00 2.927067344193964860e-01
2.755874644665822437e+00 2.969883672921845630e+00 2.941994888099904171e-01
2.758282135637430521e+00 2.970623693508419816e+00 2.958026728139093176e-01
2.758340156956884393e+00 2.970639900934424205e+00 2.958385664394345138e-01
2.760503590223044590e+00 2.971298803704126357e+00 2.973150894356922369e-01
2.762885706658690044e+00 2.972035929407463861e+00 2.990270203625407519e-01
2.764942107710126606e+00 2.972683872449947806e+00 3.004984251478089452e-01
2.770959305401896611e+00 2.974556497484825091e+00 3.054733118317209950e-01
2.772947815492677215e+00 2.975186024958659914e+00 3.071421626796866922e-01
2.773003780470616242e+00 2.975203467273385805e+00 3.071878084683385968e-01
2.775078396005314474e+00 2.975870505954277156e+00 3.085122789386883224e-01
2.777093835473369854e+00 2.976569559905351436e+00 3.078356633460476166e-01
2.778509539601783818e+00 2.977080040129047589e+00 3.056884060692436345e-01
2.780236229104875445e+00 2.977616910806168971e+00 3.000059971171264994e-01
2.782091832936190112e+00 2.978238427976720892e+00 2.941717171195194491e-01
2.784076903605115838e+00 2.978918519592800962e+00 2.894950680586036440e-01
2.786204304618458139e+00 2.979609732573818892e+00 2.868130220708187128e-01
2.788123894231036903e+00 2.980181851734048593e+00 2.865429378455265352e-01
2.790241181980688712e+00 2.980796707379682609e+00 2.880873022814521844e-01
2.792425763917590675e+00 2.981441481111971825e+00 2.905285284547322600e-01
2.794402252175711254e+00 2.982033078363103051e+00 2.930014472996507191e-01
2.796465069998202768e+00 2.982653126100811125e+00 2.957463113304962254e-01
2.798365554343181127e+00 2.983237396336676728e+00 2.980004958322519659e-01
2.800231370635910544e+00 2.983813476400340559e+00 3.000066860003358094e-01
2.802122249484150451e+00 2.984399185058146386e+00 3.015148012851095460e-01
2.804125782739133044e+00 2.985019416538131853e+00 3.029820829068304300e-01
2.804176631071139347e+00 2.985035667081501032e+00 3.030181099086560748e-01
2.806004540580172790e+00 2.985608204873986704e+00 3.044903614839911121e-01
2.807903774829830112e+00 2.986206356718195565e+00 3.059729154524666317e-01
2.809734950791211716e+00 2.986781139202995927e+00 3.073433326270902377e-01
2.811497294369361022e+00 2.987350157881582202e+00 3.086602610567339422e-01
2.813104083223790131e+00 2.987855874462087780e+00 3.100050952408218152e-01
2.814780859135469271e+00 2.988397111703771980e+00 3.114836809941788354e-01
2.816531542276104361e+00 2.988959334337482510e+00 3.130504397688342322e-01
2.818455493619579144e+00 2.989589957542583942e+00 3.144070645005536124e-01
2.818502551992454030e+00 2.989605606427492734e+00 3.144416219628565767e-01
2.820359919409309413e+00 2.990212382094531218e+00 3.158625344009830527e-01
2.822112906110720409e+00 2.990786024952209132e+00 3.172022619910930263e-01
2.824100320068375858e+00 2.991437917725004336e+00 3.186746417636787121e-01
2.825980628349586521e+00 2.992062609313366206e+00 3.199476388609634459e-01
2.826030709920264172e+00 2.992077633972936024e+00 3.199759476761996346e-01
2.827986379924360971e+00 2.992720821222516037e+00 3.216539241412507133e-01
2.829727108270459368e+00 2.993303124634763890e+00 3.233464307735754439e-01
2.831628857778224706e+00 2.993943944077384955e+00 3.253322701863816668e-01
2.833475197622054687e+00 2.994563088926212924e+00 3.269296448848797443e-01
2.833520521432942640e+00 2.994579800350308130e+00 3.269689935060379748e-01
2.835336455022432478e+00 2.995195355425639860e+00 3.285615928568781374e-01
2.837297591015450315e+00 2.995870099141238807e+00 3.301764007606537432e-01
2.838739021869648660e+00 2.996367599554249139e+00 3.313498108387197827e-01
2.840357754713280780e+00 2.996936947315019584e+00 3.324594501262509438e-01
2.841898073907098698e+00 2.997476452065050978e+00 3.335223878760747995e-01
2.843489974644954899e+00 2.998032503319618680e+00 3.347064115932479877e-01
2.844955431244647670e+00 2.998564347748344350e+00 3.355952324219821370e-01
2.846433947960512967e+00 2.999085696601064388e+00 3.366119666827140922e-01
2.847990134096104242e+00 2.999650820427603559e+00 3.375975054700224298e-01
2.849442049374177444e+00 3.000160351346329524e+00 3.387028152505452416e-01
2.850909487526288366e+00 3.000681209135136474e+00 3.398577417572563042e-01
2.852513091013424429e+00 3.001295384052161008e+00 3.403591007365903698e-01
2.853787053322497158e+00 3.001768994786875311e+00 3.386711808905848997e-01
2.854600006892617170e+00 3.002086363599566265e+00 3.353354348887820913e-01
2.855530639995717213e+00 3.002483428189081316e+00 3.290632882805533677e-01
2.856689483968890997e+00 3.002901556796476523e+00 3.219239388719722372e-01
2.858047613984561863e+00 3.003417992256172564e+00 3.149580873910018397e-01
2.859549915989124891e+00 3.003955332822159541e+00 3.098520769613712367e-01
2.861143900617218794e+00 3.004518794118981706e+00 3.070793717750179841e-01
2.862756874302640142e+00 3.005024793685380224e+00 3.067963060364830574e-01
2.862797567785564823e+00 3.005038458140476987e+00 3.068112206125440111e-01
2.864316437456673192e+00 3.005521888605072522e+00 3.082914956686350627e-01
2.865826223708320075e+00 3.006000195913433704e+00 3.108328686517409789e-01
2.867389159728966241e+00 3.006506223971486591e+00 3.135259640877282039e-01
2.867430633539922002e+00 3.006517731260957671e+00 3.135893593974889426e-01
2.868966633230018992e+00 3.007021486161618018e+00 3.155803072561758071e-01
2.870286248542796237e+00 3.007445635577578713e+00 3.170302140383798872e-01
2.871658347151821555e+00 3.007898574054977736e+00 3.185840150385933489e-01
2.873308038874893722e+00 3.008446651885634981e+00 3.203178322060852290e-01
2.874703174748979517e+00 3.008908403546395327e+00 3.216161810699743051e-01
2.876172378132354268e+00 3.009397924849661621e+00 3.229568519674035909e-01
2.877549225248519082e+00 3.009856093821267287e+00 3.241648866442618515e-01
2.879019573685972944e+00 3.010347910365168023e+00 3.257850785505607694e-01
2.880318231933584716e+00 3.010787484602478692e+00 3.281433150782486208e-01
2.881789241857537043e+00 3.011291922600332516e+00 3.309448856553912632e-01
2.883314549187155684e+00 3.011817076907132407e+00 3.333671689326360710e-01
2.884813482337737156e+00 3.012331733495860586e+00 3.350797466554215620e-01
2.886177743543323793e+00 3.012808454449368512e+00 3.361217279910717615e-01
2.890154489522935410e+00 3.014239533692547823e+00 3.383903246052560321e-01
2.891386335224237936e+00 3.014676329004668975e+00 3.392224590430695241e-01
2.892820538422643750e+00 3.015206254593232771e+00 3.397271175596683346e-01
2.894437968070432632e+00 3.015775598164736948e+00 3.401162876351346842e-01
2.896071684107823785e+00 3.016335634303914048e+00 3.412030296462362777e-01
2.897619515313191840e+00 3.016877986736126616e+00 3.431167941941605792e-01
2.899345589843128845e+00 3.017497150176020604e+00 3.475253833436297013e-01
2.900866790665231676e+00 3.018051774195088743e+00 3.528768894157772174e-01
2.902458463968331515e+00 3.018654923876757046e+00 3.588389242675466551e-01
2.904059296700120640e+00 3.019267917812301416e+00 3.656067204631116563e-01
2.905704169078728416e+00 3.019900932111479364e+00 3.740671894008942844e-01
2.907186529192081981e+00 3.020485910446940370e+00 3.818807208725922275e-01
