7.503363610791988769e-01 1.499972528578784825e+00 -1.347693201676737282e-04
7.504682326421180383e-01 1.499957653917958433e+00 -1.750696065776999072e-04
7.514789081673000082e-01 1.499982116912820906e+00 -1.011379290855001943e-03
7.548681158285550641e-01 1.499992174904544839e+00 -4.162172375879921379e-03
7.609161295998557728e-01 1.500002445396038775e+00 -7.519731098154287634e-03
7.668556715165382176e-01 1.500011776884851766e+00 -9.823641263019836090e-03
7.741379242926050841e-01 1.499940192663070215e+00 -1.055416685303020401e-02
7.743205021806265353e-01 1.499936576118185094e+00 -1.054334785744301915e-02
7.816947398522043899e-01 1.499848831353538081e+00 -8.151474732957731534e-03
7.880334110748321574e-01 1.499816042051331566e+00 -3.949144458133726186e-03
7.949863951582611943e-01 1.499794736144673735e+00 2.269727596353145280e-03
8.007763044278822795e-01 1.499823154545177450e+00 8.290152268698490826e-03
8.068417940322821780e-01 1.499887163498536014e+00 1.487821258003490556e-02
8.132382692634368970e-01 1.500001289673707827e+00 2.144266878775574411e-02
8.196522754050331594e-01 1.500151279747178990e+00 2.744270454989947150e-02
8.266229332031819199e-01 1.500360445618752259e+00 3.408083287994799482e-02
8.325882850945542923e-01 1.500568804534704759e+00 4.031147732396773292e-02
8.389213962616787201e-01 1.500848865320703940e+00 4.624527713614402097e-02
8.455252395085243178e-01 1.501168013147428315e+00 5.215103602179930325e-02
8.523526635537728158e-01 1.501555353548976735e+00 5.785654375105135638e-02
8.525194177508391702e-01 1.501566855399114164e+00 5.800038284546065598e-02
8.589202892399689926e-01 1.501942702075016456e+00 6.328288331606608808e-02
8.646140917947727766e-01 1.502310275267707551e+00 6.787759744521683347e-02
8.712670589821969180e-01 1.502775472798916434e+00 7.357777214573871238e-02
8.775655587252977341e-01 1.503252849964270998e+00 7.908009154791786899e-02
8.836163626560812334e-01 1.503743945091023049e+00 8.456632355181423200e-02
8.899847666548728053e-01 1.504301947232751235e+00 9.023019677389350346e-02
8.960209850348711536e-01 1.504869872149364074e+00 9.540765103223389221e-02
9.018203747451432051e-01 1.505427514401476818e+00 1.006167716760934944e-01
9.074562823127313438e-01 1.506012880467259452e+00 1.057295302201307075e-01
9.076156620696044230e-01 1.506027172116017887e+00 1.058790124075136285e-01
9.133473478512059707e-01 1.506659604082983384e+00 1.110929029286961828e-01
9.202039093596605657e-01 1.507442891755298886e+00 1.169896872088198175e-01
9.261108283975048039e-01 1.508162740193613294e+00 1.220598555242949496e-01
9.315200025779970527e-01 1.508841462072587847e+00 1.268186896066448577e-01
9.373652163822974170e-01 1.509593603062891587e+00 1.318562270559856253e-01
9.433505291867142484e-01 1.510389104027336060e+00 1.370514959813653733e-01
9.435082904912515112e-01 1.510411321642655347e+00 1.371867649881191864e-01
9.489007778936761062e-01 1.511168027252048907e+00 1.424928630029323184e-01
9.540189797274214456e-01 1.511919109160067887e+00 1.473783278231355631e-01
9.593970591311775653e-01 1.512721700055935203e+00 1.527238338159331854e-01
9.655593975295784226e-01 1.513702189343030025e+00 1.583852126621486112e-01
9.657142747607745381e-01 1.513725792976405859e+00 1.585233786363902109e-01
9.711027585614814273e-01 1.514610807302856355e+00 1.633593199730231094e-01
9.712528824406589933e-01 1.514632689410988275e+00 1.635068107851549435e-01
9.767075883893647781e-01 1.515535837362708582e+00 1.687567768095474541e-01
9.830549902259727579e-01 1.516638792418622428e+00 1.750017680939163767e-01
9.886424221274736635e-01 1.517647502733600051e+00 1.801071032773453040e-01
9.948214552130731914e-01 1.518801397072034653e+00 1.856800917279460561e-01
9.949698717032963158e-01 1.518832384187696505e+00 1.858219700321831480e-01
1.000336007989222953e+00 1.519834168887558068e+00 1.910120102422901700e-01
1.005700140793089670e+00 1.520898222680838074e+00 1.962856655652699400e-01
1.010711394331775148e+00 1.521891949200200100e+00 2.011380059711799229e-01
1.023872693024055369e+00 1.524655527652267084e+00 2.141100741245831329e-01
1.029256298369437106e+00 1.525838429770498994e+00 2.194834459326457932e-01
1.034908333343619535e+00 1.527115982680718576e+00 2.252429995450912770e-01
1.039658764582995554e+00 1.528207916686696866e+00 2.304755940097168443e-01
1.045106809745069754e+00 1.529501467619907906e+00 2.366130970408515111e-01
1.050889466668898375e+00 1.530906992159408508e+00 2.435987404862643424e-01
1.051030029264903742e+00 1.530941492226023160e+00 2.437765613720142277e-01
1.056506993825883978e+00 1.532334580177892702e+00 2.499006872859145800e-01
1.062073213838971686e+00 1.533764264880472350e+00 2.557849443324984873e-01
1.066896750214795464e+00 1.535046647501498107e+00 2.608954856222467367e-01
1.071443844127862866e+00 1.536270894737322923e+00 2.657592090542696406e-01
1.076519559752802335e+00 1.537668140975283260e+00 2.713206411333495272e-01
1.081294977799845292e+00 1.538999720719872455e+00 2.765908057254306551e-01
1.086053176536542875e+00 1.540384851669873711e+00 2.816259088900439078e-01
1.090505587736106508e+00 1.541657043786978987e+00 2.862892889218834336e-01
1.094938798587760553e+00 1.542966907682766564e+00 2.909341808907843774e-01
1.099600997241710232e+00 1.544380996626669056e+00 2.960920023760845732e-01
1.104392261216340820e+00 1.545852029729209098e+00 3.013810154215665893e-01
1.109312899130063812e+00 1.547401042721166631e+00 3.068353175791093124e-01
1.109578835234340310e+00 1.547478379979117635e+00 3.071304227692122635e-01
1.114299891420027500e+00 1.548978181623317463e+00 3.123873699911016155e-01
1.119120206103950244e+00 1.550539867932027027e+00 3.176298699315299179e-01
1.124204164380615545e+00 1.552231670006271269e+00 3.231370885424890149e-01
1.128756445623137372e+00 1.553745234330281111e+00 3.283642359676590683e-01
1.133523899838664750e+00 1.555409548996242508e+00 3.342870569879095588e-01
1.138405257571047935e+00 1.557108752483282288e+00 3.401498060521218614e-01
1.142878913788023310e+00 1.558716332548267136e+00 3.452454157396313006e-01
1.147839026542800678e+00 1.560498647187438248e+00 3.508845228347610146e-01
1.152248690641261009e+00 1.562126655449796342e+00 3.560545500195265722e-01
1.156662178465625468e+00 1.563771654750427675e+00 3.612911940901706309e-01
1.161010032041539519e+00 1.565421383074935502e+00 3.662669273755602695e-01
1.165087276763839386e+00 1.566992490318000586e+00 3.708403355682203806e-01
1.169625858092381065e+00 1.568763025305469405e+00 3.760792170804475032e-01
1.174285260362004202e+00 1.570606065388689077e+00 3.814999838415276123e-01
1.179183176382584408e+00 1.572581505055570261e+00 3.872813130133072601e-01
1.183906710742526069e+00 1.574531421296336609e+00 3.929398014106759707e-01
1.188715611436161668e+00 1.576534106814790004e+00 3.986546340114237030e-01
1.192902808641648438e+00 1.578319113827149955e+00 4.034031095338795891e-01
1.196953930317880443e+00 1.580062039561093146e+00 4.083509201485061579e-01
1.201104506326161836e+00 1.581867325708760541e+00 4.136043447477921187e-01
1.205479358052775174e+00 1.583784933370891546e+00 4.193208283855656693e-01
1.209886528223920843e+00 1.585773271086186709e+00 4.248906872372018029e-01
1.214193898299172458e+00 1.587737077516292228e+00 4.300528772140367328e-01
1.218362759671611339e+00 1.589671798923372625e+00 4.350386266781839373e-01
1.222602797095911020e+00 1.591656585244107580e+00 4.401647038622641395e-01
1.222717030724099319e+00 1.591710838278297180e+00 4.403039312324382726e-01
1.226588746006664676e+00 1.593546796387491415e+00 4.451061624348378043e-01
1.230453843919845580e+00 1.595390653580751161e+00 4.499073248974390093e-01
1.234628622157081246e+00 1.597428458665107520e+00 4.548861009460077320e-01
1.238551945563003409e+00 1.599376215934623424e+00 4.594576735893566299e-01
1.242357537145017288e+00 1.601275563286845394e+00 4.639956957933821791e-01
1.245920811735033995e+00 1.603077332731875249e+00 4.683039902477149630e-01
1.250565150690145177e+00 1.605428816210436871e+00 4.742524367289418508e-01
1.254507715334329365e+00 1.607460606238492629e+00 4.796182755782408824e-01
1.258334707962843080e+00 1.609485591484581812e+00 4.844597822800745801e-01
1.262708586269030375e+00 1.611806804636112034e+00 4.897190250843803105e-01
1.262817991222921599e+00 1.611865366312167591e+00 4.898512098890193123e-01
1.267146031697401920e+00 1.614192921690903670e+00 4.951923157868277636e-01
1.271016391298454895e+00 1.616296000205808880e+00 5.000974077720400368e-01
1.275278884905976406e+00 1.618647800057437802e+00 5.055005552525239088e-01
1.275385178100595152e+00 1.618706149134229166e+00 5.056377221077625883e-01
1.279737185528422749e+00 1.621126414229156376e+00 5.110219185994536728e-01
1.283962428948233647e+00 1.623506603323759512e+00 5.161660557926950332e-01
1.287945207015045668e+00 1.625796072651244151e+00 5.209960602520311568e-01
1.292016695114844405e+00 1.628143809783393792e+00 5.260149705696641753e-01
1.295851771621365556e+00 1.630375848150040108e+00 5.309803789620325398e-01
1.305262497595667925e+00 1.635986628934203102e+00 5.434643099592307847e-01
1.309059859602320408e+00 1.638287636630902711e+00 5.485302797750791770e-01
1.312908488747551061e+00 1.640666832676104248e+00 5.533314800621763618e-01
1.316935615498652901e+00 1.643171036162196286e+00 5.582996465490589477e-01
1.321114731938539233e+00 1.645807492946334216e+00 5.634932299943542500e-01
1.321215734266499631e+00 1.645870838604015285e+00 5.636117556933185613e-01
1.324877740759140998e+00 1.648209577429025297e+00 5.681462757689599297e-01
1.328944204161633724e+00 1.650804377046917626e+00 5.733544229312647067e-01
1.332298925341356188e+00 1.652994374903163921e+00 5.775712819223729477e-01
1.336436433230768772e+00 1.655675879103445380e+00 5.827544095546239866e-01
1.336633039589018690e+00 1.655805247337705177e+00 5.829882095604511649e-01
1.340031658968196648e+00 1.658042618732187279e+00 5.873303389227968463e-01
1.343617744036290418e+00 1.660434389170307723e+00 5.918831042452584734e-01
1.347460238008620914e+00 1.663035661564786327e+00 5.967350842519913989e-01
1.350816316057887434e+00 1.665306745043761305e+00 6.010643010292250343e-01
1.354337684013109833e+00 1.667738501249574901e+00 6.055194420604824712e-01
1.358015170211929634e+00 1.670309895671510114e+00 6.099920439269531647e-01
1.361870511996564392e+00 1.673004200516212236e+00 6.145885097174832445e-01
1.365244661643046475e+00 1.675388573802712111e+00 6.186434900216603028e-01
1.368785178088306687e+00 1.677931719215430606e+00 6.229673104415747176e-01
1.372408355656365320e+00 1.680525473395845015e+00 6.276202811120614733e-01
1.376204658981292628e+00 1.683295056249571875e+00 6.324937411622899575e-01
1.379537124239468060e+00 1.685724372525518877e+00 6.367720351596554140e-01
1.382918939216171372e+00 1.688221068598791952e+00 6.409274258659101164e-01
1.386247736069299741e+00 1.690729461443399861e+00 6.448920045820395464e-01
1.389656598062972481e+00 1.693313830563464517e+00 6.489817712787258053e-01
1.393155657040165529e+00 1.695977781307022703e+00 6.531510603188187547e-01
1.396527727191076540e+00 1.698585698524968324e+00 6.572624395681464504e-01
1.396618972106592249e+00 1.698653749080133890e+00 6.573700034711488227e-01
1.400164162810736412e+00 1.701388121910566653e+00 6.617231363683426792e-01
1.403720963276413158e+00 1.704148712306267743e+00 6.660871648318188454e-01
1.406970821916015968e+00 1.706703952830612492e+00 6.701322770657500705e-01
1.410113196626261667e+00 1.709212462861201098e+00 6.738815051576985127e-01
1.413167917073242519e+00 1.711651887430720054e+00 6.774962651587610463e-01
1.416017633024053257e+00 1.713949031785032551e+00 6.809150105865705571e-01
1.418951324552210069e+00 1.716325842091114495e+00 6.844702667491859849e-01
1.422366123549580141e+00 1.719154862649991511e+00 6.885191010088352881e-01
1.426008155754694418e+00 1.722183785661858924e+00 6.927886607264316376e-01
1.428818653566876318e+00 1.724519923976462144e+00 6.960729947307721099e-01
1.431782361607403020e+00 1.727020660005740504e+00 6.993689376274944136e-01
1.434950098069395441e+00 1.729717694041487785e+00 7.028707361556304489e-01
1.438631893290549080e+00 1.732844266325548999e+00 7.070910552240499136e-01
1.441480216376733292e+00 1.735268156289821340e+00 7.104558793412316664e-01
1.444478457174476649e+00 1.737851066144308065e+00 7.139900136739971703e-01
1.447957788677808999e+00 1.740849544563406015e+00 7.180989747514547883e-01
1.451164649510557236e+00 1.743656627841494666e+00 7.218625089284923524e-01
1.454253305182838130e+00 1.746419753700736877e+00 7.253983908099482791e-01
1.457508361145964715e+00 1.749302334210553811e+00 7.289985435972671235e-01
1.460415970384896456e+00 1.751928736889670102e+00 7.321370297729967724e-01
1.463452646750882602e+00 1.754700534600645900e+00 7.353699802078939030e-01
1.463530805592543338e+00 1.754771190343111353e+00 7.354542398477327270e-01
1.466242874500069515e+00 1.757262722904842089e+00 7.384129542491664200e-01
1.469200607799983516e+00 1.759956947786664117e+00 7.416921199092546546e-01
1.472318689759745780e+00 1.762806395200509524e+00 7.452015698711574876e-01
1.472399147025400978e+00 1.762880004727183092e+00 7.452927243448067562e-01
1.475396589258264779e+00 1.765668078017171183e+00 7.486154143955100482e-01
1.478148570767276571e+00 1.768252033978603865e+00 7.515879419632416347e-01
1.481202147437715055e+00 1.771121775778918384e+00 7.547701814632508110e-01
1.484412808500002345e+00 1.774147689304466757e+00 7.580456834763419360e-01
1.487510603926512243e+00 1.777113755567314879e+00 7.612015170296180244e-01
1.490364261971039106e+00 1.779870467405342493e+00 7.640763548909434988e-01
1.493199612298125256e+00 1.782631837863629443e+00 7.670270623833400636e-01
1.493277056074082454e+00 1.782705279079645821e+00 7.671070716984428328e-01
1.496434095196987890e+00 1.785770362599256700e+00 7.703990305440843178e-01
1.499184951734706672e+00 1.788479373989971144e+00 7.732637340132125781e-01
1.505920207024399105e+00 1.795132542482822613e+00 7.802843901950275995e-01
1.508637521306360529e+00 1.797849721465754502e+00 7.831072380016813606e-01
1.511705949743423982e+00 1.800949781932635663e+00 7.860674224626365003e-01
1.514381176398317930e+00 1.803672060696438262e+00 7.885706812573779478e-01
1.517351125564804004e+00 1.806702676017543086e+00 7.914006257965350288e-01
1.520109191675024896e+00 1.809502381259117998e+00 7.940550669963963859e-01
1.523143932140887724e+00 1.812620936168494401e+00 7.969257576946051636e-01
1.526158945454212379e+00 1.815742543506488671e+00 7.997225480472186510e-01
1.528943126407280584e+00 1.818642934817627843e+00 8.023048479096416274e-01
1.531714144250035936e+00 1.821544951647715127e+00 8.048231453338211550e-01
1.531860135174856197e+00 1.821695703843866809e+00 8.049464598640652113e-01
1.534648755802236364e+00 1.824601637262373011e+00 8.074221592013008930e-01
1.537186738949552156e+00 1.827270798155194331e+00 8.096451296713048640e-01
1.539711588279190524e+00 1.829946073134130380e+00 8.118368089618795969e-01
1.542323359993003073e+00 1.832706792079796143e+00 8.141977761786943768e-01
1.544987286253001635e+00 1.835551549526742487e+00 8.165716959384106133e-01
1.548092135043947160e+00 1.838853611782484077e+00 8.193739888876174771e-01
1.550944309006998534e+00 1.841951048851935280e+00 8.218428763303936568e-01
1.553846454861691928e+00 1.845119519458228385e+00 8.243426798828176194e-01
1.553918294784486509e+00 1.845194484170902260e+00 8.244037059081866792e-01
1.556733683569382798e+00 1.848285664422491870e+00 8.266732137289823923e-01
1.556804809148418123e+00 1.848363502393878921e+00 8.267285545231582988e-01
1.559273661902652819e+00 1.851067446720260135e+00 8.287250184424594934e-01
1.562245175958000054e+00 1.854308970000695389e+00 8.311505898043662910e-01
1.562316134866283290e+00 1.854387182156589375e+00 8.312039947731707512e-01
1.564846453391540271e+00 1.857196848520793697e+00 8.332461503620233190e-01
1.567784990651646115e+00 1.860455772061206492e+00 8.356777765536842484e-01
1.570157412511774098e+00 1.863102015691890934e+00 8.376168364497755814e-01
1.572670240118330787e+00 1.865900546315798714e+00 8.396438704712702039e-01
1.575255542341291726e+00 1.868785033420061081e+00 8.417131935616563032e-01
1.578026497696447983e+00 1.871899096200561052e+00 8.438775955732197298e-01
1.578096509173633200e+00 1.871978816345372998e+00 8.439324424860580320e-01
1.580637309071457164e+00 1.874864493378473940e+00 8.458434643710925904e-01
1.583055299401947558e+00 1.877598298856474335e+00 8.476160848864133790e-01
1.585443607866221516e+00 1.880345219750561014e+00 8.492997632783398920e-01
1.588125158777945245e+00 1.883395139662300544e+00 8.512707625901767550e-01
1.590442581162369917e+00 1.886069545899901057e+00 8.529987083675899529e-01
1.592892276624989112e+00 1.888893737942027640e+00 8.547561611513802005e-01
1.592961269420047454e+00 1.888975887237029694e+00 8.548081368798218227e-01
1.595748173494080824e+00 1.892193385120030324e+00 8.567851785862869995e-01
1.597972357374990660e+00 1.894797554952982965e+00 8.583459778562152476e-01
1.600262344707787054e+00 1.897482373167297176e+00 8.598730843617914399e-01
1.602755645643287430e+00 1.900421798236156423e+00 8.615009256347996303e-01
1.605302854027929271e+00 1.903421919080069413e+00 8.631810032988629366e-01
1.607778079097524682e+00 1.906354086864814557e+00 8.648203634402820139e-01
1.610341054690993534e+00 1.909371838691009682e+00 8.665320598310738420e-01
1.612670009926082448e+00 1.912152677169724146e+00 8.680522933634895466e-01
1.615146112573635495e+00 1.915081737609875212e+00 8.696595616670117490e-01
1.617736399095093702e+00 1.918172181027088863e+00 8.712871129308003004e-01
1.620193527526508914e+00 1.921120358212255796e+00 8.727663633291925516e-01
1.622500789157733880e+00 1.923905675322579389e+00 8.741343603310607335e-01
1.624723944254251595e+00 1.926608237647061017e+00 8.754619536464238738e-01
1.626838091822018217e+00 1.929154295638420891e+00 8.766410861471037874e-01
1.626904509008725963e+00 1.929235298800205722e+00 8.766757044689279521e-01
1.629597504943963937e+00 1.932523789989974539e+00 8.782448744690041220e-01
1.629662065982607544e+00 1.932600915998075486e+00 8.782817616553901807e-01
1.631811987775083850e+00 1.935236284929946926e+00 8.795163722640565451e-01
1.634172799478491367e+00 1.938116836814664845e+00 8.808586048493620702e-01
1.636633817758358145e+00 1.941168946547444429e+00 8.822436789291548953e-01
1.639173301531553051e+00 1.944272242124918559e+00 8.836325475552082587e-01
1.641857149265488314e+00 1.947555253645917972e+00 8.850516298242864233e-01
1.644184728901014969e+00 1.950441348484893922e+00 8.862050576523328171e-01
1.646821644766350845e+00 1.953738645327222745e+00 8.874694488870146225e-01
1.649267072297880388e+00 1.956776368255525700e+00 8.886740043508222220e-01
1.655722303320213751e+00 1.964803413442622215e+00 8.919523292212636623e-01
1.658028891036726460e+00 1.967699493429732271e+00 8.930599063763321466e-01
1.660208099277268090e+00 1.970438787080089904e+00 8.940284788958421380e-01
1.662374397738350496e+00 1.973164888679959761e+00 8.950018225254265936e-01
1.664469922943777158e+00 1.975821269218944964e+00 8.958915454586787730e-01
1.666558148803705119e+00 1.978475011961349228e+00 8.967390747708771093e-01
1.669177523411347064e+00 1.981772381507345138e+00 8.978449912120292087e-01
1.671704604846642406e+00 1.984996345253598582e+00 8.988688306708657594e-01
1.674122668181488027e+00 1.988054180838727980e+00 8.998782436733022694e-01
1.676720936796290529e+00 1.991362884718657300e+00 9.008689591579592815e-01
1.679167684990579223e+00 1.994513126093657940e+00 9.017662656022603640e-01
1.681908983503829669e+00 1.997978892294784981e+00 9.027822647690695312e-01
1.684289447493872327e+00 2.001049072270348894e+00 9.036312052885278057e-01
1.686931168142338011e+00 2.004462865732322907e+00 9.044790655433073701e-01
1.689325594916737394e+00 2.007520673142940026e+00 9.053067246226611520e-01
1.691394244651137413e+00 2.010210590284550847e+00 9.060052688415025646e-01
1.693575818980256109e+00 2.013041400721904850e+00 9.067470154465120391e-01
1.695890044040521349e+00 2.016032268144220208e+00 9.074540524945036157e-01
1.698341358224060516e+00 2.019186678495298093e+00 9.082012633317213535e-01
1.700882624670391419e+00 2.022499318185032369e+00 9.089359315745028089e-01
1.700944443215291813e+00 2.022583258911672566e+00 9.089545977734186932e-01
1.703302477647313573e+00 2.025655625360827994e+00 9.096066446663285676e-01
1.705838181232707251e+00 2.028967633854673380e+00 9.102880097860434061e-01
1.708130786619816543e+00 2.031977423407458794e+00 9.109382632265633495e-01
1.710247912255311586e+00 2.034726105422524078e+00 9.115339247603697626e-01
1.712470886209268794e+00 2.037651690392859205e+00 9.121250223332317830e-01
1.714501392778298161e+00 2.040316233835635096e+00 9.126291271801322269e-01
1.716719150011133177e+00 2.043234498459484350e+00 9.131055405707048100e-01
1.719048724419635743e+00 2.046300561258353135e+00 9.135949484830484524e-01
1.721645560853688917e+00 2.049707175312728502e+00 9.140852479475419790e-01
1.723854078397875522e+00 2.052621033189405697e+00 9.144497856507912692e-01
1.725959090927670969e+00 2.055385680742813470e+00 9.147656855325174696e-01
1.728598976969104584e+00 2.058871221296005416e+00 9.152431847476565352e-01
1.728661240169939273e+00 2.058953621732160677e+00 9.152536565930845525e-01
1.731058410967584393e+00 2.062130990974578637e+00 9.157114279795726119e-01
1.733146716560967304e+00 2.064892730633595797e+00 9.161222827255581791e-01
1.735484292395276462e+00 2.067988739145695920e+00 9.165041116881564864e-01
1.737693687795873743e+00 2.070917821113695378e+00 9.168146106724758271e-01
1.740101704012054551e+00 2.074080005807581006e+00 9.171205526675878517e-01
1.742479123577078237e+00 2.077261099047801096e+00 9.174054203991458545e-01
1.742541056942357613e+00 2.077340839437356479e+00 9.174121367911703961e-01
1.745045787824802908e+00 2.080668709225995894e+00 9.177104575902320649e-01
1.747428141692472625e+00 2.083833365618261269e+00 9.179820162714216192e-01
1.749869377922665725e+00 2.087081760853896739e+00 9.182220216228719201e-01
1.751905057798555099e+00 2.089761537104872779e+00 9.183752877580595442e-01
1.753915742934427646e+00 2.092442431025632210e+00 9.184981447033279123e-01
1.756056141711245910e+00 2.095293451762986869e+00 9.186742460755169537e-01
1.758327547844648731e+00 2.098300544831417369e+00 9.188707239882014655e-01
1.760346054310523822e+00 2.100992076830516364e+00 9.190044402474523144e-01
1.760402974724480707e+00 2.101074082664394993e+00 9.190122468123078647e-01
1.762922160602423238e+00 2.104393918271810549e+00 9.191609088245863424e-01
1.765365883148332315e+00 2.107630521079699726e+00 9.193164845550405584e-01
1.767496796559538508e+00 2.110472821631265816e+00 9.194043735359276326e-01
1.770007897891857196e+00 2.113804028260426904e+00 9.194739626381139841e-01
1.772505604502536247e+00 2.117155006643767656e+00 9.194306667960772117e-01
1.774640566543864040e+00 2.119996174057627858e+00 9.194007925943509241e-01
1.775005461245244387e+00 2.120481176281784563e+00 9.193749935278427987e-01
1.777252268343338937e+00 2.123498985566819375e+00 9.193192609444058583e-01
1.779684310843487438e+00 2.126748181064271215e+00 9.193174422392922374e-01
1.782317457660436810e+00 2.130245368455006449e+00 9.193586044325687823e-01
1.784934789501264163e+00 2.133756953775784559e+00 9.193463475317635858e-01
1.787130137421188758e+00 2.136678689719549773e+00 9.192913893516434509e-01
1.787189086986996633e+00 2.136759235585075078e+00 9.192893064890372834e-01
1.789760699443668557e+00 2.140178261274976457e+00 9.191386867933440952e-01
1.792154338674174952e+00 2.143341049050149660e+00 9.189639453522765455e-01
1.792214521230290902e+00 2.143423533542066828e+00 9.189640022018815690e-01
1.794354123909656984e+00 2.146258716967956559e+00 9.188055559033408981e-01
1.796858871693353121e+00 2.149580670565932827e+00 9.185650645306921991e-01
1.799063435302360459e+00 2.152497348089845275e+00 9.183667939301627392e-01
1.801118514894870293e+00 2.155242610666570080e+00 9.181400076934301824e-01
1.803508878490150069e+00 2.158406002833880510e+00 9.178908225267045085e-01
1.809384840720685839e+00 2.166186665413789569e+00 9.174634260158985866e-01
1.811577956521769561e+00 2.169101924498388456e+00 9.173288091346253337e-01
1.814340553486606611e+00 2.172749743162713187e+00 9.170316226560776274e-01
1.816476393196138961e+00 2.175569533450326887e+00 9.167313787116030399e-01
1.818490543557573336e+00 2.178240317897627953e+00 9.163695614415333646e-01
1.820560827369298362e+00 2.180983049654822814e+00 9.160320989508020650e-01
1.822815066647353266e+00 2.183959021850942150e+00 9.156626810407538786e-01
1.825011299087098804e+00 2.186865259380882609e+00 9.152336401856423498e-01
1.827482155927691698e+00 2.190087148467412703e+00 9.147477065733743418e-01
1.829990944396743702e+00 2.193400937280099772e+00 9.142865638659494198e-01
1.832400886778382532e+00 2.196537729381765836e+00 9.139531016839597122e-01
1.832461714421195875e+00 2.196620838171291279e+00 9.139463524277846584e-01
1.834670258293251033e+00 2.199523029054166301e+00 9.135524292111807387e-01
1.836939153177935768e+00 2.202515327547886148e+00 9.131144331417766491e-01
1.839266536494085003e+00 2.205576301732669720e+00 9.126479337100877887e-01
1.841544308310501643e+00 2.208564658180152573e+00 9.121453751337462723e-01
1.843765731189525692e+00 2.211473996345795001e+00 9.115422115338981390e-01
1.846169611835503321e+00 2.214625257182560425e+00 9.108939293982181162e-01
1.848436827687297557e+00 2.217599085086652710e+00 9.102728651566165397e-01
1.850896287496472947e+00 2.220827438654115582e+00 9.095788709662465665e-01
1.850959471007862511e+00 2.220907371393506580e+00 9.095596592764353394e-01
1.853679577016307256e+00 2.224434790551705010e+00 9.089893878479061717e-01
1.855999622296913065e+00 2.227403670871417773e+00 9.086613440889114157e-01
1.858597217321056316e+00 2.230764792112262640e+00 9.082092525958110896e-01
1.860841361399748539e+00 2.233655858224700363e+00 9.077125607511765670e-01
1.863367272318230183e+00 2.236947659006641498e+00 9.069111952484147920e-01
1.865642967348436931e+00 2.239914812004346167e+00 9.061562617065156422e-01
1.867918668229354484e+00 2.242864913910457947e+00 9.053722105297582479e-01
1.870067617861332687e+00 2.245655547068260649e+00 9.046308078647115059e-01
1.872056106307157020e+00 2.248212103197039902e+00 9.039292015429115645e-01
1.874533115331900035e+00 2.251398604173067586e+00 9.030348330647089972e-01
1.876798790413343188e+00 2.254364201086736852e+00 9.021854657229064767e-01
1.879463938168873360e+00 2.257803973738320202e+00 9.011858527470406610e-01
1.881776902400187801e+00 2.260752911376766150e+00 9.004037669063714722e-01
1.881838029920129163e+00 2.260831863174515899e+00 9.003839136368785301e-01
1.884448991350410552e+00 2.264184305286782717e+00 8.995335223122290502e-01
1.884508064602591348e+00 2.264264503739290113e+00 8.995153148865864257e-01
1.886817892808567931e+00 2.267226922854704618e+00 8.987318691076751076e-01
1.889375348730713666e+00 2.270487980499866332e+00 8.978288325792616043e-01
1.889440524556232903e+00 2.270567036634572933e+00 8.978037545117291129e-01
1.891753717952233904e+00 2.273520113306596535e+00 8.969518006239057817e-01
1.894201988283273463e+00 2.276626683097524584e+00 8.959863002441557089e-01
1.894263137293159094e+00 2.276708700443825339e+00 8.959652049048771882e-01
1.896383439140614469e+00 2.279405494787538178e+00 8.951017376017196270e-01
1.898823737881411677e+00 2.282511052728614764e+00 8.940815081239462669e-01
1.901251917362529298e+00 2.285605517722593572e+00 8.930318519817735945e-01
1.903371166604320486e+00 2.288310004677008624e+00 8.921265340079447270e-01
1.905834016389706287e+00 2.291401530736691505e+00 8.912328485445644155e-01
1.908544715364562494e+00 2.294807742601264966e+00 8.903089585247699889e-01
1.910745910762536859e+00 2.297571652447867763e+00 8.895574438268064599e-01
1.912875900520887740e+00 2.300251566532479863e+00 8.887126174889784513e-01
1.915011381830186155e+00 2.302932309198944427e+00 8.878357985532733254e-01
1.917690109225373307e+00 2.306240327954195202e+00 8.865283097186419381e-01
1.920221559265296030e+00 2.309387245889241935e+00 8.852314639241379846e-01
1.922811710723127288e+00 2.312613518508494614e+00 8.838846930292697524e-01
1.925206469177038082e+00 2.315593492666033093e+00 8.826850273251188872e-01
1.927375085178206326e+00 2.318263825102806930e+00 8.816295054336462655e-01
1.929751353808135228e+00 2.321161047318163195e+00 8.807251035829073427e-01
1.929815355214054229e+00 2.321239750671053592e+00 8.807036092241339320e-01
1.931989548562661918e+00 2.323915970639812478e+00 8.799257485739572227e-01
1.934356628789158039e+00 2.326822655707134313e+00 8.790756776740736855e-01
1.936804170064660102e+00 2.329809731544944640e+00 8.781009058833356695e-01
1.939221310105285312e+00 2.332771721118939823e+00 8.770081273626432194e-01
1.941901415979230494e+00 2.336037436547327761e+00 8.755057450503791472e-01
1.947458357551328678e+00 2.342790585002129777e+00 8.720999758811198710e-01
1.949970142343076862e+00 2.345828632002623593e+00 8.705124872516000201e-01
1.952230289728933643e+00 2.348542537739541025e+00 8.691458770690283497e-01
1.954857475897493702e+00 2.351731388356073094e+00 8.675966248924324997e-01
1.954921461098763080e+00 2.351808499484322468e+00 8.675606355641078959e-01
1.957138349737445049e+00 2.354438312855655635e+00 8.665252935974739890e-01
1.959340092159917557e+00 2.357071284880881024e+00 8.654431783024039149e-01
1.961799753294287685e+00 2.360008056884850269e+00 8.641572216137914930e-01
1.964191835611118986e+00 2.362866611442877574e+00 8.629087228368428342e-01
1.966671761997415668e+00 2.365806626436976146e+00 8.615380247485768805e-01
1.969325538100231032e+00 2.368963557347773641e+00 8.600477230077858692e-01
1.969452339079499570e+00 2.369119628188808058e+00 8.599793292361624930e-01
1.972045775731578354e+00 2.372191084787702131e+00 8.584339880445147619e-01
1.974326560490708982e+00 2.374880430032801470e+00 8.570369360902680977e-01
1.977307492291877411e+00 2.378341301646683448e+00 8.551926559619378310e-01
1.979798394657847238e+00 2.381249030121532773e+00 8.536463017605091519e-01
1.982243286610871458e+00 2.384070843309779697e+00 8.523029167035168774e-01
1.985145358610462596e+00 2.387431735904719687e+00 8.506939997828719680e-01
1.987336115052784624e+00 2.389962346462174647e+00 8.494692855780864305e-01
1.989845983470641455e+00 2.392865506793281583e+00 8.480021064536652498e-01
1.992288832217241179e+00 2.395685336700301704e+00 8.465507374037145594e-01
1.994482344015378272e+00 2.398190638955651544e+00 8.452223571476932262e-01
1.996757360130773318e+00 2.400765069029311416e+00 8.438256777660250174e-01
1.999436768242857987e+00 2.403808315084608349e+00 8.420535270599027733e-01
1.999500528308303160e+00 2.403884468735507429e+00 8.420109641784149224e-01
2.002281774542904458e+00 2.407059402155327543e+00 8.401439153294527618e-01
2.004763276264664995e+00 2.409859162948383648e+00 8.384234266753494147e-01
2.007095674229797844e+00 2.412504554252156819e+00 8.368804194878360914e-01
2.007162152157718538e+00 2.412583772567749918e+00 8.368434758192494494e-01
2.009991012539445343e+00 2.415764126173479909e+00 8.351881140053852848e-01
2.012432581600828385e+00 2.418479695181949385e+00 8.337748828977734616e-01
2.015126124221247483e+00 2.421485617114131017e+00 8.321546405533095658e-01
2.017549950356838373e+00 2.424194911066808622e+00 8.306392542323599582e-01
2.019895968382778850e+00 2.426808078897872534e+00 8.291382532664611782e-01
2.022175559739193496e+00 2.429342017709728019e+00 8.276337602243175606e-01
2.024725788831417184e+00 2.432195282311832685e+00 8.256886913511866100e-01
2.026951772940181140e+00 2.434651881049566313e+00 8.239508370571563267e-01
2.029595627796083157e+00 2.437547625354205660e+00 8.218780286323662532e-01
2.032051009831650212e+00 2.440234471310287478e+00 8.202562084252732477e-01
2.034656594471368596e+00 2.443072798401837442e+00 8.187342677161500992e-01
2.034722002799499219e+00 2.443149730842346656e+00 8.187008346832771455e-01
2.037551016527765491e+00 2.446171944585245228e+00 8.170029835321956924e-01
2.037618935403789244e+00 2.446248422115231413e+00 8.169626735034319909e-01
2.040315471487823107e+00 2.449122783378155255e+00 8.152428981421855347e-01
2.042878019933720424e+00 2.451857355061916266e+00 8.135757217728762924e-01
2.045224972553240761e+00 2.454362592867192383e+00 8.119898509000352815e-01
2.047949801980701867e+00 2.457304570981242442e+00 8.098603673027012784e-01
2.050494723321400592e+00 2.460030338438735864e+00 8.076904822845593079e-01
2.052896957186128191e+00 2.462588934693503262e+00 8.056237344198122763e-01
2.055618106543953605e+00 2.465440197509960463e+00 8.037830871981568315e-01
2.058135811599462350e+00 2.468087608333213723e+00 8.023671814013316750e-01
2.060656142672345315e+00 2.470718871094890190e+00 8.009596579227278301e-01
2.063450975906741647e+00 2.473624590424730485e+00 7.992817866953579875e-01
2.065969535431561699e+00 2.476241460873765288e+00 7.976601191748129427e-01
2.068677007748278118e+00 2.479078544260997941e+00 7.957563014205761842e-01
2.068748405481303898e+00 2.479149321771589864e+00 7.957048310228660437e-01
2.071221281611078879e+00 2.481742035631000043e+00 7.937161686089241330e-01
2.073768134791015960e+00 2.484408953168424361e+00 7.911285132391534525e-01
2.076531546770803871e+00 2.487268148963432068e+00 7.883787873100069898e-01
2.079101678042144741e+00 2.489904315973897830e+00 7.858770011860840565e-01
2.081742659192512779e+00 2.492550395987748857e+00 7.839580314527242466e-01
2.084245825078259173e+00 2.495049879595692577e+00 7.826753025621498994e-01
2.086681867713353178e+00 2.497494748298086709e+00 7.813790735189660719e-01
2.089386141936905084e+00 2.500206215205212690e+00 7.798179945083729692e-01
2.096122210760560378e+00 2.506913355225009354e+00 7.754937738669688274e-01
2.098595784984407686e+00 2.509377630406581794e+00 7.737186428102635904e-01
2.101161395053108283e+00 2.511950749930243809e+00 7.709712461601291311e-01
2.103819226156662392e+00 2.514563415449621253e+00 7.677380099429088611e-01
2.103889474632899770e+00 2.514632909342509492e+00 7.676513238537528983e-01
2.106691344546868905e+00 2.517384476824417128e+00 7.650732289773107819e-01
2.109316394204103773e+00 2.519937560279042366e+00 7.634217375510462533e-01
2.112079261081102111e+00 2.522595407857991745e+00 7.617451638831557181e-01
2.114911986032807167e+00 2.525312061253477403e+00 7.599899025447504064e-01
2.117466134173853654e+00 2.527746757732185046e+00 7.583125050693851898e-01
2.120173724787888681e+00 2.530380158990122474e+00 7.558006354758840528e-01
2.122801996223623533e+00 2.532904453372973208e+00 7.526856204812880646e-01
2.125386491875130179e+00 2.535404950521154888e+00 7.494866509739736005e-01
2.128131936565389015e+00 2.538030697916902056e+00 7.462405015137022479e-01
2.130763641617011039e+00 2.540483355454156822e+00 7.439195180132308627e-01
2.133524116591532849e+00 2.543029456403668398e+00 7.422383619746063532e-01
2.136487613941433938e+00 2.545761146016860543e+00 7.406276950157812955e-01
2.139035574677397022e+00 2.548093950436348898e+00 7.391297202856677018e-01
2.141935798315246942e+00 2.550741641489250977e+00 7.371755181607549945e-01
2.144518740070483709e+00 2.553120372212301259e+00 7.352456078928415462e-01
2.147234049713036441e+00 2.555623956988908319e+00 7.325106261527958296e-01
2.149770647213733454e+00 2.557952033143446435e+00 7.294034915789122664e-01
2.152188665853039140e+00 2.560151895966413349e+00 7.263947169770496037e-01
2.154694239152369573e+00 2.562419734383817538e+00 7.234138456061165456e-01
2.157473157692413768e+00 2.564912546234787261e+00 7.208478991170466088e-01
2.160523428600687801e+00 2.567580810856875395e+00 7.186718840930822472e-01
2.160601378662834193e+00 2.567646494737584995e+00 7.186170467000706497e-01
2.163704567185151362e+00 2.570393184224782246e+00 7.164516868495850455e-01
2.166525007076864462e+00 2.572847909355754581e+00 7.144427929512661146e-01
2.169414583217205372e+00 2.575365930254274183e+00 7.122567254087405209e-01
2.169871472626224040e+00 2.575767683606827507e+00 7.119116039861933531e-01
2.172494611045935109e+00 2.578087576795050850e+00 7.096240007745023837e-01
2.175246250487294475e+00 2.580500906347448442e+00 7.065030883900713654e-01
2.177970922031594814e+00 2.582848136144364481e+00 7.031883876281290746e-01
2.180557762394619736e+00 2.585040909459166869e+00 7.005392953761182540e-01
2.183558103638684411e+00 2.587575174351668394e+00 6.980171418405834993e-01
2.186490943873127257e+00 2.590046331888200992e+00 6.956770598129271566e-01
2.186567873241947346e+00 2.590110190772893617e+00 6.956157505739808400e-01
2.189421559155193986e+00 2.592509222951390413e+00 6.932387110432988164e-01
2.192424725986445111e+00 2.595036948845876879e+00 6.907117808192604347e-01
2.195480162503767652e+00 2.597625725719354683e+00 6.880901303786585155e-01
2.198561936545509354e+00 2.600193086070140325e+00 6.854079220742037570e-01
2.201596946612825345e+00 2.602683772723862532e+00 6.826775881351726527e-01
2.204421645117554895e+00 2.605032977095818936e+00 6.798740431737082535e-01
2.207204697680861472e+00 2.607332159804518934e+00 6.769064945550778978e-01
2.209821453741638742e+00 2.609483551683723590e+00 6.743091333163930834e-01
2.212702777692076239e+00 2.611829650074130704e+00 6.714982690947501887e-01
2.215495472670515831e+00 2.614083313095166616e+00 6.688581856442458173e-01
2.218617309444640640e+00 2.616594526300670687e+00 6.658857543704483906e-01
2.218696826961094715e+00 2.616658046376784341e+00 6.658126866754265905e-01
2.221594649785661790e+00 2.618956777278384607e+00 6.631091275034171062e-01
2.224339690854178819e+00 2.621134757639586699e+00 6.605059655957660203e-01
2.227556993829835630e+00 2.623689414550412380e+00 6.574283159756210138e-01
2.230797901762625379e+00 2.626220115359039653e+00 6.543065664529907899e-01
2.230877176380003490e+00 2.626280606081993874e+00 6.542291452947803787e-01
2.233609982032884744e+00 2.628440337866266852e+00 6.515441661317253885e-01
2.236214250453846031e+00 2.630470749474962844e+00 6.489408275971882967e-01
2.239174168939173093e+00 2.632743279751304399e+00 6.459314600953603991e-01
2.242127052635419560e+00 2.635008568004415963e+00 6.429620494322803026e-01
2.245241710201500318e+00 2.637378923573783673e+00 6.398267855925032777e-01
2.248370294969865846e+00 2.639749408375276829e+00 6.367204347717291268e-01
2.251177280360959543e+00 2.641889996531372464e+00 6.339346148936807479e-01
2.254081548287960146e+00 2.644060255454415032e+00 6.311043854416420462e-01
2.257232612721507437e+00 2.646388454144126268e+00 6.284718523954362368e-01
2.257315161387025704e+00 2.646446581944773335e+00 6.284320684700684945e-01
2.260762611983407666e+00 2.648954013604782887e+00 6.281403482939343919e-01
2.263770303405901352e+00 2.651134540295871922e+00 6.284245262136999299e-01
2.271341741437752582e+00 2.656653546042106129e+00 6.275395169123404449e-01
2.274341110014708178e+00 2.658827402490827829e+00 6.265221377365448596e-01
2.277199252416505892e+00 2.660962642823835544e+00 6.236442920793860978e-01
2.279601101126183860e+00 2.662668308789822191e+00 6.192819779969990224e-01
2.282173835045348653e+00 2.664516293089664423e+00 6.135701202214602912e-01
2.285031750781018722e+00 2.666580210033266063e+00 6.077850699460601858e-01
2.287933698096914270e+00 2.668658767488971684e+00 6.026964331999019597e-01
2.290754117308680726e+00 2.670635965072400086e+00 5.986630431762506310e-01
2.294285377583980434e+00 2.673090308073287513e+00 5.945607402787886908e-01
2.297094726131545972e+00 2.675023159167676745e+00 5.917125928648535593e-01
2.300082715967489921e+00 2.677052484550566103e+00 5.888717652776969125e-01
2.303378397279555845e+00 2.679304264585517625e+00 5.854065953551244039e-01
2.306231243458016333e+00 2.681217909555953405e+00 5.818845406832109379e-01
2.308978864067159353e+00 2.683057856938970698e+00 5.784464362881347466e-01
2.312240803053466465e+00 2.685218667604018172e+00 5.745291260871482342e-01
2.315256112562362745e+00 2.687190988760471910e+00 5.710775654661184308e-01
2.318197730343899199e+00 2.689141714234968283e+00 5.678345437180791766e-01
2.321662427755917690e+00 2.691384045507278167e+00 5.642543488846543109e-01
2.321748611423246622e+00 2.691435764638613559e+00 5.641670197106375406e-01
2.324532670694206882e+00 2.693241273450515560e+00 5.613862064087017378e-01
2.327753139147893613e+00 2.695291914803616518e+00 5.582341878854463202e-01
2.327835985006116548e+00 2.695345499779574716e+00 5.581527715615060004e-01
2.330807939653237071e+00 2.697204131977450459e+00 5.555950773444233715e-01
2.334075406344158665e+00 2.699234593011964556e+00 5.551507341044532584e-01
2.337211893783202044e+00 2.701177627722004093e+00 5.557805634558673491e-01
2.340252133023931869e+00 2.703064457519556818e+00 5.558386474129917154e-01
2.343467884912203480e+00 2.705087019009006166e+00 5.545319121049583355e-01
2.346176941843241881e+00 2.706830677277137998e+00 5.515465052127048740e-01
2.349064463055645202e+00 2.708654764104751145e+00 5.456523793505051456e-01
2.352341993792793851e+00 2.710644515917299380e+00 5.379225554645244989e-01
2.355550860071285335e+00 2.712586441905886492e+00 5.309666175358269680e-01
2.358793510499078039e+00 2.714499551126729138e+00 5.254691315535484630e-01
2.358878697042368078e+00 2.714553610832020958e+00 5.253561854264766628e-01
2.362377496624940676e+00 2.716594959236752871e+00 5.217157845595072896e-01
2.365789290564572322e+00 2.718553791585575752e+00 5.194227992707930452e-01
2.369205621520160232e+00 2.720496850292296376e+00 5.172228842478120425e-01
2.369293056928809982e+00 2.720546147280163751e+00 5.171630264610662664e-01
2.372882867987673894e+00 2.722610960272171532e+00 5.142723819004383357e-01
2.372968557665726230e+00 2.722659304375495637e+00 5.142005692826405738e-01
2.376360170694030938e+00 2.724582758166683494e+00 5.112798115136534260e-01
2.380030453829017567e+00 2.726658775838473048e+00 5.079570031759723658e-01
2.383270184600948749e+00 2.728462481565055775e+00 5.053810699011491714e-01
2.386532605511922256e+00 2.730270922825551061e+00 5.043193286276635989e-01
2.390022470631696372e+00 2.732238604547944316e+00 5.012452690120937637e-01
2.390105470977088586e+00 2.732290678497543368e+00 5.011505788777169679e-01
2.393453883431699847e+00 2.734144992792742812e+00 4.965883004135593914e-01
2.396737065205183370e+00 2.735975383874981404e+00 4.914161740122742206e-01
2.396824583202471715e+00 2.736025454196761242e+00 4.912778169384768856e-01
2.399700842458875272e+00 2.737595175214907250e+00 4.870949859840701390e-01
2.403291272197189521e+00 2.739532031592064598e+00 4.823443833414275406e-01
2.406115640451212734e+00 2.741032773658782506e+00 4.787885569048895285e-01
2.409615811818683451e+00 2.742840902564385175e+00 4.754376051794531599e-01
2.413046200755747606e+00 2.744597233176608420e+00 4.733538047700057705e-01
2.413133823664725952e+00 2.744643153422152704e+00 4.733050880331065580e-01
2.416371873488663446e+00 2.746299838113648306e+00 4.711882390468841719e-01
2.419951801921155443e+00 2.748116014453452216e+00 4.686700414446637875e-01
2.423438735624181550e+00 2.749876262869988430e+00 4.659866051560661582e-01
2.427006402174310296e+00 2.751672659805057819e+00 4.628900410248075192e-01
2.430295642318376359e+00 2.753334767106839998e+00 4.598571260359539670e-01
2.438682844397566996e+00 2.757521934085326976e+00 4.484412853965692447e-01
2.441959839382679576e+00 2.759132727642571670e+00 4.435007489144095483e-01
2.445351960202202246e+00 2.760783194132228502e+00 4.387496946794432473e-01
2.448779974500001622e+00 2.762445805205085314e+00 4.346242864401263506e-01
2.452241118585216206e+00 2.764059161108614049e+00 4.309247149891130002e-01
2.452335340514319562e+00 2.764100658668716015e+00 4.308252818265370654e-01
2.455741514704259387e+00 2.765648912213563015e+00 4.278589354667609035e-01
2.459406087496254223e+00 2.767321218142877903e+00 4.260017751365151595e-01
2.462981678266630503e+00 2.768948458187115769e+00 4.241007821086198448e-01
2.466169696108628795e+00 2.770387019614643620e+00 4.220475736534144984e-01
2.469546952301162612e+00 2.771923168773668511e+00 4.193378288159816392e-01
2.472990157548847989e+00 2.773481211333377328e+00 4.162567555157521970e-01
2.476794242165336613e+00 2.775202188421268090e+00 4.125657455542884322e-01
2.480782827847390237e+00 2.776966199699256954e+00 4.085553914079592674e-01
2.483806024137114932e+00 2.778310554463996773e+00 4.052508485653896209e-01
2.486691764497386714e+00 2.779567941200254300e+00 4.010537694807899678e-01
2.490048544348158366e+00 2.781051317996721117e+00 3.959904823704101240e-01
2.493582267318921186e+00 2.782593857102699353e+00 3.910278726569536012e-01
2.496971634280200636e+00 2.784015411465420975e+00 3.865890883841425762e-01
2.500313694193155634e+00 2.785416525409578625e+00 3.826096656332567680e-01
2.503756349785813295e+00 2.786834261959505010e+00 3.788953718342205623e-01
2.507327823782499632e+00 2.788267334623625082e+00 3.754442658103347430e-01
2.510894286554552046e+00 2.789665832656142541e+00 3.726278532561465573e-01
2.514364114696404418e+00 2.791032415102937314e+00 3.699093769811794274e-01
2.517729461741876396e+00 2.792352828903195139e+00 3.671597815248512919e-01
2.521386393167125206e+00 2.793773511142220833e+00 3.640362738966025913e-01
2.525020761356648435e+00 2.795179671038197089e+00 3.607049928504667546e-01
2.528575695050799599e+00 2.796536314192977990e+00 3.573488288461147411e-01
2.532259397000715673e+00 2.797919284066284540e+00 3.542003747968534011e-01
2.535620025692978174e+00 2.799157192702497632e+00 3.530792176513809499e-01
2.539468569641111451e+00 2.800566895656847244e+00 3.521074736016518436e-01
2.543488213099804440e+00 2.802038450939416947e+00 3.506182506435507329e-01
2.546974909302978318e+00 2.803338292892521011e+00 3.486115413273321861e-01
2.550483979578654470e+00 2.804695474504996788e+00 3.444070863124158444e-01
2.553649126033108896e+00 2.805776776413117624e+00 3.378729337123811960e-01
2.556714389842706048e+00 2.806895914054772234e+00 3.311601051473566648e-01
2.560494662680933065e+00 2.808222064922908601e+00 3.236929265783254350e-01
2.564017732644555458e+00 2.809430577192597145e+00 3.180759603876639474e-01
2.567531021010323045e+00 2.810610979130897746e+00 3.134456852198105326e-01
2.571479165399970235e+00 2.811885648995898102e+00 3.093206000057536764e-01
2.571576982973398096e+00 2.811915174362708214e+00 3.092245504563334579e-01
2.575155984295218303e+00 2.813053324581123782e+00 3.060348859267429389e-01
2.578844193439704391e+00 2.814204971641538933e+00 3.029597294476339409e-01
2.582646044003885866e+00 2.815382945185835872e+00 3.004520014315237852e-01
2.582745001346342661e+00 2.815411087268521406e+00 3.003956347683757189e-01
2.586022066098501604e+00 2.816432220588335866e+00 2.983522326932181445e-01
2.589502264208721982e+00 2.817500821621341967e+00 2.959484824447038420e-01
2.593064098986883614e+00 2.818596972225191788e+00 2.932448148073402705e-01
2.596932757113241230e+00 2.819762480705648056e+00 2.900769605534809781e-01
2.600867598426933380e+00 2.820950843650351203e+00 2.865452701046755091e-01
2.604219060821672649e+00 2.821968975384478995e+00 2.834577012873721324e-01
2.607641704791213044e+00 2.822961982461468455e+00 2.809208824141156136e-01
2.608047002691844085e+00 2.823075118026427965e+00 2.807475113003377598e-01
2.611466676047564217e+00 2.824066671672562201e+00 2.796285802016766908e-01
2.614775628998180057e+00 2.825007595338964173e+00 2.784509230617131514e-01
2.618451225661525772e+00 2.826072435655634152e+00 2.766707665680880890e-01
2.621980609342022817e+00 2.827109682878202968e+00 2.740102799619316132e-01
2.624824558515855166e+00 2.827961685147955873e+00 2.704336236678521188e-01
2.627911344915057956e+00 2.828827861572441815e+00 2.649394261143962481e-01
2.631242168584270402e+00 2.829737258025601498e+00 2.583561857831784270e-01
2.634657765557470555e+00 2.830684361223067214e+00 2.518501291015111665e-01
2.638132285236317820e+00 2.831643855479558880e+00 2.462772901831685457e-01
2.641926805757421892e+00 2.832626407880898700e+00 2.414507701578796905e-01
2.650865245131084791e+00 2.834805321304016523e+00 2.321394274435063521e-01
2.654512332933288477e+00 2.835678101200294954e+00 2.286523754234352224e-01
2.658363635702353012e+00 2.836563207521533680e+00 2.256588874740823591e-01
2.661687511559215569e+00 2.837325607276198980e+00 2.234208301979824229e-01
2.665310933216077593e+00 2.838146743291896978e+00 2.208558391983549141e-01
2.669240194750178485e+00 2.839038387261389129e+00 2.177588163233916130e-01
2.673464374748511396e+00 2.839969171520863256e+00 2.141626221052101986e-01
2.677483950196330564e+00 2.840861270178420828e+00 2.105731254648504081e-01
2.681503062204032339e+00 2.841750411075420146e+00 2.069029179368486460e-01
2.685170735757225202e+00 2.842506961916020813e+00 2.038387972268199400e-01
2.689330212634794215e+00 2.843363028399160441e+00 2.011432544378742859e-01
2.693362428641341566e+00 2.844173028609775500e+00 1.985305646037996974e-01
2.697105867934558532e+00 2.844931369186298298e+00 1.958268826222550330e-01
2.697302701135476877e+00 2.844970606994899676e+00 1.956744873961552000e-01
2.700629157018727078e+00 2.845648565259355500e+00 1.930094870561876452e-01
2.704045454072343535e+00 2.846344784455579813e+00 1.900414686989671809e-01
2.707533141153345646e+00 2.847008321195792391e+00 1.876874392295775074e-01
2.707935337440917412e+00 2.847084951632083083e+00 1.875296219264243058e-01
2.711395541326567127e+00 2.847740281661001127e+00 1.862137927138508564e-01
2.715163343472292823e+00 2.848451409295448489e+00 1.845957877859798479e-01
2.718691300823678603e+00 2.849117362088743555e+00 1.827352491506392396e-01
2.722317681538485079e+00 2.849804118344451354e+00 1.804204815960346320e-01
2.726418889496297737e+00 2.850582565314337735e+00 1.771751150530010699e-01
2.729720347967214966e+00 2.851211542976964886e+00 1.742492343721680492e-01
2.733297561256688990e+00 2.851897915230258373e+00 1.700205884368615472e-01
2.733384777195695392e+00 2.851913455608121595e+00 1.698828532616678266e-01
2.736303156276102211e+00 2.852436302581144112e+00 1.646053912274358377e-01
2.739503872067021284e+00 2.852946786735587992e+00 1.576201899429513220e-01
2.742699094652511604e+00 2.853491061111020244e+00 1.511072581435999318e-01
2.746229965043040622e+00 2.854035228582475270e+00 1.451495445175172705e-01
2.750424663826315008e+00 2.854662470815205300e+00 1.396605308839511395e-01
2.750522483505382976e+00 2.854677485337618670e+00 1.395445873874621157e-01
2.754230147719094912e+00 2.855197213077512952e+00 1.356139342048286733e-01
2.757724784401020646e+00 2.855672003189595465e+00 1.329184240012104279e-01
2.761447107945931734e+00 2.856168154067799669e+00 1.301877049160183042e-01
2.765459965609463389e+00 2.856692812985753172e+00 1.272626879816476098e-01
2.769176448827008308e+00 2.857175426829003939e+00 1.243998146812241717e-01
2.772570725835569405e+00 2.857603343751124569e+00 1.217043188640093282e-01
2.775878630616124276e+00 2.858003354742576718e+00 1.189860354475335419e-01
2.779585087840141799e+00 2.858456121304989050e+00 1.158128106597026141e-01
2.783488748649405764e+00 2.858916405837010011e+00 1.127094621832729626e-01
2.787796593305154502e+00 2.859414955108379619e+00 1.094133536075697771e-01
2.791297063692522507e+00 2.859807450322809252e+00 1.066931562278825574e-01
2.795193635003811128e+00 2.860231375191704117e+00 1.034933868081207853e-01
2.795293902642041139e+00 2.860243055397674539e+00 1.034112777368119129e-01
2.799172260999123196e+00 2.860666029554334244e+00 1.002172592761547409e-01
2.802866513664700410e+00 2.861047149768885856e+00 9.710719306627094149e-02
2.806552007524277581e+00 2.861422082740231687e+00 9.401378368994907364e-02
2.809939860943962309e+00 2.861744329443161483e+00 9.137735400491762972e-02
2.813607896167041655e+00 2.862079373518892744e+00 8.888771768968757592e-02
2.817318749050576887e+00 2.862421669392960943e+00 8.622158861272406771e-02
2.820800747741407655e+00 2.862721028981933813e+00 8.362826910297500860e-02
2.824776901527977113e+00 2.863075020111986113e+00 8.054733204540787117e-02
2.828555684124813840e+00 2.863398583011771859e+00 7.754160301167388469e-02
2.832228084626538411e+00 2.863693634889668882e+00 7.450573679570801633e-02
2.835549663475786186e+00 2.863950402660511596e+00 7.207517301676749644e-02
2.839126110620755927e+00 2.864220017730465973e+00 6.984303728206366080e-02
2.842931743987206161e+00 2.864482033986191389e+00 6.733008746773198883e-02
2.846320816335226045e+00 2.864705594338969874e+00 6.492310828928500588e-02
2.857061469157547773e+00 2.865423805568199533e+00 5.674793475100193413e-02
2.861141996584350533e+00 2.865658552318834040e+00 5.356703442120837322e-02
2.864825311838480104e+00 2.865863038335900725e+00 5.089795994175320276e-02
2.868428002005320998e+00 2.866058605865157372e+00 4.852814737766516368e-02
2.871920253976320225e+00 2.866239483039081826e+00 4.616883097458849422e-02
2.876196021615948784e+00 2.866459713177510693e+00 4.312055488803977904e-02
2.880155733553306341e+00 2.866670281068708803e+00 4.015249780467271962e-02
2.883777780788495892e+00 2.866821579684528665e+00 3.775652903335020155e-02
2.887348347765525514e+00 2.866969371786642462e+00 3.555387203336278501e-02
2.891310487482877001e+00 2.867134564425011245e+00 3.301113828400485672e-02
2.894479391899558607e+00 2.867255321128425294e+00 3.081295478686851830e-02
2.898340450567994608e+00 2.867390690191750302e+00 2.793149466229022729e-02
2.898438039200944338e+00 2.867392031768357885e+00 2.785397899965211255e-02
2.901981603102550267e+00 2.867532096509493034e+00 2.505460827147057076e-02
2.905815231493802386e+00 2.867665842097181006e+00 2.196737501634129369e-02
2.906010200453618353e+00 2.867676714457595644e+00 2.181036452423384606e-02
2.909581394427112055e+00 2.867772909101997669e+00 1.915015047504021670e-02
2.912855067155553090e+00 2.867863624509389808e+00 1.691590830233983059e-02
2.916909975009707168e+00 2.867948943703201081e+00 1.410120974013383613e-02
2.920561617827087009e+00 2.868028047451205431e+00 1.154445050708238600e-02
2.924692583535458024e+00 2.868109890027774611e+00 8.546094080904372350e-03
2.928243656074438928e+00 2.868179195816919602e+00 5.812734153901982261e-03
2.931880388708023144e+00 2.868241413666932971e+00 2.968024675883747937e-03
2.935619707232048903e+00 2.868272224352282684e+00 1.565722024386388819e-04
2.939657097676261266e+00 2.868296406798284792e+00 -2.692524618890784933e-03
2.943589705983025162e+00 2.868309241120964970e+00 -5.493541604586228526e-03
2.943687728364458245e+00 2.868308595214812406e+00 -5.565541828061932629e-03
2.947799891319764942e+00 2.868288173661500018e+00 -8.589337420186185165e-03
2.947898325512065654e+00 2.868286150633380771e+00 -8.666698256316607285e-03
2.951419035569050831e+00 2.868296360369636311e+00 -1.135750460719465137e-02
2.955249729906291201e+00 2.868292124576474755e+00 -1.435430926377956329e-02
2.959086003307403345e+00 2.868272457378213236e+00 -1.722704477907590140e-02
2.959186359751976969e+00 2.868271227629058728e+00 -1.730018778681917738e-02
2.962819774556708641e+00 2.868222334388892847e+00 -1.995141460260698926e-02
2.966443532938006111e+00 2.868184138462570143e+00 -2.259313560685795655e-02
2.966541743215277638e+00 2.868187851344528028e+00 -2.266188047412321868e-02
2.970288103913184319e+00 2.868138110655985784e+00 -2.551274084268567374e-02
2.974001277799878995e+00 2.868060512204695378e+00 -2.828831316540217009e-02
