2.625349012918842373e+00 7.499717592872141569e-01 -1.385723561350878650e-04
2.625462174438636609e+00 7.499587649305508030e-01 -1.727198054772452842e-04
2.625486636215843550e+00 7.499514772909572358e-01 -1.159831734630552708e-04
2.625523696797047890e+00 7.499465233926200236e-01 9.132347348397679111e-05
2.625561357731949652e+00 7.499403942278356494e-01 5.408801646222509288e-04
2.625602537850226792e+00 7.499362577253190221e-01 1.122947480128947025e-03
2.625655049785307060e+00 7.499328779871454742e-01 1.985811503309898186e-03
2.625714456917157769e+00 7.499388906871341520e-01 3.113195569738859848e-03
2.625811680122757785e+00 7.499302507197334045e-01 4.539023517481576356e-03
2.625852042647569107e+00 7.499256091642019229e-01 5.998941267074946182e-03
2.625911975623023142e+00 7.499292546218389033e-01 8.070870002038588870e-03
2.625951163554824941e+00 7.499322568911475084e-01 1.047227434092417621e-02
2.625952253229633548e+00 7.499317798440838789e-01 1.053831715154204818e-02
2.626003759398170434e+00 7.499354207811218531e-01 1.271129396723484628e-02
2.626019267013545821e+00 7.499372194891499310e-01 1.550940369251115752e-02
2.626085147276062237e+00 7.499355102903144665e-01 1.834490457131507379e-02
2.626147241054716197e+00 7.499328762266092019e-01 2.130014054140979760e-02
2.626214076507154438e+00 7.499308331965980345e-01 2.492009813829694151e-02
2.626283518478594203e+00 7.499295734331322683e-01 2.894013704173044668e-02
2.626354150976252466e+00 7.499383557382255372e-01 3.318685447012686279e-02
2.626490224550011909e+00 7.499500307480693184e-01 3.680671489603328655e-02
2.626617415722928506e+00 7.499500726027550357e-01 4.769415872012660457e-02
2.626649258160683509e+00 7.499541360718587901e-01 5.222031187478876763e-02
2.626705908194920891e+00 7.499507379922846217e-01 5.720335753850159383e-02
2.626707745725775922e+00 7.499509038945355588e-01 5.733946340748664883e-02
2.626751035429307990e+00 7.499511257293598465e-01 6.275539913299842121e-02
2.626806467077486218e+00 7.499529132842677193e-01 6.889135118598677110e-02
2.626846832257360376e+00 7.499541652735498554e-01 7.396150121519277920e-02
2.626894695472741681e+00 7.499549039106809811e-01 7.940683310326263067e-02
2.626935753113868621e+00 7.499521596231594200e-01 8.509999568815966586e-02
2.626995723354076162e+00 7.499580321299469388e-01 9.099727719519529190e-02
2.627046701604213830e+00 7.499622702514860961e-01 9.789643015584199859e-02
2.627096083194595977e+00 7.499655962743859705e-01 1.052529253956104582e-01
2.627167195244487274e+00 7.499711632253264204e-01 1.126397255744461395e-01
2.627256805814905949e+00 7.499836887995138257e-01 1.199602903624506223e-01
2.627395008788663500e+00 7.500110972240762175e-01 1.278228971026263427e-01
2.627472113958551070e+00 7.500107775413110689e-01 1.361393187238334468e-01
2.627509279733539316e+00 7.500149109352526322e-01 1.443428788295653131e-01
2.627555909136234824e+00 7.500279865465598883e-01 1.525357668345682649e-01
2.627648978518913214e+00 7.500426589130062549e-01 1.610105005572027570e-01
2.627762998549602713e+00 7.500786520849732630e-01 1.703866576565419289e-01
2.627833800437045841e+00 7.500875028093073604e-01 1.782735932936828360e-01
2.627913515518723653e+00 7.501019991847867052e-01 1.873004534093539730e-01
2.627998549282924756e+00 7.501155971214171769e-01 1.963867424223270652e-01
2.628053014216654937e+00 7.501261386265997144e-01 2.043788787318639721e-01
2.628114713896680943e+00 7.501442928613730743e-01 2.123671029109919506e-01
2.628193017671593523e+00 7.501629746124660603e-01 2.209456173804306145e-01
2.628268930167684037e+00 7.501782986958218657e-01 2.288868329102376475e-01
2.628365278052012144e+00 7.502083308799013528e-01 2.363447467436945448e-01
2.628475504963313725e+00 7.502452194367974503e-01 2.441668739070122496e-01
2.628608212044234449e+00 7.502869341167390793e-01 2.521061977925261877e-01
2.628740392551164984e+00 7.503305671391223841e-01 2.608287751269054433e-01
2.628851101934911227e+00 7.503610002819373070e-01 2.694194905937866702e-01
2.628977883192081144e+00 7.504117914909231857e-01 2.790587568447647215e-01
2.629061398985613085e+00 7.504337804943465029e-01 2.884444741270832391e-01
2.629150716879926630e+00 7.504691323693665206e-01 2.965175021629247176e-01
2.629244362226581977e+00 7.505004483244287483e-01 3.052328176177402930e-01
2.629243043941468461e+00 7.505041163495282941e-01 3.054689888245259999e-01
2.629351851267138773e+00 7.505449085599655845e-01 3.140109295855050275e-01
2.629447212836411474e+00 7.505713579635028276e-01 3.215976600514501849e-01
2.629449866604841812e+00 7.505728996537266440e-01 3.218261730672699050e-01
2.629556810321282079e+00 7.506161490745445475e-01 3.298958781240999838e-01
2.629701048683539710e+00 7.506782305626502616e-01 3.390191307481231764e-01
2.629814973645596687e+00 7.507239472838466154e-01 3.464971204720124209e-01
2.629917774253096141e+00 7.507723187491793793e-01 3.549469084546159614e-01
2.630038351689953036e+00 7.508157505034640522e-01 3.639093503013274833e-01
2.630119996001251792e+00 7.508512635601056751e-01 3.727451544245552473e-01
2.630247946440306794e+00 7.509094995060892064e-01 3.812511554817248904e-01
2.630363854926343059e+00 7.509744774131714706e-01 3.894724159078182812e-01
2.630489653119208349e+00 7.510312225069204484e-01 3.978868339324633241e-01
2.630597150367828263e+00 7.510768255547914940e-01 4.065957295866716170e-01
2.630706692927114787e+00 7.511243186270133432e-01 4.152801686918351498e-01
2.630801632901837106e+00 7.511773274572164372e-01 4.228036060752650704e-01
2.630908573227821456e+00 7.512368781663838480e-01 4.310406621208059952e-01
2.631022125656769184e+00 7.512950509020380752e-01 4.392996844299864034e-01
2.631135211128627915e+00 7.513538383961284595e-01 4.479450531765565846e-01
2.631243284912272884e+00 7.514192715485042973e-01 4.563968051161790829e-01
2.631396135985057949e+00 7.515168656340968090e-01 4.654289666575955331e-01
2.631497236909801973e+00 7.515758911216801064e-01 4.737086033875989588e-01
2.631733307766010554e+00 7.517392263359981008e-01 4.949245134775794308e-01
2.631849995341008164e+00 7.518256800566933684e-01 5.042345785801433111e-01
2.631949203076981103e+00 7.518842744522957755e-01 5.118849872328309347e-01
2.632050749615464369e+00 7.519663197562174162e-01 5.214105642384176953e-01
2.632181855680390647e+00 7.520434939945188635e-01 5.305009094168424699e-01
2.632226539173917690e+00 7.520750846062078665e-01 5.390188302254279584e-01
2.632371667912484003e+00 7.521651738856656166e-01 5.476948349434904717e-01
2.632464966738371270e+00 7.522423553062664858e-01 5.566001743731049389e-01
2.632559394135499442e+00 7.523222301453391658e-01 5.647715376298773071e-01
2.632628536830300625e+00 7.523670414667110729e-01 5.744098619338230405e-01
2.632661610529723362e+00 7.523888173610038255e-01 5.829980027707467594e-01
2.632714224042897566e+00 7.524293648364027698e-01 5.924764687122689999e-01
2.632794654379212229e+00 7.525040700760667889e-01 6.006687365501580667e-01
2.632895564146533474e+00 7.525749017188316792e-01 6.093809580904633316e-01
2.632960824345467632e+00 7.526398553007171977e-01 6.173728875491167889e-01
2.633032436808954824e+00 7.526976507079031764e-01 6.251674414671490876e-01
2.633093815203660704e+00 7.527581765002510084e-01 6.332042813944265269e-01
2.633193159810665041e+00 7.528385962199848347e-01 6.414784671492612667e-01
2.633304812990443278e+00 7.529129202888524830e-01 6.512577561789965053e-01
2.633406480432962216e+00 7.529888397975331715e-01 6.599899655095319284e-01
2.633512424633591475e+00 7.530788009245875658e-01 6.686958894112186025e-01
2.633581798814806252e+00 7.531469674372380796e-01 6.780317758721743360e-01
2.633583637643455599e+00 7.531466471166922139e-01 6.782657545505814678e-01
2.633646222301590623e+00 7.532116593385653758e-01 6.875657615516478360e-01
2.633737169752336627e+00 7.533091184376844440e-01 6.967951745875406999e-01
2.633741068280749165e+00 7.533110839460711583e-01 6.970243098738430065e-01
2.633828434720451916e+00 7.533772878049221911e-01 7.065849472348211258e-01
2.633915555459721336e+00 7.534523927216579819e-01 7.151500053522237277e-01
2.633978540039529914e+00 7.535187992742291563e-01 7.236161301619606911e-01
2.633988269168815233e+00 7.535312044671014231e-01 7.245467187589983427e-01
2.634060002016980206e+00 7.535815576922095804e-01 7.335694663644666269e-01
2.634118878243493000e+00 7.536472964843468070e-01 7.422360597471012733e-01
2.634206868254024503e+00 7.537433536053644856e-01 7.527549445971707387e-01
2.634295066018319975e+00 7.538150817290492078e-01 7.609596116299953694e-01
2.634372877972661620e+00 7.539015989575119647e-01 7.683548070646393224e-01
2.634429372369956113e+00 7.539671171508012248e-01 7.769889516039035771e-01
2.634502541505236106e+00 7.540389529094460030e-01 7.846712364079641011e-01
2.634575765264224767e+00 7.541178028438338954e-01 7.928217126114684987e-01
2.634626883103634576e+00 7.541912988617508473e-01 8.006894770350326818e-01
2.634710652517397556e+00 7.542700374940085606e-01 8.088016708591131421e-01
2.634760314627844657e+00 7.543362468482552874e-01 8.168023793910249575e-01
2.634809754687717831e+00 7.544037982401797793e-01 8.248924228563059291e-01
2.634882566324075359e+00 7.544801213604263035e-01 8.329869397243921947e-01
2.634968615055889973e+00 7.545657029089908319e-01 8.413692712923080963e-01
2.635046373199497971e+00 7.546664020494493474e-01 8.502075567996971728e-01
2.635126285341125030e+00 7.547828094661213072e-01 8.584960775735482885e-01
2.635183216533461437e+00 7.548575731173164938e-01 8.670616571168749953e-01
2.635217337011432903e+00 7.549282241727539589e-01 8.760733143188093042e-01
2.635274724570281446e+00 7.549945609962818160e-01 8.841374688913972157e-01
2.635296928008899808e+00 7.550442926245914954e-01 8.932179369535964142e-01
2.635375960623572045e+00 7.551387296485814193e-01 9.024913537334426916e-01
2.635425351179752518e+00 7.552045122021716628e-01 9.118464139637370014e-01
2.635470368866650759e+00 7.552975427835095790e-01 9.210185446196985648e-01
2.635540558686772172e+00 7.553892890863358467e-01 9.298941019223987414e-01
2.635609627080758077e+00 7.554910291556614643e-01 9.377962110600774892e-01
2.635765818866243393e+00 7.557213187871064664e-01 9.592693227159123648e-01
2.635815902901287533e+00 7.558184483432355272e-01 9.677739981817669035e-01
2.635863552922665498e+00 7.558885342648449246e-01 9.756166615876186166e-01
2.635917698568918333e+00 7.559917249035855713e-01 9.845569255318058488e-01
2.635987219500210088e+00 7.560986753134357752e-01 9.936741994756730367e-01
2.636021520954918262e+00 7.561548729877498598e-01 1.002254870862115954e+00
2.636094833375588031e+00 7.562538582238153007e-01 1.012171141316598133e+00
2.636152859982879182e+00 7.563484337806334334e-01 1.021286031665047833e+00
2.636209233680423925e+00 7.564403452000010297e-01 1.029413844125364852e+00
2.636262701477866344e+00 7.565297009804893280e-01 1.037616530566771944e+00
2.636309862343117594e+00 7.566396713138896502e-01 1.047183388346539568e+00
2.636344868305176004e+00 7.567085162922535524e-01 1.055439270423119469e+00
2.636389423042540869e+00 7.568185290144266997e-01 1.064704018512024231e+00
2.636431477343201824e+00 7.569016677963690265e-01 1.074037548354742189e+00
2.636477568906103741e+00 7.570095018770841566e-01 1.082593092103370624e+00
2.636509864097990707e+00 7.570619289736637558e-01 1.091724854361078023e+00
2.636535583233974744e+00 7.571251392786609857e-01 1.100321511115368800e+00
2.636571163695786701e+00 7.571966383302529691e-01 1.108119784638739613e+00
2.636592263990944485e+00 7.572785941091735307e-01 1.115978513316366660e+00
2.636608866001044493e+00 7.573499289158776016e-01 1.123881045836335968e+00
2.636632594715471178e+00 7.574205069584667438e-01 1.133433514948210652e+00
2.636648592930125101e+00 7.574937496209437349e-01 1.143817900656650233e+00
2.636696203179664355e+00 7.576020962819459692e-01 1.153732454577907074e+00
2.636733387447254273e+00 7.576858493896914126e-01 1.161444180640307744e+00
2.636774583603077371e+00 7.577788012561941233e-01 1.169413988146063677e+00
2.636809895727679098e+00 7.578965143754500255e-01 1.178021699169488956e+00
2.636837453767725936e+00 7.579841752685712031e-01 1.185792959261094737e+00
2.636881565823460338e+00 7.581005581520184888e-01 1.194339617728483294e+00
2.636905311690518783e+00 7.581865315153831775e-01 1.202616941488384938e+00
2.636946992336147488e+00 7.583043184952366067e-01 1.210904201770437005e+00
2.636976590668101750e+00 7.584294760506548050e-01 1.219505915063730850e+00
2.637004029126417404e+00 7.585325393827448970e-01 1.229124238270714375e+00
2.637018930325488508e+00 7.586194155382386395e-01 1.237846370807462293e+00
2.637034313788118922e+00 7.586812530147969413e-01 1.245703675812603661e+00
2.637065624232638683e+00 7.587718659060729287e-01 1.253646851277781415e+00
2.637087028292070201e+00 7.588504545121589340e-01 1.262064855578109768e+00
2.637122820596645933e+00 7.589866567678033027e-01 1.271044324973068740e+00
2.637123440337853175e+00 7.589891294292757662e-01 1.271271500783442532e+00
2.637148129475817004e+00 7.591056390100264784e-01 1.280522392465663462e+00
2.637179951427735869e+00 7.592233309204916569e-01 1.288361832477505908e+00
2.637191794135155032e+00 7.593251713492978894e-01 1.296988922904888764e+00
2.637204804455645757e+00 7.594153896232548329e-01 1.305741357185423945e+00
2.637219095858358564e+00 7.595190949064642982e-01 1.314396641805918309e+00
2.637240889509828712e+00 7.596433427043014497e-01 1.322474115314938636e+00
2.637251380657914535e+00 7.597656365260899713e-01 1.331766648750874804e+00
2.637271196935166095e+00 7.598600877783282526e-01 1.340073836456300294e+00
2.637286852713646823e+00 7.599908334522891273e-01 1.348275792278557983e+00
2.637286627583195209e+00 7.599950387241264371e-01 1.348503465591635697e+00
2.637295183608362681e+00 7.601123559285219988e-01 1.357510915609724034e+00
2.637301439229196465e+00 7.602121088047607556e-01 1.365847240212240132e+00
2.637310984025750482e+00 7.603066913220019041e-01 1.373907815260442478e+00
2.637321963151594950e+00 7.603912560295534862e-01 1.382212291688956096e+00
2.637332219582441351e+00 7.605053686979548200e-01 1.391137261441750761e+00
2.637335120802613009e+00 7.605958099173931730e-01 1.400420807691641567e+00
2.637347021638218880e+00 7.606967207722061808e-01 1.409452924666405371e+00
2.637350210250877236e+00 7.607900318939060380e-01 1.417915991528166275e+00
2.637349365460670558e+00 7.609016812433474497e-01 1.426729927120893970e+00
2.637359200736419051e+00 7.610116845600958246e-01 1.434789134382412623e+00
2.637359066867331681e+00 7.611043594995019479e-01 1.442963578279719661e+00
2.637354974485245585e+00 7.611882679910118021e-01 1.452469064575884206e+00
2.637350972581215647e+00 7.612605671290455511e-01 1.460490036988939533e+00
2.637335447364131280e+00 7.613082650308549137e-01 1.468669258656243315e+00
2.637333766272784263e+00 7.615234980096791118e-01 1.488885378563229001e+00
2.637332667974790379e+00 7.615261343175369069e-01 1.489120400253764798e+00
2.637331424987110484e+00 7.616029854993974224e-01 1.497331501808315313e+00
2.637333218372517329e+00 7.616769030496479687e-01 1.505783185575225058e+00
2.637334792653177828e+00 7.617482044452387191e-01 1.513782754760844007e+00
2.637324867329946976e+00 7.618336086470118840e-01 1.523061160129719038e+00
2.637327551243802581e+00 7.618349979595901988e-01 1.523297142409980154e+00
2.637315680730190959e+00 7.619264915782015812e-01 1.531161704268242163e+00
2.637309095639109202e+00 7.620424869414140767e-01 1.539567077479643054e+00
2.637302301238332092e+00 7.621430331686880333e-01 1.547271886276162967e+00
2.637297213057467005e+00 7.622272576038876535e-01 1.555384936691011522e+00
2.637298606327315387e+00 7.623534062329520022e-01 1.564791243197029003e+00
2.637281457945241048e+00 7.624493566187522386e-01 1.572677360736187913e+00
2.637276733621025659e+00 7.625429998632555773e-01 1.581328319140201666e+00
2.637266874009965623e+00 7.626177125862687589e-01 1.589571897240940501e+00
2.637251216734510795e+00 7.626890478800714135e-01 1.597507483790392424e+00
2.637238117097573831e+00 7.627826453105976956e-01 1.606345747629094545e+00
2.637222076888355193e+00 7.628691775862236346e-01 1.614983848515956666e+00
2.637209174076963425e+00 7.629855293778230463e-01 1.624238197166328224e+00
2.637209230633831059e+00 7.629865774027360104e-01 1.624469053733869739e+00
2.637194873595206879e+00 7.630739887564330637e-01 1.633685025723577544e+00
2.637185476691302544e+00 7.631850997118538871e-01 1.642407758806324836e+00
2.637159829424984281e+00 7.633131370650396708e-01 1.651352542924201527e+00
2.637139525857526312e+00 7.634306723890889046e-01 1.660961509870723996e+00
2.637117410310191090e+00 7.635382741202542123e-01 1.669563080857645376e+00
2.637082433651217972e+00 7.636388020380435737e-01 1.677655280378323566e+00
2.637057396112844732e+00 7.637570029711714392e-01 1.687075647821031810e+00
2.637038475534707160e+00 7.638728694013811049e-01 1.696433564379638881e+00
2.637036379542563314e+00 7.638770529819836064e-01 1.696661990897233796e+00
2.637005800340132211e+00 7.639978831975082763e-01 1.705447711745379458e+00
2.636994106591614262e+00 7.641035353270203556e-01 1.714462412219441179e+00
2.636963312246880964e+00 7.642410252209624888e-01 1.723222119613264214e+00
2.636963825820823448e+00 7.642425070557122835e-01 1.723446834884601486e+00
2.636931376870034427e+00 7.643502425943040635e-01 1.730995171563129542e+00
2.636918224652504694e+00 7.644946910067504930e-01 1.739577611247532740e+00
2.636890812427790554e+00 7.646046090216312985e-01 1.749663803199275058e+00
2.636867410160130820e+00 7.646860559156867243e-01 1.757907019371372837e+00
2.636837009842147417e+00 7.647887383031686248e-01 1.766156904358337831e+00
2.636835311811125848e+00 7.647908774493478168e-01 1.766386206453917529e+00
2.636791093891064808e+00 7.649091022993670386e-01 1.775287689364485777e+00
2.636755973240785256e+00 7.650358525745349914e-01 1.784462266350741899e+00
2.636752086961912767e+00 7.650359810640594560e-01 1.784695129404006320e+00
2.636706080581923128e+00 7.651750794857526961e-01 1.794245092604985992e+00
2.636662143116208501e+00 7.652993622105517257e-01 1.803110287913330945e+00
2.636615285022610333e+00 7.654203266557020324e-01 1.811035670369988360e+00
2.636579750512968001e+00 7.655315755256665300e-01 1.818769610914818147e+00
2.636545316312349563e+00 7.656152314799413716e-01 1.826962657876929574e+00
2.636512936073067248e+00 7.657313242875142256e-01 1.835440612022689377e+00
2.636466316566736356e+00 7.658464163762703780e-01 1.843057526536739710e+00
2.636434790584584409e+00 7.659308536824875890e-01 1.851745629535745064e+00
2.636434099366610884e+00 7.659306567361614526e-01 1.851973131681839746e+00
2.636380058283834593e+00 7.660536594881044437e-01 1.861462428570257899e+00
2.636355385839491028e+00 7.661151370779823999e-01 1.869009756537544975e+00
2.636308420745244074e+00 7.662112145543102937e-01 1.877660153662803255e+00
2.636261472810012663e+00 7.663138128839057650e-01 1.885121902862181953e+00
2.636214973539722894e+00 7.664462852770169699e-01 1.893644017505912824e+00
2.636169496347185337e+00 7.665804439443567597e-01 1.903367007876202610e+00
2.636129166570839288e+00 7.666720221210071573e-01 1.912625446055869594e+00
2.636128517499763291e+00 7.666737330533931472e-01 1.912855042748419443e+00
2.636083396212361318e+00 7.667879690213610377e-01 1.921868511951999814e+00
2.636081474709543571e+00 7.667929099381161073e-01 1.922093092157465044e+00
2.636025132546290450e+00 7.668988958517252152e-01 1.930507278784746816e+00
2.635979062665142703e+00 7.669888967186910822e-01 1.938728509326010263e+00
2.635924080293847727e+00 7.670977317994132072e-01 1.947140389151884587e+00
2.635860685358283551e+00 7.672179348808436661e-01 1.956894824308957448e+00
2.635801159019912188e+00 7.673274614494846046e-01 1.965952861581446109e+00
2.635716780296011752e+00 7.674688744714927013e-01 1.974643913391370242e+00
2.635671949547065296e+00 7.675790109160286478e-01 1.982849244521115883e+00
2.635617484259248133e+00 7.676664865456179765e-01 1.991797880284716715e+00
2.635583865383472446e+00 7.677841362021198268e-01 2.000129473423825743e+00
2.635529235962990935e+00 7.678892337564994230e-01 2.008923905390379794e+00
2.635391463770032416e+00 7.681167195928733094e-01 2.030725168925227475e+00
2.635333301299385145e+00 7.682065216217832671e-01 2.039357563115030025e+00
2.635330205919266700e+00 7.682087171884457444e-01 2.039588336267430080e+00
2.635261366307787068e+00 7.683136728949930827e-01 2.048076442006570907e+00
2.635198446816604090e+00 7.683997272233645814e-01 2.057028070499145045e+00
2.635197617598857622e+00 7.684038392053674782e-01 2.057251869375334774e+00
2.635142625988871057e+00 7.685188203206273494e-01 2.065987541596995047e+00
2.635075282406853514e+00 7.686171441732670973e-01 2.074523957166103383e+00
2.635032187949128968e+00 7.686701553516837038e-01 2.082540779899428429e+00
2.634967872075406614e+00 7.687594877030684559e-01 2.090388932329106275e+00
2.634900799379602532e+00 7.688619864943722071e-01 2.098626394575194620e+00
2.634835430083351859e+00 7.689612358870261399e-01 2.107198774274154029e+00
2.634775562623486334e+00 7.690821958038078776e-01 2.115792588405293273e+00
2.634710304714810380e+00 7.691861290413266605e-01 2.124382787395385996e+00
2.634618583966100491e+00 7.693050125945060103e-01 2.133872153817235606e+00
2.634553002095320284e+00 7.694009308648740442e-01 2.143269260224956341e+00
2.634550433237906386e+00 7.694065017559932329e-01 2.143500836082806060e+00
2.634481497615362322e+00 7.694908975610057489e-01 2.152725524822763248e+00
2.634410031609240033e+00 7.695922321035897351e-01 2.161242515321442959e+00
2.634332275414792868e+00 7.696964810200828122e-01 2.169555772082487177e+00
2.634282530712241499e+00 7.697772377570042401e-01 2.178223811875481086e+00
2.634209723338099884e+00 7.698757333893803123e-01 2.186778290165012351e+00
2.634147195656239226e+00 7.699478973723407060e-01 2.195208696209062005e+00
2.634091005661344465e+00 7.700002360170584703e-01 2.203302072001219081e+00
2.634010527669034207e+00 7.700912931079355594e-01 2.212484796392044206e+00
2.633940391090591859e+00 7.701679907015808180e-01 2.221186274862748000e+00
2.633891208828162078e+00 7.702154148058124594e-01 2.228743692564393086e+00
2.633783924060787207e+00 7.703159231924111561e-01 2.237844411495262253e+00
2.633707152229824988e+00 7.703985794608581017e-01 2.246018358374582302e+00
2.633644449342145144e+00 7.704739968893731250e-01 2.254325937613883113e+00
2.633564262310468695e+00 7.705576797174885639e-01 2.262616707031391172e+00
2.633488391535507844e+00 7.706392647133951668e-01 2.270347514344690509e+00
2.633422691060619769e+00 7.706984623192959516e-01 2.278054189912322336e+00
2.633343987947955434e+00 7.707922033785901128e-01 2.286376481023216556e+00
2.633268341967867521e+00 7.708848094715194943e-01 2.294800007213975590e+00
2.633204016999725283e+00 7.709506180343680404e-01 2.303232563376046205e+00
2.633124537813991584e+00 7.710336664334543899e-01 2.311534201120459819e+00
2.633036228978325344e+00 7.711138900031755394e-01 2.320664014257630914e+00
2.632974844489274879e+00 7.711831567090505768e-01 2.328578074672695397e+00
2.632896947198146709e+00 7.712561043277046391e-01 2.338772937173243083e+00
2.632896617558679875e+00 7.712579347101664595e-01 2.339008547680525130e+00
2.632368960407237779e+00 7.717831870365539082e-01 2.347865280782659880e+00
2.632329970572713229e+00 7.718204041386902414e-01 2.348096251311901472e+00
2.629643597659784504e+00 7.744892700826976339e-01 2.357284930357379515e+00
2.629546499560548423e+00 7.745812599066185244e-01 2.357520732786315243e+00
2.624112327140518452e+00 7.798963293756343562e-01 2.367384672339559071e+00
2.618274500432885343e+00 7.855153781874579799e-01 2.376551012388993911e+00
2.618125073480426224e+00 7.856576839174023164e-01 2.376788121616975946e+00
2.613164006848671228e+00 7.903103599874454765e-01 2.384238083904712813e+00
2.606893748439935710e+00 7.960255582291009269e-01 2.391339792407911169e+00
2.601624168254195624e+00 8.007297133785727938e-01 2.395156367659821761e+00
2.596441729237597418e+00 8.053320288073931854e-01 2.396899587044793112e+00
2.591010285738929664e+00 8.101032511681341974e-01 2.396137407661854013e+00
2.585884105076070583e+00 8.146087470393569285e-01 2.392310354203180722e+00
2.581183297970237156e+00 8.189314884697629360e-01 2.388149246396503056e+00
2.575286121077790202e+00 8.243553767545612754e-01 2.381214700686522079e+00
2.570068437768959768e+00 8.292693931571092358e-01 2.375066914128942219e+00
2.565098714670746460e+00 8.339856065872751634e-01 2.369383001655548604e+00
2.558789392871191115e+00 8.400146707317038830e-01 2.364078383447108411e+00
2.558640827337650858e+00 8.401623310324759508e-01 2.363991073468188375e+00
2.553075706273375101e+00 8.455642975052712895e-01 2.361923563547986937e+00
2.547168792160841910e+00 8.513442842687574119e-01 2.360692176568091938e+00
2.541276539830822134e+00 8.570897604932397051e-01 2.359418513335172829e+00
2.535593520078299079e+00 8.626848375022091453e-01 2.358392068088686067e+00
2.530095049290948861e+00 8.680878112318374251e-01 2.357593469698938016e+00
2.524984869317537850e+00 8.731322173750033500e-01 2.356399561877393634e+00
2.519774166394511017e+00 8.782039379871096063e-01 2.354697187968552097e+00
2.514064607974244137e+00 8.838827514594429502e-01 2.353132685604724994e+00
2.501165284655266330e+00 8.967124693048766915e-01 2.349988449569932136e+00
2.495190913095852725e+00 9.026817899610586338e-01 2.347954771119411088e+00
2.490108854809697458e+00 9.077355504252371254e-01 2.345577605783045527e+00
2.484348282870688429e+00 9.135342966162025569e-01 2.342630494245531825e+00
2.478625827267051829e+00 9.192977551092689215e-01 2.340165445817796286e+00
2.473956824259246901e+00 9.240409711237648205e-01 2.338058700818351543e+00
2.469028472508834504e+00 9.290650807650797649e-01 2.335214413833746061e+00
2.463439234075599504e+00 9.348500657286966664e-01 2.332410217501297289e+00
2.463288185407999098e+00 9.350012906409446156e-01 2.332358615899747800e+00
2.458032038176058975e+00 9.404526228451578485e-01 2.330374879079371464e+00
2.453096850221816894e+00 9.455680794986824900e-01 2.328343093286147525e+00
2.452960073536035956e+00 9.457158531590047490e-01 2.328284320733162271e+00
2.447266693329365417e+00 9.516550882041598936e-01 2.325700009145957203e+00
2.442584713620340686e+00 9.565250989553990557e-01 2.323164165323695407e+00
2.437671615385109014e+00 9.617364249260796916e-01 2.320926732389788860e+00
2.432628825606984346e+00 9.670992725961338188e-01 2.319094769963185865e+00
2.428062973429292892e+00 9.719722706136870727e-01 2.317249575407575701e+00
2.423013222340932415e+00 9.773780165722862900e-01 2.314980765890677361e+00
2.417722263002849203e+00 9.830173672823283582e-01 2.312121202607726023e+00
2.412653358300123507e+00 9.885117610453533210e-01 2.309821857649660970e+00
2.407853270609117580e+00 9.937597706205648640e-01 2.308053563201093894e+00
2.402036315863635529e+00 1.000095450289359977e+00 2.305569482163780215e+00
2.397356292382147647e+00 1.005243353825248542e+00 2.303392322110922930e+00
2.396570901051273239e+00 1.006116232236953456e+00 2.302976417030756284e+00
2.391340824060278702e+00 1.011885999770336886e+00 2.300613071627180872e+00
2.386358497901893472e+00 1.017413071250435230e+00 2.298687012455790324e+00
2.381283973629952921e+00 1.023049557820400413e+00 2.296499616595209847e+00
2.376035235834684123e+00 1.028881710464933485e+00 2.293926423926109237e+00
2.371510128714612087e+00 1.033946236813866548e+00 2.291391552791953057e+00
2.366388808062935833e+00 1.039651470588149662e+00 2.287748084001981042e+00
2.361434747136861745e+00 1.045264499325530005e+00 2.284216522685047934e+00
2.356635894473355197e+00 1.050764472284289486e+00 2.281793949771836250e+00
2.352405148528883494e+00 1.055636962743990326e+00 2.279631449514574193e+00
2.347832866668001728e+00 1.060882520309899046e+00 2.276969565957125852e+00
2.343048415487231306e+00 1.066398307621440722e+00 2.273572579353622558e+00
2.338292777781665777e+00 1.071980750728645182e+00 2.270286689814630776e+00
2.332701574782193088e+00 1.078579102856648042e+00 2.267570118527977296e+00
2.327590688217588522e+00 1.084669711947386705e+00 2.265086380286733370e+00
2.323529954396277297e+00 1.089507456819609921e+00 2.262800872629815885e+00
2.319259675896112594e+00 1.094568454022022408e+00 2.259648781815742247e+00
2.318669494257501018e+00 1.095305965790019043e+00 2.259132885169085281e+00
2.313654986004129999e+00 1.101328924966648692e+00 2.255598667886514530e+00
2.309626167466431568e+00 1.106240914705235667e+00 2.253641893905138360e+00
2.305746624773653775e+00 1.110975328363935644e+00 2.251564305136837252e+00
2.301087969167296521e+00 1.116689835625770177e+00 2.248590852395954354e+00
2.296812891024230030e+00 1.121896402248252489e+00 2.245478049215235306e+00
2.292119770478432628e+00 1.127617691424436019e+00 2.241654827759121726e+00
2.287884018809357656e+00 1.132899608138267178e+00 2.238561232150403146e+00
2.283433627071113747e+00 1.138554047564201088e+00 2.236081424166791454e+00
2.279131936517170054e+00 1.144002731077425450e+00 2.233493726939602464e+00
2.274995159831196823e+00 1.149269068123782045e+00 2.230790696023673192e+00
2.271055772912987436e+00 1.154293977070957267e+00 2.227739138634353910e+00
2.267042982948486607e+00 1.159416837337539530e+00 2.224950266763829010e+00
2.262498831953911882e+00 1.165319111382313366e+00 2.222425980696222325e+00
2.257981340422044347e+00 1.171182452710302080e+00 2.219642467295934729e+00
2.257875256306116185e+00 1.171329686624234645e+00 2.219565778020637481e+00
2.253871075763800746e+00 1.176518731127348394e+00 2.216708802010032286e+00
2.249530120679235523e+00 1.182219363760075748e+00 2.212869345438952084e+00
2.245777061180091572e+00 1.187161863205653978e+00 2.209404833163018278e+00
2.235942709063765133e+00 1.200350407035229994e+00 2.202055070035482398e+00
2.232164910220818754e+00 1.205483009686421081e+00 2.199552633385678302e+00
2.227737857895958129e+00 1.211461003957407634e+00 2.195985430785728720e+00
2.224211844628662060e+00 1.216256012215974236e+00 2.192567589261870342e+00
2.220072895269243229e+00 1.221953968219628761e+00 2.187794825852778846e+00
2.215853328876258299e+00 1.227879151896219323e+00 2.183427748189539219e+00
2.211738455607620502e+00 1.233712563444386623e+00 2.180245575707712380e+00
2.207973146016843913e+00 1.239062963838560183e+00 2.177127867006266371e+00
2.203952838009422877e+00 1.244774529976941491e+00 2.173576536294949513e+00
2.200427500335686570e+00 1.249820575494352326e+00 2.169920979350054679e+00
2.196575564779781331e+00 1.255397383695311397e+00 2.165452973577246532e+00
2.196476218363878630e+00 1.255535678660137267e+00 2.165336344724074547e+00
2.192756958747006379e+00 1.260967809696501796e+00 2.161200613925746694e+00
2.188863649127422040e+00 1.266753058396522524e+00 2.157866300706027918e+00
2.185300608129934208e+00 1.272082506865193530e+00 2.154805400140938687e+00
2.181682272994332372e+00 1.277513880452961326e+00 2.151440851692567602e+00
2.181589973191655929e+00 1.277655402275501562e+00 2.151346732083765367e+00
2.177913225371805872e+00 1.283107660443614462e+00 2.147228959824702521e+00
2.174118935596754287e+00 1.288808216186758004e+00 2.142385588597353063e+00
2.170578027642435348e+00 1.294221047406805658e+00 2.137679711057636656e+00
2.166547732219590294e+00 1.300493084511609609e+00 2.133081729157638051e+00
2.163101226818858969e+00 1.305946424704413023e+00 2.130073312039392874e+00
2.159791358474416167e+00 1.311191667072951095e+00 2.126910290883890386e+00
2.156342970250385349e+00 1.316669736071242713e+00 2.123261963842882682e+00
2.153198144323444474e+00 1.321626494525518281e+00 2.119486057291577907e+00
2.149875248346539092e+00 1.326977100507318763e+00 2.115015936456816181e+00
2.149790780221711106e+00 1.327114717328153226e+00 2.114896037884232971e+00
2.146634798334094985e+00 1.332275724782757020e+00 2.110778699083658339e+00
2.143824038515473873e+00 1.336972104688429086e+00 2.107858021260963888e+00
2.140356844422510285e+00 1.342740267668147691e+00 2.104232776905189173e+00
2.140273133264669614e+00 1.342879824299164859e+00 2.104144771999944208e+00
2.137117184208910281e+00 1.348152227575707407e+00 2.100473174094535711e+00
2.134268955987743688e+00 1.352985260157365754e+00 2.096639200987038709e+00
2.131434764010776473e+00 1.357766474579086946e+00 2.092676764063474693e+00
2.128786122249306523e+00 1.362233863059410410e+00 2.088638864261895378e+00
2.126191179929762143e+00 1.366701290873364893e+00 2.084257137403678684e+00
2.123406152076924513e+00 1.371548663338678420e+00 2.079386970788863032e+00
2.120425226292640630e+00 1.376821229311609773e+00 2.074017688404719006e+00
2.117699204837439453e+00 1.381784510828949708e+00 2.069820988365953518e+00
2.114419646422912802e+00 1.387795216100218720e+00 2.065987352647735253e+00
2.111637012392730384e+00 1.392922709781555302e+00 2.062599036357883886e+00
2.109029467994713247e+00 1.397733668549172137e+00 2.059156451874444294e+00
2.105886851995633080e+00 1.403542392204160105e+00 2.054517726569609515e+00
2.103154526725649731e+00 1.408664511076077375e+00 2.050097696612901643e+00
2.103078001280775045e+00 1.408800343171342506e+00 2.049986312703632407e+00
2.100505133474752206e+00 1.413620254331466874e+00 2.045262452935988406e+00
2.097948959857818707e+00 1.418535165539754228e+00 2.040105331119208110e+00
2.095032508255408210e+00 1.424166839680737429e+00 2.034135087243615025e+00
2.092205691512626586e+00 1.429768236303627038e+00 2.029163178186601968e+00
2.089704076652725284e+00 1.434851562858635798e+00 2.025883068950571353e+00
2.087102919341797147e+00 1.440147819920779781e+00 2.022398767008195541e+00
2.084847667010303329e+00 1.444732727169246722e+00 2.019085843533297009e+00
2.082511500962674678e+00 1.449515996958527841e+00 2.015162087921530176e+00
2.079941943055074294e+00 1.454798452785126095e+00 2.010360472925233122e+00
2.077887066986002562e+00 1.459072629002036603e+00 2.006209749791360686e+00
2.075871790644044701e+00 1.463356734133887782e+00 2.001669219317737003e+00
2.073309171750767455e+00 1.468840905812603292e+00 1.995428664150191045e+00
2.073248550061709938e+00 1.468972972773711971e+00 1.995275454697644557e+00
2.071100565347513189e+00 1.473619900495135582e+00 1.990238108471046763e+00
2.069048407605627027e+00 1.478203929686574547e+00 1.986794507006838462e+00
2.066635306367120783e+00 1.483705059797380876e+00 1.983109600999828803e+00
2.064512986818692664e+00 1.488498989671882988e+00 1.979784943545595421e+00
2.062273478447553821e+00 1.493626056734917107e+00 1.975495630895763188e+00
2.060055182712723365e+00 1.498713487696914370e+00 1.970820467942051790e+00
2.058102049404648248e+00 1.503246013525423086e+00 1.966437202404828666e+00
2.058042464998535159e+00 1.503371285224404108e+00 1.966316677309800642e+00
2.056148160231992428e+00 1.507828716892243293e+00 1.961428556715065774e+00
2.054155687334202174e+00 1.512572239684275788e+00 1.955908768420717925e+00
2.052160836953679901e+00 1.517471176785331277e+00 1.950176400907838392e+00
2.047454093327409907e+00 1.529163636275546967e+00 1.936886432101739830e+00
2.045669039100789455e+00 1.533679163092083630e+00 1.931985271177814933e+00
2.045619772193045360e+00 1.533807471007913481e+00 1.931848894761448276e+00
2.043960333064295920e+00 1.538206565507160395e+00 1.927381598496055615e+00
2.042288977962285479e+00 1.542683880425921528e+00 1.923966379988286679e+00
2.040468967329113426e+00 1.547648394928855975e+00 1.920417786512516267e+00
2.038765587411292213e+00 1.552332969876006441e+00 1.916889454816967042e+00
2.036886205907618930e+00 1.557487577567279402e+00 1.912608610226053996e+00
2.035057169071887717e+00 1.562573572857336224e+00 1.907871581453479237e+00
2.035012624380958091e+00 1.562700822125705935e+00 1.907746765677291734e+00
2.033366414453030124e+00 1.567341644864533201e+00 1.902940478668692315e+00
2.031688519299211571e+00 1.572117035254301687e+00 1.897434036634359833e+00
2.030166223051985241e+00 1.576509313673984503e+00 1.892399748517441305e+00
2.028572331404428386e+00 1.581261509474637839e+00 1.886878435151771560e+00
2.027089041340798037e+00 1.585681983755801383e+00 1.881720516725323256e+00
2.025407875750211417e+00 1.590838475105482708e+00 1.875649349624453954e+00
2.023836058982897868e+00 1.595716800918035361e+00 1.870113142718586197e+00
2.022386492188430474e+00 1.600311404172078733e+00 1.865097969705563186e+00
2.020949255362022079e+00 1.605007354323893631e+00 1.860794406389816524e+00
2.019311748870306289e+00 1.610492726060331226e+00 1.856682423911753199e+00
2.017723895222749420e+00 1.615913061299364628e+00 1.852362078703512216e+00
2.016537651473322867e+00 1.620036513929135058e+00 1.848771224331987151e+00
2.015186126147714418e+00 1.624621767503006353e+00 1.844338959044556692e+00
2.013881829627920617e+00 1.629081662629865423e+00 1.839897755924962741e+00
2.012516649526806312e+00 1.633984996435577042e+00 1.834609958102600524e+00
2.012481238305427578e+00 1.634109039714775058e+00 1.834478557796791698e+00
2.011197016428318385e+00 1.638719142224067227e+00 1.829250341042687467e+00
2.009993229703138873e+00 1.643224255599938344e+00 1.823832031925682218e+00
2.008791684375421660e+00 1.647719896813820473e+00 1.818375410463141550e+00
2.007560913470038955e+00 1.652447098987113838e+00 1.812800026534511222e+00
2.006468398807640163e+00 1.656726846324151348e+00 1.807932639988020451e+00
2.005351139614814926e+00 1.661195518830218987e+00 1.802580316745195033e+00
2.004324090646057321e+00 1.665447426369814021e+00 1.797377941539126445e+00
2.003227186283552896e+00 1.670157134013782185e+00 1.791688492685218126e+00
2.003197279087936433e+00 1.670278655301693060e+00 1.791542146883442266e+00
2.002113285784565377e+00 1.674898823593353514e+00 1.786225977402764009e+00
2.001133999284873344e+00 1.679273991228735774e+00 1.781295778064677648e+00
2.000096857004696638e+00 1.683890617164579773e+00 1.776177351388070313e+00
1.999218895011063868e+00 1.687879142840244207e+00 1.771623735758188323e+00
1.998122535791768462e+00 1.693163781227411402e+00 1.765492409306491428e+00
1.997331954744538951e+00 1.697194558596978764e+00 1.761492235134984430e+00
1.996486883246928246e+00 1.701615172210139137e+00 1.757884155381985281e+00
1.995588734604106351e+00 1.706351975931294174e+00 1.754050376558833335e+00
1.994728266275534789e+00 1.710934013058688308e+00 1.750107994408137690e+00
1.993948860606747697e+00 1.715108999495086994e+00 1.745921269006451615e+00
1.993140295323926559e+00 1.719492395734008028e+00 1.741211425657161804e+00
1.992398749137920699e+00 1.723502833544759305e+00 1.736815083996877451e+00
1.991624953403939191e+00 1.727874489420073045e+00 1.731848480403100465e+00
1.990874422168080748e+00 1.732212494968114136e+00 1.726911664959045023e+00
1.990218885550330885e+00 1.736171878965267368e+00 1.722195204007962221e+00
1.989599479469163379e+00 1.740046137526042536e+00 1.717381265274587898e+00
1.988935371427254184e+00 1.744362110134257904e+00 1.712033009184851906e+00
1.988277595801654751e+00 1.748812764981559020e+00 1.706659935896120750e+00
1.987618443156575543e+00 1.753146026842734129e+00 1.701657818278544232e+00
1.986996706617237152e+00 1.757589861769255579e+00 1.696641534175222787e+00
1.986460259208096435e+00 1.761541144319900276e+00 1.692113730109236602e+00
1.985891860483583127e+00 1.766045933928862111e+00 1.686802302701940315e+00
1.985384534270442813e+00 1.769869441533530097e+00 1.682286303111179215e+00
1.984934069486998798e+00 1.773674568490794190e+00 1.677883267466829365e+00
1.984497793477676186e+00 1.777499463350920017e+00 1.673534504980816351e+00
1.984074693540470946e+00 1.781312525923886225e+00 1.669237333669057577e+00
1.982998067072848869e+00 1.791671882004548078e+00 1.656655102795942636e+00
1.982655673503611382e+00 1.795532373453715191e+00 1.651871229280400533e+00
1.982260369121616073e+00 1.800234687309105297e+00 1.646376783593667126e+00
1.982251881850680908e+00 1.800347476076626929e+00 1.646245418986111098e+00
1.981864329926538382e+00 1.804919885651586897e+00 1.641051025939958663e+00
1.981581607875693596e+00 1.808685336055910531e+00 1.636698270509981290e+00
1.981299003151367533e+00 1.812560635651870866e+00 1.632214716487438544e+00
1.981008919530916401e+00 1.816775731014107276e+00 1.627453304421330182e+00
1.980748481142893702e+00 1.821096567359160145e+00 1.622648209684450116e+00
1.980508930250197253e+00 1.825299490774904720e+00 1.617981065243859318e+00
1.980297354057225290e+00 1.829364230450023499e+00 1.613425517378020979e+00
1.980087317655286228e+00 1.833860719189840838e+00 1.608272065632602832e+00
1.979884540698835238e+00 1.838233462124266859e+00 1.603151121898409359e+00
1.979689421963626739e+00 1.842844313550844104e+00 1.597807271580017563e+00
1.979686011714107963e+00 1.842955427978106409e+00 1.597677571281341802e+00
1.979522062669738069e+00 1.847552853524653704e+00 1.592459220801431652e+00
1.979410469131918759e+00 1.851806054612106234e+00 1.587680961858321638e+00
1.979311560225047728e+00 1.855936580992878726e+00 1.583052988902905245e+00
1.979221641756631511e+00 1.860078355991494847e+00 1.578256182981332412e+00
1.979154808924880937e+00 1.864426236356461875e+00 1.573210610539064636e+00
1.979081487428413055e+00 1.868740773727481930e+00 1.568256012213250727e+00
1.979076298724556704e+00 1.872970684099772631e+00 1.563414429897056035e+00
1.979072841729574872e+00 1.877177464074470503e+00 1.558677621405680558e+00
1.979108629929532848e+00 1.881947458800544482e+00 1.553488283511054835e+00
1.979156658551493475e+00 1.886121706834432477e+00 1.548838989135022048e+00
1.979217171372815276e+00 1.890298203317338555e+00 1.544016088817605104e+00
1.979289580597939580e+00 1.894360292255841571e+00 1.539333083155335347e+00
1.979407014725447223e+00 1.898968615755872058e+00 1.534076381338038475e+00
1.979542147529713692e+00 1.903024336596221611e+00 1.529586010236873017e+00
1.979691255290019214e+00 1.907183439773606715e+00 1.525032707414792021e+00
1.979865812412333614e+00 1.911645895379548987e+00 1.520042464534232085e+00
1.979869096329315070e+00 1.911753957224216594e+00 1.519917491208246263e+00
1.980027027724069466e+00 1.915568027434714660e+00 1.515518960232983714e+00
1.980216540213873611e+00 1.919695505252186241e+00 1.510873603951980559e+00
1.980453649052607012e+00 1.924164383485407859e+00 1.505896453114998090e+00
1.980696833037171256e+00 1.928299517261290674e+00 1.501304911194742298e+00
1.980704996921608174e+00 1.928406131834522919e+00 1.501182332551084464e+00
1.980937310574842680e+00 1.932199639466124497e+00 1.496868941613176407e+00
1.981206482339384678e+00 1.936100442721023107e+00 1.492379468459765102e+00
1.981494400924029620e+00 1.940188805248646231e+00 1.487828354959729760e+00
1.981515270953133401e+00 1.940402191785637109e+00 1.487583887592408116e+00
1.981852550052129125e+00 1.944599481613265013e+00 1.482952186182140419e+00
1.981860266689249972e+00 1.944708170752879051e+00 1.482833587820926891e+00
1.982214569123860404e+00 1.948887606521079618e+00 1.478316778426821410e+00
1.982224054872563146e+00 1.948996347775690641e+00 1.478201974486949011e+00
1.982597448182088051e+00 1.953079136101558255e+00 1.473822085583680774e+00
1.982952579621802158e+00 1.956953582231145683e+00 1.469681860776534954e+00
1.983347128291167216e+00 1.961131784418177704e+00 1.465038720021211383e+00
1.983711773760805208e+00 1.964760966530310293e+00 1.460952864710807431e+00
1.984089561262841972e+00 1.968494781138184102e+00 1.456745552436347069e+00
1.984589632874211418e+00 1.972961795882331115e+00 1.451873654238699629e+00
1.984604258451051040e+00 1.973068691063145419e+00 1.451756193404731610e+00
1.985087463322120716e+00 1.977322984085843505e+00 1.447254144429499290e+00
1.985571882708851987e+00 1.981475492652700288e+00 1.442867951425810258e+00
1.986058628157882033e+00 1.985500173518138567e+00 1.438528988881247139e+00
1.986511908296718865e+00 1.989093666225179247e+00 1.434543812142055508e+00
1.987011698973380369e+00 1.992978787569223975e+00 1.430313752008766981e+00
1.987490050798776720e+00 1.996548746514615891e+00 1.426368558932714414e+00
1.987546876738951251e+00 1.996969136467084738e+00 1.425911862875773206e+00
1.988105126510965714e+00 2.000960716281371177e+00 1.421644485501032618e+00
1.988715761726384645e+00 2.005142573839855391e+00 1.417282900500264065e+00
1.988730899444345113e+00 2.005246236065830523e+00 1.417170795079538692e+00
1.989304582535840638e+00 2.009102269289225084e+00 1.412908548944407094e+00
1.989970696326260668e+00 2.013471215878040788e+00 1.407971851615769987e+00
1.989989025549702362e+00 2.013573471515830882e+00 1.407853914508511828e+00
1.991508192042408254e+00 2.023036922069083587e+00 1.397659761554782110e+00
1.992209154289383388e+00 2.027072221288239717e+00 1.393348049034262015e+00
1.992889499822068533e+00 2.031010695241437958e+00 1.389266041240222904e+00
1.993573055275546846e+00 2.034931815915518527e+00 1.385095874433892371e+00
1.994297877659115814e+00 2.038961734359791667e+00 1.380689444404890054e+00
1.994967005399767679e+00 2.042568441924320410e+00 1.376784001190969109e+00
1.995685757562109419e+00 2.046267006384826281e+00 1.372816024775850297e+00
1.996368372416273296e+00 2.049865280956223668e+00 1.369024559372367333e+00
1.997085479205388037e+00 2.053541321594217095e+00 1.365247204643413648e+00
1.997819262276306684e+00 2.057118787669308446e+00 1.361580277965038555e+00
1.998596483540250102e+00 2.060990102077813191e+00 1.357437740081985256e+00
1.999387382305786831e+00 2.064745471979250624e+00 1.353369534372680150e+00
2.000123282131178737e+00 2.068207083170796157e+00 1.349638320421981508e+00
2.001051754145372286e+00 2.072493882789972819e+00 1.345106135140071935e+00
2.001881264795615678e+00 2.076203381733712661e+00 1.340980958198207507e+00
2.002724339391041219e+00 2.079854751528032786e+00 1.336414143791649245e+00
2.003467098340533603e+00 2.083174288418641495e+00 1.332304152102646633e+00
2.004228604133159841e+00 2.086469260869648679e+00 1.328218784185368762e+00
2.005070826037837151e+00 2.089969961035994750e+00 1.324079797521289237e+00
2.006057305891631781e+00 2.093981276839071981e+00 1.319670137193164727e+00
2.007031093018324164e+00 2.097797097051895321e+00 1.315614885315720350e+00
2.007943179572965864e+00 2.101302762587683226e+00 1.311949443919344649e+00
2.008859717740335782e+00 2.104814873885466842e+00 1.308412157526158692e+00
2.010007258428065491e+00 2.109211306296184141e+00 1.303834859050869488e+00
2.011149560386342294e+00 2.113392804925638302e+00 1.299475975680539630e+00
2.011177051126781024e+00 2.113491514661715698e+00 1.299372625677473136e+00
2.012325504016144961e+00 2.117655964395383617e+00 1.295081499611728582e+00
2.013253469227019199e+00 2.121030246235833694e+00 1.291681363999345855e+00
2.014168036599563116e+00 2.124298367003247812e+00 1.288384393807108008e+00
2.015248179739243639e+00 2.128060506636404892e+00 1.284639235590375517e+00
2.016302901542227133e+00 2.131718356220991151e+00 1.281025494364667727e+00
2.017404135072037530e+00 2.135475563388784082e+00 1.277173577297563645e+00
2.018571342392981194e+00 2.139418643064642467e+00 1.273009848256394960e+00
2.019637989182745397e+00 2.142946148492380409e+00 1.269273837321396092e+00
2.020792289134589304e+00 2.146661644886371345e+00 1.265415220559052756e+00
2.021852839735668539e+00 2.150093517480481609e+00 1.261901101094567101e+00
2.023000795354730652e+00 2.153709547179326833e+00 1.258319229806363015e+00
2.024110287025402855e+00 2.157232307609322053e+00 1.254727466101851485e+00
2.025349742077460213e+00 2.161122611279126193e+00 1.250642005035233151e+00
2.026627427081549193e+00 2.165000575268287264e+00 1.246584446919842160e+00
2.027880844206962685e+00 2.168767843489755265e+00 1.242392173288429769e+00
2.029049228130976879e+00 2.172331018833386196e+00 1.238271206781881517e+00
2.029080989103058563e+00 2.172430557091411085e+00 1.238162932666266869e+00
2.030425091326700127e+00 2.176377759210216034e+00 1.233801037889626695e+00
2.030489935180114891e+00 2.176572756809177722e+00 1.233592199552823843e+00
2.031636185447522003e+00 2.179935732948536931e+00 1.229880321419233091e+00
2.032865928485897200e+00 2.183475504865066696e+00 1.225912303553600591e+00
2.034112220003176486e+00 2.187027605147084497e+00 1.222011384461566541e+00
2.035492322450362046e+00 2.190883741311084876e+00 1.217849363030194088e+00
2.035526150627339437e+00 2.190978850489209595e+00 1.217747122881991828e+00
2.036707448738072301e+00 2.194240098648069015e+00 1.214440993128067747e+00
2.038153498689953658e+00 2.198184617861972612e+00 1.210493302115854597e+00
2.039624250016125018e+00 2.202107306179790669e+00 1.206624895469699643e+00
2.040926099038538055e+00 2.205539874836365932e+00 1.203269296007315470e+00
2.042367967049034228e+00 2.209331905844211796e+00 1.199486489022992819e+00
2.043678129339011829e+00 2.212738341867598990e+00 1.195952652525795967e+00
2.045044779317465089e+00 2.216245791677176058e+00 1.192343849039972259e+00
2.046346621565574786e+00 2.219565575847801675e+00 1.188934186553947336e+00
2.047773733842168653e+00 2.223162195504068350e+00 1.185315834166168036e+00
2.047812899405542009e+00 2.223254833274660669e+00 1.185220481647635271e+00
2.049171558541986737e+00 2.226653976316174344e+00 1.181824143908092539e+00
2.050737499349946091e+00 2.230535774058655107e+00 1.177922850912755948e+00
2.054266523893713448e+00 2.239161558466975954e+00 1.169015753130793644e+00
2.054305363563190046e+00 2.239253056770589723e+00 1.168916124660564382e+00
2.055784085959833973e+00 2.242778732955795995e+00 1.164979992370936523e+00
2.057073978909432110e+00 2.245854968805023777e+00 1.161457725077908121e+00
2.058542351005742788e+00 2.249296301643211926e+00 1.157611869820154737e+00
2.059890971706245466e+00 2.252461578400005493e+00 1.154226653419453408e+00
2.061267592733150522e+00 2.255620548558646909e+00 1.150910687708395885e+00
2.062799952084504174e+00 2.259146722527102913e+00 1.147114880830318207e+00
2.064483896800347384e+00 2.262938064597216581e+00 1.143049620287656776e+00
2.066011527646465673e+00 2.266347319828649454e+00 1.139504928964926167e+00
2.067638302164588548e+00 2.269947751607261921e+00 1.135787838442103181e+00
2.069373230455011203e+00 2.273722787654220312e+00 1.131969415131311107e+00
2.071072213619216562e+00 2.277410401434790010e+00 1.128294894854273700e+00
2.072565308581260979e+00 2.280605518754816430e+00 1.125124237275946015e+00
2.074142234502431403e+00 2.283986249672210533e+00 1.121642494083230357e+00
2.075781578066383304e+00 2.287456078815208294e+00 1.118024990901376192e+00
2.075866388950825314e+00 2.287639352855670438e+00 1.117840526357690045e+00
2.077457086382997531e+00 2.290989304147019290e+00 1.114201328753623876e+00
2.079126658493912760e+00 2.294513678749471985e+00 1.110226455244142763e+00
2.080699088668227059e+00 2.297762471581729748e+00 1.106578529159608637e+00
2.082297586607092299e+00 2.301036618890257124e+00 1.102938950569265719e+00
2.084077735921085583e+00 2.304649130044349015e+00 1.099025803277727587e+00
2.084165642654048689e+00 2.304830323094941846e+00 1.098835391827008401e+00
2.085971073877224580e+00 2.308422211351589759e+00 1.094991231616543548e+00
2.087688253188593190e+00 2.311839951124388115e+00 1.091367420440706226e+00
2.087919095451959084e+00 2.312285767060188846e+00 1.090890842982242814e+00
2.089478339054739564e+00 2.315350082670550869e+00 1.087628096151524781e+00
2.091160416771603359e+00 2.318561218646298272e+00 1.084266041638703770e+00
2.092857075247550824e+00 2.321765129593089227e+00 1.080942550154802451e+00
2.094553514279212436e+00 2.324954198207971778e+00 1.077672852690549243e+00
2.096296090364831777e+00 2.328234482943556394e+00 1.074302512326660519e+00
2.098383788262194294e+00 2.332127560197503779e+00 1.070384191758902759e+00
2.100242388408891436e+00 2.335603116713707017e+00 1.066742484887195808e+00
2.101877228708243450e+00 2.338574750670513680e+00 1.063570835332213971e+00
2.103453171074206374e+00 2.341458440678681363e+00 1.060311270670327488e+00
2.105083658801695456e+00 2.344414474332146447e+00 1.056931266370711997e+00
2.106876790414055733e+00 2.347661217325827998e+00 1.053253643467925160e+00
2.108690466143792630e+00 2.350888590640789033e+00 1.049625048019340534e+00
2.110614555494448652e+00 2.354293100455991716e+00 1.045944682220291355e+00
2.112551738011599234e+00 2.357674493815319128e+00 1.042234870835123006e+00
2.114373674843691653e+00 2.360890576382534967e+00 1.038675418011294482e+00
2.116180078541404441e+00 2.364025077883493253e+00 1.035264464431638221e+00
2.118098086615346265e+00 2.367307891250458596e+00 1.031765166792763866e+00
2.119946005372550513e+00 2.370400927822078785e+00 1.028447413661566445e+00
2.121803866557954610e+00 2.373492466634871789e+00 1.025173214296432489e+00
2.123975215028331309e+00 2.377101948568006939e+00 1.021388211531298440e+00
2.125954127861785725e+00 2.380361093224575786e+00 1.017977725258865096e+00
2.127896321740349705e+00 2.383528837052213412e+00 1.014536516529370047e+00
2.129805683707209685e+00 2.386679497657657745e+00 1.010899261305295171e+00
2.131899041118362259e+00 2.390091110093335303e+00 1.006847567386385700e+00
2.133746582365013911e+00 2.393068796666013576e+00 1.003355463054323327e+00
2.135825427844102009e+00 2.396370562692829331e+00 9.995598668854178692e-01
2.137695503644519768e+00 2.399335891250871988e+00 9.962131723560219143e-01
2.139745179688703480e+00 2.402537591021734364e+00 9.927372580844191496e-01
2.141932752197653667e+00 2.405914721024545955e+00 9.890285279897579329e-01
2.144059442462812548e+00 2.409213678605008013e+00 9.852660979179890255e-01
2.146106345988147535e+00 2.412315468372982608e+00 9.817097160798680111e-01
2.147942692647357710e+00 2.415073923539876155e+00 9.785708483454998996e-01
2.149882454953436994e+00 2.417997372558630786e+00 9.753244448870265204e-01
2.151786778654251719e+00 2.420815506589863553e+00 9.722081496837808867e-01
2.153909554040775554e+00 2.423978315089835966e+00 9.687369558392731062e-01
2.156037289054952399e+00 2.427127051203519237e+00 9.652117801640034411e-01
2.158290396411573386e+00 2.430432874459312664e+00 9.613907650056068288e-01
2.158348971694162621e+00 2.430511344359215897e+00 9.612892428285794155e-01
2.160673590803682043e+00 2.433911725056728592e+00 9.571931357034882959e-01
2.162777566242148009e+00 2.436971914799159755e+00 9.534791241959087449e-01
2.162835171312183835e+00 2.437052480952844657e+00 9.533770723311080220e-01
2.164979208909422415e+00 2.440095591712669876e+00 9.497310980397259961e-01
2.170523226058940658e+00 2.447937423317662731e+00 9.405682141735883794e-01
2.172547363064976977e+00 2.450787174717324213e+00 9.372501884722621579e-01
2.174967303509280914e+00 2.454105539936191072e+00 9.334831878472031885e-01
2.177048399044585469e+00 2.456930397923049902e+00 9.301794148056905520e-01
2.179359322250825848e+00 2.460058348361596536e+00 9.264789314370077689e-01
2.181546186130970622e+00 2.463028368086502606e+00 9.229090536392632327e-01
2.184008989434419679e+00 2.466306961680380994e+00 9.188306961026990738e-01
2.186289694729198096e+00 2.469325985423416192e+00 9.150968543662469923e-01
2.188510971306559139e+00 2.472265196188832448e+00 9.115690929336068837e-01
2.190679610901018926e+00 2.475127256735123460e+00 9.081853595021713854e-01
2.192979911009247385e+00 2.478136031358897817e+00 9.046503504870472279e-01
2.195297433486241179e+00 2.481133579911456444e+00 9.010401182287913757e-01
2.197754382763318581e+00 2.484258997627646792e+00 8.971692386763928662e-01
2.199786163695452768e+00 2.486819331176198578e+00 8.939529557600744969e-01
2.202047640058520273e+00 2.489701969060740261e+00 8.904525548275569191e-01
2.204644766806076461e+00 2.492970162470226292e+00 8.865263949008290734e-01
2.206938541287782662e+00 2.495846189821434358e+00 8.829476480356147627e-01
2.209293781409400026e+00 2.498793669889746383e+00 8.792304278633469306e-01
2.211611732298786048e+00 2.501632802443538139e+00 8.756056489382824104e-01
2.214145950640124205e+00 2.504697995972219093e+00 8.717209324047698882e-01
2.216298963057593330e+00 2.507293482607219737e+00 8.683262024302007553e-01
2.218399630989766003e+00 2.509809214127120658e+00 8.650421518006796706e-01
2.221092542626396771e+00 2.512993244956223116e+00 8.609315888802412386e-01
2.223416241490337342e+00 2.515730908301742730e+00 8.573972443718285152e-01
2.225928037046572605e+00 2.518672089700920047e+00 8.536731512948698697e-01
2.225991444168846201e+00 2.518748875673237020e+00 8.535820346396479907e-01
2.228601405415815861e+00 2.521768440387471166e+00 8.496297451434212666e-01
2.228665177496261141e+00 2.521843380004086477e+00 8.495299559285106605e-01
2.231203074734856795e+00 2.524789423126574839e+00 8.456542614559723336e-01
2.233830408189035666e+00 2.527810704423377075e+00 8.416678814636966433e-01
2.236510652214233730e+00 2.530868454044736371e+00 8.376793287627504192e-01
2.238755050007807501e+00 2.533392897681836509e+00 8.343141670977218816e-01
2.241205950131782920e+00 2.536150705227798063e+00 8.306140456573000153e-01
2.243992288193976670e+00 2.539251684471778958e+00 8.264710825776528935e-01
2.246315587662829572e+00 2.541832137732793040e+00 8.230224713235779754e-01
2.248522083107272085e+00 2.544254490454759932e+00 8.198075429884565946e-01
2.250936560000162068e+00 2.546897056659391811e+00 8.162958727452284124e-01
2.253645740745903403e+00 2.549832327535546561e+00 8.123784877424655715e-01
2.256445122741240539e+00 2.552807397601795536e+00 8.082657747705456197e-01
2.258956683963329048e+00 2.555506984864097220e+00 8.045616824239861797e-01
2.261572701216451264e+00 2.558251428275434058e+00 8.006579619300877582e-01
2.264332087827339635e+00 2.561131902362440371e+00 7.965198013840284474e-01
2.266952988116156309e+00 2.563849812594471089e+00 7.925741306574646261e-01
2.269782479968704969e+00 2.566793692298092733e+00 7.884276549155321279e-01
2.272147908424748675e+00 2.569214584545045810e+00 7.850864976522631267e-01
2.274646383459422605e+00 2.571764739004791522e+00 7.816249785601901978e-01
2.277451343445907828e+00 2.574593888201534675e+00 7.777091264304281104e-01
2.277520891755912658e+00 2.574663841626132488e+00 7.776118728250254186e-01
2.280197477870017142e+00 2.577336728083061246e+00 7.738523909561560998e-01
2.280270391915827144e+00 2.577407823866157077e+00 7.737526543378585586e-01
2.283167527982585820e+00 2.580280301776030072e+00 7.695058513535089073e-01
2.285688416497440922e+00 2.582781999423450436e+00 7.658145049082605293e-01
2.288527792806449579e+00 2.585551576987600964e+00 7.616323056270554170e-01
2.290899421105178302e+00 2.587831819001412903e+00 7.581900011160135344e-01
2.293326643553847521e+00 2.590176755711065759e+00 7.547681626871235450e-01
2.296139026694091534e+00 2.592852943975417546e+00 7.508457412038984646e-01
2.296211357711976486e+00 2.592920232461307428e+00 7.507444790814647995e-01
2.298749159260747632e+00 2.595303831686364138e+00 7.472450438382546301e-01
2.305382642870347887e+00 2.601469409099797403e+00 7.380820532904045495e-01
2.305453189421143634e+00 2.601539063518085726e+00 7.379826630078412109e-01
2.308139694376841966e+00 2.604046250217464387e+00 7.341906415928461938e-01
2.310758562446157072e+00 2.606459833837957873e+00 7.304862013422318556e-01
2.313386734503322550e+00 2.608889627699943592e+00 7.266724349923050497e-01
2.316112346317790394e+00 2.611358947647504980e+00 7.227787913722641955e-01
2.318540183854326919e+00 2.613531175142238538e+00 7.193818199210029185e-01
2.318611167482543589e+00 2.613598871162872594e+00 7.192820545388510789e-01
2.321569452132148381e+00 2.616237585762285267e+00 7.152559779478180335e-01
2.324469181449894339e+00 2.618789545983131184e+00 7.113316489296324097e-01
2.327226322113283619e+00 2.621210232811992835e+00 7.075733263096894987e-01
2.330148188474677529e+00 2.623738843957195588e+00 7.036003048054577658e-01
2.333311375041572155e+00 2.626460097608190658e+00 6.993166055062111086e-01
2.333389455091548381e+00 2.626522785661693948e+00 6.992106376127075196e-01
2.336239192450127344e+00 2.628975758824735998e+00 6.952453993735311366e-01
2.339089740056821576e+00 2.631409614347740789e+00 6.911665216273614742e-01
2.341727481202359407e+00 2.633637147363392828e+00 6.874051648055843344e-01
2.344630562218906533e+00 2.636052728684316726e+00 6.832891528534896786e-01
2.347457984895210625e+00 2.638416378387334227e+00 6.792910773042556416e-01
2.349990684212342362e+00 2.640493735558794519e+00 6.758275533455008199e-01
2.352673393714268091e+00 2.642693774570479270e+00 6.722090434312403273e-01
2.355471747219421097e+00 2.644939749642926330e+00 6.683796755001522039e-01
2.358354647415220828e+00 2.647263166278142954e+00 6.645056847982346859e-01
2.361414532387462906e+00 2.649668730123154070e+00 6.605334662055842854e-01
2.364311620401792879e+00 2.651951055931152545e+00 6.567428540654086655e-01
2.367283656279337123e+00 2.654278716463678744e+00 6.528764366834240995e-01
2.370096892415768597e+00 2.656475135498583384e+00 6.489825688897419287e-01
2.373005937826949463e+00 2.658716462263173597e+00 6.447186624957169654e-01
2.376221543944718295e+00 2.661175650901936862e+00 6.399900796741673226e-01
2.379078043595963088e+00 2.663327557258357015e+00 6.359007142113370925e-01
2.381867673352996650e+00 2.665415606637675516e+00 6.320810278957866846e-01
2.385090250008381041e+00 2.667787958738610854e+00 6.280930932064215932e-01
2.388302555479600464e+00 2.670152922797468520e+00 6.241648837977685771e-01
2.391525836970285201e+00 2.672503901771773105e+00 6.202381560705918506e-01
2.391605078464540846e+00 2.672561531708825378e+00 6.201388016278694959e-01
2.394831670087254061e+00 2.674913739706089810e+00 6.161029919371825425e-01
2.397913285365482317e+00 2.677132049804235248e+00 6.122005565932256976e-01
2.401071884942748369e+00 2.679392789280321985e+00 6.081890688956711477e-01
2.401153867124624863e+00 2.679449721554454378e+00 6.080817653712879967e-01
2.404696487312521835e+00 2.681978499122545934e+00 6.033434430642458102e-01
2.407705702284423932e+00 2.684098270688498822e+00 5.992088723712493126e-01
2.410703405421760870e+00 2.686190534023852550e+00 5.950616956754064546e-01
2.413639677752259072e+00 2.688223878883315265e+00 5.910604429375885260e-01
2.417071777803058374e+00 2.690575881495600008e+00 5.864689414181052385e-01
2.420040968877046783e+00 2.692594011522477793e+00 5.824975393600246854e-01
2.423006491544652086e+00 2.694594929816035211e+00 5.786269367693698262e-01
2.426062920852864124e+00 2.696624949686958317e+00 5.747528523468881101e-01
2.429127323013601014e+00 2.698663718681128643e+00 5.708809961584122572e-01
2.432379666142232999e+00 2.700794947425135817e+00 5.668236155159662726e-01
2.432464348682803923e+00 2.700851612249249634e+00 5.667238027874557105e-01
2.435682595240745485e+00 2.702950370315533757e+00 5.624487065766797800e-01
2.435765417097152330e+00 2.703008050987686595e+00 5.623261845815883397e-01
2.438821778710499100e+00 2.704970143216144152e+00 5.576329588862425357e-01
2.438906426594729560e+00 2.705022000986811115e+00 5.575010888319101854e-01
2.442071842384821334e+00 2.707037138212389671e+00 5.527679296880514404e-01
2.442154640280999267e+00 2.707088421348156970e+00 5.526480421983204216e-01
2.445261766447539564e+00 2.709026764615123817e+00 5.483203775933351842e-01
2.445345339815092167e+00 2.709079052552963773e+00 5.482054101079071318e-01
2.448463671913101880e+00 2.711016711285840763e+00 5.439621282593358753e-01
2.451654091288861803e+00 2.712986266521804524e+00 5.397338159268231239e-01
2.459028121932266497e+00 2.717448179230490979e+00 5.302345856455511486e-01
2.462034695930222838e+00 2.719235713417552436e+00 5.266015062903474098e-01
2.465511512014019857e+00 2.721263553342688990e+00 5.229052172097040652e-01
2.468631712256014410e+00 2.723059985923604209e+00 5.196361544164336266e-01
2.472196464821522000e+00 2.725086222879779640e+00 5.157598108623693278e-01
2.475484722555170602e+00 2.726972068089410506e+00 5.120651352868045292e-01
2.478769699045094477e+00 2.728847029625686371e+00 5.078626918221490483e-01
2.478849842255585134e+00 2.728893404902998476e+00 5.077500187475877391e-01
2.481713173463040434e+00 2.730497739248631817e+00 5.029007252977644171e-01
2.484826505978399158e+00 2.732232108925275682e+00 4.983951142339226870e-01
2.484916093772795431e+00 2.732283212892937740e+00 4.982782180296339014e-01
2.487802762990914296e+00 2.733865211386503180e+00 4.945352232074343157e-01
2.490705402210448671e+00 2.735437146994584179e+00 4.909370874340592272e-01
2.494022340808029981e+00 2.737246595549004624e+00 4.869400810822113734e-01
2.497252507996795767e+00 2.738999507593906202e+00 4.830594600167598673e-01
2.500689031220527436e+00 2.740825857253018860e+00 4.789179201431361665e-01
2.504022799508399899e+00 2.742580978078275500e+00 4.748858541899421137e-01
2.507218161560420544e+00 2.744256740194095379e+00 4.712735349451843136e-01
2.510802054125810479e+00 2.746082538893838354e+00 4.675206204399161014e-01
2.510979342268107040e+00 2.746173495097957051e+00 4.673319859583135449e-01
2.514188316638276355e+00 2.747797633145186769e+00 4.638661311956566169e-01
2.514278478402252048e+00 2.747842783472886019e+00 4.637682921651937185e-01
2.518021137895339656e+00 2.749725290593304727e+00 4.595657870098391884e-01
2.521592762332462101e+00 2.751513481131576455e+00 4.555390488209840050e-01
2.524967191481798601e+00 2.753193575781231583e+00 4.516670728289317038e-01
2.528422273847645840e+00 2.754919983198633737e+00 4.472226590827196313e-01
2.531488931341064230e+00 2.756429294093238447e+00 4.408255701115701974e-01
2.534523676168098483e+00 2.757822654624818348e+00 4.335097568495686060e-01
2.538357720327913736e+00 2.759627749464048208e+00 4.271499372771136449e-01
2.542105964267113105e+00 2.761345150604869403e+00 4.226726166675502938e-01
2.545419192794661889e+00 2.762834191794821148e+00 4.198102926824954784e-01
2.548889989800678268e+00 2.764368746182026104e+00 4.171308233753101002e-01
2.549350054980189295e+00 2.764572903243494029e+00 4.167789943760132343e-01
2.552437635834015950e+00 2.765943219681570309e+00 4.141469714496900933e-01
2.556182166139101319e+00 2.767608634063849937e+00 4.104294769134531617e-01
2.559425259211482118e+00 2.769018557187046703e+00 4.074193386450682963e-01
2.563031027318624755e+00 2.770563621026528978e+00 4.043716231490139812e-01
2.566364012959982954e+00 2.771984115004777038e+00 4.013497850795458843e-01
2.569865829385488354e+00 2.773487917547064807e+00 3.979906607262895246e-01
2.573101289983332762e+00 2.774860518281310195e+00 3.946611531764836478e-01
2.576677923360727096e+00 2.776381028145982199e+00 3.907562550897572540e-01
2.580274188437138516e+00 2.777898657280047257e+00 3.866780465199706751e-01
2.583771281971377842e+00 2.779370327080715963e+00 3.821259539628067969e-01
2.587145833201269784e+00 2.780729063284187674e+00 3.753331922021960754e-01
2.590556038774312064e+00 2.782109072308557529e+00 3.680244302362663533e-01
2.590644175146100459e+00 2.782144121085971200e+00 3.678290772087585703e-01
2.594061633498042418e+00 2.783488415959341822e+00 3.614806844590172652e-01
2.597106463900851647e+00 2.784664567648894362e+00 3.568519463279465342e-01
2.600643700988136686e+00 2.786014507840120835e+00 3.520760617300807693e-01
2.600737170667720477e+00 2.786048631922894536e+00 3.519493339626293404e-01
2.604169869514551205e+00 2.787311835683638606e+00 3.479343364871503308e-01
2.607691262068891902e+00 2.788578945211063864e+00 3.458069885740658878e-01
2.611780243135234603e+00 2.790045936209146316e+00 3.444406657254357462e-01
2.615966795528962052e+00 2.791550964339629015e+00 3.427128773274938367e-01
2.619285255519548272e+00 2.792732948393286563e+00 3.405113885912184335e-01
2.622853082013416604e+00 2.794009224771453415e+00 3.372271902861744275e-01
2.626041974306088100e+00 2.795161950593212818e+00 3.339209435039385832e-01
2.629412601958093898e+00 2.796378022114045514e+00 3.301016417113764034e-01
2.638299054546505040e+00 2.799463956376328166e+00 3.206678667765625046e-01
2.641797967990886953e+00 2.800651365588431752e+00 3.169706056844174835e-01
2.645403234941891668e+00 2.801853452949429446e+00 3.130656241468683931e-01
2.649021784839288074e+00 2.803083661199325505e+00 3.081215935232006764e-01
2.651714392748947269e+00 2.803945039747655077e+00 3.028534818141746521e-01
2.655284096036228281e+00 2.805054951010075737e+00 2.942941986991808867e-01
2.655375034663933320e+00 2.805083243713720531e+00 2.940682791608471569e-01
2.658873541585934142e+00 2.806173897460506161e+00 2.858531344985598133e-01
2.662421862930091088e+00 2.807244803329142613e+00 2.800597019801566723e-01
2.666338941555586928e+00 2.808393600504092813e+00 2.748227414897053134e-01
2.670494803147826612e+00 2.809558619766274745e+00 2.708275898725530095e-01
2.670592434788562120e+00 2.809584789992717990e+00 2.707388466918212999e-01
2.674148572537107249e+00 2.810564267890835133e+00 2.677739295622181825e-01
2.677708781856315667e+00 2.811548541444324645e+00 2.648748935872911048e-01
2.681388329776510204e+00 2.812547397269217875e+00 2.617193069955351947e-01
2.684991453072606671e+00 2.813494975295564249e+00 2.589708702115354755e-01
2.685092370641056547e+00 2.813520862694834257e+00 2.589249781664824113e-01
2.688663773212786268e+00 2.814471801974890219e+00 2.576745065584549743e-01
2.692425224217462887e+00 2.815466889348124280e+00 2.563179271476357934e-01
2.692520901827224034e+00 2.815492854952859947e+00 2.562867951681099821e-01
2.695977691720420566e+00 2.816404059934996873e+00 2.541337374980151553e-01
2.699272882848118282e+00 2.817278932230317778e+00 2.513751398162439310e-01
2.702848996708451246e+00 2.818211226716957896e+00 2.480954212408250925e-01
2.706692385974844406e+00 2.819231011810697574e+00 2.443246225169470875e-01
2.710196434895566497e+00 2.820118142419978824e+00 2.412668683062350328e-01
2.714187505766687991e+00 2.821116527055769208e+00 2.378701558598325938e-01
2.714287212569165941e+00 2.821142343186200385e+00 2.377891701815889602e-01
2.717762025827997086e+00 2.822009607615003191e+00 2.346934291189800570e-01
2.721139940541215996e+00 2.822842909909403897e+00 2.314815288314982789e-01
2.724604223907471923e+00 2.823691659614428584e+00 2.281001851425707994e-01
2.728462836871406338e+00 2.824613491374950325e+00 2.242732403971216260e-01
2.732502869680068613e+00 2.825572377468082319e+00 2.201311116420195946e-01
2.735968999424191583e+00 2.826387795974104389e+00 2.166804531904586717e-01
2.739434802195709118e+00 2.827205192470784834e+00 2.124154144643129183e-01
2.742517968659393013e+00 2.827862325665055909e+00 2.060756593455847774e-01
2.745509861782474026e+00 2.828506045479441511e+00 1.991152898869182064e-01
2.749287131890276292e+00 2.829352319008939798e+00 1.900797906159887307e-01
2.752527948273408409e+00 2.829996601225130970e+00 1.828122691092010088e-01
2.756602686530964075e+00 2.830776835067157382e+00 1.752441979496777158e-01
2.760172883307145053e+00 2.831411027167405781e+00 1.705031745405113930e-01
2.764234293639477702e+00 2.832093248047698353e+00 1.678713438964930804e-01
2.768266035159777427e+00 2.832768117286058818e+00 1.668318617220806988e-01
2.772323041469193505e+00 2.833461344925860104e+00 1.654710455417156834e-01
2.776297556026267710e+00 2.834127984455697469e+00 1.635030478640464302e-01
2.779831088425106067e+00 2.834708941032654028e+00 1.611146812694794206e-01
2.779931486165916787e+00 2.834726335492127269e+00 1.610335102100792504e-01
2.784188974907308545e+00 2.835419360478396378e+00 1.580639585003009440e-01
2.787746312942425142e+00 2.835982500918048377e+00 1.556726052026426166e-01
2.791398368202490765e+00 2.836562754486485094e+00 1.530328650415300196e-01
2.794946014987498728e+00 2.837099197455660970e+00 1.502403781760327794e-01
2.798980923018264733e+00 2.837724243495013177e+00 1.468252643942897784e-01
2.799080750109629534e+00 2.837739687727410143e+00 1.467388418712861353e-01
2.802808447905951184e+00 2.838330973634013432e+00 1.433109965015938181e-01
2.806528299938052751e+00 2.838899498863022508e+00 1.398443845149408282e-01
2.810195720517417506e+00 2.839417375759196727e+00 1.366668090270528602e-01
2.813555577416002151e+00 2.839881628120999313e+00 1.341481808979183843e-01
2.817240191575381747e+00 2.840402021224659457e+00 1.313158223764726018e-01
2.820495170673532837e+00 2.840842181614374518e+00 1.287789410326581896e-01
2.824542818948637013e+00 2.841389784471513025e+00 1.254062334926057676e-01
2.827991934948924424e+00 2.841832607360977647e+00 1.224450975155270960e-01
2.831539124218486858e+00 2.842271494760249873e+00 1.192810208739658595e-01
2.835490330984365759e+00 2.842752831728615259e+00 1.159738471487619244e-01
2.838936038756463276e+00 2.843154903881234929e+00 1.131607800232515004e-01
2.842398766714112401e+00 2.843570119274733354e+00 1.102277184358868983e-01
2.845838465773563364e+00 2.843961152178026364e+00 1.072766392880797059e-01
2.849479799546541514e+00 2.844377234927764952e+00 1.040145061937156196e-01
2.858830529324713154e+00 2.845405523209936671e+00 9.559287189641146876e-02
2.862773350436822462e+00 2.845821608855884310e+00 9.199549063527880099e-02
2.866236003338952010e+00 2.846171415811116212e+00 8.882586039590520399e-02
2.869790125482486687e+00 2.846512406537713868e+00 8.559853913584496155e-02
2.869891042941534742e+00 2.846527851211190008e+00 8.551270256144459514e-02
2.873932147178733576e+00 2.846898627050949759e+00 8.187669010014089754e-02
2.877671031831635862e+00 2.847240937105963710e+00 7.857757113926167047e-02
2.877768047161755938e+00 2.847248037213212069e+00 7.848886247841833919e-02
2.881214691477418821e+00 2.847549158500864763e+00 7.541032875268929847e-02
2.884650355793459298e+00 2.847832717706670014e+00 7.232748268297958805e-02
2.888674071189797132e+00 2.848140289289029070e+00 6.874110346202026711e-02
2.888775327085385758e+00 2.848150318508015033e+00 6.865430689914529816e-02
2.892115387378400015e+00 2.848418664911569920e+00 6.568454536305584623e-02
2.895949807145217658e+00 2.848703805169602088e+00 6.226220632085331663e-02
2.896045974538915768e+00 2.848710675768603373e+00 6.217602177097469873e-02
2.899686491368338004e+00 2.848979652712114508e+00 5.894626827944009911e-02
2.903423204018988901e+00 2.849213016854276415e+00 5.564105971892231023e-02
2.906657014131057704e+00 2.849428642642986009e+00 5.276672454771821896e-02
2.910293219159250988e+00 2.849648921101957999e+00 4.951500767499389388e-02
2.914311081317387142e+00 2.849868026677023991e+00 4.593287334028894886e-02
2.917938196421279606e+00 2.850061860837480587e+00 4.276441308265405833e-02
2.921844560795717971e+00 2.850279527140874514e+00 3.931919875489302274e-02
2.925499231830268609e+00 2.850468873711476725e+00 3.505583809874207590e-02
2.929196931588555319e+00 2.850618911174735981e+00 2.885521205962420649e-02
2.933206182686654007e+00 2.850788211927627103e+00 2.162769459811171233e-02
2.936734332069137920e+00 2.850925526913402841e+00 1.627444874464471780e-02
2.940860225745685952e+00 2.851011146153210607e+00 1.126690269711212375e-02
2.944319579407009169e+00 2.851054828995000179e+00 7.981770862553508664e-03
2.948002938725816868e+00 2.851088598141164443e+00 4.965604252833872960e-03
2.951966093132695423e+00 2.851106188157835675e+00 2.043960474871163273e-03
2.955732984444400913e+00 2.851115240169685539e+00 -5.792871979135245973e-04
2.959683586694187074e+00 2.851115160759823741e+00 -3.289990530355703380e-03
2.963313864287026256e+00 2.851110096695605556e+00 -5.694772846450921362e-03
2.967265679594093264e+00 2.851089991086766862e+00 -8.507654859523499161e-03
2.970795319081855457e+00 2.851068041965096445e+00 -1.114848383140173115e-02
2.974828240143913227e+00 2.851031816182035605e+00 -1.429770784746165618e-02
