3.309638046462073935e-04 1.499996042425659759e+00 -1.687504480128816577e-04
4.468371908089574518e-04 1.499984492535555214e+00 -2.070497286792110758e-04
4.691838917021615152e-04 1.499983834920118442e+00 -2.339040974565758247e-04
4.819644299924735753e-04 1.499988855191316528e+00 -3.818945462184800328e-04
5.010539718334761083e-04 1.500005774735477360e+00 -7.032004591615266878e-04
5.035884552548608450e-04 1.500032753805888852e+00 -1.200712589195108548e-03
4.955169757791533236e-04 1.500072546902823767e+00 -1.877891118240962833e-03
5.310493372931712752e-04 1.500125528920620344e+00 -3.042639922188591743e-03
5.456235742364173857e-04 1.500176668917239109e+00 -4.248567060843110900e-03
5.562796933066688210e-04 1.500220709203716529e+00 -5.783543641289449859e-03
5.583970685249586841e-04 1.500223740413661799e+00 -5.875118742227165500e-03
5.798602038611169740e-04 1.500297057679887969e+00 -7.864895434558387757e-03
5.848952676153484909e-04 1.500366656198226512e+00 -9.804996799568959504e-03
5.257716717530711015e-04 1.500413984601780326e+00 -1.185225322455185637e-02
4.280754556700502866e-04 1.500464540686164971e+00 -1.435388857722208304e-02
3.497027908330729851e-04 1.500530358315239621e+00 -1.671278696066703581e-02
2.595635278286670400e-04 1.500576941068361814e+00 -1.968727751866446510e-02
1.729032213685019470e-04 1.500624659378092529e+00 -2.349928050881114686e-02
1.629753540351927543e-04 1.500674403226568421e+00 -2.656781270818538154e-02
1.646961005312488902e-04 1.500732223947873312e+00 -3.056587694724153051e-02
-2.005773019119680423e-04 1.500849964253315072e+00 -3.970385026603420048e-02
-2.871259286340646644e-04 1.500887818918984706e+00 -4.374302793410195234e-02
-3.829195891627765191e-04 1.500958008750593375e+00 -4.780232426301705279e-02
-6.275088119580621293e-04 1.501008744865588662e+00 -5.170264643710150571e-02
-6.415713825043620200e-04 1.501005737865032552e+00 -5.223252270808986797e-02
-6.986985229866932157e-04 1.501068390765570193e+00 -5.785733428391680311e-02
-8.300513242527410296e-04 1.501099931075589478e+00 -6.250643142908267336e-02
-8.250553307409536075e-04 1.501160698249417225e+00 -6.806829831040502043e-02
-8.140650556973452745e-04 1.501203962400960323e+00 -7.461940984154469270e-02
-8.137940090381448610e-04 1.501205410019407216e+00 -7.477749452311352463e-02
-8.822812958695844254e-04 1.501288801449730759e+00 -8.067332779219059391e-02
-1.110835247225092082e-03 1.501317231443994427e+00 -8.567273020617097168e-02
-1.343003484466323560e-03 1.501373089465311228e+00 -9.143355275426463813e-02
-1.425602971999367918e-03 1.501442360770445683e+00 -9.761490211028513164e-02
-1.495369129508504480e-03 1.501465882513939532e+00 -1.053487732915711628e-01
-1.486985446173989811e-03 1.501547426602989788e+00 -1.133946456367660449e-01
-1.490034095837575179e-03 1.501546033502347166e+00 -1.136035559047635785e-01
-1.541222709599450458e-03 1.501621411438704090e+00 -1.210137229479024551e-01
-1.605295001442443026e-03 1.501651154143711642e+00 -1.291718341929483371e-01
-1.652660847595868732e-03 1.501685700385297917e+00 -1.376634844702291915e-01
-1.610992419342427429e-03 1.501744333900523642e+00 -1.465083828403962452e-01
-1.597056782124371688e-03 1.501788643227892628e+00 -1.552554878409748429e-01
-1.541782188690547784e-03 1.501809045003032583e+00 -1.629920154688094536e-01
-1.507197692177386639e-03 1.501839242803761243e+00 -1.714883584634669667e-01
-1.492109602420008119e-03 1.501875731567382299e+00 -1.811261776444724747e-01
-1.408635652701870078e-03 1.501902211960674194e+00 -1.899244082996630056e-01
-1.317321434477901343e-03 1.501925444493030115e+00 -1.978547090604423631e-01
-1.224827880849106709e-03 1.501945202110626765e+00 -2.060575632300975235e-01
-1.168774332474045718e-03 1.501946734190986010e+00 -2.144445701659178083e-01
-1.113969186269062051e-03 1.501963147149331101e+00 -2.249842265841447142e-01
-1.024955494774403009e-03 1.501982376808183695e+00 -2.340807184614313308e-01
-9.309948347244051403e-04 1.502000481196966719e+00 -2.434207444521633568e-01
-8.955763067620484130e-04 1.502015578271183927e+00 -2.516999278049676936e-01
-8.485513395797145142e-04 1.502032731262771037e+00 -2.611253910851058513e-01
-8.499000482117616273e-04 1.502029421406090526e+00 -2.613670287672275605e-01
-7.296442797123312007e-04 1.502020007742581820e+00 -2.704906799356710523e-01
-6.161173693623664405e-04 1.502017365716439734e+00 -2.811643804245100298e-01
-4.969137654785224512e-04 1.502018006905668113e+00 -2.910436427830970785e-01
-3.851449603767126417e-04 1.502012056779479243e+00 -3.006234117289279806e-01
-3.846386640608129293e-04 1.502008345009133716e+00 -3.008734076885170028e-01
-2.993475843112505808e-04 1.502006341347622786e+00 -3.092788090166634918e-01
-2.543862108502284447e-04 1.502018221552987365e+00 -3.191930145262229512e-01
-1.815916561702865528e-04 1.502021802947620888e+00 -3.284363337045844711e-01
-1.146999006339105565e-04 1.502020747191313177e+00 -3.376707600510246432e-01
1.734436071947759173e-05 1.501995806039179371e+00 -3.459897636167989510e-01
2.406972959703712611e-05 1.501991881952298824e+00 -3.464833873410766429e-01
1.354133752772962440e-04 1.501979179262939779e+00 -3.545045156015622645e-01
2.276066891327768738e-04 1.501970186033437793e+00 -3.634238352430457786e-01
3.048672830524290500e-04 1.501970969013128432e+00 -3.718637363951181607e-01
4.246588037348300593e-04 1.501937486712224823e+00 -3.804468132277776249e-01
5.070599065089692603e-04 1.501928208256926522e+00 -3.892836721703655245e-01
5.912637308815929527e-04 1.501907481984960935e+00 -3.991873337835079028e-01
6.741660303488661299e-04 1.501898625787867259e+00 -4.088352795019853381e-01
7.596130192302000261e-04 1.501883674551032222e+00 -4.175657195750812622e-01
8.724081684739273812e-04 1.501853697004555510e+00 -4.264108795064883717e-01
1.005052642104972693e-03 1.501813719316077433e+00 -4.365329071166634822e-01
1.084863649667193453e-03 1.501797675172422020e+00 -4.455035064165063230e-01
1.182943920687767880e-03 1.501774436377240285e+00 -4.538078160158131036e-01
1.187182553662173567e-03 1.501771954211437166e+00 -4.540578288089968662e-01
1.283802637162656524e-03 1.501750563289388385e+00 -4.626414535792865435e-01
1.381846725981988877e-03 1.501725793192334013e+00 -4.707174008225671891e-01
1.526465987128113044e-03 1.501679800190454772e+00 -4.794485599559660804e-01
1.661536092942179910e-03 1.501637741175744445e+00 -4.895894616857944803e-01
1.659813360653655812e-03 1.501636661765854974e+00 -4.898310040818633082e-01
1.735077192057850326e-03 1.501622811042857775e+00 -4.985318958453179294e-01
1.747071099297954622e-03 1.501624576534908773e+00 -4.997435704348133778e-01
1.862561523988233436e-03 1.501597049773523151e+00 -5.096367077041530358e-01
1.971934313630858970e-03 1.501573287572178783e+00 -5.189597184392082951e-01
3.038322758946505886e-03 1.500974601113802542e+00 -5.279437493345643384e-01
6.045634663796532748e-03 1.499217454930897864e+00 -5.361199833344871823e-01
1.242086418453421104e-02 1.495413585429482772e+00 -5.454499887234804945e-01
2.956011517509672670e-02 1.484846139161815737e+00 -5.679133683742068062e-01
3.555779947549941866e-02 1.480998322170796522e+00 -5.758800647411734808e-01
4.184040888934769525e-02 1.476891580823420869e+00 -5.824305721612970110e-01
4.780085281492015004e-02 1.472930016489919280e+00 -5.865226682634255839e-01
5.450320879886427772e-02 1.468463944945912480e+00 -5.884199706033305111e-01
6.110812010148602980e-02 1.464056418491835654e+00 -5.874935549262582102e-01
6.775004235778539496e-02 1.459673434114640678e+00 -5.854095244548115362e-01
7.308320878387841724e-02 1.456160521481458803e+00 -5.864594554541140425e-01
7.318584287280993639e-02 1.456089973836405038e+00 -5.865360719360080966e-01
7.620892010988827847e-02 1.454118244733505705e+00 -5.901085669004175749e-01
7.828429925985086468e-02 1.452766632443011297e+00 -5.924890727141222113e-01
8.015405128826934289e-02 1.451507354997243926e+00 -5.927434622851147639e-01
8.148569355604320941e-02 1.450628083161750848e+00 -5.908080415731294943e-01
8.232582245730496462e-02 1.450077787788432326e+00 -5.869408293616471539e-01
8.279573279523816387e-02 1.449784972433904029e+00 -5.800063617928448156e-01
8.290191297507853996e-02 1.449716533871177049e+00 -5.726506083382936207e-01
8.297561180680394777e-02 1.449670084554678162e+00 -5.629175652376718908e-01
8.303333592974296296e-02 1.449633038139852115e+00 -5.539987480949355447e-01
8.303367764601934931e-02 1.449629792788958760e+00 -5.537803173629511910e-01
8.390411079316345555e-02 1.449111847668616671e+00 -5.463376624203922782e-01
8.735281747272591324e-02 1.447058716829507707e+00 -5.376100089106915503e-01
9.317502032627539288e-02 1.443631097627056104e+00 -5.291135089537728486e-01
1.010142935884987825e-01 1.439076580009046369e+00 -5.206010538014961275e-01
1.080999649271848218e-01 1.435040102284996566e+00 -5.136403600609791287e-01
1.148598708243965816e-01 1.431223107048668286e+00 -5.076247739760644251e-01
1.229931927210942411e-01 1.426724864164771400e+00 -5.002833503524964920e-01
1.231780967182656839e-01 1.426625826924455831e+00 -5.001233308954672330e-01
1.300379017736713327e-01 1.422925867950533885e+00 -4.945816865565160758e-01
1.368612148664946071e-01 1.419287866671084419e+00 -4.898520105987178574e-01
1.441429149328696535e-01 1.415492391814002993e+00 -4.855214774695100211e-01
1.443197337701331018e-01 1.415397628852008705e+00 -4.854204053466393831e-01
1.513677875933802652e-01 1.411761787554211445e+00 -4.817206262968540265e-01
1.575137256867741586e-01 1.408616669597358095e+00 -4.790154074997197697e-01
1.643186739593210932e-01 1.405138444804843401e+00 -4.754636343182200853e-01
1.711901370575730774e-01 1.401620637656999957e+00 -4.704598316669159619e-01
1.715583578898824402e-01 1.401432141035044765e+00 -4.701673690734560207e-01
1.785050726422232059e-01 1.397910009996748082e+00 -4.649813725417941690e-01
1.858270634314627134e-01 1.394253991523826341e+00 -4.597978132493326653e-01
1.921275786615534997e-01 1.391166459890326168e+00 -4.557428209982796186e-01
1.989363781330368286e-01 1.387872027920284745e+00 -4.516985711864528463e-01
2.064639116028659793e-01 1.384285694814949563e+00 -4.475037781612365984e-01
2.135770770649532690e-01 1.380933372136757820e+00 -4.437758761171873290e-01
2.137651954265609167e-01 1.380850824823376399e+00 -4.436790823349003876e-01
2.207599775117359830e-01 1.377554474925831718e+00 -4.398485629536821317e-01
2.271175413807360599e-01 1.374573152937494713e+00 -4.351411646184671911e-01
2.348820571269621127e-01 1.370993572826608942e+00 -4.286121879970275494e-01
2.414000917573038418e-01 1.368019593373758891e+00 -4.234076669959702666e-01
2.484797323598821883e-01 1.364834498651824379e+00 -4.186763796745144317e-01
2.555164917954428905e-01 1.361740363183821190e+00 -4.143931171032339544e-01
2.624948936579521996e-01 1.358684493455194708e+00 -4.103821417263201488e-01
2.693960654568824387e-01 1.355672546076860829e+00 -4.058895065257768775e-01
2.769310126510325931e-01 1.352450859437647646e+00 -3.998780959700543036e-01
2.771197822103306785e-01 1.352369611363042345e+00 -3.997276584746986550e-01
2.839760537574615995e-01 1.349520769501054929e+00 -3.939983843926083695e-01
2.910728401517992392e-01 1.346579209763077101e+00 -3.871150928453265805e-01
2.986022068718945377e-01 1.343541241773764661e+00 -3.803903961040797643e-01
3.046780251540293638e-01 1.341156180288522348e+00 -3.764725113269042356e-01
3.112509950882796361e-01 1.338622506978745186e+00 -3.730025110530179044e-01
3.177791876612472421e-01 1.336097092115404950e+00 -3.694618121230048846e-01
3.241531530656133198e-01 1.333653964150521398e+00 -3.651023170969965870e-01
3.243428633422466012e-01 1.333585446109869288e+00 -3.649742078806944567e-01
3.316136995009987265e-01 1.330838100621953179e+00 -3.599738473020545060e-01
3.317993159611600240e-01 1.330767045786283465e+00 -3.598451094786641047e-01
3.389615171924839077e-01 1.328081635120847759e+00 -3.547013741279477772e-01
3.465524085107836716e-01 1.325300195311716944e+00 -3.478884648371419752e-01
3.540113145202763434e-01 1.322601290822216669e+00 -3.409480188542353130e-01
3.614523515104557938e-01 1.319969369637679968e+00 -3.343570662300621166e-01
3.777392906664813199e-01 1.314451378197643905e+00 -3.225696298290057773e-01
3.844369708794024287e-01 1.312261779532257089e+00 -3.182360057168648337e-01
3.911740231382188626e-01 1.310061323205089279e+00 -3.136032315503388679e-01
3.983020983779255730e-01 1.307777192934763022e+00 -3.082809779545048201e-01
4.046568848166446908e-01 1.305765760688056165e+00 -3.036235405899907480e-01
4.113120306275306892e-01 1.303706628984563576e+00 -2.988279850273266591e-01
4.180895784154030070e-01 1.301631645723780650e+00 -2.935236506992930372e-01
4.252258755112777733e-01 1.299503122743035810e+00 -2.873077515877998089e-01
4.316996006134291575e-01 1.297593004587051180e+00 -2.815024357998856530e-01
4.387643352901047233e-01 1.295583347324924528e+00 -2.759186230413178675e-01
4.459930852795366274e-01 1.293552304592468616e+00 -2.706973198788895640e-01
4.461796317305427584e-01 1.293499569898672208e+00 -2.705679046723557524e-01
4.536762619989250789e-01 1.291458360093530322e+00 -2.656036810315548502e-01
4.613215810229641667e-01 1.289422716878092290e+00 -2.607321210747123308e-01
4.685550814443075196e-01 1.287519522532341254e+00 -2.555187151470782458e-01
4.758059790769331165e-01 1.285635140794849418e+00 -2.498513783313298653e-01
4.820901907337943326e-01 1.284046076393404512e+00 -2.449483645180195179e-01
4.886021436142320984e-01 1.282415478193073222e+00 -2.392546093188562817e-01
4.958110500353802297e-01 1.280658713248547187e+00 -2.324281191091263077e-01
4.959996173970853683e-01 1.280615100025682906e+00 -2.322588368587709673e-01
5.037342571126279811e-01 1.278815028667784182e+00 -2.256489782320473536e-01
5.108805512284461114e-01 1.277201001826536730e+00 -2.197116132081682049e-01
5.190468946586499488e-01 1.275397897270996062e+00 -2.124727951791444691e-01
5.192324224321888115e-01 1.275359687816345344e+00 -2.122934009985727177e-01
5.263293362227361438e-01 1.273835043040725701e+00 -2.056133902160526550e-01
5.330688485276443567e-01 1.272452669409150250e+00 -1.997558776346072817e-01
5.401666246968972462e-01 1.271038276110367349e+00 -1.938652799734821852e-01
5.479197384662963799e-01 1.269547843425066658e+00 -1.881090772114566989e-01
5.481056936851645967e-01 1.269514149326983254e+00 -1.879797789626043159e-01
5.543412535121285956e-01 1.268368871513390728e+00 -1.834379506207512445e-01
5.545223671996765136e-01 1.268337699902336357e+00 -1.833058479360399617e-01
5.616589865722633190e-01 1.267027573078635116e+00 -1.778259297444708675e-01
5.687094229053412109e-01 1.265772687887276149e+00 -1.720762521190032646e-01
5.759052271892716179e-01 1.264520309338088122e+00 -1.662104453244429014e-01
5.760843780775808387e-01 1.264488706664951945e+00 -1.660688138246123047e-01
5.827598881193785108e-01 1.263377085096688113e+00 -1.604658944061634895e-01
5.892927132939926871e-01 1.262339668263264603e+00 -1.547560182008172469e-01
5.952303231994530153e-01 1.261418881389715807e+00 -1.495942477950172877e-01
6.015353926566899823e-01 1.260496126800001004e+00 -1.442006098222717025e-01
6.077193342377407159e-01 1.259602844439853042e+00 -1.386477038402974815e-01
6.147361161203678259e-01 1.258640397986729109e+00 -1.322448573251746584e-01
6.212099592686692873e-01 1.257785313219824452e+00 -1.264315655771992564e-01
6.279593629309043745e-01 1.256950761344633571e+00 -1.204191280367773592e-01
6.339506042564477806e-01 1.256231964373262677e+00 -1.150623870737799842e-01
6.405087531817336144e-01 1.255478282701854909e+00 -1.090813937385128607e-01
6.475073828383789420e-01 1.254728777276105545e+00 -1.023212639992139711e-01
6.538054028031173859e-01 1.254110407243402170e+00 -9.639088893556278792e-02
6.602243745627578431e-01 1.253486418511847944e+00 -9.052987600211345742e-02
6.668548601569589396e-01 1.252892342571659601e+00 -8.427486816494432487e-02
6.670287057356381055e-01 1.252877092094049960e+00 -8.410938062151328276e-02
6.730562521811889187e-01 1.252388721880389744e+00 -7.836636305425839777e-02
6.794245121270580112e-01 1.251909087460463477e+00 -7.248263855706077452e-02
6.795995453233407702e-01 1.251897200706223012e+00 -7.232805289211273470e-02
6.864898035968877155e-01 1.251416625845760411e+00 -6.574374466397536754e-02
6.866656222927752795e-01 1.251402676599617347e+00 -6.558115444862581966e-02
6.937044954553193143e-01 1.250934108805501488e+00 -5.898199945569877062e-02
7.005605556506321330e-01 1.250553164283365160e+00 -5.255948273492950379e-02
7.065105740553530023e-01 1.250258094844621359e+00 -4.687746824311445765e-02
7.126909076651731789e-01 1.249991255096193354e+00 -4.097987427932941323e-02
7.198010910785455074e-01 1.249715765709497939e+00 -3.401713349963476907e-02
7.261661867868822728e-01 1.249513487863953554e+00 -2.805148341167592457e-02
7.324308120485147899e-01 1.249361538893198897e+00 -2.283688114715893419e-02
7.385398760436941989e-01 1.249220874366600897e+00 -1.765618500009659420e-02
7.447964772084590956e-01 1.249118591830492342e+00 -1.222843333394493109e-02
7.508781292564402632e-01 1.249041644939871354e+00 -6.876862453621714923e-03
7.564280260481092144e-01 1.249013006631935152e+00 -1.824201527351042079e-03
7.625087538334159865e-01 1.249006733319008688e+00 3.849925513338581847e-03
7.685719678750821959e-01 1.249034728864325761e+00 9.616335361023272202e-03
7.829359426342971107e-01 1.249259770550907200e+00 2.369692695393567361e-02
7.888997519248721613e-01 1.249404035593619788e+00 2.973924910591336374e-02
7.942551625899734180e-01 1.249575012441610955e+00 3.503285874707025294e-02
8.000496633507614419e-01 1.249794660789758982e+00 4.085861325369752328e-02
8.064176529361030132e-01 1.250056929524496541e+00 4.749674510396451055e-02
8.129634386320492290e-01 1.250380484823816918e+00 5.435427768391286329e-02
8.195494911886437306e-01 1.250767103671306613e+00 6.177196543639998372e-02
8.197099145866498793e-01 1.250778220337114055e+00 6.196160278164602325e-02
8.261947354484655559e-01 1.251197032934022291e+00 6.977535153596821360e-02
8.263512578048791690e-01 1.251206997779093166e+00 6.996262905609365590e-02
8.319837976372055355e-01 1.251623532262499561e+00 7.672209541883689976e-02
8.384278482302670588e-01 1.252125216986392342e+00 8.412106101580422990e-02
8.447647185266934367e-01 1.252669903389185935e+00 9.144310627843911521e-02
8.509085174079520364e-01 1.253264384481229898e+00 9.843126683602142213e-02
8.564132375657435015e-01 1.253817857134998937e+00 1.046172690545781048e-01
8.623171369061365388e-01 1.254453148219792702e+00 1.111718759449326771e-01
8.624707463458395340e-01 1.254472267943126385e+00 1.113326073962452728e-01
8.677275018394522421e-01 1.255081811789504398e+00 1.171310665186046651e-01
8.735502638394800901e-01 1.255779342192322012e+00 1.236400316631967311e-01
8.795133311684496524e-01 1.256540219197890274e+00 1.302055049202688053e-01
8.796623047197942302e-01 1.256556717604368600e+00 1.303666253704804934e-01
8.851425306177334029e-01 1.257295717149295333e+00 1.363086516297138118e-01
8.898658291005062670e-01 1.257942005395167762e+00 1.414232410260475026e-01
8.957083456183004833e-01 1.258788019701561289e+00 1.478978229950830003e-01
8.959968072303773345e-01 1.258832540819859291e+00 1.482236069434020587e-01
9.015102493305892084e-01 1.259669658015183824e+00 1.544662606657664361e-01
9.016575397488493238e-01 1.259691926359128411e+00 1.546265115391705636e-01
9.078795756810016382e-01 1.260684271284518099e+00 1.614732287747994710e-01
9.132294740734464567e-01 1.261567088098426881e+00 1.673645109770506567e-01
9.181507546657076135e-01 1.262419083821346932e+00 1.727513201027839063e-01
9.241994296488347249e-01 1.263497656482790665e+00 1.795245572408088186e-01
9.293087648735204320e-01 1.264428930528416872e+00 1.855201392511030556e-01
9.345477650003266579e-01 1.265445693305679242e+00 1.916565602065734286e-01
9.398803380284560527e-01 1.266489501763674808e+00 1.979494569739360110e-01
9.447761725224502749e-01 1.267475432972500649e+00 2.036628622819482981e-01
9.495212952479429314e-01 1.268478257963728373e+00 2.091844388948174704e-01
9.549263215503056568e-01 1.269630625602197416e+00 2.155879418951852367e-01
9.552007920625524839e-01 1.269697234687791276e+00 2.159152641900139447e-01
9.602649596705580270e-01 1.270820271888098318e+00 2.219874186176291064e-01
9.657154638744473996e-01 1.272061183341801627e+00 2.285528041302498925e-01
9.706193549254339414e-01 1.273236594889921580e+00 2.343235018741462450e-01
9.761793415136035268e-01 1.274570176173616121e+00 2.410278646480348841e-01
9.806031037509725934e-01 1.275674053829679355e+00 2.464984100954860924e-01
9.854266239700204544e-01 1.276894619757295679e+00 2.522885043173028752e-01
9.904026556189315933e-01 1.278170792425106450e+00 2.583783472191553687e-01
9.955124574961405903e-01 1.279548006589746434e+00 2.650087105509154051e-01
1.000430468531611883e+00 1.280888407561549647e+00 2.715940437406375030e-01
1.005276240830830670e+00 1.282252565384222276e+00 2.783910793301317965e-01
1.010388631416576644e+00 1.283745564512444481e+00 2.852195561253113576e-01
1.010520048909079094e+00 1.283782202146834805e+00 2.853850426524983663e-01
1.015552537884826689e+00 1.285272798994446131e+00 2.918368274112987937e-01
1.015684569065651299e+00 1.285311340005940384e+00 2.920029607732237409e-01
1.019913256877377217e+00 1.286587553085572155e+00 2.974000584603577746e-01
1.024799682308090709e+00 1.288109590203045718e+00 3.035165467943077289e-01
1.029534112352077369e+00 1.289611315204582054e+00 3.094765264918051262e-01
1.034500525304964169e+00 1.291220618520115382e+00 3.158626411420754621e-01
1.039549534166536171e+00 1.292882052817398320e+00 3.221782167633669425e-01
1.043654926420987339e+00 1.294265923594064116e+00 3.274710402206917892e-01
1.049127759104833579e+00 1.296142659273855635e+00 3.344588123825981141e-01
1.053203862035782201e+00 1.297571899601738687e+00 3.397274951837955803e-01
1.057507667031555298e+00 1.299101109027927414e+00 3.453467583269151375e-01
1.062145895081283875e+00 1.300797584718838440e+00 3.514278572645807008e-01
1.062270879703201665e+00 1.300840810366440170e+00 3.515866638988447979e-01
1.066816551985464878e+00 1.302508455946091326e+00 3.574221904381166270e-01
1.071226125051740974e+00 1.304183118235203276e+00 3.632458667226722837e-01
1.076295808875924020e+00 1.306119845636289245e+00 3.703727718630412391e-01
1.088544955140908543e+00 1.310989724832489767e+00 3.882590570900254501e-01
1.093035016069610288e+00 1.312841680026257452e+00 3.946775026349582105e-01
1.097725363942602117e+00 1.314823022314179468e+00 4.009374702323968975e-01
1.102023903080507905e+00 1.316638050578798902e+00 4.066683756442330266e-01
1.106061448104270983e+00 1.318385865452809558e+00 4.120122138702890235e-01
1.110323946335050493e+00 1.320253728992729636e+00 4.175043434277741494e-01
1.114654451441402072e+00 1.322170983276720779e+00 4.231518964932832749e-01
1.119076760080273125e+00 1.324173221262865185e+00 4.289446622517579244e-01
1.123722358032851032e+00 1.326309266482481819e+00 4.351229544148498274e-01
1.128224815592743013e+00 1.328414697156867552e+00 4.412374712587260328e-01
1.131908878104631366e+00 1.330154143415460455e+00 4.465173585355388108e-01
1.135873504672391787e+00 1.332060753472398718e+00 4.522997476263121985e-01
1.139964615785323598e+00 1.334065156187583590e+00 4.581328789863340356e-01
1.144377267675169119e+00 1.336267346284536250e+00 4.643131773236411908e-01
1.144486589766639861e+00 1.336319587302312151e+00 4.644712453123852614e-01
1.148423171384843400e+00 1.338289925285448767e+00 4.700059781829254990e-01
1.152219306963036427e+00 1.340224393982643925e+00 4.753452218257870343e-01
1.152329553760457870e+00 1.340279580966057926e+00 4.754962472927471429e-01
1.156126509847237305e+00 1.342255241262605203e+00 4.807207399309208484e-01
1.160409309756833540e+00 1.344499661626861631e+00 4.865040747720927317e-01
1.164029926835602025e+00 1.346432075372349102e+00 4.915157498397409452e-01
1.164140015569204323e+00 1.346491492248416355e+00 4.916576222184113609e-01
1.168457116708462085e+00 1.348818384458337016e+00 4.978448259211361027e-01
1.168561071216049907e+00 1.348872699258025554e+00 4.979961424244162549e-01
1.172744299993764061e+00 1.351167256460411137e+00 5.039434458327582966e-01
1.176595887895605985e+00 1.353306891934242806e+00 5.093974482295645645e-01
1.180363882536744846e+00 1.355421268187469774e+00 5.147824547131456541e-01
1.183996396203880641e+00 1.357484372382210314e+00 5.198655117334395337e-01
1.188214134924054477e+00 1.359905725858432390e+00 5.258099294049030092e-01
1.191876705424375071e+00 1.362043560448608082e+00 5.310583283816718847e-01
1.196156515916230845e+00 1.364552664770529500e+00 5.372067756713364561e-01
1.199688834724603304e+00 1.366683042916723823e+00 5.422225623701634190e-01
1.203323143211467938e+00 1.368890402567952247e+00 5.474423760739320910e-01
1.207424447697992509e+00 1.371385982235510781e+00 5.534928888924196544e-01
1.211077636296879367e+00 1.373658692153946870e+00 5.588370901995947104e-01
1.214905306975394783e+00 1.376060512878069408e+00 5.642287926428853906e-01
1.215099848185063447e+00 1.376184526281279075e+00 5.645110207240743305e-01
1.218818946522148838e+00 1.378544033507879796e+00 5.698438772191914969e-01
1.222442563617506917e+00 1.380877254997319836e+00 5.749782442205515487e-01
1.225653352449869615e+00 1.382977151873886035e+00 5.795069717428883438e-01
1.229022599061687870e+00 1.385195201997089232e+00 5.843721868940310316e-01
1.232365390718130449e+00 1.387435703741299875e+00 5.890508314959594927e-01
1.235990493074494267e+00 1.389859114554398589e+00 5.941022791122559932e-01
1.239220271763153747e+00 1.392042940210182600e+00 5.985818674646450344e-01
1.242531440331648973e+00 1.394287295553662709e+00 6.032999611259592943e-01
1.245915208165513377e+00 1.396612303572998259e+00 6.081450961258239030e-01
1.249565710369118454e+00 1.399163678067641747e+00 6.133634226759533403e-01
1.253175357018670333e+00 1.401711502799627862e+00 6.185636369401360524e-01
1.256871163840319161e+00 1.404343712823118429e+00 6.238442074814326554e-01
1.256963005533709765e+00 1.404411696949991128e+00 6.239738259146915267e-01
1.260616676161143479e+00 1.407074236807407397e+00 6.291181232516411814e-01
1.263794490407674997e+00 1.409410056913988907e+00 6.335252383393390474e-01
1.266965792230951848e+00 1.411764330234132503e+00 6.379478758442148623e-01
1.270043957862413864e+00 1.414037226036924277e+00 6.422917617934872370e-01
1.273997362594538885e+00 1.416992317063931806e+00 6.479635043951686990e-01
1.277291122744834695e+00 1.419499554697158494e+00 6.526427681117951130e-01
1.280939328142688627e+00 1.422310253523481505e+00 6.577440452822964634e-01
1.289282193722904646e+00 1.428816391024564814e+00 6.691219646711092928e-01
1.289371286568134156e+00 1.428884938759184431e+00 6.692406669855025525e-01
1.292744669123564449e+00 1.431582511825668425e+00 6.738295328012643415e-01
1.296120643087602442e+00 1.434285550257273334e+00 6.784916023019077480e-01
1.298961524379098842e+00 1.436590259195605901e+00 6.823888682858404442e-01
1.301783697719087307e+00 1.438898218014482477e+00 6.862696481394510162e-01
1.304603193519580095e+00 1.441199177105896290e+00 6.901814721882821857e-01
1.307481967009051393e+00 1.443575903960314211e+00 6.941522425226921422e-01
1.310428680032396320e+00 1.446050808101201124e+00 6.980425502556563133e-01
1.313441441887337913e+00 1.448611752127193730e+00 7.020050732840964480e-01
1.316187834766939790e+00 1.450956354618994748e+00 7.056391957284123828e-01
1.319121775537584140e+00 1.453447522612645315e+00 7.095601605465139405e-01
1.322374614313348351e+00 1.456232569655437681e+00 7.140185666911920137e-01
1.322457549354746797e+00 1.456303350887653281e+00 7.141363802321781806e-01
1.325572846144634331e+00 1.459016148083258857e+00 7.185042295258610157e-01
1.328682896208369879e+00 1.461763141046240166e+00 7.227616162249450582e-01
1.328762885880536704e+00 1.461837307623178983e+00 7.228759714788218771e-01
1.331673942134967037e+00 1.464439708991116529e+00 7.266657182647565660e-01
1.334887800151067561e+00 1.467335874426581643e+00 7.307841635451479689e-01
1.337628545303508165e+00 1.469820678584499385e+00 7.342934678116361802e-01
1.340589494093228584e+00 1.472522882498705998e+00 7.381100243281339957e-01
1.343851025315652592e+00 1.475522577747263142e+00 7.424027686647242108e-01
1.347002511665099211e+00 1.478439266999370894e+00 7.465305462015909832e-01
1.349921077761533805e+00 1.481171759683135525e+00 7.503113666564035222e-01
1.352830969648318726e+00 1.483918274469175902e+00 7.541432951439811516e-01
1.355727100957528908e+00 1.486666415077431802e+00 7.579581011938623103e-01
1.358914298104870300e+00 1.489716626380369391e+00 7.620755507347640734e-01
1.362082999909563830e+00 1.492754408214963746e+00 7.660660568896316969e-01
1.365333893901254259e+00 1.495876895390905403e+00 7.701241500592497236e-01
1.365409287971924179e+00 1.495950141768357167e+00 7.702193695909635984e-01
1.368478343334294411e+00 1.498921777712131087e+00 7.740492892079496867e-01
1.371140813849307527e+00 1.501537337498306757e+00 7.773471064759202021e-01
1.373789908829332607e+00 1.504167077025761134e+00 7.806171384161294524e-01
1.376811928939977392e+00 1.507179112056001635e+00 7.843918382491045227e-01
1.380052030322180157e+00 1.510424260803635121e+00 7.884775670621174681e-01
1.382756062561678601e+00 1.513150722474274401e+00 7.918208372150840058e-01
1.385595247684822340e+00 1.516010607059268267e+00 7.953054323013104554e-01
1.388565367679449603e+00 1.519040949887963121e+00 7.988911496868594808e-01
1.388639676187167327e+00 1.519116091647918720e+00 7.989806218235185886e-01
1.391525548569810589e+00 1.522071489229189334e+00 8.024428621211887602e-01
1.391598575247234848e+00 1.522147050475409547e+00 8.025321835637463375e-01
1.394459987230761921e+00 1.525116978387484501e+00 8.059563998782203198e-01
1.396860511394237392e+00 1.527646686035899926e+00 8.087976912718890521e-01
1.399912591408825735e+00 1.530860871956806646e+00 8.124310676867033676e-01
1.402817302501390584e+00 1.533930390073458661e+00 8.159543774826575335e-01
1.405282859501437498e+00 1.536552499880680767e+00 8.188714286168896628e-01
1.407793129310781488e+00 1.539245108260040906e+00 8.217372742577851996e-01
1.410731896563867105e+00 1.542425554465004067e+00 8.249333670484704228e-01
1.413195975914028013e+00 1.545125558693364098e+00 8.276800924648364255e-01
1.415809021988415850e+00 1.547998441841974993e+00 8.306295775023820882e-01
1.418558092208874744e+00 1.551016812849490778e+00 8.338087591438892998e-01
1.421143946911383127e+00 1.553902987193645835e+00 8.366911280946836005e-01
1.423721451118133974e+00 1.556793093905229686e+00 8.394967040592887786e-01
1.426089830204535724e+00 1.559446511838779914e+00 8.421384314008043548e-01
1.429059479145388556e+00 1.562815915857955096e+00 8.454146873084308345e-01
1.431609297432913985e+00 1.565723888919032802e+00 8.481706300235631879e-01
1.431674729820844760e+00 1.565804272348765291e+00 8.482436571863909425e-01
1.434085704540687622e+00 1.568566106722084408e+00 8.507418329203660923e-01
1.436693507234446443e+00 1.571545561371009203e+00 8.534645283487622969e-01
1.439345220175854534e+00 1.574622976036113675e+00 8.561799973170416411e-01
1.441799863041114627e+00 1.577460859531171877e+00 8.587173355585373535e-01
1.444227376593606005e+00 1.580309706704413619e+00 8.612476529608251719e-01
1.444567577824584337e+00 1.580698393587052664e+00 8.615918188994606819e-01
1.447185644946134664e+00 1.583792207308678091e+00 8.643007100768492768e-01
1.453272133277563549e+00 1.591013383124183722e+00 8.707236328107140766e-01
1.455595622871777906e+00 1.593808775484784279e+00 8.731798816805453889e-01
1.458029308046095540e+00 1.596754983557695073e+00 8.756062078313596730e-01
1.458094785412371586e+00 1.596833809439184515e+00 8.756715090340739804e-01
1.460709331896413277e+00 1.600021196370336574e+00 8.781726919296379830e-01
1.463393811261198163e+00 1.603293440060116204e+00 8.807138827352892774e-01
1.463459999262656019e+00 1.603376981174028160e+00 8.807776471108972327e-01
1.465742945110509954e+00 1.606169564704003738e+00 8.829182100639604291e-01
1.468079020798410017e+00 1.609065105515337102e+00 8.851043453069447065e-01
1.470219449237396114e+00 1.611706630436669396e+00 8.871450329891157338e-01
1.472803386271163362e+00 1.614926247699064232e+00 8.895634963854657240e-01
1.475208324992157261e+00 1.617910335259898469e+00 8.918107469211311589e-01
1.477665077035790642e+00 1.620976063947952239e+00 8.940673704776951336e-01
1.477728355421337847e+00 1.621056915714883973e+00 8.941268419177447191e-01
1.480246619675152031e+00 1.624201647853801722e+00 8.963441638358515817e-01
1.480564048278389944e+00 1.624609087629083293e+00 8.966259219185981344e-01
1.482725997455049294e+00 1.627350197872171167e+00 8.985478382061617975e-01
1.485205196832957375e+00 1.630504720268482366e+00 9.007603622842338398e-01
1.487683483344774071e+00 1.633665439984679058e+00 9.029757739755931434e-01
1.487746933818036466e+00 1.633746017610398615e+00 9.030325265128239520e-01
1.490027938857587220e+00 1.636677710696892385e+00 9.050341485777336770e-01
1.491740072747681500e+00 1.638876215399072800e+00 9.065016693791535518e-01
1.492301025150397198e+00 1.639604569366804876e+00 9.069976022789288939e-01
1.494491088434503290e+00 1.642443981369828387e+00 9.088659256065063641e-01
1.496697013918136365e+00 1.645298691090652410e+00 9.106925522696597275e-01
1.499204316136523607e+00 1.648557056349919669e+00 9.127836443914816300e-01
1.501322093022319892e+00 1.651331687869263209e+00 9.145646531863844686e-01
1.503453059251963708e+00 1.654101815376679108e+00 9.163168810499813244e-01
1.505677263402641408e+00 1.657052778873483456e+00 9.181441436301569503e-01
1.507902515794417475e+00 1.660004614347818208e+00 9.199758370836992327e-01
1.510139958205872990e+00 1.662954487124961744e+00 9.217818621455681205e-01
1.512361950664909971e+00 1.665903446045119862e+00 9.235098587148445892e-01
1.514820211711644493e+00 1.669181189797891873e+00 9.254576789689734628e-01
1.517345170337903060e+00 1.672564884467079072e+00 9.273809733755530305e-01
1.519872634294402003e+00 1.675934928079153785e+00 9.293173612496409275e-01
1.522146984618359067e+00 1.678979664625835477e+00 9.310375045474968969e-01
1.524401300548534177e+00 1.682029117460574374e+00 9.327039438215183331e-01
1.524522762852046132e+00 1.682195141249238191e+00 9.327969592795480880e-01
1.526643012580914283e+00 1.685082477384097333e+00 9.343875940883494824e-01
1.529184283635386610e+00 1.688550619419416643e+00 9.362842243234503758e-01
1.531119835301627985e+00 1.691200739176261125e+00 9.376870857635700718e-01
1.531242580801159825e+00 1.691366025559300379e+00 9.377740365005623469e-01
1.533632855088162605e+00 1.694671586546203645e+00 9.394847472380217779e-01
1.535934143112978711e+00 1.697822122753084306e+00 9.411225285215097935e-01
1.538125426287638708e+00 1.700885176417151090e+00 9.426500675538781460e-01
1.540155686455775941e+00 1.703698882197900000e+00 9.440265478980230940e-01
1.542640210439507831e+00 1.707188835515548897e+00 9.456847022340274522e-01
1.544948092917246552e+00 1.710425576658256785e+00 9.472371639859856751e-01
1.547016020007581538e+00 1.713330314292913714e+00 9.486284182535745790e-01
1.549204673176207470e+00 1.716406491558623904e+00 9.500310557936463285e-01
1.549266289399042984e+00 1.716490118370854079e+00 9.500704501366752375e-01
1.551445741211981755e+00 1.719564232003811588e+00 9.514004663859508826e-01
1.553667591447777996e+00 1.722728546196525379e+00 9.527387160042574132e-01
1.555878190409967665e+00 1.725898264887981037e+00 9.541169488808980415e-01
1.558144388095042299e+00 1.729140140212895416e+00 9.554958409654928930e-01
1.558202819765363900e+00 1.729223724033224885e+00 9.555293423506874273e-01
1.560367964836699928e+00 1.732310635318763836e+00 9.568520165876105432e-01
1.562748185656006594e+00 1.735742269178028652e+00 9.582601878198703238e-01
1.564997132589331041e+00 1.738997057555061510e+00 9.595542830768993836e-01
1.565055677087077601e+00 1.739083193956568518e+00 9.595898565479932252e-01
1.567198860279537254e+00 1.742171124538284488e+00 9.607796704637785457e-01
1.569386005994287014e+00 1.745350656334025308e+00 9.619627016948797404e-01
1.571678511707442327e+00 1.748694299738749791e+00 9.632082374858980112e-01
1.574256213825601325e+00 1.752474391307220269e+00 9.645805724886992172e-01
1.576776317304737995e+00 1.756160765750074626e+00 9.658899832532350516e-01
1.578710902491677004e+00 1.759019386376047933e+00 9.668868565957233763e-01
1.580997228311450842e+00 1.762383086191918302e+00 9.680866637124320162e-01
1.586217973187385333e+00 1.770022933661896891e+00 9.707633924778285017e-01
1.588300453377762489e+00 1.773138222097188743e+00 9.718316354821734393e-01
1.590282601583724142e+00 1.776092064894823297e+00 9.727721191289073754e-01
1.592199481031119079e+00 1.778960083872322073e+00 9.736339637712925210e-01
1.594414498508029965e+00 1.782240277348254409e+00 9.745972917074952058e-01
1.594471455457933340e+00 1.782325503123383115e+00 9.746231738870890782e-01
1.596688007142196497e+00 1.785610912338417178e+00 9.755718080217448129e-01
1.598816869767037963e+00 1.788813736487476991e+00 9.764797570522441017e-01
1.600953204621125670e+00 1.792029811989525712e+00 9.773123120058587743e-01
1.603037162859397347e+00 1.795147223595897623e+00 9.781575025759428055e-01
1.604879644337300126e+00 1.797924727917032062e+00 9.789266286963856922e-01
1.607133196170850598e+00 1.801313957311664993e+00 9.798612019955923458e-01
1.609199283727374308e+00 1.804436159422363906e+00 9.807111531176803121e-01
1.611425899479356660e+00 1.807820603090610545e+00 9.815951499257576929e-01
1.611480399008338171e+00 1.807904220429320308e+00 9.816158553179373802e-01
1.613333638309452978e+00 1.810691689595582243e+00 9.823143508323710638e-01
1.615758026505203393e+00 1.814320011547996048e+00 9.831984411108651845e-01
1.617742080914021052e+00 1.817371726502554630e+00 9.838986267801739238e-01
1.619643108076696203e+00 1.820250571051436062e+00 9.845183085886367591e-01
1.621802720126992448e+00 1.823550302913437005e+00 9.852727852500777761e-01
1.623745009350893165e+00 1.826519161386279233e+00 9.858595961966453158e-01
1.625971035508013030e+00 1.829926376836716440e+00 9.865614140581285829e-01
1.628081323016626891e+00 1.833151911299146564e+00 9.871883817713525966e-01
1.628138616125458293e+00 1.833238026906131024e+00 9.872076093689298171e-01
1.630136642186523765e+00 1.836286488650861415e+00 9.878935967084393477e-01
1.632124127465202079e+00 1.839340429413440337e+00 9.885532923385548232e-01
1.634188421192694918e+00 1.842483138831877643e+00 9.892200947940993361e-01
1.635952702940013603e+00 1.845204939445684422e+00 9.897567396057055378e-01
1.638229718563168680e+00 1.848678280541681485e+00 9.904110643934260771e-01
1.640270740194111454e+00 1.851834788208492899e+00 9.909347022817979189e-01
1.642257347622273711e+00 1.854881103822964228e+00 9.914337473850318716e-01
1.644256823600265260e+00 1.857951037923700977e+00 9.919004199647136755e-01
1.644312983842661557e+00 1.858035678379364786e+00 9.919131042412373533e-01
1.646175478160943673e+00 1.860922605476893477e+00 9.923648965808199440e-01
1.648215018410106980e+00 1.864064575612970787e+00 9.928283197934939519e-01
1.650255467967756573e+00 1.867214174131599513e+00 9.933035066312349004e-01
1.652330722979472810e+00 1.870453946774940590e+00 9.937292143561409219e-01
1.652387285831026897e+00 1.870542135276934914e+00 9.937424367324515506e-01
1.654424399373033427e+00 1.873685916160324760e+00 9.943168495692692455e-01
1.656556554326386488e+00 1.877007828701500847e+00 9.949323987954838966e-01
1.658373227127054372e+00 1.879813415329848691e+00 9.954119061583226458e-01
1.660490204789961455e+00 1.883136936039205178e+00 9.958858899378901786e-01
1.662508512660108906e+00 1.886293861091179247e+00 9.962249177400249733e-01
1.664568764181255656e+00 1.889531311363891852e+00 9.965902419933657663e-01
1.666750724517560123e+00 1.892929706100078935e+00 9.969036101252863880e-01
1.666804719844154903e+00 1.893017054179777059e+00 9.969095676386986460e-01
1.668807291890448630e+00 1.896166942854473625e+00 9.972031376954091364e-01
1.670821758282056368e+00 1.899309685408399062e+00 9.974285618112453955e-01
1.672847332448730517e+00 1.902465543396423708e+00 9.976706441540748038e-01
1.675034736397836177e+00 1.905859937203062904e+00 9.978934215742677472e-01
1.676876213623052614e+00 1.908768890372069427e+00 9.980948744861094513e-01
1.678721564449378478e+00 1.911666086318787983e+00 9.983953002323089354e-01
1.680508653148460763e+00 1.914483167383616458e+00 9.987238582936290854e-01
1.682694699328113552e+00 1.917889483489671143e+00 9.990886143682813358e-01
1.684802304283508523e+00 1.921215720344650268e+00 9.994044580717256210e-01
1.686852207339178511e+00 1.924456895148881408e+00 9.996151306598111130e-01
1.688924143949952272e+00 1.927693651957095522e+00 9.998119957132164393e-01
1.690805776064337351e+00 1.930675043615428521e+00 9.999595720246987618e-01
1.690861809374629710e+00 1.930759317792906549e+00 9.999608353030181584e-01
1.692816218660871508e+00 1.933833135473778775e+00 1.000019403886560854e+00
1.694917239395550501e+00 1.937162683153561327e+00 1.000033284601324013e+00
1.697082252189382023e+00 1.940579837239895689e+00 1.000036193344341351e+00
1.697136750859240983e+00 1.940662625896918181e+00 1.000036292579049801e+00
1.699254651397134719e+00 1.943987553473282670e+00 1.000031964139984852e+00
1.699470683386791858e+00 1.944327585724119345e+00 1.000030928157884524e+00
1.701592032870140159e+00 1.947649577661842990e+00 1.000032559971804735e+00
1.701642236309060863e+00 1.947735968300373877e+00 1.000036945763627783e+00
1.703597147683637569e+00 1.950802301486857626e+00 1.000277637052791935e+00
1.705825580795925278e+00 1.954295605201830099e+00 1.000854076748633803e+00
1.710583081470420597e+00 1.961807144733900499e+00 1.001311890440494068e+00
1.712591290247604370e+00 1.964954847991862597e+00 1.001340338320445111e+00
1.714648446733306075e+00 1.968190785227087902e+00 1.001197429968868624e+00
1.717011006666916861e+00 1.971918348094761519e+00 1.000979110385369575e+00
1.718881368287739075e+00 1.974897806781571452e+00 1.000796370478391983e+00
1.720875150064311354e+00 1.978051329834938477e+00 1.000528942248296582e+00
1.722914683604060748e+00 1.981293057135583124e+00 1.000312277949875428e+00
1.724710835427984312e+00 1.984086639732312474e+00 1.000098909364123934e+00
1.726501245286686359e+00 1.986904289474033192e+00 9.998780807714855445e-01
1.728497978396854595e+00 1.990059829132492020e+00 9.996406798302241992e-01
1.730674762693527491e+00 1.993481423383726359e+00 9.996471337432081272e-01
1.732902752685269165e+00 1.996978198282395756e+00 9.998116485258163877e-01
1.734879623701597762e+00 2.000057327622365655e+00 9.999227880186741801e-01
1.736790042939776013e+00 2.003027594210934570e+00 1.000026931329318414e+00
1.739000285451625771e+00 2.006513396240858338e+00 9.997760660962751178e-01
1.741043767156716049e+00 2.009730075569155172e+00 9.994461175640563244e-01
1.741093645091409625e+00 2.009815384981236353e+00 9.994348682764325753e-01
1.743236466593111933e+00 2.013230339207129571e+00 9.989793628260688063e-01
1.745394605263340448e+00 2.016624001968211566e+00 9.985439832867127885e-01
1.745447072455196702e+00 2.016713269362027550e+00 9.985340783434601963e-01
1.747588557805700216e+00 2.020113531323491696e+00 9.981567698325826132e-01
1.747640790630881291e+00 2.020197320241727379e+00 9.981475394752388208e-01
1.749682185284396008e+00 2.023436416805359350e+00 9.977391073942949440e-01
1.749736627549636880e+00 2.023521110680760682e+00 9.977283841691023669e-01
1.751568582162271071e+00 2.026415769645836029e+00 9.973726797094926155e-01
1.753664830562313259e+00 2.029728398891837760e+00 9.969636386242405335e-01
1.755786419145203947e+00 2.033064413622681865e+00 9.967471387946095218e-01
1.755842583845639959e+00 2.033149381819109092e+00 9.967422546600573918e-01
1.757848531455911800e+00 2.036290168785357402e+00 9.965748613936895595e-01
1.759857874387575238e+00 2.039440221441274126e+00 9.963675617936132989e-01
1.761766589787225890e+00 2.042408372300999364e+00 9.961571983252193174e-01
1.763933730119771504e+00 2.045812998429782148e+00 9.958476121938280023e-01
1.765945106305122803e+00 2.048950026036211902e+00 9.955491575694229711e-01
1.767789129892986866e+00 2.051839887077679947e+00 9.951815880152954374e-01
1.769849782848339048e+00 2.055056661631267545e+00 9.947749852539460313e-01
1.771799013534154810e+00 2.058106941665522882e+00 9.942462446433953938e-01
1.771852877029351125e+00 2.058192805971847950e+00 9.942275488013581075e-01
1.773795265692274192e+00 2.061252954513430602e+00 9.936122249013598084e-01
1.776066228148904136e+00 2.064809433806333860e+00 9.929192090586507202e-01
1.777953438415285525e+00 2.067771164782006732e+00 9.923203459110311320e-01
1.780016055543004017e+00 2.070919618497987447e+00 9.923693105033407624e-01
1.781853039655281190e+00 2.073709948155801452e+00 9.929775913264495824e-01
1.783796155388108540e+00 2.076681873699691483e+00 9.935687185793619092e-01
1.785945430209286311e+00 2.079998287180873096e+00 9.939343884247595629e-01
1.787815463210024935e+00 2.082941019952699868e+00 9.937013548185210654e-01
1.789615853247698007e+00 2.085772060724874422e+00 9.927290199262461812e-01
1.791567116262700932e+00 2.088829542968540398e+00 9.914742948949422097e-01
1.793700459868314834e+00 2.092176164631384783e+00 9.899845281865299329e-01
1.795694142097353341e+00 2.095297443933981096e+00 9.887566642019298691e-01
1.797982745080468403e+00 2.098839719803040627e+00 9.874883340558980871e-01
1.799950689245888080e+00 2.101870009007812179e+00 9.865870312813758147e-01
1.801812697792518625e+00 2.104738211067224807e+00 9.858452294396230497e-01
1.803836692140261766e+00 2.107856326556724724e+00 9.850494804187789333e-01
1.805896312901753120e+00 2.110968920137589411e+00 9.844873948444744505e-01
1.805953821023450478e+00 2.111052727144461461e+00 9.844776956279306379e-01
1.808142259897288273e+00 2.114336084129679882e+00 9.842517464462847698e-01
1.810430730042078773e+00 2.117803164489715062e+00 9.839848383597232795e-01
1.812620066362002680e+00 2.121082915372281441e+00 9.837219491387781956e-01
1.814811017940443083e+00 2.124359047863526140e+00 9.833086658451306583e-01
1.816778562747091597e+00 2.127295567862767633e+00 9.828107440359575842e-01
1.818932563995432128e+00 2.130576482831281648e+00 9.821240249811100664e-01
1.821065137774165565e+00 2.133847607606296659e+00 9.811223897451716303e-01
1.823146125508298576e+00 2.137029089643063706e+00 9.799828382299179408e-01
1.825130116728249208e+00 2.140033832019136106e+00 9.788965563682531235e-01
1.827172776185455483e+00 2.143138345199541384e+00 9.778173485359873407e-01
1.829210336289308847e+00 2.146166155688819632e+00 9.774593553252554079e-01
1.834504638510765284e+00 2.154076525691471122e+00 9.844879570186090278e-01
1.836618232178152121e+00 2.157257642865578084e+00 9.879394143093327418e-01
1.838677486522947602e+00 2.160382569384225349e+00 9.907315718531459758e-01
1.840719595394516572e+00 2.163564787791277588e+00 9.912612904786277657e-01
1.842542310274376982e+00 2.166472756239007147e+00 9.896244735453045838e-01
1.844469228823617524e+00 2.169570452050537224e+00 9.850451424233146458e-01
1.844523053342797425e+00 2.169650050292385668e+00 9.848662641108767435e-01
1.846494142983740927e+00 2.172675720940227428e+00 9.786014056323896204e-01
1.848589765227672599e+00 2.175866372411062066e+00 9.726162583401252171e-01
1.848642839849539588e+00 2.175946595219716784e+00 9.724731365772927294e-01
1.850657314262538655e+00 2.179013550200128435e+00 9.674045438145230102e-01
1.852522686744494607e+00 2.181740232565621884e+00 9.646135343777475502e-01
1.854648761545053093e+00 2.184827292220540507e+00 9.629201504774305143e-01
1.856800740079994627e+00 2.187919496864071167e+00 9.630169130548758005e-01
1.858966047870379112e+00 2.191021908690871545e+00 9.635267049098792391e-01
1.861092902944299965e+00 2.194101196786070851e+00 9.640662006342834989e-01
1.863527289657704866e+00 2.197604712030974738e+00 9.641216688859082229e-01
1.865658405383287199e+00 2.200673477166680048e+00 9.636845628916996809e-01
1.867683009840184871e+00 2.203564799183719281e+00 9.630755917138498212e-01
1.869796207178515690e+00 2.206615597470324097e+00 9.616773374952715114e-01
1.872086026742106002e+00 2.209987838389355197e+00 9.596217493471376203e-01
1.874060771607349407e+00 2.212874872145802030e+00 9.577896372849210582e-01
1.876223004452538090e+00 2.216004173011900225e+00 9.559607159506141594e-01
1.878410398476357601e+00 2.219131772860804652e+00 9.542692892695203710e-01
1.880580941502987713e+00 2.222183167348124044e+00 9.534597590366005182e-01
1.882540713778460439e+00 2.224957315770527799e+00 9.548494965439880966e-01
1.884810716397661512e+00 2.228164574961965627e+00 9.587820073094940332e-01
1.887112200230878001e+00 2.231464407014016160e+00 9.632998910040123652e-01
1.889366009962278214e+00 2.234701578608702999e+00 9.659937377942924286e-01
1.891348869695401280e+00 2.237661349866802318e+00 9.660654671897145329e-01
1.893208552750193618e+00 2.240458794274577059e+00 9.639536524113677673e-01
1.895098835130203385e+00 2.243192552995326050e+00 9.591737601356983278e-01
1.897079687124870295e+00 2.246106758221312560e+00 9.528348104928070494e-01
1.897135774703763156e+00 2.246186483911715825e+00 9.526449303218598175e-01
1.899324158124119144e+00 2.249302576778866580e+00 9.465385837794894064e-01
1.899381473950150889e+00 2.249383523006764030e+00 9.464163967049091797e-01
1.901544509278315198e+00 2.252449335169061317e+00 9.426208026456162070e-01
1.903879523084214265e+00 2.255707434209788698e+00 9.399821394977235789e-01
1.906397816204430828e+00 2.259164872202094276e+00 9.382478395722723130e-01
1.908771325786528861e+00 2.262384020024207132e+00 9.376240780825861876e-01
1.910876077415986307e+00 2.265252811251611043e+00 9.373271085732169938e-01
1.913163690205862633e+00 2.268363204442807923e+00 9.369280955726183580e-01
1.915372361994157835e+00 2.271374241356576285e+00 9.363422738948262714e-01
1.917631511331974625e+00 2.274467483096112908e+00 9.355949525483913121e-01
1.919779981200602892e+00 2.277398782483855300e+00 9.345534012310939831e-01
1.922094584902851899e+00 2.280575399888785881e+00 9.332473742040381381e-01
1.924492826406190016e+00 2.283886752109267171e+00 9.312310256870690583e-01
1.924551790228375303e+00 2.283965896360413694e+00 9.311674011291274367e-01
1.926882071862056733e+00 2.287178794186565334e+00 9.287327124080402285e-01
1.928991187722379541e+00 2.290093320351161754e+00 9.265204829900551831e-01
1.931259606888884095e+00 2.293140582847297271e+00 9.250345577937219010e-01
1.933694125314467271e+00 2.296388989276734627e+00 9.259423682275418344e-01
1.936297645386519273e+00 2.299866470735431712e+00 9.285675262892060244e-01
1.938584985463781774e+00 2.302934103614165728e+00 9.310412806833818777e-01
1.940661551243281213e+00 2.305727076043534218e+00 9.323160862800846660e-01
1.943091904758413868e+00 2.309013627026923032e+00 9.320140553599515210e-01
1.944816214144755140e+00 2.311388777120770399e+00 9.304566672993969112e-01
1.946843433987649030e+00 2.314264685721863390e+00 9.259655523302511293e-01
1.949083034476887244e+00 2.317325798534827008e+00 9.195164394064551106e-01
1.950980260995317073e+00 2.319826817353828119e+00 9.144335291974777791e-01
1.953200496139801290e+00 2.322791523666250857e+00 9.097351295814796179e-01
1.955426854586566732e+00 2.325689393111892933e+00 9.062857365653597119e-01
1.957884931056218969e+00 2.328825799608838842e+00 9.049161976564001897e-01
1.960294454549945886e+00 2.331902334111218167e+00 9.055835249336262605e-01
1.960418021976869873e+00 2.332059337388839637e+00 9.055972501819828935e-01
1.962565850719779181e+00 2.334827546970561940e+00 9.049404813030728079e-01
1.968290830907610589e+00 2.342163856777170317e+00 9.012410779823657458e-01
1.970717282566823103e+00 2.345258982633181777e+00 8.996008967683505331e-01
1.972883400497337680e+00 2.348032408102146640e+00 8.979644355865709082e-01
1.975400883166470445e+00 2.351202718478531128e+00 8.960226960197900103e-01
1.977841106752967315e+00 2.354274235286692996e+00 8.941660997509339737e-01
1.980237470673496869e+00 2.357273947995961016e+00 8.927274299520281398e-01
1.982538043514197046e+00 2.360145146318260778e+00 8.921922928907677353e-01
1.984940094251754328e+00 2.363123309291514929e+00 8.917377262015628858e-01
1.987304488484966436e+00 2.366052525334942480e+00 8.909687986036338714e-01
1.989630378756900964e+00 2.368952608986618191e+00 8.900292807756199354e-01
1.991899955404704103e+00 2.371784722473294416e+00 8.887921066721822250e-01
1.994407589201298681e+00 2.374912545202402914e+00 8.871936464946855727e-01
1.994468033968593845e+00 2.374992926957562922e+00 8.871542829444110101e-01
1.996849854703287352e+00 2.377963096198505433e+00 8.854493430795408182e-01
1.999482113980668663e+00 2.381246579699995536e+00 8.833874962587421331e-01
2.001705556181316847e+00 2.384053032140259987e+00 8.813402543772866915e-01
2.003988638745013429e+00 2.386891443614179487e+00 8.781613785702461206e-01
2.006613011538968205e+00 2.390141468185279727e+00 8.745543955681778225e-01
2.009435492801614487e+00 2.393513489459361043e+00 8.736125136048947804e-01
2.009500232222772187e+00 2.393592080133855937e+00 8.736192982510133653e-01
2.011778212417542289e+00 2.396308046106779610e+00 8.739888849590566888e-01
2.014469323477916518e+00 2.399542338927528551e+00 8.747686707009612039e-01
2.014532509282737749e+00 2.399618416757077988e+00 8.747916608905054181e-01
2.016636374796220377e+00 2.402141724871687423e+00 8.750650222496920705e-01
2.018725437576711190e+00 2.404680841753328746e+00 8.743115666220939719e-01
2.021362479168680615e+00 2.407885042524363861e+00 8.723506732490977633e-01
2.021420782065764588e+00 2.407955158385421512e+00 8.722849179942946396e-01
2.023334906208413830e+00 2.410364404689509854e+00 8.690652933430665916e-01
2.025495553875655830e+00 2.412955344682818470e+00 8.641955558097040857e-01
2.027814078966492684e+00 2.415692002914379355e+00 8.588447762560300625e-01
2.030370860863746962e+00 2.418692232005973164e+00 8.541400714580215103e-01
2.032859333484835052e+00 2.421526696072830553e+00 8.524052058686917288e-01
2.035389031223554301e+00 2.424435538867605544e+00 8.534100925946869198e-01
2.037908894765357637e+00 2.427345881876800782e+00 8.560535774577996415e-01
2.040336154246390254e+00 2.430142932460696237e+00 8.586761158930324989e-01
2.042630788474639747e+00 2.432804287659827924e+00 8.600712628400342119e-01
2.045181372468016345e+00 2.435832017110814096e+00 8.588753551060521740e-01
2.047604143826478484e+00 2.438718378821107535e+00 8.552577161587805454e-01
2.049607759495403414e+00 2.441082433023718856e+00 8.500938218957777570e-01
2.051818855772710393e+00 2.443620511353982838e+00 8.433108770504229579e-01
2.054014425153388057e+00 2.446123911131476980e+00 8.368477508308338475e-01
2.056500057989791852e+00 2.448955836823751842e+00 8.313356055580912729e-01
2.056569407320738119e+00 2.449028091620356840e+00 8.312250425651649399e-01
2.059168537639091578e+00 2.451853793967345041e+00 8.286343112635029540e-01
2.059237794289819234e+00 2.451928075428142506e+00 8.286026328221011150e-01
2.061579015116440594e+00 2.454495776714216149e+00 8.281070928606403259e-01
2.063834248710223029e+00 2.456950349626352281e+00 8.267062279632229060e-01
2.066712525286250379e+00 2.460063995017102823e+00 8.243457729185654781e-01
2.069083245718045916e+00 2.462658726355601679e+00 8.222268465369692025e-01
2.071467461272610056e+00 2.465248922604104997e+00 8.200784520215506079e-01
2.074068357796797546e+00 2.468070225210066138e+00 8.177269621768378238e-01
2.076677939502676651e+00 2.470872557366591948e+00 8.154329744524685397e-01
2.076817320661292321e+00 2.471020294717422239e+00 8.153026747712430744e-01
2.079230860458151309e+00 2.473593952186702083e+00 8.134613870409571623e-01
2.081775321383984245e+00 2.476280400166992024e+00 8.136155997968911313e-01
2.084213416696865995e+00 2.478862619642931531e+00 8.162538149978142421e-01
2.086521662128233423e+00 2.481320329549475012e+00 8.201249005816568793e-01
2.088970945614823549e+00 2.483971484456715562e+00 8.221754174840328888e-01
2.091321141308711162e+00 2.486509888424899284e+00 8.216032438597237197e-01
2.097396209175288018e+00 2.493106746018288078e+00 8.096760721909370684e-01
2.100039810796755280e+00 2.495926987843513079e+00 8.013739227993436076e-01
2.102536494396678446e+00 2.498521587962329704e+00 7.937435461062405384e-01
2.105175151631253794e+00 2.501271005279056325e+00 7.881730303201961441e-01
2.105314446116101745e+00 2.501419351273941771e+00 7.879611062219885609e-01
2.108243190529647926e+00 2.504351777465270601e+00 7.851203641251817134e-01
2.110991268164077450e+00 2.507095344184545382e+00 7.835330940295718305e-01
2.113619564845697685e+00 2.509725544611421277e+00 7.823723273529458178e-01
2.116562682230437975e+00 2.512656661168645389e+00 7.808052105105841578e-01
2.119239056055874482e+00 2.515288226071207056e+00 7.790915693122362207e-01
2.122124536749938617e+00 2.518133979599622485e+00 7.768803850012437895e-01
2.124913088583043397e+00 2.520905182895054164e+00 7.745335598808521516e-01
2.127554452224540871e+00 2.523521683388550763e+00 7.721679899214938247e-01
2.130274897280540536e+00 2.526205125795749851e+00 7.696809092908127869e-01
2.132663249504691549e+00 2.528509759922991762e+00 7.680827908204169718e-01
2.135341110470326598e+00 2.531101184106670399e+00 7.669943572366002549e-01
2.138047224382827238e+00 2.533740191348108795e+00 7.646219526448904125e-01
2.140972189501853862e+00 2.536620988735821314e+00 7.615903204618580391e-01
2.143556368462738337e+00 2.539136581887653676e+00 7.588092650328649436e-01
2.146065445122847137e+00 2.541582862039573065e+00 7.560628490432800275e-01
2.148507122194373231e+00 2.543939279929077202e+00 7.535644358493348571e-01
2.151189641272130970e+00 2.546521281698020722e+00 7.508053665867819859e-01
2.154032325441842310e+00 2.549211389199257383e+00 7.479625457677990807e-01
2.156740405869536747e+00 2.551709101058561302e+00 7.461708471897124939e-01
2.159771163068827438e+00 2.554508856347023737e+00 7.469182686380402281e-01
2.162309070752398643e+00 2.556873779800733271e+00 7.488518944606842309e-01
2.165003660563749488e+00 2.559382329214036744e+00 7.486590925344818181e-01
2.167529863463768969e+00 2.561810344028529141e+00 7.462626354126113970e-01
2.169880642891896638e+00 2.563999510307793717e+00 7.420585333885928447e-01
2.172174403857228597e+00 2.566157305152720891e+00 7.370509251304799836e-01
2.174562845574597780e+00 2.568349213725756197e+00 7.319198620056469595e-01
2.177397544567774013e+00 2.570976818180004120e+00 7.265091221197589322e-01
2.179953730193060046e+00 2.573276966117078679e+00 7.225555512066154096e-01
2.182941814072381082e+00 2.575922163206715076e+00 7.192670016113620335e-01
2.185965114050045788e+00 2.578548937083104953e+00 7.186816723756421776e-01
2.189014840917736127e+00 2.581238940477174282e+00 7.203416369346927750e-01
2.191693781144993469e+00 2.583596336232886870e+00 7.203709434128338085e-01
2.194222482041312983e+00 2.585855656381591761e+00 7.181215648499228443e-01
2.196906260962098845e+00 2.588235145406359461e+00 7.133986624048301861e-01
2.199705699966880257e+00 2.590720696287291958e+00 7.075321558780895970e-01
2.202268231164742129e+00 2.593039233215774342e+00 7.025123033750527712e-01
2.205195537450006071e+00 2.595598948752002144e+00 6.977935731201232450e-01
2.205270397149564854e+00 2.595662313633153584e+00 6.976786937869996486e-01
2.207610266366268004e+00 2.597652967648163891e+00 6.948170402696710601e-01
2.207763836379401212e+00 2.597780675624521862e+00 6.946856489747612606e-01
2.210449197839233548e+00 2.600001193141839195e+00 6.935042804231922320e-01
2.213068644180562927e+00 2.602171924613632115e+00 6.945559606484279502e-01
2.215992230597487289e+00 2.604626808078015721e+00 6.959121786959623357e-01
2.218868930980463450e+00 2.607055445290874296e+00 6.945273569822241200e-01
2.221480385539779778e+00 2.609295298142425779e+00 6.907954424412948713e-01
2.221555127577552469e+00 2.609366356432668788e+00 6.906500830031896410e-01
2.224171898960729532e+00 2.611605770177394259e+00 6.851882024980842090e-01
2.227160528293890440e+00 2.614108151546949976e+00 6.786959699960679604e-01
2.230065345934285848e+00 2.616527802676675840e+00 6.729409537934281094e-01
2.230140565651464790e+00 2.616586920965549012e+00 6.728024279904379901e-01
2.233068591481156773e+00 2.618973436899623142e+00 6.684935294620619750e-01
2.236330954970839890e+00 2.621533601426936144e+00 6.664621122981334578e-01
2.239227000094707432e+00 2.623819280236113549e+00 6.663640717697335569e-01
2.241753619955975552e+00 2.625807465288305664e+00 6.668009881851638676e-01
2.241831528872173962e+00 2.625869594568019494e+00 6.668159925018674050e-01
2.244723639972550533e+00 2.628156908675981729e+00 6.663879759375070932e-01
2.251984520065511308e+00 2.633911112040280500e+00 6.559872190812757742e-01
2.252063354616275603e+00 2.633974047406800523e+00 6.558468368682194294e-01
2.255190260109859235e+00 2.636465691529996658e+00 6.509387476817898310e-01
2.258135013847144101e+00 2.638744440530545354e+00 6.480466878966605337e-01
2.261084299889756011e+00 2.640993741261489447e+00 6.456936030755087152e-01
2.264280980740815075e+00 2.643411968863859318e+00 6.432302616800704698e-01
2.264363262154242662e+00 2.643474476995440803e+00 6.431649156948895385e-01
2.267309876166300420e+00 2.645703487323430636e+00 6.407145548374322264e-01
2.270408860094473180e+00 2.648053934488927119e+00 6.379544941515411516e-01
2.273050020585664743e+00 2.650035981243114236e+00 6.355132948785455760e-01
2.276221824807757255e+00 2.652434399574916668e+00 6.323598770689803361e-01
2.279428390977821905e+00 2.654859105335364511e+00 6.287575356160101103e-01
2.279502539180929599e+00 2.654916334459300753e+00 6.286464316390014684e-01
2.282304036756235721e+00 2.656998399499894248e+00 6.242780914188487129e-01
2.285172011762769628e+00 2.659130694623794255e+00 6.199762446246638303e-01
2.287958056772071647e+00 2.661155483806103117e+00 6.161049409289601764e-01
2.291488399741222981e+00 2.663711025645607577e+00 6.117411096162456152e-01
2.294321838366660149e+00 2.665746672423662922e+00 6.084789569531019460e-01
2.297104031708297356e+00 2.667708545599357439e+00 6.055178042755273715e-01
2.300135421530400404e+00 2.669830582964051402e+00 6.023803005359877893e-01
2.303189462560818246e+00 2.671932723605993321e+00 5.992730299789759130e-01
2.306776384631949117e+00 2.674364677582850014e+00 5.961287527609089310e-01
2.310066340109779404e+00 2.676581707623841400e+00 5.956918018485704014e-01
2.313245121550392636e+00 2.678757680431268717e+00 5.970391958441538804e-01
2.316305640089042939e+00 2.680839951862344250e+00 5.976795787314296282e-01
2.319310137849913911e+00 2.682892397976669230e+00 5.957932507371231923e-01
2.322001453341719479e+00 2.684825516149378366e+00 5.917979756074912556e-01
2.324602396090357459e+00 2.686570399566039491e+00 5.858297713053071121e-01
2.327450359062862795e+00 2.688449496032924380e+00 5.784876039900467282e-01
2.330800191249673414e+00 2.690704390512252964e+00 5.702356661645391345e-01
2.330881368610170590e+00 2.690759711922363184e+00 5.700429199974282879e-01
2.334284664780039709e+00 2.692989179837275593e+00 5.629345591524052006e-01
2.334368492461500910e+00 2.693041673517635459e+00 5.627953674830049602e-01
2.337462037651707458e+00 2.694988122366926753e+00 5.591405878624893244e-01
2.340473297602103653e+00 2.696867849954689422e+00 5.582000296330568156e-01
2.343204901697183207e+00 2.698568739437568809e+00 5.582656092726910879e-01
2.343290391598087830e+00 2.698620915037738932e+00 5.582719389145468503e-01
2.346154624531131105e+00 2.700416369969515173e+00 5.576915406629852079e-01
2.349361681005136759e+00 2.702412535273349903e+00 5.562582010807234356e-01
2.352474929074455101e+00 2.704373108815359750e+00 5.543737870489282571e-01
2.355426842542673427e+00 2.706228588865647211e+00 5.509085201408373544e-01
2.358346908986034052e+00 2.708032095998712308e+00 5.459287363294929030e-01
2.361420433919220407e+00 2.709951492002504736e+00 5.409230983769621748e-01
2.364223259687292078e+00 2.711649427145391034e+00 5.366528645987244106e-01
2.367295124121694627e+00 2.713525066739570057e+00 5.325809473553324569e-01
2.370291716989149311e+00 2.715316526846798695e+00 5.291002027954250231e-01
2.373478785681920833e+00 2.717207300708444073e+00 5.257025490156455039e-01
2.376573780272488889e+00 2.719038687988972303e+00 5.224882034264227704e-01
2.379699149856588036e+00 2.720841114559624963e+00 5.192961700922820167e-01
2.382845064971523819e+00 2.722622864254484298e+00 5.168661085277463929e-01
2.386681833528577101e+00 2.724790576398838482e+00 5.165273047582612520e-01
2.389871216471015192e+00 2.726608922830085380e+00 5.168844721717380519e-01
2.393054814658313934e+00 2.728419803857622838e+00 5.167134133586754885e-01
2.396182203048502490e+00 2.730198210217098964e+00 5.153420735631545346e-01
2.399357096075213303e+00 2.732055665698323033e+00 5.120843281077812614e-01
2.401874267046927969e+00 2.733506198934998466e+00 5.074822125176107201e-01
2.404448957174977419e+00 2.734953832864636780e+00 5.009827818921014364e-01
2.407309097992239355e+00 2.736515932872787715e+00 4.941349950293680293e-01
2.410721418611768474e+00 2.738399344143030767e+00 4.880568990783485384e-01
2.410806631467322436e+00 2.738444439224199556e+00 4.879122615077445824e-01
2.414261730977168341e+00 2.740308741670018478e+00 4.833270830635805204e-01
2.422422819523712079e+00 2.744603343047839594e+00 4.750915893115504884e-01
2.425639760953369528e+00 2.746279313237979913e+00 4.719705996003086268e-01
2.429140821700991104e+00 2.748072859347539865e+00 4.686616181867041542e-01
2.429229699122399389e+00 2.748116802416805449e+00 4.685780001126779726e-01
2.432592082177279291e+00 2.749799700693801086e+00 4.658348615370632717e-01
2.435740020393295957e+00 2.751395968737661235e+00 4.652811096383312472e-01
2.439081011295409773e+00 2.753065917527505846e+00 4.656350707522727284e-01
2.439169527511828583e+00 2.753109139071479028e+00 4.656476519321307017e-01
2.442733862383498433e+00 2.754923760090113305e+00 4.648003902238437846e-01
2.446351849915047172e+00 2.756766269731602215e+00 4.610477493212707945e-01
2.449386536644110990e+00 2.758274035164334670e+00 4.550839211365737547e-01
2.452435104961849799e+00 2.759784988972895370e+00 4.481928196573615186e-01
2.452518868138019670e+00 2.759828251073259686e+00 4.480015736166015894e-01
2.455910765546684971e+00 2.761497429315173502e+00 4.410621838468994915e-01
2.459339352060905259e+00 2.763161954708769130e+00 4.362267964307710022e-01
2.462591814184432071e+00 2.764687099636615297e+00 4.322275899525213627e-01
2.465880283668128392e+00 2.766200562364879545e+00 4.289648190012834150e-01
2.469267613690673713e+00 2.767754016441720921e+00 4.259064500546476673e-01
2.472921612916489043e+00 2.769429862832327949e+00 4.226198887948987015e-01
2.473012400636791064e+00 2.769469418457175536e+00 4.225334410746881542e-01
2.476671351024535284e+00 2.771131359306735042e+00 4.190046278358165455e-01
2.479677308509484313e+00 2.772497680399972797e+00 4.160921785065402889e-01
2.482949291125724933e+00 2.773938208909767944e+00 4.136356970669991528e-01
2.486809739038467360e+00 2.775624604911938853e+00 4.131424885009730152e-01
2.489861380931236656e+00 2.776970402925825532e+00 4.129264851988436180e-01
2.493244341983629653e+00 2.778464655826130780e+00 4.117496182217172951e-01
2.496437931621274586e+00 2.779923220365686731e+00 4.083957716618925593e-01
2.499383475647930286e+00 2.781216112214173641e+00 4.031562890704904478e-01
2.502293262356574566e+00 2.782441726479917499e+00 3.962594927615779583e-01
2.505387209392851311e+00 2.783758019984567511e+00 3.892451953772101403e-01
2.508997742001711106e+00 2.785291900645421759e+00 3.827105329229800734e-01
2.512166329739043746e+00 2.786589263046194809e+00 3.785401278776672762e-01
2.515649686906250793e+00 2.787990216799609122e+00 3.749548891215955804e-01
2.519131931737942143e+00 2.789363652152473616e+00 3.718282875744925997e-01
2.523080888381330045e+00 2.790895586265218498e+00 3.684651269980003807e-01
2.523174439428290672e+00 2.790932988692301109e+00 3.683873394480252639e-01
2.526663326375293561e+00 2.792274231292072528e+00 3.651740376598375803e-01
2.530135802967389935e+00 2.793614594473645241e+00 3.619091412699051435e-01
2.533918312902318171e+00 2.795040970465937136e+00 3.589286113395956379e-01
2.537434086167233094e+00 2.796362642978031943e+00 3.577661723011827943e-01
2.540985494052720117e+00 2.797678563740002566e+00 3.566713778149990799e-01
2.544743435066674220e+00 2.799085500537039195e+00 3.549000865907342428e-01
2.548015028069080756e+00 2.800307070780171603e+00 3.525208408605663979e-01
2.548108144040679424e+00 2.800342040186590609e+00 3.524480277670324346e-01
2.551402831212695954e+00 2.801580694272603367e+00 3.490324661466784328e-01
2.554520765165916529e+00 2.802737778783876976e+00 3.439209765810995467e-01
2.557773032121476220e+00 2.803930321273784720e+00 3.376649728919907112e-01
2.561373504760154685e+00 2.805233485182189845e+00 3.309358191458416920e-01
2.564860591289992442e+00 2.806455351803924358e+00 3.251450582937569500e-01
2.568069559770256749e+00 2.807559805114430151e+00 3.206615796023927767e-01
2.571919791467878635e+00 2.808856878433097837e+00 3.164386572568126943e-01
2.572015929632172071e+00 2.808888277749824525e+00 3.163384691990805964e-01
2.575514828546849433e+00 2.810046198585139265e+00 3.129043110972978270e-01
2.579101550314173874e+00 2.811197442345104935e+00 3.096814540893326750e-01
2.582601755700952406e+00 2.812311791614033218e+00 3.068485652459981838e-01
2.585781274064582025e+00 2.813321245716534413e+00 3.047371815811151796e-01
2.589084899333196965e+00 2.814359960276720862e+00 3.023641400133433854e-01
2.592744746226967489e+00 2.815504198424389148e+00 2.995272084493137976e-01
2.596217867497215614e+00 2.816577892365951463e+00 2.965254249649621476e-01
2.600358545304447322e+00 2.817852233447360355e+00 2.928065078590149639e-01
2.603914164152688837e+00 2.818928976357322203e+00 2.895222485486677599e-01
2.607392118179383544e+00 2.819967843089657755e+00 2.865890868511918876e-01
2.611300416543821168e+00 2.821111268755951418e+00 2.848839728367288937e-01
2.611398498898556131e+00 2.821141005129960355e+00 2.848426631871557868e-01
2.614797632125481552e+00 2.822145764872296514e+00 2.831664615280105601e-01
2.618083348906701691e+00 2.823102580917939974e+00 2.811457548465773337e-01
2.621644185312263620e+00 2.824144881910902072e+00 2.786352264298689319e-01
2.625096244784240529e+00 2.825157394083358309e+00 2.758592710060802644e-01
2.629224699223647210e+00 2.826344063540165763e+00 2.722555437849597526e-01
2.633260873052289064e+00 2.827538867705549741e+00 2.681591716635233213e-01
2.642433548786050856e+00 2.830116546229918484e+00 2.510931303038329565e-01
2.646043678092862006e+00 2.831095114271239943e+00 2.440711506503893957e-01
2.649644697260049142e+00 2.832003249818199286e+00 2.379498075708306459e-01
2.653325136462697298e+00 2.832909957486192454e+00 2.338482182212751892e-01
2.656891820494340806e+00 2.833746358406532995e+00 2.305893800613231515e-01
2.660933225498114840e+00 2.834688917166066080e+00 2.280586720779196330e-01
2.661031115067959529e+00 2.834713915774446757e+00 2.280022967386880206e-01
2.664862440070173033e+00 2.835599700521622246e+00 2.255467603552925582e-01
2.668287959787407182e+00 2.836381200184274309e+00 2.232338576634804728e-01
2.671913124194742029e+00 2.837195379750611757e+00 2.205061083314435733e-01
2.676042898088517585e+00 2.838127669387553009e+00 2.170082938885857793e-01
2.679474028197186719e+00 2.838889711375411906e+00 2.140335942208273223e-01
2.683240279557924879e+00 2.839709624021671264e+00 2.111557616112245961e-01
2.686683346136759187e+00 2.840444675487094450e+00 2.088091609738536303e-01
2.690617034841760624e+00 2.841289787943440448e+00 2.059159366459034635e-01
2.690715403679453388e+00 2.841311148456528102e+00 2.058424755762419955e-01
2.694347086975860783e+00 2.842078168701279939e+00 2.028431869898454643e-01
2.697977937496272904e+00 2.842843957608515382e+00 1.997255918732261104e-01
2.701899391720542720e+00 2.843651006262589931e+00 1.962939766366609551e-01
2.705128121771304350e+00 2.844310810671971002e+00 1.933848019446069433e-01
2.708810803983520810e+00 2.845021335995391532e+00 1.907961982414096147e-01
2.709205829484945038e+00 2.845099255460420640e+00 1.906305069672897812e-01
2.712774630359585437e+00 2.845790825264592261e+00 1.889060534702534933e-01
2.716936728347318919e+00 2.846573095703427647e+00 1.866663239543001340e-01
2.717037034191788436e+00 2.846591366696353820e+00 1.866075953238021112e-01
2.721065129435911167e+00 2.847365263094262744e+00 1.840881933347366939e-01
2.721163075433171485e+00 2.847383043392543556e+00 1.840131694074698399e-01
2.725272425769893481e+00 2.848147387605226566e+00 1.806747670753889867e-01
2.725372493706259114e+00 2.848166396898514918e+00 1.805905318537805448e-01
2.729136232073802404e+00 2.848874080092671512e+00 1.777452885756884704e-01
2.733575962885928412e+00 2.849669954659054927e+00 1.757621581252799270e-01
2.737241653774906247e+00 2.850315506848158265e+00 1.741668214874631526e-01
2.741476497263220846e+00 2.851076852489257352e+00 1.720024653575403240e-01
2.745268967920306835e+00 2.851810922291469375e+00 1.688810473133386114e-01
2.748584278665500147e+00 2.852424791809528237e+00 1.641236457916442903e-01
2.752021128473113087e+00 2.852989659072031614e+00 1.565615111745553012e-01
2.752113692057019723e+00 2.853005973222328961e+00 1.563430397302467134e-01
2.755745179677353995e+00 2.853588920592244449e+00 1.481431799125613458e-01
2.759565742190766002e+00 2.854237406757347273e+00 1.406023708518881477e-01
2.759661259924892640e+00 2.854253637454562398e+00 1.404168903480689790e-01
2.762907139593412165e+00 2.854712005118833495e+00 1.342928532224896276e-01
2.766806491273768653e+00 2.855254150040440919e+00 1.292689299448075424e-01
2.771013018844597386e+00 2.855815544457045441e+00 1.247876674859881990e-01
2.774645043110168796e+00 2.856262448738383419e+00 1.215880756270289464e-01
2.778181673220399883e+00 2.856698738452831066e+00 1.189437186214316045e-01
2.781393375961858094e+00 2.857088076261717013e+00 1.166919688712190761e-01
2.785315931355766050e+00 2.857524100942088641e+00 1.140157420625676071e-01
2.788928013673111383e+00 2.857945695988012069e+00 1.115122246993614508e-01
2.792813745301934603e+00 2.858388525890394938e+00 1.087924625851178773e-01
2.792911719031988316e+00 2.858399660349066451e+00 1.087228770709276343e-01
2.796694567383716468e+00 2.858815099138796612e+00 1.057434893861093628e-01
2.800667856045489845e+00 2.859242250387326933e+00 1.024839252942098267e-01
2.804659928801007673e+00 2.859646005652062506e+00 9.910907476141712913e-02
2.808565107626882273e+00 2.860022235830329329e+00 9.614283729896025421e-02
2.812858996075626283e+00 2.860432438854968673e+00 9.306112714056878621e-02
2.812958785299529030e+00 2.860440282298611248e+00 9.298988344533799799e-02
2.816675434009777046e+00 2.860812499797282804e+00 9.007622184304953095e-02
2.820381250450592070e+00 2.861161215083655840e+00 8.709735244496481787e-02
2.824166858411760295e+00 2.861500368847295306e+00 8.405957241868161622e-02
2.824266650864263983e+00 2.861511546866694289e+00 8.398127467440183458e-02
2.828253113145744901e+00 2.861840563433260876e+00 8.068693571867428804e-02
2.831958419250848902e+00 2.862165272853586906e+00 7.751459953970374350e-02
2.835805054518801160e+00 2.862480558701395950e+00 7.449996426398991511e-02
2.835905506706765777e+00 2.862488127474027699e+00 7.443441873023148858e-02
2.839599980092776033e+00 2.862748858324446033e+00 7.201370517429750429e-02
2.843289639579695383e+00 2.863005133371780975e+00 6.959129114864449905e-02
2.847085661515263322e+00 2.863288652283023872e+00 6.696577096002605256e-02
2.850677921686216809e+00 2.863529843768086725e+00 6.431631662636040636e-02
2.854547427597056597e+00 2.863808715203331801e+00 6.130388460274407980e-02
2.858127277076909944e+00 2.864039759453834488e+00 5.868825662972639717e-02
2.867914646900332709e+00 2.864616630665536512e+00 5.232473732545377815e-02
2.871710971230063247e+00 2.864834823493599636e+00 4.980595557963634484e-02
2.875273766020682853e+00 2.865032405548181504e+00 4.711262875029647440e-02
2.878924665105141667e+00 2.865226769511949101e+00 4.409030462507241427e-02
2.882904788211170466e+00 2.865414632506963599e+00 4.116574673474106272e-02
2.883003618471382978e+00 2.865418345007491041e+00 4.109294998478147526e-02
2.886588374013244529e+00 2.865595610583335784e+00 3.851952089816679942e-02
2.890066098758126589e+00 2.865747365763073873e+00 3.598023904710053594e-02
2.893426397751758916e+00 2.865890476583603963e+00 3.350126391863978564e-02
2.897292958587636580e+00 2.866057451025587177e+00 3.054410301176381862e-02
2.901045716951514475e+00 2.866206132372465021e+00 2.762300544906763633e-02
2.904308101804365716e+00 2.866327258633240227e+00 2.498689186334600298e-02
2.907972536959410270e+00 2.866439078129504381e+00 2.233584979146709462e-02
2.911638153224210601e+00 2.866544525371358176e+00 1.979345564378475961e-02
2.915703054345024192e+00 2.866641478095692364e+00 1.690015384561128348e-02
2.915805855840399197e+00 2.866646332845271150e+00 1.683139718977965868e-02
2.919272743241708934e+00 2.866718170662613030e+00 1.423244994997402771e-02
2.922633382856395734e+00 2.866796862275136526e+00 1.164840374696276930e-02
2.926672649038255081e+00 2.866857128589715309e+00 8.483001890033115347e-03
2.930116903842634457e+00 2.866892666459952110e+00 5.774070495329789408e-03
2.933565223020522250e+00 2.866933265113337903e+00 3.266297398698858254e-03
2.937114092490963113e+00 2.866965534660843140e+00 7.362433993625110834e-04
2.941163278008701809e+00 2.867000571330847514e+00 -2.181994614402574858e-03
2.944403506780810531e+00 2.867022066829388649e+00 -4.555285407964965692e-03
2.948039227697288656e+00 2.867017386909274101e+00 -7.328136103092268948e-03
2.951380137948275362e+00 2.867036178928122681e+00 -9.898266551385558054e-03
2.954918524513626021e+00 2.867039480834788989e+00 -1.268683965064784647e-02
2.958569678092489941e+00 2.867019874835486704e+00 -1.543173893281696990e-02
2.962299643171622865e+00 2.866972765596493389e+00 -1.814088849531168487e-02
2.965631833770078440e+00 2.866922955418374386e+00 -2.059905596938989975e-02
2.969444035332666321e+00 2.866850814233266931e+00 -2.342055373678898419e-02
2.973052836815960553e+00 2.866806155286702129e+00 -2.614547261919991997e-02
