2.250377505616220741e+00 1.499929837998083437e+00 -1.285870397493479313e-04
2.250531059327680161e+00 1.499896084629103177e+00 -1.807761558801139706e-04
2.250533427527699804e+00 1.499895839476101722e+00 -1.800607281932228236e-04
2.250561441934602946e+00 1.499891773503142289e+00 -8.398237027908673981e-05
2.250562226326289661e+00 1.499890054962664365e+00 -8.082684549926810714e-05
2.250590092375263307e+00 1.499885092742603732e+00 2.296040692607934227e-04
2.250623249689807093e+00 1.499884688545324529e+00 6.313066147015190593e-04
2.250666859677052489e+00 1.499878388575371257e+00 1.249361841037975422e-03
2.250716814458879611e+00 1.499877720637472489e+00 2.071080395957949905e-03
2.250760643767772962e+00 1.499882272969968788e+00 3.212310780161129614e-03
2.250769390281560423e+00 1.499879277685115531e+00 4.977578222591516263e-03
2.250775585870139928e+00 1.499875313001925559e+00 7.178357947684715218e-03
2.250776222457253617e+00 1.499873426471421967e+00 7.229023656946269305e-03
2.250837644229489509e+00 1.499875176247196462e+00 9.106111419385311267e-03
2.250928615620071405e+00 1.499875169357937743e+00 1.112289576580296341e-02
2.251022662319947631e+00 1.499884308405600386e+00 1.344613268160575401e-02
2.251149641556647207e+00 1.499887860502003178e+00 1.588838571733444671e-02
2.251246962585199629e+00 1.499889235683834698e+00 1.873235562138265628e-02
2.251300237191194320e+00 1.499881009379655294e+00 2.178195446984713610e-02
2.251375342747240271e+00 1.499883173532247538e+00 2.549373324518904721e-02
2.251432323925029344e+00 1.499882830419044577e+00 2.937316181728261838e-02
2.251433277013797696e+00 1.499882789206574918e+00 2.947713647650935381e-02
2.251535981697082800e+00 1.499898909065042751e+00 3.324490819186606827e-02
2.251634636883754315e+00 1.499892441767981976e+00 3.782598961470156479e-02
2.251664298845772461e+00 1.499894390006506484e+00 4.303304625086366159e-02
2.251697481515846810e+00 1.499893132462521761e+00 4.785861928648910829e-02
2.251732890051978853e+00 1.499896686392678591e+00 5.235102593783190483e-02
2.251830133671056000e+00 1.499905316390160337e+00 5.796848257996328052e-02
2.251939290070168909e+00 1.499899292166777087e+00 7.162878853035256621e-02
2.251972086565762865e+00 1.499900335229011450e+00 7.762114986436589870e-02
2.252000875419823522e+00 1.499899130822527127e+00 8.428457368333265587e-02
2.252059179606053618e+00 1.499904787088643943e+00 9.040282536944296843e-02
2.252061132825827094e+00 1.499904562229944727e+00 9.057496867115559513e-02
2.252111621994214996e+00 1.499908881459467658e+00 9.714160147987017935e-02
2.252173148543377579e+00 1.499914455788973422e+00 1.039270366539207652e-01
2.252244156373464978e+00 1.499925060210707706e+00 1.109531380942852530e-01
2.252324052704663515e+00 1.499930356254652875e+00 1.173570284283721454e-01
2.252388999349033583e+00 1.499932607205910262e+00 1.257674266087250026e-01
2.252466832084067061e+00 1.499942972774025662e+00 1.326994498407737255e-01
2.252544889973663977e+00 1.499955135037329690e+00 1.405279087483607969e-01
2.252620428900949268e+00 1.499971609517838367e+00 1.490304296001536966e-01
2.252704641841287270e+00 1.499989871642529060e+00 1.577937648300087037e-01
2.252806627596626310e+00 1.500003761599330909e+00 1.658270792664943150e-01
2.252893562611644640e+00 1.500015730864155072e+00 1.739061732273523564e-01
2.252941564958854670e+00 1.500025637888742436e+00 1.825462774197194882e-01
2.253010477647004350e+00 1.500032511268619695e+00 1.920864196309669536e-01
2.253057994858386426e+00 1.500044011755577777e+00 2.007583868331772603e-01
2.253106675657502223e+00 1.500055907495259300e+00 2.092223277238849932e-01
2.253233001774503030e+00 1.500083389089200470e+00 2.188887371354021338e-01
2.253356178226736173e+00 1.500110772480402144e+00 2.273491889552612666e-01
2.253356568999968168e+00 1.500111399374679522e+00 2.275771120635920464e-01
2.253400578118697872e+00 1.500121187412518209e+00 2.369983373191165144e-01
2.253564520354916834e+00 1.500173334139166315e+00 2.448028649644048427e-01
2.253671452754582916e+00 1.500205869465038644e+00 2.543140977561639815e-01
2.253772954223526526e+00 1.500234941200651040e+00 2.644458359325537189e-01
2.253886324558819432e+00 1.500270458653330197e+00 2.729046513523001316e-01
2.253966673847718649e+00 1.500297715773035945e+00 2.820592299484259158e-01
2.254080601520770166e+00 1.500336182310238353e+00 2.907217751047475041e-01
2.254193265705587645e+00 1.500370914739396655e+00 3.007564738843024887e-01
2.254195132756203090e+00 1.500373354213655919e+00 3.009883649372247505e-01
2.254288400576010432e+00 1.500412400875490659e+00 3.103807925791886579e-01
2.254411918501256107e+00 1.500460197230942150e+00 3.180776206819409535e-01
2.254558935537742226e+00 1.500517077417607092e+00 3.272116183879554829e-01
2.254649410023788381e+00 1.500558405809963469e+00 3.357142329905851152e-01
2.254765914421294593e+00 1.500610585636837246e+00 3.438445082695513189e-01
2.254886434888300872e+00 1.500665848006835557e+00 3.517059264480968950e-01
2.255013974891420858e+00 1.500724676231254273e+00 3.606292534681443951e-01
2.255126170231707139e+00 1.500786427005813106e+00 3.699797668245454751e-01
2.255128423834840579e+00 1.500786788622588519e+00 3.702113979661560972e-01
2.255265773882383140e+00 1.500858246609847457e+00 3.788868367510050406e-01
2.255402557576811517e+00 1.500926514847927384e+00 3.867645970170311420e-01
2.255530358351983899e+00 1.500976427091717857e+00 3.957297307077155546e-01
2.255660788509824322e+00 1.501059942199180375e+00 4.043887967446582743e-01
2.255770216280454932e+00 1.501117113255743929e+00 4.120741054384060575e-01
2.255889859834776967e+00 1.501179177472686810e+00 4.213806650063156578e-01
2.255893071770862957e+00 1.501181213193822250e+00 4.216068088976068218e-01
2.256014221807739695e+00 1.501257065295986237e+00 4.297877647212816621e-01
2.256091500732822386e+00 1.501294093237306004e+00 4.370836961884732030e-01
2.256171907344190153e+00 1.501339132530833620e+00 4.467061771243889812e-01
2.256273633665894174e+00 1.501397462332498156e+00 4.556315216482677011e-01
2.256278593263663979e+00 1.501399022085610602e+00 4.558575604619439781e-01
2.256414290674801926e+00 1.501487970041995412e+00 4.637156913698870508e-01
2.256517530236647140e+00 1.501559056160427064e+00 4.711979584986711878e-01
2.256640993614151824e+00 1.501619740642336609e+00 4.792187507262590795e-01
2.256750326745480706e+00 1.501683098015861750e+00 4.874532555246273713e-01
2.256851556510218515e+00 1.501754580237182779e+00 4.962147795125468885e-01
2.256952949335786052e+00 1.501825018447529692e+00 5.046966832343466880e-01
2.257052772673732832e+00 1.501901426144808704e+00 5.122325802291700647e-01
2.257152783641308780e+00 1.501970226420342058e+00 5.202405072282545451e-01
2.257274085217733095e+00 1.502033589889680387e+00 5.278462276206972170e-01
2.257367401587822897e+00 1.502093581633354713e+00 5.356833225742871907e-01
2.257458370000340775e+00 1.502150416548828415e+00 5.438119069873129652e-01
2.257553721017741211e+00 1.502215993482034051e+00 5.517941499497736046e-01
2.257770646455718566e+00 1.502399005906464247e+00 5.728585625022488692e-01
2.257874272686631656e+00 1.502480979735817845e+00 5.812919136924684649e-01
2.257945002328698436e+00 1.502545898275207348e+00 5.890363030686853740e-01
2.258011889437574027e+00 1.502601202985668127e+00 5.979554263534420100e-01
2.258014131187676909e+00 1.502603391894582696e+00 5.981855721698114969e-01
2.258119480717614813e+00 1.502696153208310736e+00 6.075624514397492959e-01
2.258223021877332037e+00 1.502786915440406323e+00 6.173560409375933311e-01
2.258336340074286852e+00 1.502894974787523763e+00 6.275062270214841753e-01
2.258339547313541473e+00 1.502894263612010617e+00 6.277362905542217542e-01
2.258443954738844184e+00 1.502977655759945907e+00 6.364559324307603738e-01
2.258542609394216694e+00 1.503041125333432593e+00 6.448384097672877902e-01
2.258637850921643153e+00 1.503128159667552755e+00 6.542765701158955727e-01
2.258680915001054501e+00 1.503175752873321613e+00 6.620060391498440167e-01
2.258679100282741992e+00 1.503178757019218104e+00 6.622418414574451351e-01
2.258757349116866209e+00 1.503245818027113989e+00 6.707716639885198395e-01
2.258847716414055906e+00 1.503309828922783753e+00 6.799017558956618190e-01
2.258892587466686308e+00 1.503362409850504067e+00 6.877837996697331313e-01
2.258991080105422711e+00 1.503458225209457710e+00 6.962608008138813087e-01
2.259072626750585400e+00 1.503524849873193459e+00 7.053530479443901324e-01
2.259075477650752894e+00 1.503528660895890212e+00 7.058201296048367546e-01
2.259155085395850193e+00 1.503604674269622077e+00 7.142875962213467433e-01
2.259254590285521225e+00 1.503701136577497044e+00 7.232603868926440471e-01
2.259256749315862844e+00 1.503705975961544983e+00 7.234954191333977658e-01
2.259326472818758980e+00 1.503767525692164320e+00 7.320671397885616383e-01
2.259424933477615749e+00 1.503867178208966093e+00 7.413388647003936738e-01
2.259529200068244315e+00 1.503965849275947564e+00 7.510321062057951913e-01
2.259623189147750288e+00 1.504040971234686719e+00 7.597131847054114928e-01
2.259695278768818039e+00 1.504128054153327732e+00 7.680708815028487457e-01
2.259747659137147924e+00 1.504191387495051435e+00 7.762455878645062590e-01
2.259806050133025934e+00 1.504250625873946312e+00 7.850247203231425219e-01
2.259861206627696184e+00 1.504322047339117452e+00 7.927544538673528818e-01
2.259933550336763464e+00 1.504407154860120999e+00 8.026638846640220537e-01
2.260012307080144556e+00 1.504489198750619927e+00 8.105826473475876703e-01
2.260080862290982928e+00 1.504562091589228823e+00 8.187560825051087843e-01
2.260142727841294885e+00 1.504641212864441524e+00 8.283758146051657389e-01
2.260236868711905878e+00 1.504753555398288256e+00 8.385465730060852607e-01
2.260305466069252756e+00 1.504848501750255974e+00 8.477874107847708229e-01
2.260354570160718612e+00 1.504906394395671088e+00 8.556807563503362468e-01
2.260409178889806192e+00 1.504965730879477270e+00 8.642786866493277209e-01
2.260473595669945990e+00 1.505052067263051851e+00 8.733384561880744856e-01
2.260475542263415516e+00 1.505052446543505118e+00 8.735745668312659973e-01
2.260551098140768378e+00 1.505138432371738055e+00 8.819763645786493633e-01
2.260621270600562394e+00 1.505232430233847785e+00 8.896587970605206452e-01
2.260698385081349571e+00 1.505345580837939679e+00 8.977779696647868457e-01
2.260752759216184238e+00 1.505429291361164879e+00 9.061745350809476962e-01
2.260811920043778400e+00 1.505513099888958095e+00 9.138641273759209316e-01
2.260871856796112134e+00 1.505601304277492503e+00 9.239204687177852149e-01
2.260873726118493021e+00 1.505604337503314794e+00 9.241521610459337843e-01
2.260946378010713964e+00 1.505718981086969110e+00 9.324479447396950560e-01
2.260964993928356481e+00 1.505768170937494821e+00 9.407753595444392491e-01
2.261033731833089977e+00 1.505890658444104746e+00 9.511877780039073027e-01
2.261092795050686721e+00 1.506006179033148040e+00 9.604106619664687372e-01
2.261148648825555885e+00 1.506110451526983862e+00 9.689777000490880088e-01
2.261215072972507567e+00 1.506206515664232803e+00 9.777430806944199526e-01
2.261259452146987314e+00 1.506289514142341357e+00 9.868405842923004823e-01
2.261296982856436433e+00 1.506356619579031220e+00 9.949478540274392380e-01
2.261355384086085163e+00 1.506448961592204094e+00 1.003729914743431095e+00
2.261375329497683495e+00 1.506503520429909315e+00 1.012277561598790676e+00
2.261372524750127511e+00 1.506502582616590535e+00 1.012515911819621417e+00
2.261436107978828325e+00 1.506609066299837707e+00 1.022658962413618422e+00
2.261487654225808441e+00 1.506709333054876199e+00 1.031277109786797430e+00
2.261614250094269529e+00 1.506956925632084499e+00 1.053407234387846669e+00
2.261651902410545034e+00 1.507049929154351542e+00 1.062421811765620339e+00
2.261693294268506182e+00 1.507132907046075054e+00 1.070345331812315948e+00
2.261727251751557866e+00 1.507206654814450486e+00 1.080272013992560121e+00
2.261770821522218977e+00 1.507302533458552141e+00 1.087962842404243125e+00
2.261810774042998684e+00 1.507376652652040017e+00 1.096178584648926480e+00
2.261845154060345475e+00 1.507445134861088887e+00 1.105877588820773028e+00
2.261891273323066276e+00 1.507536729668020437e+00 1.114315177546593594e+00
2.261930173519476561e+00 1.507636414319042606e+00 1.122174248202666202e+00
2.261964267046227217e+00 1.507729892608330680e+00 1.129798424760405373e+00
2.261994472727489214e+00 1.507831864749091588e+00 1.137931736087210766e+00
2.262021754947876495e+00 1.507944647445106590e+00 1.146964464482297608e+00
2.262053238066943806e+00 1.508049709508770153e+00 1.155194104808941358e+00
2.262085112171851708e+00 1.508161735276785764e+00 1.163683054431490671e+00
2.262125437401612427e+00 1.508276596347394083e+00 1.172080210587284732e+00
2.262153749073055664e+00 1.508375924624368869e+00 1.180818996313613534e+00
2.262175038528943638e+00 1.508443660187552604e+00 1.190044199978827155e+00
2.262174821550340997e+00 1.508448291298795985e+00 1.190287499022205653e+00
2.262214817579422999e+00 1.508540341783173089e+00 1.198332463641986756e+00
2.262223751134639027e+00 1.508591647256389834e+00 1.207045496968952580e+00
2.262240002273137041e+00 1.508658303628690245e+00 1.215626656926281468e+00
2.262276117122138608e+00 1.508788688125954014e+00 1.224151197665725554e+00
2.262297588704253126e+00 1.508885507768239043e+00 1.232001494791538976e+00
2.262320157994319292e+00 1.508982402175876647e+00 1.239665239658830354e+00
2.262311989950771984e+00 1.509014294808407319e+00 1.249124723829672767e+00
2.262313353518132786e+00 1.509015293824897741e+00 1.249362094773679210e+00
2.262346950339362284e+00 1.509137528754613378e+00 1.258393347870105927e+00
2.262365022854969876e+00 1.509254952585257881e+00 1.267971494525249154e+00
2.262361456782416624e+00 1.509256514241325675e+00 1.268209703801984167e+00
2.262391469483755468e+00 1.509386624815717282e+00 1.276733872437927575e+00
2.262409826085500342e+00 1.509486255444314029e+00 1.285477721372745963e+00
2.262430501184697906e+00 1.509594896648541074e+00 1.294493778385173099e+00
2.262457915867544411e+00 1.509704224098132652e+00 1.303256058532552553e+00
2.262457326089922560e+00 1.509707296435682800e+00 1.303485815942638126e+00
2.262473769741523366e+00 1.509829277194885799e+00 1.311684754546563525e+00
2.262493136650881365e+00 1.509932688355598129e+00 1.320301620735306436e+00
2.262509811780821778e+00 1.510032868624863633e+00 1.328222004224183683e+00
2.262519271034076684e+00 1.510112733123294637e+00 1.337515981518040853e+00
2.262523117117953397e+00 1.510221333921465625e+00 1.346641838317567785e+00
2.262522328706977337e+00 1.510220558907751975e+00 1.346878912117807747e+00
2.262524379150373299e+00 1.510294567662892717e+00 1.355862450645518136e+00
2.262536758820473448e+00 1.510402607197583569e+00 1.363952433173490908e+00
2.262548705781712854e+00 1.510502992117741528e+00 1.372770167981418155e+00
2.262551409731356156e+00 1.510508880415405653e+00 1.373236678465229232e+00
2.262576833187672776e+00 1.510628984334626779e+00 1.381564406198322992e+00
2.262592141022414349e+00 1.510734603281256305e+00 1.390593236888683526e+00
2.262600367180287009e+00 1.510823680325841911e+00 1.400108319935894796e+00
2.262611165922793877e+00 1.510948032584774170e+00 1.408588558968084881e+00
2.262620888444386580e+00 1.511047751455436572e+00 1.416368653562942059e+00
2.262623158612611540e+00 1.511134088622172467e+00 1.424999320713480788e+00
2.262626118841195577e+00 1.511193029598853377e+00 1.433593499483805767e+00
2.262624776671867011e+00 1.511312718721256054e+00 1.441989980465896659e+00
2.262628645813330230e+00 1.511403253345120712e+00 1.450667704230206523e+00
2.262629645961071301e+00 1.511490299276960991e+00 1.459565192980151638e+00
2.262626093433881547e+00 1.511592965978978409e+00 1.468799013350100546e+00
2.262626444354428834e+00 1.511695024256114461e+00 1.477136515036286735e+00
2.262625351916105920e+00 1.511774005571073332e+00 1.486346266128011573e+00
2.262623998171526374e+00 1.511775480534935268e+00 1.486585007843973516e+00
2.262628156489278286e+00 1.511893901258888118e+00 1.495997053671488608e+00
2.262624209451539414e+00 1.511899507018988453e+00 1.496234183310294563e+00
2.262622228570064564e+00 1.512017190684852519e+00 1.505769081186791425e+00
2.262624068690909152e+00 1.512101028294226879e+00 1.513894734650272689e+00
2.262619373966464398e+00 1.512201386699515426e+00 1.523404205361801989e+00
2.262614034742102209e+00 1.512266971305018748e+00 1.531708016166873465e+00
2.262607468076582862e+00 1.512340141738289789e+00 1.540230209385840432e+00
2.262600350228940016e+00 1.512464977870335847e+00 1.549446238363294759e+00
2.262602454451748013e+00 1.512469637921926235e+00 1.549672942454653368e+00
2.262592390196056513e+00 1.512588201819528244e+00 1.559174276125188774e+00
2.262592014380459204e+00 1.512590004948591638e+00 1.559404924791511382e+00
2.262582248459420242e+00 1.512667321918778285e+00 1.568018186678729720e+00
2.262565914794566702e+00 1.512807959701366167e+00 1.577681196921473905e+00
2.262568581646706267e+00 1.512906407416911847e+00 1.586263532942702836e+00
2.262550597672730923e+00 1.513014025001822471e+00 1.595464603208043730e+00
2.262541734025448115e+00 1.513112886578946936e+00 1.604005713712940429e+00
2.262512182687931084e+00 1.513370545452661364e+00 1.624677498533902087e+00
2.262489742131202686e+00 1.513462687515136684e+00 1.633090674534107833e+00
2.262473828452391533e+00 1.513577413394495697e+00 1.642846489297535184e+00
2.262449445727683361e+00 1.513675671234229858e+00 1.652341747411595785e+00
2.262438395861541718e+00 1.513785340630909859e+00 1.659871993288353220e+00
2.262409930341792830e+00 1.513909199723476373e+00 1.669060533618276887e+00
2.262383327778209274e+00 1.514008153542209412e+00 1.678236194997027697e+00
2.262375781192461410e+00 1.514058247747027242e+00 1.686513319688509815e+00
2.262340616036177643e+00 1.514179730492752673e+00 1.694717811416951880e+00
2.262312264949953189e+00 1.514301283361217942e+00 1.703338646283706792e+00
2.262307217782999924e+00 1.514307838552674479e+00 1.703567730178445094e+00
2.262293377951734463e+00 1.514417806839980951e+00 1.712138795892203635e+00
2.262276794111269584e+00 1.514523107124227774e+00 1.720251678307393783e+00
2.262260349479154442e+00 1.514628807015511391e+00 1.729637036758471469e+00
2.262229109365986979e+00 1.514738305519259365e+00 1.737498090227198366e+00
2.262222430213148616e+00 1.514859189738771317e+00 1.745645036320654153e+00
2.262199220452767001e+00 1.514944332573086250e+00 1.753558857940666460e+00
2.262164106449013001e+00 1.515054364965568556e+00 1.762839299326474540e+00
2.262123700259709214e+00 1.515176635825474794e+00 1.771235959715948383e+00
2.262079725570025790e+00 1.515303349430921376e+00 1.779546998212119702e+00
2.262060243542138860e+00 1.515372812060602037e+00 1.786898261751439509e+00
2.262032060653082155e+00 1.515438300858165110e+00 1.794930223414387571e+00
2.261987921055904405e+00 1.515586209609935286e+00 1.804271428276072564e+00
2.261983868932156749e+00 1.515586475344201434e+00 1.804504553152132429e+00
2.261949129180397922e+00 1.515689377204776367e+00 1.812662738736138035e+00
2.261899148493081935e+00 1.515807607144087799e+00 1.821043728204520429e+00
2.261858364843449376e+00 1.515915509486085666e+00 1.829166271544885092e+00
2.261839201591427262e+00 1.515968558720367065e+00 1.836991710755207619e+00
2.261807039434325706e+00 1.516057488920068419e+00 1.845734365134092725e+00
2.261776507300523154e+00 1.516160237683280121e+00 1.855027528480790000e+00
2.261751709414087763e+00 1.516267688707466865e+00 1.863939167608914094e+00
2.261717459010394560e+00 1.516351641738925116e+00 1.872992720422272273e+00
2.261718328179221249e+00 1.516353949949995616e+00 1.873225165228193712e+00
2.261663462159423155e+00 1.516480873389898232e+00 1.882110702591105689e+00
2.261601470574219341e+00 1.516618503107769689e+00 1.892226632242246520e+00
2.261598707080620052e+00 1.516626519834280984e+00 1.892682009057056414e+00
2.261551500617196897e+00 1.516721645044445843e+00 1.900761214585088066e+00
2.261510252717311875e+00 1.516824365196482782e+00 1.909484822979802043e+00
2.261461805821026960e+00 1.516923141165650968e+00 1.918090488775071378e+00
2.261413616562816475e+00 1.517021183027563946e+00 1.926759259728055174e+00
2.261397502910160284e+00 1.517061917699634055e+00 1.935744993746387532e+00
2.261397033495960329e+00 1.517061086560377969e+00 1.935976896355457111e+00
2.261344903529439954e+00 1.517167774625201249e+00 1.945173773415006080e+00
2.261341051861738283e+00 1.517171304895465811e+00 1.945400878889944174e+00
2.261287423937295760e+00 1.517291480142844096e+00 1.954755636692292464e+00
2.261285682421075638e+00 1.517294832539661131e+00 1.954983033510088397e+00
2.261225331132930449e+00 1.517402345813515963e+00 1.963607022388655254e+00
2.261157865913129950e+00 1.517528110998651592e+00 1.972529688774731449e+00
2.261127392274009384e+00 1.517599530473818792e+00 1.981027993926846698e+00
2.261073151183578211e+00 1.517687802200024416e+00 1.989938372808488509e+00
2.261005505671078275e+00 1.517824748321543238e+00 1.999773909672905914e+00
2.260961580529312176e+00 1.517902375845612717e+00 2.007370566770409592e+00
2.260397242092623493e+00 1.519050904744503550e+00 2.016549587261684096e+00
2.258781623139191730e+00 1.522350737537671472e+00 2.024688873920863497e+00
2.256343080663062217e+00 1.527271511572338536e+00 2.032830455150441917e+00
2.253680178541196621e+00 1.532428390410511598e+00 2.041405902950740980e+00
2.251098975296490945e+00 1.537336629708093927e+00 2.048371463580190621e+00
2.248721986017311547e+00 1.541789836701226157e+00 2.052824803680971755e+00
2.246188377971941819e+00 1.546331389029940828e+00 2.055321781638725920e+00
2.243602171843182447e+00 1.550919654248526847e+00 2.053894107904893129e+00
2.241148493970831268e+00 1.555520606720518728e+00 2.048848638220309937e+00
2.238746557372548907e+00 1.560114735133580899e+00 2.041668077699930528e+00
2.236511360713415719e+00 1.564443335768210153e+00 2.034804507352466096e+00
2.233646835896185845e+00 1.570121644679661976e+00 2.026067089989648018e+00
2.231241191274201174e+00 1.574872272234459913e+00 2.018899530412793020e+00
2.228915176415844801e+00 1.579692320090843038e+00 2.011458061476240289e+00
2.226601081900722701e+00 1.584572221133628167e+00 2.004193596262251020e+00
2.224046359968197439e+00 1.590020175579639261e+00 1.996931429359174004e+00
2.221679442131291093e+00 1.595132957339546520e+00 1.990843959200778945e+00
2.219228706234248172e+00 1.600480305024206240e+00 1.986088418499335040e+00
2.216754042996035956e+00 1.606064581478018116e+00 1.983741750783581947e+00
2.214485437275498736e+00 1.611171300846747867e+00 1.981805901210509591e+00
2.212414318105830446e+00 1.615799750004759838e+00 1.979468693497067333e+00
2.207025402394953151e+00 1.628039012856091317e+00 1.970574969123575215e+00
2.204607261639424109e+00 1.633651137604724690e+00 1.966010017307260771e+00
2.202764730732888143e+00 1.637979032221166920e+00 1.961958362212369522e+00
2.200764135483322281e+00 1.642804949129437642e+00 1.956033887367915280e+00
2.198891907532395606e+00 1.647392330887045064e+00 1.949819620158039113e+00
2.196837655526509003e+00 1.652466125355635418e+00 1.943254378041376018e+00
2.194869767286121043e+00 1.657443426036123713e+00 1.937783898876680677e+00
2.192958650857775194e+00 1.662405910358781158e+00 1.934260353164719337e+00
2.191038665727045309e+00 1.667460356907403796e+00 1.931196953723408161e+00
2.188981429282599311e+00 1.672888490901817793e+00 1.927662165346018419e+00
2.187114741947007168e+00 1.677871174087296247e+00 1.924151227034567979e+00
2.185366919776217554e+00 1.682541391657224050e+00 1.920494373126166998e+00
2.183619344287864639e+00 1.687192578060627390e+00 1.916205953503703485e+00
2.181957849033856256e+00 1.691718520698383132e+00 1.911156089551850457e+00
2.180156348861639781e+00 1.696696822964106843e+00 1.905215113365073876e+00
2.180115290203979317e+00 1.696826801827694187e+00 1.905055725432887481e+00
2.178403236193465542e+00 1.701667302546036931e+00 1.899517603401710941e+00
2.176656514686819754e+00 1.706671159750105193e+00 1.894174444285525505e+00
2.175195174824359867e+00 1.710924854320442945e+00 1.889611167198594899e+00
2.173447276511450532e+00 1.716093564104435032e+00 1.883668113153062817e+00
2.171746482595186656e+00 1.721136123182122724e+00 1.877942364947966958e+00
2.169948142710205197e+00 1.726766536364236826e+00 1.872155038368953139e+00
2.168456353059695640e+00 1.731631535914472053e+00 1.869052972368892451e+00
2.166786066916224662e+00 1.737052427295102230e+00 1.865750552528594675e+00
2.165270316253193883e+00 1.742047397302981526e+00 1.862160564025869158e+00
2.163693029479702545e+00 1.747262046372631827e+00 1.857789292231727618e+00
2.162273417819828403e+00 1.751935494769210733e+00 1.853590773665936497e+00
2.162237460713527959e+00 1.752064767614697871e+00 1.853466320556318658e+00
2.160961169835604156e+00 1.756244169247286990e+00 1.849203584595285221e+00
2.159668305867631144e+00 1.760665304035105683e+00 1.843935705551049464e+00
2.158351209413366778e+00 1.765116118387238142e+00 1.838625584138698255e+00
2.157102326218923949e+00 1.769547736233369584e+00 1.833261898098563547e+00
2.155715545649053766e+00 1.774628093596775313e+00 1.827285563579876149e+00
2.154306797633487314e+00 1.779842299192000654e+00 1.821366558693024329e+00
2.153054967785544616e+00 1.784550216012497525e+00 1.816396500339795050e+00
2.151808971832539275e+00 1.789360340337769806e+00 1.811141444879842188e+00
2.150556637503274082e+00 1.794331527741993337e+00 1.805496220640728566e+00
2.150522241262304401e+00 1.794456827481892613e+00 1.805348239950924638e+00
2.149399774425689191e+00 1.799107361764472834e+00 1.799942722280639451e+00
2.148299075571762362e+00 1.803760353652528625e+00 1.794718604620249458e+00
2.147077543703156621e+00 1.808969795964151972e+00 1.789446378761858636e+00
2.147050480002258510e+00 1.809097906839761905e+00 1.789346427133567285e+00
2.145984558701922840e+00 1.813977575591103841e+00 1.785974598751764786e+00
2.144892942029445582e+00 1.818947835065740204e+00 1.782464473050975995e+00
2.143864708621367132e+00 1.823633285052176145e+00 1.778975406992448605e+00
2.142934853241051041e+00 1.828016399654375679e+00 1.775132628343882191e+00
2.141977361723301776e+00 1.832476193016778776e+00 1.770820698576179186e+00
2.140948999535165598e+00 1.837293495346207006e+00 1.765718629419428698e+00
2.140093717707618914e+00 1.841523339793430747e+00 1.760661416141169555e+00
2.139184413060540191e+00 1.845940571974899358e+00 1.755269100902399959e+00
2.138216973255379294e+00 1.850943560673185218e+00 1.749195042842119241e+00
2.138193473049600613e+00 1.851066151885558231e+00 1.749043340920459544e+00
2.137373497546929624e+00 1.855335651368670291e+00 1.743822197445696220e+00
2.136580127795336015e+00 1.859780290061964436e+00 1.738151711577782033e+00
2.135834460442635585e+00 1.863899934163370187e+00 1.732973291131234994e+00
2.135116598168398383e+00 1.868162160748022327e+00 1.727800201465647500e+00
2.134233514115734476e+00 1.873388301277078671e+00 1.721729110303153787e+00
2.133575355936138784e+00 1.877530820639881970e+00 1.717078545570353221e+00
2.132893383351505356e+00 1.882046536874540266e+00 1.712132664205354926e+00
2.132255027921361012e+00 1.886392183646768306e+00 1.707245271495508199e+00
2.130813742654732668e+00 1.896651327052553793e+00 1.694758704356436274e+00
2.130798057262520917e+00 1.896771229186180463e+00 1.694611445675305195e+00
2.130208995787184811e+00 1.901216486877550516e+00 1.689372368730308160e+00
2.129690418536687169e+00 1.905315004207662533e+00 1.684634905663045856e+00
2.129146821346021845e+00 1.909741539272328037e+00 1.679175669588524933e+00
2.128615280247370567e+00 1.914281561518457853e+00 1.673503078166876712e+00
2.128125778054448247e+00 1.918589700114291752e+00 1.668286025150966134e+00
2.127718178278894534e+00 1.922643610887759369e+00 1.663461944633861433e+00
2.127283109516609372e+00 1.927051808174263359e+00 1.658463012962662964e+00
2.126843929064167416e+00 1.931690765836872270e+00 1.653384795964400578e+00
2.126831035868352426e+00 1.931807730594806705e+00 1.653258674066096834e+00
2.126424676732574515e+00 1.936161945927320271e+00 1.648263783713278308e+00
2.126084387454469926e+00 1.940274742297758204e+00 1.643160241079420603e+00
2.125749564529265445e+00 1.944618908582547379e+00 1.637715070440664888e+00
2.125410363924371993e+00 1.948943662356106943e+00 1.632457063019027377e+00
2.125101426222106848e+00 1.953420579766862009e+00 1.627255898648289678e+00
2.125091012483947939e+00 1.953536711501760781e+00 1.627123762493189130e+00
2.124804150789025847e+00 1.957725993140956966e+00 1.622187712879309851e+00
2.124567015881877019e+00 1.961677418932077588e+00 1.617330911640495916e+00
2.124369246105505038e+00 1.965809737168249249e+00 1.612848395389479217e+00
2.124165799782311126e+00 1.970579921847855687e+00 1.609212277901393984e+00
2.124158292419289218e+00 1.970696295677900611e+00 1.609133936164748091e+00
2.124002001917086879e+00 1.975022832497866698e+00 1.605795123538424019e+00
2.123837143745843647e+00 1.979456402424941031e+00 1.602024136604873972e+00
2.123697817289039058e+00 1.983371593806555699e+00 1.598274191214551276e+00
2.123545885314008785e+00 1.987370513074431910e+00 1.593886548399076952e+00
2.123410174683066920e+00 1.991773773715863394e+00 1.588814478313747891e+00
2.123281430558648264e+00 1.996433006657340581e+00 1.583342526518774163e+00
2.123193676752226811e+00 2.000405047345995779e+00 1.578578962972409405e+00
2.123145174238182165e+00 2.004606129217022303e+00 1.573613219288310772e+00
2.123091663402852269e+00 2.008663468830261145e+00 1.568578926752435043e+00
2.123089939734953635e+00 2.012760207956568959e+00 1.563199796950881071e+00
2.123062233172404500e+00 2.016936642684930003e+00 1.557853906217453899e+00
2.123095293877550915e+00 2.020830955838213150e+00 1.553024916199963190e+00
2.123129202616165223e+00 2.024688820443654613e+00 1.548433490529251833e+00
2.123193299106107546e+00 2.028529858749634762e+00 1.543959694953790152e+00
2.123264928699639231e+00 2.032601837155819879e+00 1.539257428975667974e+00
2.123365393320209904e+00 2.036735726804293378e+00 1.534094896115788309e+00
2.123456005289375614e+00 2.040617801371730877e+00 1.529054765375475800e+00
2.123622000189882453e+00 2.045177854628240421e+00 1.523305375889010271e+00
2.123622219744294881e+00 2.045289440216158994e+00 1.523171553049363247e+00
2.123775682608246562e+00 2.049525496919626821e+00 1.518150281046997119e+00
2.123948652828941075e+00 2.053210093570972727e+00 1.513856750985118182e+00
2.124157951875452977e+00 2.056985947454363028e+00 1.509436744811869069e+00
2.124346408832398225e+00 2.060745888953102511e+00 1.504782273821302363e+00
2.124604091479206147e+00 2.065504998669666747e+00 1.498742688010749724e+00
2.124879425850072057e+00 2.069822923019860372e+00 1.493234822250602001e+00
2.125140328737186390e+00 2.073666431460413406e+00 1.488455123382855128e+00
2.125536490128128175e+00 2.078483945874432859e+00 1.482642354654996275e+00
2.125871872978216004e+00 2.082434436661619870e+00 1.477009141044425711e+00
2.126211219428077559e+00 2.086202730644421077e+00 1.470460828528236341e+00
2.126592655102388374e+00 2.090210030998759017e+00 1.463683624415991424e+00
2.127017988184023434e+00 2.094333734773540456e+00 1.457140306377295191e+00
2.127479828654864846e+00 2.098589832616143624e+00 1.451129170900415710e+00
2.128001599226169382e+00 2.102981708248023107e+00 1.445622288177633941e+00
2.128537263213667874e+00 2.107239094547620706e+00 1.440880583093088418e+00
2.128551176215930596e+00 2.107351937777053763e+00 1.440757915477052897e+00
2.129053598758364085e+00 2.111369582151998436e+00 1.436179098747172755e+00
2.129638910166308463e+00 2.115807587644945365e+00 1.430942594802795842e+00
2.129653299488917462e+00 2.115914639331163638e+00 1.430815182229961957e+00
2.130181203079109853e+00 2.119704922074852060e+00 1.426373052773945105e+00
2.131680271990498809e+00 2.129826650838440472e+00 1.414677926781757744e+00
2.131698574684286474e+00 2.129931844535684959e+00 1.414549982076643619e+00
2.132377535023805226e+00 2.134422277611091268e+00 1.409169952124943892e+00
2.132982882509406153e+00 2.138275071081972012e+00 1.404387217682256717e+00
2.133680039044379750e+00 2.142646691001344195e+00 1.399059571115240708e+00
2.134328815801845636e+00 2.146590852507017200e+00 1.394320480854765343e+00
2.135004604968168795e+00 2.150532259663355816e+00 1.389698480351031495e+00
2.135744395039302912e+00 2.154682201588078438e+00 1.384828217419509455e+00
2.136595213175339847e+00 2.159335217385799588e+00 1.378956294626340506e+00
2.137408621712727719e+00 2.163638308330851689e+00 1.373475506859721973e+00
2.138148396867869838e+00 2.167417745383167116e+00 1.368825351225451792e+00
2.138878263649861111e+00 2.171093030865064666e+00 1.364432673065155033e+00
2.139739849541725025e+00 2.175388122471258789e+00 1.359440161594654084e+00
2.140523370120713587e+00 2.179149160809709329e+00 1.355147037195501225e+00
2.141427441501442708e+00 2.183411718418456271e+00 1.349934965348139393e+00
2.142195956502151777e+00 2.186922985575431966e+00 1.345461012887450902e+00
2.143013168075924568e+00 2.190634085041099688e+00 1.340752589614440105e+00
2.143849954287976090e+00 2.194356754764120065e+00 1.336190073304608372e+00
2.144737829470886314e+00 2.198180986102352463e+00 1.331550207873714697e+00
2.145652647829115800e+00 2.202001845203396257e+00 1.326994483133360880e+00
2.146605053106021010e+00 2.205909387993720827e+00 1.322394545251629028e+00
2.147528431556954054e+00 2.209710274874144176e+00 1.317657683288883330e+00
2.148482862246325453e+00 2.213605524085735521e+00 1.312738909743314197e+00
2.148510422918191498e+00 2.213704934280554149e+00 1.312609273377273622e+00
2.149529109142259475e+00 2.217686095847175132e+00 1.307675848542947161e+00
2.150509304493706253e+00 2.221443780868126439e+00 1.303078675260695984e+00
2.151626249144210412e+00 2.225635441407856963e+00 1.298025000984769806e+00
2.151650435317059351e+00 2.225737388226771252e+00 1.297907158824522567e+00
2.152698387001676039e+00 2.229608658754078210e+00 1.292890729940546324e+00
2.153706786395860551e+00 2.233189715120010632e+00 1.287170109346556846e+00
2.154696608063421337e+00 2.236644642361546698e+00 1.281519616230122338e+00
2.155808919057523809e+00 2.240536273520104871e+00 1.275644736558702252e+00
2.156876145652244947e+00 2.244129050186170371e+00 1.270699013339085637e+00
2.157971193999519866e+00 2.247731100891529721e+00 1.266221613871587603e+00
2.159142990831779851e+00 2.251526484937190098e+00 1.261712543736030812e+00
2.160349402032497146e+00 2.255311872943488005e+00 1.257321580600800237e+00
2.161612739328276689e+00 2.259295809967881041e+00 1.252469467015300708e+00
2.161644891278136082e+00 2.259398237685247501e+00 1.252348039866450824e+00
2.162876220082822432e+00 2.263257018483814775e+00 1.247556241009742717e+00
2.164171208262279489e+00 2.267217764242366762e+00 1.242589604800718339e+00
2.165317069885967172e+00 2.270666918535695800e+00 1.238368431206805287e+00
2.166648442855310552e+00 2.274586101965621943e+00 1.233692079087311599e+00
2.167852205119363607e+00 2.278111240870515530e+00 1.229542603676176293e+00
2.169183149898757712e+00 2.281927950712640651e+00 1.225061922459163011e+00
2.170457702105144104e+00 2.285541900430848372e+00 1.220668660904318470e+00
2.171674753898161114e+00 2.288966968687589532e+00 1.216291904748531882e+00
2.172982324995949899e+00 2.292552423427117070e+00 1.211676284624200628e+00
2.174287600170362378e+00 2.296037479031068251e+00 1.207262818335298693e+00
2.175556967203737813e+00 2.299409962175787747e+00 1.203080647595138108e+00
2.176868209659279962e+00 2.302879243185703029e+00 1.198933223118211711e+00
2.178274669474964842e+00 2.306603309344450903e+00 1.193891169213299186e+00
2.178312539573926010e+00 2.306699243053631498e+00 1.193748407552010615e+00
2.179653883893497568e+00 2.310234566417088686e+00 1.188527928102482090e+00
2.181128698796928056e+00 2.313994899383448711e+00 1.182817532141810180e+00
2.182486950267648496e+00 2.317387865695531346e+00 1.177777148744243663e+00
2.184045693222302909e+00 2.321285817759160874e+00 1.172394834545640530e+00
2.184081410590050343e+00 2.321381861673132541e+00 1.172270616417893763e+00
2.185669744797405833e+00 2.325169984046830951e+00 1.167324255562591118e+00
2.187039033869658144e+00 2.328372117115906637e+00 1.163376546234639264e+00
2.188443138290076639e+00 2.331668746762649569e+00 1.159184984676869590e+00
2.189822373802641220e+00 2.334867480969401221e+00 1.155096086226315100e+00
2.191295621522650894e+00 2.338234316272616908e+00 1.150850052668795920e+00
2.192776737467066805e+00 2.341598312676532068e+00 1.146605858657823385e+00
2.196549253992942763e+00 2.349911747294725295e+00 1.136159556198294007e+00
2.198363629089626681e+00 2.353806590595983295e+00 1.131293433158887085e+00
2.199968518061052869e+00 2.357228226906084689e+00 1.127094893037894119e+00
2.201528283951648124e+00 2.360588880454323579e+00 1.122867173983936651e+00
2.201571254432110436e+00 2.360681018394282127e+00 1.122747821464215257e+00
2.203031699463005921e+00 2.363802256401764890e+00 1.118425285176604556e+00
2.204561093002203709e+00 2.366963419739764873e+00 1.113583373655244069e+00
2.206407845095287090e+00 2.370809955353410103e+00 1.107894606846974828e+00
2.208075230894837926e+00 2.374149543155707143e+00 1.103103803003621763e+00
2.209995599319193538e+00 2.378054157735336460e+00 1.097813286921399456e+00
2.211640627717622376e+00 2.381342912082224039e+00 1.093518844917946931e+00
2.213343938412711154e+00 2.384688801860989749e+00 1.089179572654676020e+00
2.215058157284053753e+00 2.388025817896900271e+00 1.084826635733521671e+00
2.216802365702102318e+00 2.391353173590791137e+00 1.080441897455191036e+00
2.218358531433442415e+00 2.394312978934953318e+00 1.076608923180812472e+00
2.220126463784733772e+00 2.397620983196522282e+00 1.072344641776717733e+00
2.222081775525936553e+00 2.401282767436062837e+00 1.067772196339642043e+00
2.222128861579867110e+00 2.401370384860134877e+00 1.067661748389565624e+00
2.224162083362817288e+00 2.405098526988974861e+00 1.062794672091103010e+00
2.224210812145329008e+00 2.405185598876965702e+00 1.062671157434968983e+00
2.225959987798161954e+00 2.408397677459085173e+00 1.058307155802509003e+00
2.227846167015627987e+00 2.411754321973865522e+00 1.053747463888172309e+00
2.229819158895587794e+00 2.415240562315381201e+00 1.048779676709598263e+00
2.231653095718873825e+00 2.418496690904551549e+00 1.043837635921103235e+00
2.233649918192902817e+00 2.421979949318606273e+00 1.038648857799272962e+00
2.235472543611259244e+00 2.425128141022951933e+00 1.034136005788797386e+00
2.237501172516325187e+00 2.428613448596604218e+00 1.029433698526913465e+00
2.239662033336747626e+00 2.432274864567084194e+00 1.024386795227703928e+00
2.241572480389671718e+00 2.435464131644700103e+00 1.020009787691986913e+00
2.243477922046911655e+00 2.438572957808677888e+00 1.015722629665412713e+00
2.245048982096677470e+00 2.441157993407437221e+00 1.012255254729617970e+00
2.246950274686571714e+00 2.444252886480111187e+00 1.008116297284184393e+00
2.248975915230197131e+00 2.447512257388965828e+00 1.003718194548644638e+00
2.251305634720019544e+00 2.451175739289520816e+00 9.988042492623739887e-01
2.253428247314464894e+00 2.454476976469275318e+00 9.944235054807295526e-01
2.253481158524546668e+00 2.454563450628715060e+00 9.943159971704826905e-01
2.255478292474987878e+00 2.457690813440652100e+00 9.898613036976727786e-01
2.257363104316620461e+00 2.460616302235448583e+00 9.853278148441199091e-01
2.259198141313463193e+00 2.463441953508845650e+00 9.809434779338185306e-01
2.261218955647507300e+00 2.466547674326866613e+00 9.762862431141829944e-01
2.263398711555232090e+00 2.469800256996153021e+00 9.715449766904247220e-01
2.265308684023502384e+00 2.472625654269470896e+00 9.675117051361356024e-01
2.267379439013950115e+00 2.475685888037218341e+00 9.632378414493660834e-01
2.269391872688714340e+00 2.478592237291972644e+00 9.591656836734825387e-01
2.271315200792052735e+00 2.481377767612106933e+00 9.551887228280322439e-01
2.273198032215425712e+00 2.484088367817766319e+00 9.513054485452899778e-01
2.275285448517047726e+00 2.487026712998483546e+00 9.470732128476090361e-01
2.277544432021855414e+00 2.490221606923999076e+00 9.425497446217545594e-01
2.279634488336688580e+00 2.493160112102450920e+00 9.381112106557533137e-01
2.281824639784716613e+00 2.496245715891166839e+00 9.334016524422438232e-01
2.283955443329859669e+00 2.499147915537310638e+00 9.289579657731381612e-01
2.285969889803280530e+00 2.501875577953787122e+00 9.248267218934775880e-01
2.287872309424806350e+00 2.504433763088220743e+00 9.210439311425080433e-01
2.287934043114495442e+00 2.504512377415160085e+00 9.209218750985554980e-01
2.290183006252357156e+00 2.507536721845961214e+00 9.164420124816027302e-01
2.292432582914667449e+00 2.510478232653353015e+00 9.119970345879724327e-01
2.294839735261481994e+00 2.513642481695026909e+00 9.072530321067275860e-01
2.297338413379530930e+00 2.516887567289782801e+00 9.024673763926712722e-01
2.299669030026368688e+00 2.519889783861310573e+00 8.980443760518884710e-01
2.301912002056669682e+00 2.522711724322642457e+00 8.938420552128600871e-01
2.304218609787418437e+00 2.525611635296941770e+00 8.895790264520369028e-01
2.306619215760460584e+00 2.528641720077844823e+00 8.849900950825047019e-01
2.308915582105578679e+00 2.531494377759656800e+00 8.803484999594554106e-01
2.311042118447035332e+00 2.534110846984846788e+00 8.760105217023929081e-01
2.317252163726112091e+00 2.541659629012645638e+00 8.636421324507087549e-01
2.319431037159876308e+00 2.544245453495208587e+00 8.594222447447495972e-01
2.321834589623130274e+00 2.547078606346506291e+00 8.550786851833734881e-01
2.324202147965389376e+00 2.549807288374729808e+00 8.509770166868151353e-01
2.326840959080170190e+00 2.552846490025287185e+00 8.464561126873898500e-01
2.329146606871375091e+00 2.555475153268604416e+00 8.425638153687616816e-01
2.331891539681334446e+00 2.558600693445856944e+00 8.375757618449930497e-01
2.334516556922339170e+00 2.561575775650603237e+00 8.326191890324862177e-01
2.336964617560702173e+00 2.564311657855959048e+00 8.280356668979559354e-01
2.339559749744200445e+00 2.567214993992824379e+00 8.231988135480018398e-01
2.341922837453984219e+00 2.569782783015744698e+00 8.189439911267273331e-01
2.344295593190809157e+00 2.572351646452930130e+00 8.147550956116906828e-01
2.347225824882684719e+00 2.575489012142599066e+00 8.097139290343152718e-01
2.349680851945625815e+00 2.578109050103382316e+00 8.055326799125352988e-01
2.352267642514763057e+00 2.580851759194999318e+00 8.011188486061460168e-01
2.352336913877248303e+00 2.580922567373207688e+00 8.009977290252278115e-01
2.355023614457832704e+00 2.583715995331074655e+00 7.962047122493798312e-01
2.357361556957743520e+00 2.586166400564623657e+00 7.919327832074379847e-01
2.359918048656770573e+00 2.588816213465433336e+00 7.873424745036474715e-01
2.362363351484636276e+00 2.591308776685781634e+00 7.829971605698070602e-01
2.365112163610250118e+00 2.594081558624111494e+00 7.782146242325636010e-01
2.365180291838044457e+00 2.594152812036777167e+00 7.780967046556163114e-01
2.367784813685505529e+00 2.596758765580403860e+00 7.737125821795639569e-01
2.370629803247628509e+00 2.599572598331316264e+00 7.689466827408079075e-01
2.373064871315019531e+00 2.601946222264822861e+00 7.649182445241412553e-01
2.375635523606197452e+00 2.604450252375296593e+00 7.606969621290501360e-01
2.378218772465404030e+00 2.606957538411731612e+00 7.563366477666146892e-01
2.380940134905799699e+00 2.609589399816829580e+00 7.515844741269944729e-01
2.383684246855397593e+00 2.612182466394540548e+00 7.468128975094170396e-01
2.386309123513308705e+00 2.614637226816603821e+00 7.422672975323351130e-01
2.388878072644267991e+00 2.617011582156964167e+00 7.379355758039068958e-01
2.391648689220455815e+00 2.619583011713051413e+00 7.333621254322767458e-01
2.391719096879281636e+00 2.619650409164738125e+00 7.332452871387371562e-01
2.394966382191761056e+00 2.622638616398129230e+00 7.279813827151787597e-01
2.397834007997339700e+00 2.625250438903112382e+00 7.234278729334714386e-01
2.400803818190957450e+00 2.627907114718693649e+00 7.187247457585517196e-01
2.400878864721018413e+00 2.627973810144934141e+00 7.186094608335196199e-01
2.403566243257214907e+00 2.630352535823398341e+00 7.141358394357587569e-01
2.406482125398724747e+00 2.632911909902806435e+00 7.092694206769951659e-01
2.409491892586727690e+00 2.635521827268481942e+00 7.042580628340914251e-01
2.412510595844295835e+00 2.638125583941846486e+00 6.993036399707731610e-01
2.415395667555132242e+00 2.640616749842256805e+00 6.946212000540413767e-01
2.418515771471488218e+00 2.643237913300940711e+00 6.896868812656451464e-01
2.421565419386699336e+00 2.645811113868588915e+00 6.849542342888884638e-01
2.421719305061104777e+00 2.645936422030465529e+00 6.847167956083313189e-01
2.424715572769546412e+00 2.648404698454114747e+00 6.801214753130060409e-01
2.427781917709722848e+00 2.650917441818502862e+00 6.754600095060449005e-01
2.430329385655562557e+00 2.652992427751125426e+00 6.715625327534665567e-01
2.433021352254927550e+00 2.655189154693117004e+00 6.672907203597674419e-01
2.435964273108442324e+00 2.657550514896656502e+00 6.625076577039674675e-01
2.438850559795990858e+00 2.659832521121202831e+00 6.578676435442930570e-01
2.441815994062860540e+00 2.662163757599970815e+00 6.532131486823393729e-01
2.444724785954680790e+00 2.664427385800784975e+00 6.486315765607332251e-01
2.447804113220760414e+00 2.666786845241173598e+00 6.438990045804285911e-01
2.450722673182598399e+00 2.669013228486728284e+00 6.395178454792049827e-01
2.453345439406113826e+00 2.670990401053158436e+00 6.355776654461836594e-01
2.456219808259188842e+00 2.673143701288446472e+00 6.311836411708370287e-01
2.456616896118026361e+00 2.673443125188895042e+00 6.305862937798133450e-01
2.459659697198824713e+00 2.675684187465912522e+00 6.259335068324448637e-01
2.462394541830759565e+00 2.677674246518103374e+00 6.218151616357875389e-01
2.465050298910516524e+00 2.679603767601125952e+00 6.177398252809658263e-01
2.467795421411715484e+00 2.681591872180362213e+00 6.135469326108166088e-01
2.470781087927241160e+00 2.683727327274412655e+00 6.090072205093097768e-01
2.473763229443052936e+00 2.685853834635250514e+00 6.045721407701351024e-01
2.476692820317453858e+00 2.687924294546414572e+00 6.001927808867276726e-01
2.479870032844774919e+00 2.690149313080355320e+00 5.955452270090058065e-01
2.482967719567450438e+00 2.692308702586721836e+00 5.909829699905054801e-01
2.490971531083932433e+00 2.697753364139441778e+00 5.790396499167600464e-01
2.491053683334386371e+00 2.697807076887214883e+00 5.789192289398841229e-01
2.494291649464243310e+00 2.699961612064392558e+00 5.741898507434809451e-01
2.494375061496194146e+00 2.700017930412706324e+00 5.740720940431870423e-01
2.497208721539144971e+00 2.701890714039863806e+00 5.699074540139846823e-01
2.500038099064101349e+00 2.703727590591631369e+00 5.657152660350022177e-01
2.503132456430597230e+00 2.705715198020566703e+00 5.610879977588874024e-01
2.506402410927913937e+00 2.707811213585962662e+00 5.562150257717957125e-01
2.509341854930269733e+00 2.709682573253614279e+00 5.518642253722200186e-01
2.512639647743294180e+00 2.711753832126425845e+00 5.470838109302147423e-01
2.515844181068632501e+00 2.713751968519696689e+00 5.425426154499349840e-01
2.519052904595024955e+00 2.715732293699889777e+00 5.380064940788956696e-01
2.522367431272996896e+00 2.717749534873594719e+00 5.333330628330533729e-01
2.525421584292875554e+00 2.719598862408861173e+00 5.290368321238149152e-01
2.528673193648240058e+00 2.721535598262349254e+00 5.244929730900272924e-01
2.531504450909462189e+00 2.723216052725661029e+00 5.205358092183751673e-01
2.534855640251493458e+00 2.725176921868721180e+00 5.158455117380590371e-01
2.537778776239850931e+00 2.726857286567360372e+00 5.118005503303183490e-01
2.540686460938797353e+00 2.728531817897273726e+00 5.075762043044603766e-01
2.543894150912810126e+00 2.730348950355398152e+00 5.029213191667168958e-01
2.546648067892756107e+00 2.731898556075398776e+00 4.988584977744017768e-01
2.550130231566323680e+00 2.733834994546746611e+00 4.939137100452143936e-01
2.553709102678742848e+00 2.735786119874100031e+00 4.889099024794126280e-01
2.557049567359577669e+00 2.737594476763565154e+00 4.843979822232696852e-01
2.560389272889739498e+00 2.739401783511449473e+00 4.798493085552690274e-01
2.563830156656437875e+00 2.741230936443435517e+00 4.752092353591956253e-01
2.567365837565690256e+00 2.743069205495656249e+00 4.705178649943466129e-01
2.567542240283010813e+00 2.743158259154756529e+00 4.702825888347559324e-01
2.570722456550551982e+00 2.744819320696881171e+00 4.660905752708167649e-01
2.574185429003539749e+00 2.746582725922404933e+00 4.614765648389072550e-01
2.577746534259206967e+00 2.748367888443240314e+00 4.567495313991535300e-01
2.581030684577708456e+00 2.750013873318060131e+00 4.524241804348235751e-01
2.584070748259847949e+00 2.751500543469763027e+00 4.484072757390116792e-01
2.587271017716910926e+00 2.753071220349373682e+00 4.440348603020399798e-01
2.590735961683619859e+00 2.754771547750644700e+00 4.392071022480366072e-01
2.593777098191091923e+00 2.756246688983512882e+00 4.349972815824347805e-01
2.597077618840244462e+00 2.757831308788770919e+00 4.305170573350590724e-01
2.600767349125093553e+00 2.759575165900790772e+00 4.255624403417084256e-01
2.604275680409729787e+00 2.761209600612557047e+00 4.209112160817323200e-01
2.604365210402725950e+00 2.761249577271784439e+00 4.207890852530644654e-01
2.607725487512284612e+00 2.762770732260193540e+00 4.164014948211477440e-01
2.607814646681205328e+00 2.762813524040571345e+00 4.162878478952692363e-01
2.611163414595853993e+00 2.764327548949963020e+00 4.120454779537066625e-01
2.614715418668362990e+00 2.765907634062922948e+00 4.075931553545042441e-01
2.618437836259225104e+00 2.767549647234885057e+00 4.028878098778391759e-01
2.621633457755704111e+00 2.768923228264823067e+00 3.988215712651317357e-01
2.624838029818777674e+00 2.770286274499295764e+00 3.946806904523367243e-01
2.628219554625987442e+00 2.771709525635886795e+00 3.904003052163447784e-01
2.631320123288018564e+00 2.773046762587714653e+00 3.864115216954124854e-01
2.634631141488371409e+00 2.774426672901702862e+00 3.822500391255054253e-01
2.638033077706453788e+00 2.775826017430683912e+00 3.780217020735907041e-01
2.641259963201616934e+00 2.777146557561651630e+00 3.739882643908801207e-01
2.644641626903637466e+00 2.778526907133611612e+00 3.694604776630241449e-01
2.648376341056567718e+00 2.780026425646628940e+00 3.643428381277116213e-01
2.652234921659043287e+00 2.781546451963111899e+00 3.590043640077117959e-01
2.652327214986536230e+00 2.781583891299480804e+00 3.588817125284911591e-01
2.655862743256080183e+00 2.782951760004240604e+00 3.542890492213898734e-01
2.659817411616970162e+00 2.784458344582104061e+00 3.493952044185426598e-01
2.663852012403636671e+00 2.785949101412629414e+00 3.444730536000733534e-01
2.667899894320194143e+00 2.787430197408907517e+00 3.395488626048350222e-01
2.671653057810557730e+00 2.788782289780041168e+00 3.350170930490217192e-01
2.674939767073159835e+00 2.789943306755509056e+00 3.310663594239619534e-01
2.678609015965864426e+00 2.791220077873158179e+00 3.266900142736782198e-01
2.682106005648662528e+00 2.792409207677524652e+00 3.225103955079614004e-01
2.690720491763181954e+00 2.795289811449476858e+00 3.125455547142798052e-01
2.694404644202112564e+00 2.796502804559273692e+00 3.083219324778499471e-01
2.698277626888200054e+00 2.797775921645866859e+00 3.038410128598902360e-01
2.701405664804174211e+00 2.798783540161683625e+00 3.002073062540562831e-01
2.705280631508006906e+00 2.799994208875232538e+00 2.956731555956552682e-01
2.705375094845227313e+00 2.800024293987672053e+00 2.955648974450786337e-01
2.708810998117165081e+00 2.801092747811701589e+00 2.915118657117353740e-01
2.712039858466469333e+00 2.802113248481676422e+00 2.874418896188378203e-01
2.715810318656099565e+00 2.803277235794380928e+00 2.820791410131501809e-01
2.719407387392628550e+00 2.804360600367927780e+00 2.769719864518528363e-01
2.722819296317104065e+00 2.805376463327543313e+00 2.723658435985106818e-01
2.726334608651798330e+00 2.806408225937841117e+00 2.679108338152764723e-01
2.730163305784163441e+00 2.807462478643357073e+00 2.632954845448056691e-01
2.734024315942525263e+00 2.808502586548347502e+00 2.589373710753057334e-01
2.737208929810435620e+00 2.809364415256951908e+00 2.556812924806832754e-01
2.740979163133538954e+00 2.810361078481183661e+00 2.518507867429697900e-01
2.741073593558613020e+00 2.810385347438541181e+00 2.517538588340740846e-01
2.744442992569651629e+00 2.811251033488009199e+00 2.482810590725744448e-01
2.747722307793818430e+00 2.812094012595495851e+00 2.448180827194491871e-01
2.750913282532801762e+00 2.812912476831470165e+00 2.414069139386155471e-01
2.754272996787590078e+00 2.813767807318730441e+00 2.378064682317038159e-01
2.757742016293165399e+00 2.814625453364355323e+00 2.341924530983956754e-01
2.761790773957481182e+00 2.815619506836325669e+00 2.299803954566818631e-01
2.765459982726935273e+00 2.816495777154618185e+00 2.261014599033239481e-01
2.768937440037510633e+00 2.817329505307668569e+00 2.223472363471088176e-01
2.772531132377334728e+00 2.818156045677521426e+00 2.183807172525692175e-01
2.776010774062723563e+00 2.818944038033204702e+00 2.145570968988006200e-01
2.779483652662380955e+00 2.819724355389639392e+00 2.107580721890842945e-01
2.783264526236233660e+00 2.820560530149016643e+00 2.066876929097441196e-01
2.786858702148037104e+00 2.821351513309363845e+00 2.028378446788223211e-01
2.790923431607124972e+00 2.822210044147141161e+00 1.984743125548551479e-01
2.794797616520471983e+00 2.823016322328224526e+00 1.943066538809528898e-01
2.798403298038537823e+00 2.823755104895858459e+00 1.904254237141657646e-01
2.801713123132338001e+00 2.824424153063163967e+00 1.868214252734614056e-01
2.805009951101041121e+00 2.825071491981974159e+00 1.833078652857264845e-01
2.808519075570567569e+00 2.825731658735478824e+00 1.796029034038862104e-01
2.811669794016317336e+00 2.826327066911935582e+00 1.756694555225803978e-01
2.814678784548537038e+00 2.826877208969644784e+00 1.702055704121845925e-01
2.818379144962252614e+00 2.827523430612211897e+00 1.624288901277480546e-01
2.821942396766653705e+00 2.828141597122770801e+00 1.554973857695959305e-01
2.825951476931159778e+00 2.828830876619983670e+00 1.490321061071269437e-01
2.826048202761821670e+00 2.828845791946014820e+00 1.488853564389495399e-01
2.829943131884024687e+00 2.829449903647414555e+00 1.442385523695774441e-01
2.833538065868284939e+00 2.829970970776883199e+00 1.414518529623835785e-01
2.837688396410722014e+00 2.830550486811985955e+00 1.387171571976936468e-01
2.841449367029797113e+00 2.831064661342173494e+00 1.361622611449982423e-01
2.844986065536041497e+00 2.831548822006078936e+00 1.334145735654405918e-01
2.848636648955688244e+00 2.832035389989230989e+00 1.301963213362503369e-01
2.852393424195659666e+00 2.832533794361524304e+00 1.266826084668019881e-01
2.856116338785200437e+00 2.833016916408052310e+00 1.231150112667223628e-01
2.859763958666851735e+00 2.833467663417471805e+00 1.198405490134169249e-01
2.863615196463588308e+00 2.833917810456768382e+00 1.164563926211137357e-01
2.867657803914461567e+00 2.834389567924184838e+00 1.128907677493734690e-01
2.871295902661605393e+00 2.834815305960747711e+00 1.096529370185663765e-01
2.875318777506285173e+00 2.835271510517205051e+00 1.059952112365160487e-01
2.878848311337280030e+00 2.835671081867573662e+00 1.027393744947336235e-01
2.882188776338719727e+00 2.836033688152841403e+00 9.965243150076515122e-02
2.886105811575492286e+00 2.836449828121774708e+00 9.605473491506169581e-02
2.886202518322412480e+00 2.836459591019847792e+00 9.596667699634355009e-02
2.890117906932970104e+00 2.836846524000534053e+00 9.234855455090917875e-02
2.893748529777409928e+00 2.837186735759442691e+00 8.895691451033183039e-02
2.903421111897464879e+00 2.838092165300456493e+00 7.994755529742120226e-02
2.907238164763091159e+00 2.838433961883840340e+00 7.638543625618474109e-02
2.910845164861412648e+00 2.838744395892430106e+00 7.300041478461070932e-02
2.913971184396372482e+00 2.838984641293391675e+00 7.002685312251211158e-02
2.917877099360639992e+00 2.839290224105508464e+00 6.631238694120410171e-02
2.921101978937015620e+00 2.839532083808594010e+00 6.328965632371562344e-02
2.924520697343481856e+00 2.839757652209244032e+00 6.012633373544064297e-02
2.927931814744016314e+00 2.839986141680710396e+00 5.700342890737895157e-02
2.931826890597286628e+00 2.840221961428980535e+00 5.343390632279940156e-02
2.936005858142573199e+00 2.840486102696353043e+00 4.951474815120713441e-02
2.939704421559484082e+00 2.840699033947055252e+00 4.607124450528673337e-02
2.943484185754538629e+00 2.840901461281814200e+00 4.256942036153106568e-02
2.946989486608111886e+00 2.841057565315178834e+00 3.932088983424606582e-02
2.950193562557045457e+00 2.841211558649414215e+00 3.639900823128621593e-02
2.953792552291711004e+00 2.841363853779431459e+00 3.316264239785793322e-02
2.957382442998316652e+00 2.841500452240242502e+00 2.980421283225299575e-02
2.960780999422713666e+00 2.841622291485213392e+00 2.660703705103074912e-02
2.961170356697419681e+00 2.841636790188411421e+00 2.624925177079474869e-02
2.964856547732260594e+00 2.841747890763788753e+00 2.287014396743108219e-02
2.968156888786380954e+00 2.841834752720101775e+00 1.990675552483715804e-02
2.971745885659534459e+00 2.841927845934919095e+00 1.671060227271771101e-02
2.975450451275139852e+00 2.842016531656891942e+00 1.347403813586068450e-02
