2.000374562686260571e+00 9.999374599511730022e-01 -1.356130012091721437e-04
2.000501893070828707e+00 9.999083151584408080e-01 -1.794983087934542347e-04
2.000528953400344978e+00 9.999043601925987623e-01 -1.599269616397429468e-04
2.000555048527997037e+00 9.998968623494559615e-01 6.379153316290657988e-06
2.000594948632060888e+00 9.998893774590728034e-01 2.778294014044395258e-04
2.000634056033243624e+00 9.998846097765252683e-01 7.723670060600114741e-04
2.000672262269828305e+00 9.998821539121049984e-01 1.372633445142135882e-03
2.000729704979495871e+00 9.998856367890601726e-01 2.191721265164195062e-03
2.000788732438610662e+00 9.998823714330585810e-01 3.478413654669407738e-03
2.000789704303575611e+00 9.998842499152965635e-01 3.512947937093554001e-03
2.000929365485998090e+00 9.998880069619128230e-01 4.526788610738288407e-03
2.001006902627592510e+00 9.998808297638087650e-01 6.091889826777166332e-03
2.001054428238590699e+00 9.998814332959179429e-01 7.807657523022009348e-03
2.001105350087558854e+00 9.998882477099551025e-01 1.003771998546131201e-02
2.001133012321123505e+00 9.998877886298218609e-01 1.234622811586594433e-02
2.001250377490030097e+00 9.998943916799021281e-01 1.484845745898493753e-02
2.001306488376098702e+00 9.998961310589452589e-01 1.785145559820132399e-02
2.001373378467602659e+00 9.998964146996606184e-01 2.097080709456093650e-02
2.001426699503098483e+00 9.998898139280643083e-01 2.494576624710382814e-02
2.001428654939222618e+00 9.998900313979626198e-01 2.504559749851913847e-02
2.001481377478051993e+00 9.998904479834853642e-01 2.893489232315306706e-02
2.001570679510825901e+00 9.998968895729258843e-01 3.237893083531907801e-02
2.001751166734337950e+00 9.998989307802986781e-01 4.486126302535559801e-02
2.001798062114178656e+00 9.998998624284242132e-01 4.929981662093312067e-02
2.001831352056764324e+00 9.999032865692183414e-01 5.417999558816315869e-02
2.001911382450798360e+00 9.999021498131938079e-01 5.943556106497064478e-02
2.001957073623934047e+00 9.999012053944488221e-01 6.523897439393906705e-02
2.002005244512910842e+00 9.999013980957071057e-01 7.051748341093644346e-02
2.002041876821947231e+00 9.999044087293686989e-01 7.610389391592131680e-02
2.002092439527658474e+00 9.999029663213230279e-01 8.172455798419457629e-02
2.002137170375340780e+00 9.999047731695223096e-01 8.867499296192689340e-02
2.002189080569687807e+00 9.999119745682855109e-01 9.529665282137406157e-02
2.002262803361165133e+00 9.999124409748828546e-01 1.023428651353773672e-01
2.002327683826871318e+00 9.999184001016330203e-01 1.092578584230365912e-01
2.002443953200946147e+00 9.999351892105650119e-01 1.166578637187316997e-01
2.002517245471886920e+00 9.999376740641866546e-01 1.240697092300469540e-01
2.002607262413106159e+00 9.999490928531593603e-01 1.321074444844711482e-01
2.002660513877327020e+00 9.999553271466821158e-01 1.400934149673004059e-01
2.002730811841873404e+00 9.999650709187698494e-01 1.481564088467209050e-01
2.002809238386734414e+00 9.999760172863898511e-01 1.562169871498619855e-01
2.002853995382635421e+00 9.999905836143008209e-01 1.646320591767687358e-01
2.002989273880927623e+00 1.000014882121546878e+00 1.721730153964708132e-01
2.003039426936212397e+00 1.000019684975453682e+00 1.796405056402855249e-01
2.003135849269739310e+00 1.000039991431267428e+00 1.881355905858080602e-01
2.003208761583708863e+00 1.000053037193894490e+00 1.974603510619217794e-01
2.003314460178945211e+00 1.000074192037429421e+00 2.051289037706419682e-01
2.004225418589629992e+00 1.000271860372899724e+00 2.125097995920204874e-01
2.007321518761060020e+00 1.000970435702690287e+00 2.202784268696978409e-01
2.011870804372905663e+00 1.002053968717233845e+00 2.290865196451179198e-01
2.015901243890386052e+00 1.003030059612549652e+00 2.372242318256214400e-01
2.020537830495812148e+00 1.004205740248965029e+00 2.465780852040631577e-01
2.024996557878619097e+00 1.005380028352679034e+00 2.555523874479102564e-01
2.030029612556727425e+00 1.006757067788549342e+00 2.650384096155756208e-01
2.034739768798246917e+00 1.008112917421307930e+00 2.733302569186348285e-01
2.034860378097601341e+00 1.008149244654336085e+00 2.735271736621702199e-01
2.039210632117777422e+00 1.009410129551024715e+00 2.810218626038461509e-01
2.043869964642082593e+00 1.010799674771875933e+00 2.907631408430260134e-01
2.048061735322034060e+00 1.012108739243167133e+00 2.996495526835380452e-01
2.052090262633829987e+00 1.013386971488705601e+00 3.082538244058493082e-01
2.056421794394115654e+00 1.014820568352150509e+00 3.171279712882958957e-01
2.060616124065846044e+00 1.016226766957500693e+00 3.255640941923731990e-01
2.064561979502617106e+00 1.017591159673232548e+00 3.339706058751892859e-01
2.069511943970096191e+00 1.019344514411388847e+00 3.445226883745165503e-01
2.074074435532900385e+00 1.021008174123676726e+00 3.543312666501587382e-01
2.074184498895946138e+00 1.021051849650424392e+00 3.545754436336878146e-01
2.078684398039149617e+00 1.022762131981235889e+00 3.637038542503014948e-01
2.083261641397469610e+00 1.024557149934597788e+00 3.722890356870667272e-01
2.087191575033941149e+00 1.026097514667131616e+00 3.802207763459115597e-01
2.090890834574602231e+00 1.027569131114985712e+00 3.882183763748550120e-01
2.094958508836422872e+00 1.029270952931652161e+00 3.962802913465801047e-01
2.098664254767794723e+00 1.030855104045045101e+00 4.024903376299979740e-01
2.102847417539189578e+00 1.032706991432303267e+00 4.076168478503054970e-01
2.106488637522327512e+00 1.034327899563005637e+00 4.114546669654566835e-01
2.106593768796799715e+00 1.034371426317363563e+00 4.115510079669340016e-01
2.110110438471567207e+00 1.035958552506915265e+00 4.151913208631290431e-01
2.110215222786425926e+00 1.036003654344377134e+00 4.153223976964934283e-01
2.114540537631286465e+00 1.037932775253488815e+00 4.221762277802212915e-01
2.114649029717902362e+00 1.037978534707567624e+00 4.223787138084221238e-01
2.118665182415359283e+00 1.039793144289490989e+00 4.305359029622579659e-01
2.122436992180093185e+00 1.041544880165402365e+00 4.384056211418457805e-01
2.126291646586834005e+00 1.043372568810849277e+00 4.464744885633914473e-01
2.130065787235705610e+00 1.045207207383838321e+00 4.540837625310734094e-01
2.133794957026868833e+00 1.047018202979269619e+00 4.617280229236618849e-01
2.137756372101269342e+00 1.049018933663518283e+00 4.702250984224075614e-01
2.141106990126217191e+00 1.050753962324686430e+00 4.774120284090219157e-01
2.144637565729475170e+00 1.052576387150306436e+00 4.849633103320293848e-01
2.147905516566943174e+00 1.054337135545974968e+00 4.915962804497139849e-01
2.151232719687490746e+00 1.056154490520380129e+00 4.966579264868495325e-01
2.155033935265585399e+00 1.058300258334682775e+00 5.010680764320158964e-01
2.158675554070328850e+00 1.060330477941619165e+00 5.044054654570473417e-01
2.162503370302668593e+00 1.062447027139014066e+00 5.101390496274808006e-01
2.165863874595082006e+00 1.064331262105047582e+00 5.170643842279695201e-01
2.169773439373241963e+00 1.066564796390785386e+00 5.257157697491675608e-01
2.169870784162729827e+00 1.066621999861394610e+00 5.259335028883810326e-01
2.173537623219958359e+00 1.068787840494669572e+00 5.336441089861676534e-01
2.177067338086753345e+00 1.070885907846170770e+00 5.401259990971150060e-01
2.180677281542414914e+00 1.073069968556223275e+00 5.462927590539258249e-01
2.184579873695343899e+00 1.075452967731257869e+00 5.534198395479782429e-01
2.187996437887993917e+00 1.077564186285111969e+00 5.610185991164554631e-01
2.191545332352159647e+00 1.079830112363978190e+00 5.682786871911472693e-01
2.200783223804582800e+00 1.085924824138765343e+00 5.798808808632623935e-01
2.200871314691320357e+00 1.085989433225490908e+00 5.799830142316388937e-01
2.203926255871125228e+00 1.088022981463484751e+00 5.836598326888852162e-01
2.204017253835316215e+00 1.088085608537956439e+00 5.837876025303091465e-01
2.207534922932354871e+00 1.090419676735145060e+00 5.898184202841068036e-01
2.211237749045716683e+00 1.092908208582410001e+00 5.980571440912344494e-01
2.214915539723375293e+00 1.095433152072212923e+00 6.063780573864048229e-01
2.218242021289314803e+00 1.097766881187145938e+00 6.137158931394535166e-01
2.221620687223161639e+00 1.100185278841711911e+00 6.199853344140395794e-01
2.224634537483148211e+00 1.102385312680896234e+00 6.246401926839144636e-01
2.227825502707751149e+00 1.104743655403491287e+00 6.284850110742002949e-01
2.227903441399550211e+00 1.104803782279906832e+00 6.285721732376270410e-01
2.230593641325205212e+00 1.106824998132389881e+00 6.303475671798645097e-01
2.233522313222580991e+00 1.108981727414363849e+00 6.328710267355431851e-01
2.236612297294351404e+00 1.111280123852605772e+00 6.368945201162302672e-01
2.240012310188109090e+00 1.113833859404206317e+00 6.417426125924871050e-01
2.240096940281136373e+00 1.113901571591543682e+00 6.418679168472321006e-01
2.242970701188550908e+00 1.116095080708438658e+00 6.455933773147182198e-01
2.245924080957442559e+00 1.118353667114154737e+00 6.491049424257409051e-01
2.248677309110183931e+00 1.120504537225081254e+00 6.523140277773911144e-01
2.251505069303596507e+00 1.122709990892865939e+00 6.553966251771468077e-01
2.254500519179915230e+00 1.125073012366218927e+00 6.584877428107904773e-01
2.257677169449537224e+00 1.127561450110387442e+00 6.621515311051974217e-01
2.261115471685753331e+00 1.130265690166843306e+00 6.675415588037110215e-01
2.263936501157798542e+00 1.132521820578160421e+00 6.712981464104488261e-01
2.266988870053157523e+00 1.134984755521154964e+00 6.750046687504018816e-01
2.269687064978917590e+00 1.137185225860881665e+00 6.780810261765596314e-01
2.272532925454281649e+00 1.139521920561023194e+00 6.810509271871042491e-01
2.275689917054509070e+00 1.142145124729541994e+00 6.840638870857396192e-01
2.275771147193552668e+00 1.142215319424774389e+00 6.841392115861307799e-01
2.278597993266957999e+00 1.144555656842953351e+00 6.871628525947431898e-01
2.281641462315740831e+00 1.147037532678876648e+00 6.918967038184367091e-01
2.285049429055501236e+00 1.149902061535882591e+00 6.994578551750569861e-01
2.287939721826943718e+00 1.152347183491666760e+00 7.068695821237965804e-01
2.291047114940911733e+00 1.155014828781338210e+00 7.143261970932957006e-01
2.293885281067637560e+00 1.157488910702272333e+00 7.206392203332310231e-01
2.296499234433857062e+00 1.159830137375613246e+00 7.248969539256093775e-01
2.299364929263647994e+00 1.162464362083536651e+00 7.280847995430789199e-01
2.301817795781664344e+00 1.164716658496151691e+00 7.286320807569606206e-01
2.304987735632614054e+00 1.167561525336691775e+00 7.260018922707982547e-01
2.308241623411976473e+00 1.170501690385603144e+00 7.239683196733837089e-01
2.311138245080549769e+00 1.173111460203993150e+00 7.251989664391764734e-01
2.314254235712579710e+00 1.175861745306605588e+00 7.295075799909724878e-01
2.317618734169246242e+00 1.178894087798711077e+00 7.368713758137287462e-01
2.320561475157048914e+00 1.181576794392771745e+00 7.441079965479781011e-01
2.323098101867930865e+00 1.183926478817040051e+00 7.486927039402883066e-01
2.326293756820439818e+00 1.186974791021374598e+00 7.518426081824591822e-01
2.328958144467103253e+00 1.189536776712189159e+00 7.528330467096981948e-01
2.331793942449376100e+00 1.192257230525571643e+00 7.532630440407214190e-01
2.334651478258986224e+00 1.194937880952744003e+00 7.561348210272160753e-01
2.337792563217423236e+00 1.197914260775516215e+00 7.618451398044938649e-01
2.337947343017196200e+00 1.198062418638172089e+00 7.621717809874211103e-01
2.340546317502863349e+00 1.200558658379166976e+00 7.674957877649255522e-01
2.343604938497755086e+00 1.203528118180429818e+00 7.729649713304735936e-01
2.346292199880517515e+00 1.206170265015063414e+00 7.771831971062472810e-01
2.348942761916010813e+00 1.208848566364183919e+00 7.794866825383138798e-01
2.351791979135449573e+00 1.211738797513486787e+00 7.796333555620844624e-01
2.354630771070216344e+00 1.214599782612047818e+00 7.786416600247256792e-01
2.357003521311555883e+00 1.217012507268242061e+00 7.784107476933831427e-01
2.359460965059547277e+00 1.219455792555652618e+00 7.800908565736374145e-01
2.362695830007765174e+00 1.222661534551825468e+00 7.849933462441733845e-01
2.365519242296693747e+00 1.225509460436938092e+00 7.915608551210259192e-01
2.368286513584484609e+00 1.228311141137963025e+00 7.979717062821126694e-01
2.371294261834743455e+00 1.231406303654859258e+00 8.038556422734483009e-01
2.373806660598585250e+00 1.234039059804972194e+00 8.065977508156962905e-01
2.376281147327073295e+00 1.236691139837452491e+00 8.080632274117860447e-01
2.379172913889589402e+00 1.239785605185226514e+00 8.076184634345821012e-01
2.381968246021239466e+00 1.242778843618200790e+00 8.078539396615821433e-01
2.382039277502000285e+00 1.242855079056496059e+00 8.078996292637901089e-01
2.384743246264461991e+00 1.245676132469195396e+00 8.107386081574007308e-01
2.387512674999965778e+00 1.248603966423880607e+00 8.157254396645177152e-01
2.390253228047916068e+00 1.251525552606597813e+00 8.217110048151028412e-01
2.393015337933027897e+00 1.254510241506252566e+00 8.276473460294470064e-01
2.395815779529675282e+00 1.257597084816822752e+00 8.320015378343966761e-01
2.398281966868213377e+00 1.260379437451101925e+00 8.339066759446269739e-01
2.400670162859169565e+00 1.263046074381105610e+00 8.336403984039429949e-01
2.408237889869125237e+00 1.271546908998600678e+00 8.309918605573715089e-01
2.410632963346106550e+00 1.274249951677763670e+00 8.307618138566069677e-01
2.413118781705620108e+00 1.276967143408086258e+00 8.326857644413162562e-01
2.415694155781776153e+00 1.279809458402776379e+00 8.367706268084693644e-01
2.418247693802631826e+00 1.282635722447857507e+00 8.423281896734992058e-01
2.420814715634918457e+00 1.285508603459406984e+00 8.468579097298802871e-01
2.423222814255519442e+00 1.288276265607932736e+00 8.506533401503314495e-01
2.425890403712315457e+00 1.291329041411232170e+00 8.537356432397205097e-01
2.425957770889760390e+00 1.291406661042661774e+00 8.538098050016010854e-01
2.428410785331006849e+00 1.294218487271626250e+00 8.565885734926745876e-01
2.431330505143947551e+00 1.297600129693484261e+00 8.623044798940689981e-01
2.434173772974035366e+00 1.300928895058022228e+00 8.692782192189313362e-01
2.436658890283968759e+00 1.303893692223932810e+00 8.751532866695601598e-01
2.439120709681237287e+00 1.306862672759525834e+00 8.802177850849836060e-01
2.441436944363670758e+00 1.309720464761861658e+00 8.831539004487755085e-01
2.443715635048037793e+00 1.312563150352657138e+00 8.844639291911886581e-01
2.443776208632478131e+00 1.312639343174728523e+00 8.844780316508286111e-01
2.446221248119965441e+00 1.315696065053032271e+00 8.840450102967157830e-01
2.448549882186254578e+00 1.318648532487872949e+00 8.833746019253079229e-01
2.451083511704499784e+00 1.321800729673759278e+00 8.832930887379801810e-01
2.453682186036330926e+00 1.325055228861540257e+00 8.838030101814846606e-01
2.456057599147766002e+00 1.327982078238525654e+00 8.851762241037177681e-01
2.458567547233160067e+00 1.331041619694185218e+00 8.882130432827773925e-01
2.461208760878702329e+00 1.334295245657695528e+00 8.918674329141670354e-01
2.463835760613573900e+00 1.337565505918000941e+00 8.954231306490558762e-01
2.466234065741736536e+00 1.340569068031451705e+00 8.983717546532087317e-01
2.468485777392831704e+00 1.343412656936174399e+00 9.010267604390320706e-01
2.470746057036789178e+00 1.346257037653254329e+00 9.034128308893848436e-01
2.473435935231248717e+00 1.349671691892090131e+00 9.061485939323113969e-01
2.473497972406458079e+00 1.349754783132477876e+00 9.062163780742553687e-01
2.475523077000314931e+00 1.352350078342409612e+00 9.082110925383002353e-01
2.477728151996105410e+00 1.355198893081260625e+00 9.103287484544378971e-01
2.480235912175677626e+00 1.358416681267136772e+00 9.132715528573108754e-01
2.482838351214041950e+00 1.361806728077000983e+00 9.169556418925587371e-01
2.485128699391044638e+00 1.364798693356055193e+00 9.200149267647084184e-01
2.487508981020385868e+00 1.367932148308362628e+00 9.230754230194740950e-01
2.489875512587511608e+00 1.371039210417405396e+00 9.259517538332301401e-01
2.492404701216174079e+00 1.374425299420088731e+00 9.287605228202544527e-01
2.492465725530795595e+00 1.374506976263774272e+00 9.288254345956354907e-01
2.494911209257184126e+00 1.377806799974427676e+00 9.313220539860729286e-01
2.497163091890969522e+00 1.380860661875614293e+00 9.334744925117599568e-01
2.499306211902412755e+00 1.383817772287161407e+00 9.352869843558873075e-01
2.501225206739966289e+00 1.386515494477307930e+00 9.356960369297440128e-01
2.503351255690724031e+00 1.389459672379460997e+00 9.358096992501002687e-01
2.505432695683522226e+00 1.392343465246439038e+00 9.365836078957451294e-01
2.507731420613883877e+00 1.395460559807535583e+00 9.395060929411885864e-01
2.510278775696844544e+00 1.398952264388035438e+00 9.441085827445341305e-01
2.512575205646047305e+00 1.402135105038350371e+00 9.486748181845945371e-01
2.514754720598920468e+00 1.405184486052983184e+00 9.522712189665106797e-01
2.517183748240048757e+00 1.408633743258028481e+00 9.555875043169155258e-01
2.517242574021540502e+00 1.408717848943753737e+00 9.556450210746092466e-01
2.519233933806099390e+00 1.411621348508985019e+00 9.568328990349328489e-01
2.521401013911305444e+00 1.414754492212617620e+00 9.574380812598863866e-01
2.521457443172436363e+00 1.414837573501700696e+00 9.574565643125165781e-01
2.523682300993010497e+00 1.418075839229981705e+00 9.584497896511594561e-01
2.525634625373474940e+00 1.420907127885141730e+00 9.594541715928801562e-01
2.527645067920160749e+00 1.423846405582680719e+00 9.607025518512247730e-01
2.529776051600177489e+00 1.426921222717298932e+00 9.626361708240549486e-01
2.532015474669574662e+00 1.430147035803249755e+00 9.665915153755612055e-01
2.534244374708618075e+00 1.433396009340783817e+00 9.710918168152082863e-01
2.536324304882029868e+00 1.436449523513002813e+00 9.737311025780965856e-01
2.538351546285958715e+00 1.439415490330769432e+00 9.759460783817140994e-01
2.540333242829042604e+00 1.442377566932708355e+00 9.776765250104925142e-01
2.542418255419235606e+00 1.445512491760083229e+00 9.794152959273643155e-01
2.544287882088206665e+00 1.448311014170971411e+00 9.809537849387093278e-01
2.546152592701213635e+00 1.451111315262081813e+00 9.825627835793208087e-01
2.548460285849913909e+00 1.454616444622039761e+00 9.846056452570213224e-01
2.550535089657128829e+00 1.457810513548011055e+00 9.857782750662139604e-01
2.552572968763429095e+00 1.460968439835974575e+00 9.862374112543433879e-01
2.554545752515940737e+00 1.464040619501683960e+00 9.869612633729973883e-01
2.556616470966257104e+00 1.467141149009103973e+00 9.895548139105208030e-01
2.558873157355802341e+00 1.470589648739158317e+00 9.938656083253912810e-01
2.560838102964785090e+00 1.473634389773690767e+00 9.975696734520631548e-01
2.563236344419252966e+00 1.477367173720230298e+00 1.001469488230224192e+00
2.565271129810557493e+00 1.480571906771757096e+00 1.004476106756879261e+00
2.567266882714006826e+00 1.483777608977723261e+00 1.006422350360512752e+00
2.569173637106595187e+00 1.486873210595206052e+00 1.007401487070629376e+00
2.571072114441865786e+00 1.489969730296420991e+00 1.008192112068023283e+00
2.572873992231905937e+00 1.492907689205601462e+00 1.009091637970960909e+00
2.574980871422207329e+00 1.496366998785894298e+00 1.010456403080714605e+00
2.577014139755711586e+00 1.499666429024299141e+00 1.011954020013656974e+00
2.582899036161968809e+00 1.509252438533406293e+00 1.016946532127055436e+00
2.584885627960053611e+00 1.512491431893667304e+00 1.019028500841626661e+00
2.587076769405018961e+00 1.516046771773548851e+00 1.022711383118292350e+00
2.589339867569702136e+00 1.519754285001740257e+00 1.026212844167138316e+00
2.591206438925943267e+00 1.522866367631516837e+00 1.028905519512556044e+00
2.593002027974728119e+00 1.525882577456040723e+00 1.031092669241655768e+00
2.595117462105012152e+00 1.529407514357524756e+00 1.033563288947758174e+00
2.595164702759165998e+00 1.529495419469291573e+00 1.033628177270247361e+00
2.596892545188227874e+00 1.532419491496120223e+00 1.035373192061696868e+00
2.598787601716941786e+00 1.535667573827380172e+00 1.036516166217551493e+00
2.600608330116019662e+00 1.538829128525787127e+00 1.037559937678306010e+00
2.602715764575731949e+00 1.542451830274234048e+00 1.038849956262888119e+00
2.604618676646533348e+00 1.545661150464739730e+00 1.040725897111572040e+00
2.606838585292241550e+00 1.549458569782951933e+00 1.044619804802199736e+00
2.608872849334832988e+00 1.552960609841046669e+00 1.048595128472055826e+00
2.608924111824736602e+00 1.553051552560846593e+00 1.048698447044084547e+00
2.610804687283587722e+00 1.556348060339565631e+00 1.052081088687671251e+00
2.610853731284490831e+00 1.556438139536630683e+00 1.052140704696347795e+00
2.612488707659678777e+00 1.559383862018220102e+00 1.053723774407260949e+00
2.614147797995009181e+00 1.562320922405145307e+00 1.055093113985354325e+00
2.616026222168486015e+00 1.565710185570512669e+00 1.056673878386699128e+00
2.617754985466111073e+00 1.568826122160797309e+00 1.058139907311202776e+00
2.619622013391424975e+00 1.572226103454581025e+00 1.059851934542616725e+00
2.621491535912282345e+00 1.575617025582873421e+00 1.061679938634995768e+00
2.621541637638095779e+00 1.575706542611645222e+00 1.061730843605504626e+00
2.623306824175681840e+00 1.578926258930741122e+00 1.063173534151593769e+00
2.625044766195208990e+00 1.582141787373398056e+00 1.064193176704535393e+00
2.626694038124082642e+00 1.585179754247521444e+00 1.065141705980200193e+00
2.628602723964976740e+00 1.588610060968686621e+00 1.067054952963132575e+00
2.630551498253237419e+00 1.592168029338406621e+00 1.070434472930565928e+00
2.632387030566827768e+00 1.595531928710323566e+00 1.073815937675467458e+00
2.634409313460491564e+00 1.599270267579611993e+00 1.077270812257626220e+00
2.636131790764245419e+00 1.602482761350855434e+00 1.079815208321380782e+00
2.637930121123859273e+00 1.605872758264679678e+00 1.082217144613337956e+00
2.639771016450788377e+00 1.609406892997525595e+00 1.084266839704745911e+00
2.641480989335300844e+00 1.612675623629469479e+00 1.085496085875081063e+00
2.643207461470132635e+00 1.616022557981088070e+00 1.086696435654884496e+00
2.644857814210511471e+00 1.619207373389575322e+00 1.087920437883519664e+00
2.646358335981795040e+00 1.622116783575732413e+00 1.089130964211912911e+00
2.648053237325837195e+00 1.625421061000864142e+00 1.090608790377987969e+00
2.649786236252088756e+00 1.628790671976534821e+00 1.092299489849062999e+00
2.651521361855008418e+00 1.632161299462941750e+00 1.093809429556960033e+00
2.653218111151142367e+00 1.635530602951319246e+00 1.094922753470528143e+00
2.654979144832122717e+00 1.638949072302518406e+00 1.096589888458341155e+00
2.656716595025716554e+00 1.642339641623247859e+00 1.099575012262305362e+00
2.658706873716420560e+00 1.646281746791261380e+00 1.102857046203922664e+00
2.660478662959279372e+00 1.649784227340640008e+00 1.105877295611907174e+00
2.662206699274354715e+00 1.653242326588940880e+00 1.108338382151967449e+00
2.663995032808408325e+00 1.656858526563676826e+00 1.110758609654129980e+00
2.664040119650032956e+00 1.656950677966778418e+00 1.110816497932871627e+00
2.666024121787102796e+00 1.661024504442810912e+00 1.112948985235290955e+00
2.667785844179062948e+00 1.664711455504837678e+00 1.114325457144458964e+00
2.669516909981499264e+00 1.668311787850851102e+00 1.115695457300024174e+00
2.669560158085240609e+00 1.668405667933729797e+00 1.115732097825208990e+00
2.671287431323353445e+00 1.672001370662067110e+00 1.117217957770633374e+00
2.672879023231355511e+00 1.675330691234059532e+00 1.118716120012017923e+00
2.674517757510308957e+00 1.678766440948196381e+00 1.120327886242611148e+00
2.676075219150821027e+00 1.682083606670944587e+00 1.121568400934775056e+00
2.677785261678944373e+00 1.685694251482367623e+00 1.122705372364134035e+00
2.679522382433714434e+00 1.689328491421187906e+00 1.124604889480591341e+00
2.681270025421136349e+00 1.693001972107556430e+00 1.127560931101978969e+00
2.683012122686246226e+00 1.696683616255782567e+00 1.130579447940076587e+00
2.683057213031617039e+00 1.696777764699869184e+00 1.130661477099607293e+00
2.684509793259012067e+00 1.699866015090998328e+00 1.132934316791545992e+00
2.686141370907066062e+00 1.703351495578626640e+00 1.135254444998735401e+00
2.687878131625032196e+00 1.707129168259636121e+00 1.137565697457444180e+00
2.689377413327826538e+00 1.710418741752839367e+00 1.139379987312966858e+00
2.690899012767907550e+00 1.713791889233897692e+00 1.140745804147863973e+00
2.692497351003138473e+00 1.717349418935308236e+00 1.142117137463623422e+00
2.694356793977386477e+00 1.721490180660949942e+00 1.143688893553065355e+00
2.694400101147129689e+00 1.721585535872758532e+00 1.143725367445558527e+00
2.695916716586231665e+00 1.724974001654037359e+00 1.145187540996501774e+00
2.697297697451649157e+00 1.728085163107037969e+00 1.146591673139885303e+00
2.698984119494117095e+00 1.731876473625589163e+00 1.148325538102422883e+00
2.700436087643456329e+00 1.735162130461903152e+00 1.149553879639136911e+00
2.701971069731940567e+00 1.738651983559942771e+00 1.150661182528347481e+00
2.703726176397229342e+00 1.742569766255628094e+00 1.152669871680064073e+00
2.705478575636025340e+00 1.746514254542516742e+00 1.155482251775339586e+00
2.706840133039230434e+00 1.749586526123655617e+00 1.157790351348106483e+00
2.708432568968149656e+00 1.753234377909946851e+00 1.160351837260597874e+00
2.709964966298827438e+00 1.756785462637271422e+00 1.162722288487789468e+00
2.711640063524515920e+00 1.760696364216152832e+00 1.164732671558712296e+00
2.712968857003014822e+00 1.763827517355743613e+00 1.166056066780791545e+00
2.717244621490720213e+00 1.774025373255702531e+00 1.170123309379138554e+00
2.718686145208495386e+00 1.777455070274709836e+00 1.171517129812280400e+00
2.720138167764583947e+00 1.780902025241314135e+00 1.173014005381843639e+00
2.721662067744036406e+00 1.784628260524290688e+00 1.174320793578192967e+00
2.721700397569488228e+00 1.784724395285231857e+00 1.174354581879886172e+00
2.723326221680501646e+00 1.788639994606058714e+00 1.175702157959121141e+00
2.724746876924593053e+00 1.792083309261788049e+00 1.176926816729637393e+00
2.726031142054426759e+00 1.795245859543173284e+00 1.178128191455882989e+00
2.727335258514038241e+00 1.798411681579825672e+00 1.179423595808513525e+00
2.728794411291282973e+00 1.801919832869725902e+00 1.181419703295642609e+00
2.730359128859952911e+00 1.805748883886534539e+00 1.184351198114134140e+00
2.731858655145424475e+00 1.809444167762285005e+00 1.186781191933727664e+00
2.733451936149056127e+00 1.813405982475422062e+00 1.189056879032067915e+00
2.734874920491463524e+00 1.817000247559625192e+00 1.190885891703871602e+00
2.736124026653948160e+00 1.820190969375443224e+00 1.192389315774205594e+00
2.737371013689374966e+00 1.823377346666001486e+00 1.193860271853415478e+00
2.738847765184880600e+00 1.827157456380576583e+00 1.195569698706089090e+00
2.740461006849853831e+00 1.831324780781588668e+00 1.197368015554858500e+00
2.741998338331310237e+00 1.835373877378102314e+00 1.198783461939689321e+00
2.743266305633618174e+00 1.838661418416226212e+00 1.199770841713265535e+00
2.744589971625661207e+00 1.842141077070463151e+00 1.200814718585365926e+00
2.744626089815116021e+00 1.842239546132770966e+00 1.200845285974534438e+00
2.746035475976077223e+00 1.845926132077163384e+00 1.202116804367504121e+00
2.747358606964367844e+00 1.849422631048017518e+00 1.203378897320336982e+00
2.748580053975342885e+00 1.852637657425263207e+00 1.204559830687324640e+00
2.750017865270661055e+00 1.856426424615384096e+00 1.206067752039146734e+00
2.751464618541084484e+00 1.860316994736939122e+00 1.207277583147626787e+00
2.752926534835976824e+00 1.864238673591061879e+00 1.208746272398775412e+00
2.752965029011448461e+00 1.864337795491187499e+00 1.208803221096047098e+00
2.754355323121784327e+00 1.868038063899220669e+00 1.210881547371440270e+00
2.755657853906710475e+00 1.871487329098573849e+00 1.213098408649240456e+00
2.757076881973750559e+00 1.875342425196431684e+00 1.215448030808913060e+00
2.758355079882352623e+00 1.878783705215160804e+00 1.217405036857510003e+00
2.759725344236391376e+00 1.882512752442682569e+00 1.219068732561663815e+00
2.759759943039029384e+00 1.882612287492650527e+00 1.219103193769526250e+00
2.761069204549958744e+00 1.886238138038152545e+00 1.220426469870336872e+00
2.762269776849693770e+00 1.889577657800268984e+00 1.221565742262306964e+00
2.763570667161223682e+00 1.893193812471147375e+00 1.222868040079113428e+00
2.765007599141589445e+00 1.897213559487017864e+00 1.224325327338679159e+00
2.766469850490108406e+00 1.901366143088930372e+00 1.225810576825816511e+00
2.767653501169589081e+00 1.904710163208555240e+00 1.227046253874386261e+00
2.768806603149685408e+00 1.908030328250456265e+00 1.228075056545818056e+00
2.769958585496094194e+00 1.911344736337570405e+00 1.228973427320592116e+00
2.769992144840204951e+00 1.911442357727528796e+00 1.229000423527933039e+00
2.771323955958567176e+00 1.915178365485947110e+00 1.230092451022061661e+00
2.772510544904212892e+00 1.918618593177419562e+00 1.231100784327470166e+00
2.773732270786343435e+00 1.922151152999557411e+00 1.232221002278356403e+00
2.774901526304219601e+00 1.925494417340210429e+00 1.233335407029467312e+00
2.776078905811574682e+00 1.928839621148912054e+00 1.234509308026792374e+00
2.777274283850401648e+00 1.932383099628711687e+00 1.235503118690005619e+00
2.777309007480127434e+00 1.932481825641659823e+00 1.235527392742430175e+00
2.778590520536110109e+00 1.936139106290944101e+00 1.237148130228407972e+00
2.779899341766521648e+00 1.939918248185909855e+00 1.239409844034483399e+00
2.781164118074120228e+00 1.943606816519768410e+00 1.241521302862021336e+00
2.782584737334577785e+00 1.947784440241120629e+00 1.243853952039097210e+00
2.783781352328142056e+00 1.951373412152117570e+00 1.245571275289373503e+00
2.783814240331136780e+00 1.951472185528735359e+00 1.245620154076789721e+00
2.784990266284401716e+00 1.955026473212374105e+00 1.246959538786379662e+00
2.786252056826187484e+00 1.958905197767017992e+00 1.248050998667689315e+00
2.787442204201760809e+00 1.962548531833947951e+00 1.249098463390428515e+00
2.788649940568321828e+00 1.966216291582055131e+00 1.250143453856196629e+00
2.789763987662597700e+00 1.969688270524855289e+00 1.251163228324906562e+00
2.790905364367953112e+00 1.973154396325876636e+00 1.252230004276580821e+00
2.792146079708516915e+00 1.977025588338502171e+00 1.253463857440946683e+00
2.793435462818384618e+00 1.980988054710618673e+00 1.254741070600988939e+00
2.794602752719856031e+00 1.984662617889737746e+00 1.255755221938548383e+00
2.795822280859433295e+00 1.988527633872997136e+00 1.256617231699277859e+00
2.795854752077967742e+00 1.988626126619782664e+00 1.256637274887135725e+00
2.797035184032820254e+00 1.992394783498969701e+00 1.257558931199218355e+00
2.798292284323371959e+00 1.996363757593427213e+00 1.258571140120547938e+00
2.799546914406661813e+00 2.000334601136033008e+00 1.259638090121419918e+00
2.800636871749697221e+00 2.003809728083610242e+00 1.260593313976597463e+00
2.803853017321816132e+00 2.014237308730510101e+00 1.262782767976706300e+00
2.804730550914197540e+00 2.017039557713724562e+00 1.263460796400861730e+00
2.805014579831649701e+00 2.017942462210819077e+00 1.263878342116671050e+00
2.806193360456403774e+00 2.021654520466216631e+00 1.265981975683839078e+00
2.807525015100001742e+00 2.025889573636363572e+00 1.268505551043686452e+00
2.807554017004040503e+00 2.025990640429417233e+00 1.268567221899821851e+00
2.808763648563078696e+00 2.029897954330118992e+00 1.270514959466283678e+00
2.809897222560329588e+00 2.033591796029246890e+00 1.271851650006696755e+00
2.810971423622711018e+00 2.037200520637046708e+00 1.272989948405709004e+00
2.811994154516007427e+00 2.040593444223374853e+00 1.274008730353003660e+00
2.813176460794337252e+00 2.044497934322131893e+00 1.275165335305098901e+00
2.814270977006769758e+00 2.048185368867283529e+00 1.276236699256560581e+00
2.815316559514953632e+00 2.051684743534148314e+00 1.277219557976673192e+00
2.816466380796300406e+00 2.055593357791648312e+00 1.278295367201535582e+00
2.817597877524297356e+00 2.059395079704793297e+00 1.279071999491978584e+00
2.818664921760433373e+00 2.063098045511750911e+00 1.279805222522382380e+00
2.819775582251076607e+00 2.066899124624825390e+00 1.280502262817397652e+00
2.820773727022003463e+00 2.070296509660035866e+00 1.281261251793512690e+00
2.821788289512287662e+00 2.073788483727438958e+00 1.282096811304390682e+00
2.822747410596395667e+00 2.077086743865168561e+00 1.282906900816428442e+00
2.823838880939144147e+00 2.080800303041409727e+00 1.283839803518427969e+00
2.824821894076589679e+00 2.084210984394828881e+00 1.284510251167043871e+00
2.825934344935350673e+00 2.088119296760913901e+00 1.285212909844140272e+00
2.827136642555695634e+00 2.092318681560441096e+00 1.286011151299792710e+00
2.828254213410758666e+00 2.096165522691407546e+00 1.287415832254066750e+00
2.829316546848256397e+00 2.099801903214435050e+00 1.289350574176839626e+00
2.830485234704572584e+00 2.103856011732592179e+00 1.291386007795980229e+00
2.831607469597743787e+00 2.107786664437439228e+00 1.293147558097952343e+00
2.831635958542148224e+00 2.107888061445107653e+00 1.293193022632736611e+00
2.832738982816449536e+00 2.111827098612995890e+00 1.294499059695287002e+00
2.833818345066327460e+00 2.115742396467295450e+00 1.295511557585907303e+00
2.834812181786263707e+00 2.119342627394022571e+00 1.296363073105514019e+00
2.835772425374698535e+00 2.122865362666128686e+00 1.297149485801119440e+00
2.837069995048695503e+00 2.127569179514364084e+00 1.298187588334370091e+00
2.837096950288331865e+00 2.127670200630860542e+00 1.298207466466098303e+00
2.838096197920181307e+00 2.131366419100638065e+00 1.298905229882614920e+00
2.839012797272901345e+00 2.134767388591944481e+00 1.299427740887882710e+00
2.839892492517264166e+00 2.138058321595244671e+00 1.299960489241950290e+00
2.840838261894371719e+00 2.141571291996718251e+00 1.300541841072051508e+00
2.841867219755978002e+00 2.145379987769586716e+00 1.301170983162976524e+00
2.842868792997248928e+00 2.149092032476454861e+00 1.301844885421401310e+00
2.843887724876359435e+00 2.152900811061106534e+00 1.302565283334468971e+00
2.845067538400817941e+00 2.157310461265719681e+00 1.303448234150941021e+00
2.846023372482361147e+00 2.160922151588777762e+00 1.304030298994849790e+00
2.846974788257123912e+00 2.164524911985221678e+00 1.304562957606393736e+00
2.847974226666859288e+00 2.168329566072475068e+00 1.305168299786682473e+00
2.849032997255531718e+00 2.172235551171742163e+00 1.305862655299105723e+00
2.850064149631775123e+00 2.176046789766192813e+00 1.306569740018262982e+00
2.851206706026380822e+00 2.180259423060053159e+00 1.307380885887402311e+00
2.852110131824936001e+00 2.183588164718546665e+00 1.308486481080732400e+00
2.853010524184934393e+00 2.186933883047687655e+00 1.309786757763588882e+00
2.853898286867673662e+00 2.190263607703348825e+00 1.311029772509974212e+00
2.854790159815035810e+00 2.193597408733630516e+00 1.312172203147349725e+00
2.855685749407066876e+00 2.197015553471703964e+00 1.313256423447922039e+00
2.856617192856583110e+00 2.200535577567736212e+00 1.314276640626379278e+00
2.857717405412858458e+00 2.204751839765386023e+00 1.315381901758134076e+00
2.858717710007180557e+00 2.208676808680269055e+00 1.316162442335331528e+00
2.859639513376914799e+00 2.212276591627849953e+00 1.316773719235493800e+00
2.860587934859980308e+00 2.215997379370900688e+00 1.317374493679976943e+00
2.861611351540562787e+00 2.219994665068388606e+00 1.318009970835631872e+00
2.862492213384499440e+00 2.223492269633805307e+00 1.318582176466668532e+00
2.863372603850157017e+00 2.226991503377150572e+00 1.319132637640298755e+00
2.864313949379744706e+00 2.230699761083962507e+00 1.319732502484718406e+00
2.865226469532113907e+00 2.234393192990997257e+00 1.320229798879375860e+00
2.866099532575483444e+00 2.237882916028559155e+00 1.320663991152556171e+00
2.867013439585812229e+00 2.241588777179226444e+00 1.321138633795469142e+00
2.868004613734580044e+00 2.245574162928249962e+00 1.321648204264837423e+00
2.868814235001507562e+00 2.248878318136740440e+00 1.322106324979476000e+00
2.869707014607707052e+00 2.252468370169183665e+00 1.322603809172179901e+00
2.870588916077891461e+00 2.256068734675376941e+00 1.323135675245115550e+00
2.871499332016282935e+00 2.259737624035919712e+00 1.323613211043978222e+00
2.872359592163499009e+00 2.263238435524523418e+00 1.324014525846503032e+00
2.873244247400424278e+00 2.266824173637528972e+00 1.324437973792912837e+00
2.874184427401629272e+00 2.270709302203243407e+00 1.324906961972894370e+00
2.874991061331345854e+00 2.273988970333848059e+00 1.325339676294966740e+00
2.875810336252774491e+00 2.277364879009350140e+00 1.325784877460546296e+00
2.876766870859674974e+00 2.281239630389725548e+00 1.326302946375082170e+00
2.876791357152669537e+00 2.281339793557553008e+00 1.326317902400352189e+00
2.877782647944194583e+00 2.285322654550592247e+00 1.327247152217483128e+00
2.880399559594039705e+00 2.295966754986828562e+00 1.330811849069129194e+00
2.881298477693071458e+00 2.299661507928685289e+00 1.331944588450092892e+00
2.882220447625492010e+00 2.303528206640477194e+00 1.332934543841442387e+00
2.882245426448645009e+00 2.303629081033641945e+00 1.332953851075834972e+00
2.883177968548224168e+00 2.307495321220460305e+00 1.333428817016861556e+00
2.883956460216418272e+00 2.310864632337762625e+00 1.333677532882750816e+00
2.884847236044632890e+00 2.314601826209663926e+00 1.333931881141848796e+00
2.885666375984587972e+00 2.318154399054543457e+00 1.334194334166882934e+00
2.886428077208391230e+00 2.321417823649504442e+00 1.334411547549943400e+00
2.887244035485658333e+00 2.324973742677148625e+00 1.334690631889634327e+00
2.888112714688131355e+00 2.328712364314762695e+00 1.335020148587600541e+00
2.888959165871004764e+00 2.332366168013677576e+00 1.335340180616326977e+00
2.889812140529507190e+00 2.336011266587389112e+00 1.335621253315088408e+00
2.890645150650857254e+00 2.339664762295655898e+00 1.335892809711250795e+00
2.891424350463558834e+00 2.343006072088863689e+00 1.336166707241387863e+00
2.892246483927033207e+00 2.346552058590758882e+00 1.336436796530416027e+00
2.893020889466206391e+00 2.349899025503895622e+00 1.336683946686905378e+00
2.893790358362831494e+00 2.353235854826708717e+00 1.336952224648861653e+00
2.894583207614991771e+00 2.356680588869419779e+00 1.337223452696324033e+00
2.895414992715617863e+00 2.360216741796309137e+00 1.337498992404576592e+00
2.896301745757194901e+00 2.363947114886475021e+00 1.337818717714558847e+00
2.897205331238941639e+00 2.367764140123614247e+00 1.338134864195502205e+00
2.898127238502621328e+00 2.371689362013116309e+00 1.338455049407076380e+00
2.899019171535624384e+00 2.375609933757772740e+00 1.338760746635445198e+00
2.899881941495168203e+00 2.379324663031998632e+00 1.339068640505069796e+00
2.900813580759131760e+00 2.383436052361957547e+00 1.339377773236952951e+00
2.901573212847678551e+00 2.386755501125010337e+00 1.339610423232143965e+00
2.902411387670683851e+00 2.390395679931647255e+00 1.340187589128121859e+00
2.903266670717727926e+00 2.394036954329529010e+00 1.340936391107339531e+00
2.904058836065735782e+00 2.397485097469572057e+00 1.341615910189849048e+00
2.904892951265183765e+00 2.401090360550307778e+00 1.342286683801235725e+00
2.905671618540428547e+00 2.404509656451303101e+00 1.342811445487540167e+00
2.906530324824730283e+00 2.408300550178934074e+00 1.343244816858600643e+00
2.906551544670313625e+00 2.408397345820106228e+00 1.343255959241460573e+00
2.907371617765906802e+00 2.411986350302630644e+00 1.343623836713193631e+00
2.908245708577742228e+00 2.415764543078926962e+00 1.343908252880283483e+00
2.909107750089298339e+00 2.419635136482202853e+00 1.344153674986823477e+00
2.909915117759802161e+00 2.423215397889026512e+00 1.344329766705117946e+00
2.910730725601237801e+00 2.426881295044407416e+00 1.344502678751369418e+00
2.910752100525322295e+00 2.426981050137245521e+00 1.344509529908758383e+00
2.911623365451122325e+00 2.430838522230196919e+00 1.344636382382535800e+00
2.912355059016128678e+00 2.434113349287052586e+00 1.344748927264685978e+00
2.913070855314415120e+00 2.437280837488672525e+00 1.344859303787867999e+00
2.913901526781783158e+00 2.441038567966207218e+00 1.344965383743903509e+00
2.914730864419984080e+00 2.444694581278536560e+00 1.345098672826244623e+00
2.915535781281449523e+00 2.448340514350575869e+00 1.345215690556072374e+00
2.916293426538939748e+00 2.451700197969078232e+00 1.345327773510269997e+00
2.917197724156172622e+00 2.455722165180654226e+00 1.345428267299724423e+00
2.917975836277422186e+00 2.459170391066245465e+00 1.345549939927716432e+00
2.918721267548756604e+00 2.462517071792627910e+00 1.345624837519890038e+00
2.919492693606671629e+00 2.465958675945111533e+00 1.345749562324449311e+00
2.920333309879740380e+00 2.469672112014407173e+00 1.345855819840599876e+00
2.921150066700610726e+00 2.473406527163993118e+00 1.345952760307012719e+00
2.921171394852718706e+00 2.473500531761667176e+00 1.345956605558487285e+00
2.921924667080583848e+00 2.476832354869339614e+00 1.346024672255898835e+00
2.922729330677362292e+00 2.480452990543411840e+00 1.346119308143430615e+00
2.923532663131755527e+00 2.484062242486663852e+00 1.346193455760957391e+00
2.924223564406253306e+00 2.487197294965560523e+00 1.346250663569727113e+00
2.924972944938883046e+00 2.490606684769724133e+00 1.346336339883597688e+00
2.925802953769708559e+00 2.494291722254976307e+00 1.346372579894616228e+00
2.925824023100263016e+00 2.494384328190090372e+00 1.346371457952739270e+00
2.926624511184725108e+00 2.497975813174391213e+00 1.346544045054137939e+00
2.927425276976794777e+00 2.501551643870588038e+00 1.346784702403196254e+00
2.928196647453241930e+00 2.505044751713981555e+00 1.346979210702603291e+00
2.929089628533801282e+00 2.509093102815374454e+00 1.347118371758229127e+00
2.929837629166971880e+00 2.512485077078821849e+00 1.347206308342982384e+00
2.930519236853354581e+00 2.515591860514084566e+00 1.347233259819951678e+00
2.931278456049829728e+00 2.518958151200686224e+00 1.347242482388068208e+00
2.932043924861294393e+00 2.522422734718294812e+00 1.347201616363231214e+00
2.932920431901575142e+00 2.526262288924644217e+00 1.347231156871795399e+00
2.933603526517489790e+00 2.529345945243631100e+00 1.347230715965403780e+00
2.934407822432929525e+00 2.532988987032253725e+00 1.347226395224292661e+00
2.934428367074094712e+00 2.533083293014152915e+00 1.347229440795552291e+00
2.935194122806551231e+00 2.536518219607033942e+00 1.347153339175515940e+00
2.935903706325225127e+00 2.539768516714651980e+00 1.347041708702349627e+00
2.936617999573335247e+00 2.542931827174628623e+00 1.346957227582567418e+00
2.937290657314924669e+00 2.545983911238446584e+00 1.346838327832763360e+00
2.938002388188869496e+00 2.549241474236075611e+00 1.346710377814828608e+00
2.938780953756022107e+00 2.552750552774504911e+00 1.346667570058207142e+00
2.939531134091972309e+00 2.556166010814453493e+00 1.346549083701393368e+00
2.940401674389562015e+00 2.560055296347025333e+00 1.346483430888789856e+00
2.941112350402142361e+00 2.563192192352372167e+00 1.346479349556379601e+00
2.941898596862601245e+00 2.566627321123035710e+00 1.346578127478394116e+00
2.942705309214762366e+00 2.570232123729581097e+00 1.346752122208060509e+00
2.943448580514088420e+00 2.573559668740831086e+00 1.346847119912616408e+00
2.944162115495979393e+00 2.576790717245288853e+00 1.347021912250570219e+00
2.946555322442214297e+00 2.587273372160051821e+00 1.347713501258824387e+00
2.947329349555553257e+00 2.590659409804365598e+00 1.347959901721174081e+00
