1.125360341028230016e+00 7.499633343970661947e-01 -1.208097967241383386e-04
1.125484863136796854e+00 7.499487604506759331e-01 -1.555422726740994955e-04
1.125484587152977500e+00 7.499482323825003016e-01 -1.557994146199957297e-04
1.125507326657458451e+00 7.499381275588148377e-01 -7.047223890195340810e-05
1.125542151069961694e+00 7.499326358957973948e-01 1.871329543504737661e-04
1.125575881134498912e+00 7.499301103304454319e-01 5.792090540386159387e-04
1.125618512670856441e+00 7.499249736086648355e-01 1.226009702836609568e-03
1.125668284847555434e+00 7.499212627652592777e-01 2.036593226403552760e-03
1.125737269128939344e+00 7.499275033239852783e-01 3.195529423512110702e-03
1.125830578173097285e+00 7.499321367915897651e-01 4.539887012228647177e-03
1.125878140595149679e+00 7.499223544867631430e-01 6.063349489914080653e-03
1.125938204949268551e+00 7.499269198836572281e-01 8.006826433029072543e-03
1.126001218237484780e+00 7.499276547624964540e-01 1.031590220849534084e-02
1.126087745302562171e+00 7.499294449590578893e-01 1.238801023599840970e-02
1.126236295862186543e+00 7.499316283397974292e-01 1.435651157484126375e-02
1.126376124449398386e+00 7.499360826454355422e-01 1.704361262972852939e-02
1.126416135297497956e+00 7.499351283251550759e-01 2.033963326660945259e-02
1.126438123696122062e+00 7.499361290863575391e-01 2.389414415165316483e-02
1.126468067304063903e+00 7.499322265095086371e-01 2.768575771998078167e-02
1.126510672383707279e+00 7.499311145307426818e-01 3.170620021933581723e-02
1.126585199203803400e+00 7.499324841699825939e-01 3.630239124874005269e-02
1.126643570011828022e+00 7.499343484748577371e-01 4.087929102734901010e-02
1.126688152228050077e+00 7.499374402029536091e-01 4.507087469436969751e-02
1.126726243274243089e+00 7.499354726008771177e-01 5.068539932474616649e-02
1.126780064890640753e+00 7.499372250125418971e-01 5.607109415196295105e-02
1.126813817343039315e+00 7.499384636686656780e-01 6.119015534908522902e-02
1.126859101538214780e+00 7.499358315497838268e-01 6.695575710732024066e-02
1.126910748088624459e+00 7.499341359978369814e-01 7.334871395371270197e-02
1.126955447694639512e+00 7.499337585406011808e-01 8.004687001055291184e-02
1.126969860723117778e+00 7.499357496064804618e-01 8.632908698374383571e-02
1.127021061905516985e+00 7.499337552461740053e-01 9.259072168032905781e-02
1.127047985152664911e+00 7.499378022816899358e-01 1.003627088751620766e-01
1.127105158007365215e+00 7.499440699272983402e-01 1.070496703169478703e-01
1.127199584586904280e+00 7.499602874885595849e-01 1.138766908279322115e-01
1.127369277536699022e+00 7.499860865698693146e-01 1.219335082015691046e-01
1.127370660318827600e+00 7.499864502347759476e-01 1.221500564646012255e-01
1.127438275375606702e+00 7.499947098038551863e-01 1.297880057292898903e-01
1.127520279043324081e+00 7.500059709057740331e-01 1.384443086666388156e-01
1.127524270090736414e+00 7.500074881487267531e-01 1.386680008708966461e-01
1.127586568362669350e+00 7.500169586335216909e-01 1.469911487149384299e-01
1.127644717231076843e+00 7.500183342507850126e-01 1.549080291732099490e-01
1.127700646264417905e+00 7.500288151645886359e-01 1.644532411539821048e-01
1.127702798123269234e+00 7.500308317532065061e-01 1.646804956900980166e-01
1.127785289311785233e+00 7.500507579801977132e-01 1.732169290240625492e-01
1.127840082490844331e+00 7.500599709418608319e-01 1.823041973180087316e-01
1.127841701151915510e+00 7.500614980775712759e-01 1.825311399846482330e-01
1.127950853147096533e+00 7.500855240196376839e-01 1.915207975516908800e-01
1.127957408976079767e+00 7.500879465572029003e-01 1.917322213379054896e-01
1.128034784103775001e+00 7.500996293137930371e-01 1.991108532447169455e-01
1.128086282253901729e+00 7.501072901494395540e-01 2.063909467663569974e-01
1.128137610571256833e+00 7.501213027865551997e-01 2.150739798692112292e-01
1.128174199621441387e+00 7.501277408619446696e-01 2.230917074312833703e-01
1.128253097243296477e+00 7.501435133935144828e-01 2.326630520465420571e-01
1.128336240641701016e+00 7.501703182977924600e-01 2.414990978328353244e-01
1.128450690799218670e+00 7.501973950644580391e-01 2.505775447803289535e-01
1.128565589236405931e+00 7.502177890947328009e-01 2.584995816232554255e-01
1.128662908862692049e+00 7.502438396438861901e-01 2.671548342356188099e-01
1.128664209133920959e+00 7.502445458463415928e-01 2.676098406180167921e-01
1.128764621178648619e+00 7.502769166221391339e-01 2.762945519769380853e-01
1.128893227969709923e+00 7.503158646936016751e-01 2.844092688688065196e-01
1.128982349591195034e+00 7.503485878016515898e-01 2.935472791259457481e-01
1.129076869229036273e+00 7.503745143788254079e-01 3.017597761098850806e-01
1.129328861865646294e+00 7.504837449919895542e-01 3.234451532307550115e-01
1.129425360007859425e+00 7.505254004465923279e-01 3.318991639139838856e-01
1.129509325172940892e+00 7.505602983395037731e-01 3.408292554096307714e-01
1.129511023610915155e+00 7.505593757961123158e-01 3.410622758038133751e-01
1.129602413642762482e+00 7.505988598213544361e-01 3.491407263018025953e-01
1.129711247305410282e+00 7.506508439503728480e-01 3.566396837580381729e-01
1.129808556047965151e+00 7.506931940006683623e-01 3.647028812037583778e-01
1.129919620648753620e+00 7.507392745168546266e-01 3.731788801270025102e-01
1.130025238733696868e+00 7.507931154688393116e-01 3.817224311413840443e-01
1.130148103651512637e+00 7.508592387232495557e-01 3.906558590427096078e-01
1.130239352540494790e+00 7.509159379044899607e-01 3.994175032783351398e-01
1.130354550139012870e+00 7.509837991738147478e-01 4.077296980795831471e-01
1.130475817243234316e+00 7.510499455049820527e-01 4.165157240465202082e-01
1.130577971876295162e+00 7.511062107788218922e-01 4.249937707456256097e-01
1.130672399885683355e+00 7.511610598517299842e-01 4.342084696415378642e-01
1.130785391039714094e+00 7.512204182581453393e-01 4.441253544712970847e-01
1.130870640917979175e+00 7.512744238820846521e-01 4.519400717191208172e-01
1.131023691933383590e+00 7.513475831841048835e-01 4.616031488202491095e-01
1.131128272535943502e+00 7.513991170727701840e-01 4.704156145741157924e-01
1.131224085105261956e+00 7.514513767525987653e-01 4.801272078579180147e-01
1.131308691841744540e+00 7.515104457883394762e-01 4.885788204255430145e-01
1.131409271957894758e+00 7.515810993266560658e-01 4.965329761109545936e-01
1.131506108554966250e+00 7.516466599240608781e-01 5.047195109360874676e-01
1.131606585217556749e+00 7.517196145024077625e-01 5.121738025157286378e-01
1.131710602211823957e+00 7.517958027513205188e-01 5.208658195634092714e-01
1.131848194439467381e+00 7.518904696171869739e-01 5.295137801237886910e-01
1.131944657238586949e+00 7.519610001387700970e-01 5.373600697913911706e-01
1.132051985229393765e+00 7.520441979534243648e-01 5.464883868285708157e-01
1.132171988082185887e+00 7.521078713773394764e-01 5.550293519965842082e-01
1.132258063258711589e+00 7.521698640922065415e-01 5.626679335864559484e-01
1.132365722776302208e+00 7.522572238791503940e-01 5.710216576692227486e-01
1.132445269531225485e+00 7.523237439705597884e-01 5.799558857203175322e-01
1.132533504476060049e+00 7.523984614291159279e-01 5.888392749592864517e-01
1.132638559590777305e+00 7.524881823506593959e-01 5.977186770619613565e-01
1.132641631917375324e+00 7.524891944099506569e-01 5.979464195351786859e-01
1.132738395704877776e+00 7.525702019494704409e-01 6.069014800707976942e-01
1.132826304719531496e+00 7.526475225261118895e-01 6.160924387730840612e-01
1.132926075674391964e+00 7.527327080543219084e-01 6.246190478902803322e-01
1.132994580108350746e+00 7.527917512577472214e-01 6.329130401352642821e-01
1.133068165130919791e+00 7.528626213975417869e-01 6.412235448882331879e-01
1.133155208396319669e+00 7.529293360760896947e-01 6.506143916354726331e-01
1.133158026597528956e+00 7.529322445125045116e-01 6.508450044129986400e-01
1.133248804709864554e+00 7.530075679849833614e-01 6.603578851581106690e-01
1.133250198413626952e+00 7.530075228437578261e-01 6.605911628164090610e-01
1.133316790331623025e+00 7.530670777069683464e-01 6.697554835175488774e-01
1.133383917648714156e+00 7.531254711054927720e-01 6.782954384765808031e-01
1.133480517037458890e+00 7.532158145012385342e-01 6.871115264562174252e-01
1.133547331958426163e+00 7.532840752617693258e-01 6.965497213671717480e-01
1.133549498156835256e+00 7.532867171146673257e-01 6.967826099411958962e-01
1.133658067063251007e+00 7.533868720527072682e-01 7.061806028191355278e-01
1.133746780139288646e+00 7.534598866990407373e-01 7.157831219761382480e-01
1.133795388936468251e+00 7.535146052388577154e-01 7.245860061278436293e-01
1.133900823784391276e+00 7.536040978459044304e-01 7.340239604086077341e-01
1.133976714427093357e+00 7.536657570967351116e-01 7.432239075110375071e-01
1.134058103410783280e+00 7.537581255140424208e-01 7.515125826209582138e-01
1.134120410650860888e+00 7.538259049068143369e-01 7.592067463271023886e-01
1.134179285797482173e+00 7.538956294795899904e-01 7.679336866353214663e-01
1.134374432691233947e+00 7.540832745773865531e-01 7.895174653960533862e-01
1.134424810873428502e+00 7.541395574626852394e-01 7.974770514893809725e-01
1.134471438057275572e+00 7.542037124737864806e-01 8.062429751729189853e-01
1.134535062735143374e+00 7.542683552404207958e-01 8.141216233305753613e-01
1.134611887693762311e+00 7.543486040005705773e-01 8.228955857096983406e-01
1.134685356465749750e+00 7.544320205100012444e-01 8.311170516599040159e-01
1.134748566718839946e+00 7.545035767014313111e-01 8.393012940380567555e-01
1.134755022921094980e+00 7.545112641638045403e-01 8.397588974466488887e-01
1.134823828939105494e+00 7.546198079291936978e-01 8.473359068582478892e-01
1.134912412608543697e+00 7.547334645364945915e-01 8.558520584564401901e-01
1.134986092877618979e+00 7.548370638205310623e-01 8.644139512623744137e-01
1.135063957917441080e+00 7.549180814854429267e-01 8.730716361249746260e-01
1.135131432152157061e+00 7.550347536272402627e-01 8.815450931696104941e-01
1.135215484644289230e+00 7.551302800150746508e-01 8.908765161322884651e-01
1.135275317367829384e+00 7.552148496587778315e-01 9.004026306634336230e-01
1.135337769500673444e+00 7.553167310983462945e-01 9.100607035107559639e-01
1.135390671463354373e+00 7.553983687472001218e-01 9.176404986230091154e-01
1.135468664739905043e+00 7.554965838936988920e-01 9.262593266695021699e-01
1.135541549939801387e+00 7.555986917491750443e-01 9.355149700754769038e-01
1.135603582958882640e+00 7.557036568766949403e-01 9.436115904549443600e-01
1.135648937386227075e+00 7.557651997516929843e-01 9.515109813603112032e-01
1.136456173244115186e+00 7.569339555882452775e-01 9.606383260543659430e-01
1.136500152762111693e+00 7.569972757929440688e-01 9.608673812296607553e-01
1.138353107750831761e+00 7.596853944503261236e-01 9.687662239330677716e-01
1.140377195130098054e+00 7.627121572352142387e-01 9.779105772401832652e-01
1.142250807591940420e+00 7.655649721034867294e-01 9.864329343951825368e-01
1.144061503165582971e+00 7.684040587578782056e-01 9.936836283504124623e-01
1.145835421351877326e+00 7.712522100861205487e-01 9.996239142689871127e-01
1.147687231343347047e+00 7.742810674623397116e-01 1.003236205563734496e+00
1.149788838097647536e+00 7.776737710552947824e-01 1.004479601221006879e+00
1.151798900633788536e+00 7.809454499875768674e-01 1.003913326942915241e+00
1.153667707074509385e+00 7.839686489120215596e-01 1.002603989849833344e+00
1.155724310202026484e+00 7.872160894683992716e-01 1.000842928335000215e+00
1.155776994116822998e+00 7.872997175177242069e-01 1.000826703236864290e+00
1.157608156142236444e+00 7.902180322041640892e-01 1.001655456243175646e+00
1.159551653586418762e+00 7.933198350183301439e-01 1.005647720944041978e+00
1.161703867500917475e+00 7.967691972208725826e-01 1.012223943895721012e+00
1.163537756562038172e+00 7.997712050730998445e-01 1.017716928996310388e+00
1.165270672419697284e+00 8.026404266191625725e-01 1.022414721198239951e+00
1.167072478771526312e+00 8.056536612248691442e-01 1.025803821763432433e+00
1.168899139808553311e+00 8.087882274887420175e-01 1.027944730220187397e+00
1.170682276001976163e+00 8.117938837230368465e-01 1.027747875665077082e+00
1.170733029393351332e+00 8.118765197267685529e-01 1.027673377627001061e+00
1.172533850374848363e+00 8.149354858491454356e-01 1.023972737896439167e+00
1.174168397472008962e+00 8.176912992178488881e-01 1.019806889473769296e+00
1.176503040714114157e+00 8.216157387816304114e-01 1.014508472888532742e+00
1.178284887725585595e+00 8.245207423945256631e-01 1.011366797957295560e+00
1.180400057915844458e+00 8.279814625467420974e-01 1.010184429350399871e+00
1.180454988812141393e+00 8.280647220867126679e-01 1.010192399233875715e+00
1.182206931172439024e+00 8.309054159292025288e-01 1.011834653197898115e+00
1.184078508266767527e+00 8.338916969912940624e-01 1.015622835489059517e+00
1.186007408445878708e+00 8.370289870588963899e-01 1.020339352836533431e+00
1.188016310299278455e+00 8.403140997194058492e-01 1.024725439728869203e+00
1.190194961943424889e+00 8.439312791592933349e-01 1.028903823591523325e+00
1.192090942390592101e+00 8.471291656607515819e-01 1.031841596582574683e+00
1.193924811337113479e+00 8.502646012483376925e-01 1.033863127195012943e+00
1.198518824338663968e+00 8.581572580603007427e-01 1.037213883487184241e+00
1.198567140514321672e+00 8.582409560885886357e-01 1.037244184709349426e+00
1.200481965808931184e+00 8.616054920091593683e-01 1.037919074506892470e+00
1.200534163654297215e+00 8.616861646639467631e-01 1.037895809143273285e+00
1.202239120946241746e+00 8.646588469766155471e-01 1.037320725642815633e+00
1.203952438640834899e+00 8.676256738909959854e-01 1.037683549222433443e+00
1.206037492334745220e+00 8.711534457459623182e-01 1.040865688223335805e+00
1.208193290970879685e+00 8.748408388920888568e-01 1.046741335530796180e+00
1.210146831732614725e+00 8.782310203088786738e-01 1.052263216073594077e+00
1.210199011061882768e+00 8.783182446255459741e-01 1.052392861743443708e+00
1.212081904937091670e+00 8.816409032699996651e-01 1.056901682340365189e+00
1.213874337919902180e+00 8.848535694950147024e-01 1.059043968835235328e+00
1.215765587667435810e+00 8.882765119964646239e-01 1.058573128107374695e+00
1.217207986648163098e+00 8.909409693393546270e-01 1.055949407115914340e+00
1.218914772079836784e+00 8.940305378489163957e-01 1.051241406482545049e+00
1.220539999425103828e+00 8.969289350898876911e-01 1.047200386202594702e+00
1.222630164615692960e+00 9.006447529473957658e-01 1.043890282758410448e+00
1.224690447367063006e+00 9.042896843682868280e-01 1.042686814052874000e+00
1.226560934289494753e+00 9.075757830875650356e-01 1.042091441048482503e+00
1.228304090234316748e+00 9.106137356367713931e-01 1.041794520939879343e+00
1.230043598312298592e+00 9.135936079472477545e-01 1.042240727021273017e+00
1.232221886392457000e+00 9.173523608428749698e-01 1.045159893931131290e+00
1.234394325699414541e+00 9.211088777726861299e-01 1.051523932920316762e+00
1.236091921238522406e+00 9.240893375701284551e-01 1.058025663799144089e+00
1.237799259399596119e+00 9.271375344097817495e-01 1.063752669015259444e+00
1.239547097004212173e+00 9.303029483682202505e-01 1.068175207768883750e+00
1.241313246395499670e+00 9.335766650640333619e-01 1.070824563602287505e+00
1.243042924491825962e+00 9.368244442899322788e-01 1.071585498730322383e+00
1.244496121566071256e+00 9.396108199117245707e-01 1.070052005224915392e+00
1.245961552538897843e+00 9.423953133417545258e-01 1.066199074961204696e+00
1.247504660152870537e+00 9.452183820676386405e-01 1.062511745493055049e+00
1.249373097857032544e+00 9.486841902997571463e-01 1.058767746272521793e+00
1.250993370940154392e+00 9.516216323990556170e-01 1.056738274282023715e+00
1.252985804434144645e+00 9.552055799814362924e-01 1.056006094967859799e+00
1.254775815956372886e+00 9.583411590155133108e-01 1.056379768420455445e+00
1.256442843281246002e+00 9.612702662682506283e-01 1.058557214565935878e+00
1.258141242036207474e+00 9.643236511388078025e-01 1.062504319212811188e+00
1.260021646767936598e+00 9.676891363525432777e-01 1.067422116353466066e+00
1.261835865722223948e+00 9.709894725145826744e-01 1.071874424580084195e+00
1.263751812877584202e+00 9.745189854638377502e-01 1.075570837747541253e+00
1.265598768642077099e+00 9.779801085157060481e-01 1.077952651423001784e+00
1.267241675050749805e+00 9.810458962002963634e-01 1.079342519029468095e+00
1.268838687744869853e+00 9.840940208342764395e-01 1.079915530209664576e+00
1.270142746463788663e+00 9.867481877143774449e-01 1.079259435467521344e+00
1.271658340135156218e+00 9.897051142818200642e-01 1.076344517392673783e+00
1.273455178585079617e+00 9.931000694900881109e-01 1.072513359436878755e+00
1.274975781430169652e+00 9.959787392361905134e-01 1.069919371207232128e+00
1.276718700391157757e+00 9.992476259760874058e-01 1.068129659205758974e+00
1.278713951602562737e+00 1.002944737737686998e+00 1.067425151944568107e+00
1.280565152241173177e+00 1.006300391633108138e+00 1.068109813847138767e+00
1.280612953452905600e+00 1.006388228285264308e+00 1.068164910654739286e+00
1.282583963635720581e+00 1.010011840588931342e+00 1.071846606547405933e+00
1.284516536067300763e+00 1.013560793199792753e+00 1.077343803854223125e+00
1.286223596653740087e+00 1.016747348576388710e+00 1.081825763853694777e+00
1.287922237698102101e+00 1.019946866852087464e+00 1.085242402218865809e+00
1.289886663821892876e+00 1.023685295932265982e+00 1.087447991172457273e+00
1.291618438164964022e+00 1.027046183943416846e+00 1.088639075321374605e+00
1.293268035496976553e+00 1.030217855410272998e+00 1.089495443991259416e+00
1.297249075005630914e+00 1.037970949644294372e+00 1.085767409870663114e+00
1.298962222063124727e+00 1.041335997085865328e+00 1.082002652132637577e+00
1.299005634989814251e+00 1.041421341118242250e+00 1.081901012271152318e+00
1.300626142607376634e+00 1.044523044542527312e+00 1.078750101949444984e+00
1.300675827311242649e+00 1.044609637999720064e+00 1.078683223603207342e+00
1.302417153738951727e+00 1.047904933782531911e+00 1.077805239856692854e+00
1.304178975381673933e+00 1.051171672771411769e+00 1.079355321725523176e+00
1.306113414343908818e+00 1.054815078909835169e+00 1.083938539690042502e+00
1.306166511619106130e+00 1.054910624156503829e+00 1.084092452378807581e+00
1.307975831535521216e+00 1.058347558882862360e+00 1.089995542997463263e+00
1.308022122064519843e+00 1.058435577160808494e+00 1.090128035403311157e+00
1.309630233100182561e+00 1.061535471010063070e+00 1.093109412729275087e+00
1.311344240087153779e+00 1.064828508690114806e+00 1.094651804243384152e+00
1.313137691551606867e+00 1.068305826349898791e+00 1.095809311041509693e+00
1.314908848384842122e+00 1.071762056972497490e+00 1.096651668482481856e+00
1.316688650655676085e+00 1.075314757278114097e+00 1.097357606759697735e+00
1.316732942301023002e+00 1.075407212624442499e+00 1.097376476910515208e+00
1.318469617417606488e+00 1.078918968064862316e+00 1.097570225674895594e+00
1.320056528583734901e+00 1.082183159421885810e+00 1.095899185470486037e+00
1.321963498561592232e+00 1.086009451904245582e+00 1.092548653732260844e+00
1.323630093294723586e+00 1.089364095877776384e+00 1.089839071418224226e+00
1.323671508262887375e+00 1.089455070400903391e+00 1.089778400714633166e+00
1.325351976770934748e+00 1.092761736284670215e+00 1.088438054308881853e+00
1.327331449899044724e+00 1.096595146876864657e+00 1.088214833245514157e+00
1.327374497545150245e+00 1.096685549419046612e+00 1.088212442712387817e+00
1.329166323091497626e+00 1.100103434879229347e+00 1.088866730312303854e+00
1.331009932010933872e+00 1.103665631612061881e+00 1.092016251377170954e+00
1.332901322790961851e+00 1.107324751989195555e+00 1.096918734304303200e+00
1.334453841224354731e+00 1.110362730225955996e+00 1.100325162595269246e+00
1.336125017190646469e+00 1.113653699448044820e+00 1.102971844740466389e+00
1.337954560088342237e+00 1.117309077702729025e+00 1.104594657355076448e+00
1.339594772658283972e+00 1.120634258243193182e+00 1.105454182180416467e+00
1.341238234327498891e+00 1.123933995429764465e+00 1.106070637999173378e+00
1.342945440595895601e+00 1.127416687147939856e+00 1.106495760714441001e+00
1.344659325836752517e+00 1.130897270164896717e+00 1.106827153873753078e+00
1.344703709303699979e+00 1.130984867398968641e+00 1.106832248962270837e+00
1.346417375987665199e+00 1.134566389303604206e+00 1.106326270075641327e+00
1.347929141347867787e+00 1.137659525669288518e+00 1.104235341377935331e+00
1.349610683148317669e+00 1.141098693334509084e+00 1.101317378258239943e+00
1.351263315332995152e+00 1.144487865478766242e+00 1.098792559885116704e+00
1.351350241781915873e+00 1.144663736508271912e+00 1.098682658285467850e+00
1.353211794906878040e+00 1.148410044594672552e+00 1.097105390396522218e+00
1.354760126452135616e+00 1.151437975940568625e+00 1.097663903672163155e+00
1.356565827859406603e+00 1.155001784805861131e+00 1.101006418449525848e+00
1.358556549106439970e+00 1.158952595740429636e+00 1.106259527775273144e+00
1.360357588103117576e+00 1.162567697180602266e+00 1.109910821486014276e+00
1.361974240421898630e+00 1.165819942366603801e+00 1.112503233888550103e+00
1.363648402964485751e+00 1.169228249798773156e+00 1.113729891326268762e+00
1.365071389317241923e+00 1.172177461682837096e+00 1.114220119805269471e+00
1.366567613341056919e+00 1.175304071553592511e+00 1.114424251360828011e+00
1.368154626342962921e+00 1.178615336668492608e+00 1.114528615201643591e+00
1.369820980931851340e+00 1.182181600109702746e+00 1.114151650061372623e+00
1.371628315031736989e+00 1.185976729707289401e+00 1.111345925818228109e+00
1.373179478226905559e+00 1.189224695303963131e+00 1.108344708543062440e+00
1.374772396012720055e+00 1.192505369100449686e+00 1.105886701865010036e+00
1.376452066233039506e+00 1.196007217618838547e+00 1.104481793355447383e+00
1.376497169781461860e+00 1.196096781141609444e+00 1.104455055015867826e+00
1.378133893620530070e+00 1.199386568494417826e+00 1.103954164974672247e+00
1.379848890568174724e+00 1.202782117012824559e+00 1.105280187161988614e+00
1.381659212809649206e+00 1.206438516126832505e+00 1.109287685201673535e+00
1.383446026060199063e+00 1.210046277285482974e+00 1.114816855061176781e+00
1.385084710636457661e+00 1.213398796620418274e+00 1.118397757453780228e+00
1.386701467733501669e+00 1.216753542330835991e+00 1.120298544504618965e+00
1.388299154027724969e+00 1.220082213145522232e+00 1.121305426255794657e+00
1.389834755228274377e+00 1.223322528254469077e+00 1.121639828385987636e+00
1.391179348044656594e+00 1.226192659135626695e+00 1.121669518407315325e+00
1.392692356509283691e+00 1.229402350055446957e+00 1.121600571393021273e+00
1.394287126281908318e+00 1.232800182441017300e+00 1.120603133926790118e+00
1.395865960847411325e+00 1.236181048916739522e+00 1.117559570541473812e+00
1.397335764812092762e+00 1.239303295819909279e+00 1.114462948563756939e+00
1.398826251338586735e+00 1.242463439855706842e+00 1.112110128666040865e+00
1.402891806474219072e+00 1.250910146797492573e+00 1.109382082676741987e+00
1.404420694342410902e+00 1.254054710778435000e+00 1.108782464638635279e+00
1.406285432563461280e+00 1.257810156495929199e+00 1.109396239159094133e+00
1.407804182106899171e+00 1.260891919892184632e+00 1.112258056716302734e+00
1.409459059863020558e+00 1.264263210906615420e+00 1.116925064141517376e+00
1.410932692138421984e+00 1.267287852176888663e+00 1.120828765671668226e+00
1.412406611237813969e+00 1.270348062680425993e+00 1.123718600229199227e+00
1.413952879127860385e+00 1.273585668458229403e+00 1.125526803975820611e+00
1.415602714437150134e+00 1.277097431479813805e+00 1.126572660937297243e+00
1.417099611139780668e+00 1.280336211933937207e+00 1.127101403763541176e+00
1.418719985656174298e+00 1.283885480419536318e+00 1.126648940462674942e+00
1.420085002859021950e+00 1.286892643614075737e+00 1.124607550670539968e+00
1.420125813188056307e+00 1.286981853661463227e+00 1.124518146724068135e+00
1.421557935547291374e+00 1.290069986516502176e+00 1.121810353515613201e+00
1.422975216606581217e+00 1.293083424604916321e+00 1.119542198213875128e+00
1.424588851765821396e+00 1.296488226485672524e+00 1.117602197206871928e+00
1.426100934005363863e+00 1.299633635256253195e+00 1.116612321135248553e+00
1.427760930784228721e+00 1.303064811087861985e+00 1.116246462502922032e+00
1.429603043268042661e+00 1.306841960879509434e+00 1.116860654605636771e+00
1.431236371870947321e+00 1.310197231640325199e+00 1.119866596616337695e+00
1.432796855599893338e+00 1.313416124122104067e+00 1.123458661400298153e+00
1.434356482188583026e+00 1.316715640164861423e+00 1.126737655033368535e+00
1.436171434969555127e+00 1.320517365485180283e+00 1.129370673820312643e+00
1.437581663500111517e+00 1.323509324144050980e+00 1.130578111673123498e+00
1.439114576439771032e+00 1.326848378651949378e+00 1.131281424779468914e+00
1.440670030921459066e+00 1.330175607659968895e+00 1.131642708119327212e+00
1.442114718112387006e+00 1.333364643744509248e+00 1.131298365055640520e+00
1.443581252136697302e+00 1.336672659536783936e+00 1.128974838402094116e+00
1.445175559922853292e+00 1.340180879499814015e+00 1.125785004412167556e+00
1.445214381469482667e+00 1.340270703484018666e+00 1.125716030645422139e+00
1.446709848350751004e+00 1.343501785812812210e+00 1.123065764806022271e+00
1.448231235332269051e+00 1.346741488871643133e+00 1.121618432906236418e+00
1.449779069685929178e+00 1.349991160600518381e+00 1.120812024918842686e+00
1.451426791812084227e+00 1.353433146022207545e+00 1.120510464777483062e+00
1.453317762944347669e+00 1.357338464847279269e+00 1.120503559395508164e+00
1.453361765381801396e+00 1.357429823454300521e+00 1.120509224113672708e+00
1.455015040347959809e+00 1.360845462861343558e+00 1.121449654827387121e+00
1.455239915029318487e+00 1.361303625820208918e+00 1.121791116892056905e+00
1.456868454468417839e+00 1.364683669397346977e+00 1.124897205434043146e+00
1.457132435950854621e+00 1.365232400607377938e+00 1.125521194436182038e+00
1.458819970320633930e+00 1.368780780604685443e+00 1.129029197050333444e+00
1.458863520505404576e+00 1.368872511030095440e+00 1.129107487476643579e+00
1.460602134517595463e+00 1.372578688891734622e+00 1.131512412051405958e+00
1.462185087978403519e+00 1.375946501323256799e+00 1.132973306682991455e+00
1.463869686136787696e+00 1.379584154036327837e+00 1.134058094229639435e+00
1.465447420688279045e+00 1.383021560705884223e+00 1.134110052640044941e+00
1.466893923866372074e+00 1.386183851971350300e+00 1.132418220610729831e+00
1.468466372388646413e+00 1.389683238964852574e+00 1.129430705926073086e+00
1.469881535862246125e+00 1.392806542442148743e+00 1.126992829407271079e+00
1.471549438190194126e+00 1.396418987351900398e+00 1.125125528105638040e+00
1.471590980947906857e+00 1.396508398930614181e+00 1.125088648659341883e+00
1.472982887571628652e+00 1.399500288755245236e+00 1.124200064545300748e+00
1.474441361477061063e+00 1.402590329465065899e+00 1.123969023188192695e+00
1.475957254586461431e+00 1.405774501749255334e+00 1.123942283982354962e+00
1.477339546902890710e+00 1.408719675200618582e+00 1.123604263549831561e+00
1.478932422998530782e+00 1.412068326588141742e+00 1.123243805022888342e+00
1.480602621055347790e+00 1.415536331094603639e+00 1.125005295155984353e+00
1.480647613380911665e+00 1.415631784310005248e+00 1.125093072957040086e+00
1.482488131803652909e+00 1.419495498138834799e+00 1.129245078509369726e+00
1.484084836371841964e+00 1.422896019690909508e+00 1.132864435820934768e+00
1.485503345432747091e+00 1.425911138172163195e+00 1.135808044449340581e+00
1.487138124787447335e+00 1.429452848503000695e+00 1.137597178282975907e+00
1.488675845270192255e+00 1.432819019731643273e+00 1.138430157993540526e+00
1.490342554645143869e+00 1.436607702809284071e+00 1.136976339069844411e+00
1.491926173419023005e+00 1.440137604809593963e+00 1.133713149215189286e+00
1.493641911843729186e+00 1.443845223343779960e+00 1.130036637753351059e+00
1.495112303251542762e+00 1.447085934481945113e+00 1.127864881176344980e+00
1.496592731007607924e+00 1.450259975352438335e+00 1.126597023145206933e+00
1.498242513283655653e+00 1.453799622500714595e+00 1.126103719880133802e+00
1.499637617546164758e+00 1.456790663925762619e+00 1.125580230149632488e+00
1.503370768629646692e+00 1.464805068078885109e+00 1.122059160048995752e+00
1.505073773763198064e+00 1.468413508826003078e+00 1.120364101070854268e+00
1.505118214341813365e+00 1.468501234263650534e+00 1.120320174895791832e+00
1.506586343982194265e+00 1.471575806069412407e+00 1.119280202228137400e+00
1.508119187463441646e+00 1.474729063342839819e+00 1.119853196764953873e+00
1.509651459663448714e+00 1.477943857118515725e+00 1.122702272518106614e+00
1.511290535132145285e+00 1.481369661779938340e+00 1.127661481473539062e+00
1.512842914397052763e+00 1.484654695579188166e+00 1.132582351389991970e+00
1.512886756470274152e+00 1.484746709471445936e+00 1.132684739244281591e+00
1.514401157298161049e+00 1.487984128436480535e+00 1.134976860121676756e+00
1.516078790087802108e+00 1.491680376699288324e+00 1.134803465489282237e+00
1.517771221565424655e+00 1.495423928760273968e+00 1.133538637247690772e+00
1.519180965391121241e+00 1.498559654785451833e+00 1.132007768527892200e+00
1.520647785351700865e+00 1.501785675677609344e+00 1.130671076295669097e+00
1.522241946032850679e+00 1.505270442033192602e+00 1.129658938489142894e+00
1.522284561210431653e+00 1.505358978254927926e+00 1.129632444573753780e+00
1.523923164405035058e+00 1.508934358821999666e+00 1.128156146686885686e+00
1.523963164722144548e+00 1.509015307283213536e+00 1.128117387699221430e+00
1.525393375234595839e+00 1.512109076983909617e+00 1.126161541041262204e+00
1.526962100565041114e+00 1.515515051366584487e+00 1.123948832983471924e+00
1.528352987769323823e+00 1.518491291651782982e+00 1.122648905175654521e+00
1.530093951320720791e+00 1.522108927894110231e+00 1.123449802708688550e+00
1.530137146030921658e+00 1.522200223379617912e+00 1.123508323364823314e+00
1.531913556364295825e+00 1.525941814166246413e+00 1.127495771385156775e+00
1.533664995894413963e+00 1.529616765995926109e+00 1.132811331452421744e+00
1.533707615040893479e+00 1.529706507073343769e+00 1.132948546293486292e+00
1.535396030444847737e+00 1.533352168463910203e+00 1.137836109646499949e+00
1.537016296718267450e+00 1.536898638923950289e+00 1.139559659145494619e+00
1.537056314539393842e+00 1.536987673046699143e+00 1.139567070167611273e+00
1.538509736363538050e+00 1.540374250905651277e+00 1.138739087240654646e+00
1.539999345460258962e+00 1.543781265313725282e+00 1.136234427353376653e+00
1.541548995920710929e+00 1.547173193130094937e+00 1.133425567879523088e+00
1.543069943263792876e+00 1.550487138993218661e+00 1.130905107804208276e+00
1.544546865136358527e+00 1.553744017936973254e+00 1.128959240543757181e+00
1.545882773672762056e+00 1.556771337330159044e+00 1.127441665318838604e+00
1.547329446321001223e+00 1.559922336426040834e+00 1.124732325362678642e+00
1.548692364835805080e+00 1.562861942779663504e+00 1.122459024465666477e+00
1.550351084934725510e+00 1.566372614019644782e+00 1.120377501075642046e+00
1.552039180200780022e+00 1.569891064238150058e+00 1.119042460990189891e+00
1.553540831858602811e+00 1.572977420138468752e+00 1.118663867393744793e+00
1.555146261894280624e+00 1.576290284950353060e+00 1.120587516335394662e+00
1.556892687524344732e+00 1.579947980816137409e+00 1.125104381531908837e+00
1.558687498998434062e+00 1.583731463514258309e+00 1.130724794599361260e+00
1.560217374276260394e+00 1.586980523405805199e+00 1.132945783106262372e+00
1.561818735237167743e+00 1.590513435292302491e+00 1.133334544555623102e+00
1.563209952131930258e+00 1.593546765776028717e+00 1.132638646325082155e+00
1.564886211649225034e+00 1.597208641854749533e+00 1.131237143873758733e+00
1.566542707491717978e+00 1.600873689785425436e+00 1.129968871206319170e+00
1.566585005887207505e+00 1.600963417635687502e+00 1.129936377757778443e+00
1.568021209206923228e+00 1.604042684341515423e+00 1.128528900400660673e+00
1.569538121803655928e+00 1.607325480127852924e+00 1.125351989975839517e+00
1.571224314250140974e+00 1.611014917152404635e+00 1.121506279075159540e+00
1.572737325644645079e+00 1.614239932623554585e+00 1.118507417745639998e+00
1.574455371620358646e+00 1.617815569809076592e+00 1.116273992111567193e+00
1.576032606707119310e+00 1.621058673424473184e+00 1.115257095553625399e+00
1.577673262239760232e+00 1.624418964681871413e+00 1.114995266625613102e+00
1.579221365597119231e+00 1.627537729901814778e+00 1.115074592883276150e+00
1.581021825144665272e+00 1.631231444955415277e+00 1.117369891512557833e+00
1.582735431463771825e+00 1.634771019087555288e+00 1.121242006124159252e+00
1.584500978327719523e+00 1.638424538626194638e+00 1.124868713645641227e+00
1.585968595189927388e+00 1.641501278870433733e+00 1.126910471806278125e+00
1.587512874888059811e+00 1.644756534467244347e+00 1.127876092658492535e+00
1.588998954913992900e+00 1.647911409502862856e+00 1.128012896251034070e+00
1.590526504739321778e+00 1.651243610525336969e+00 1.127753553650881368e+00
1.592072994774413663e+00 1.654565369259237251e+00 1.127328263774305839e+00
1.593777413905712148e+00 1.658276777159162663e+00 1.126298175271997160e+00
1.597399600303028411e+00 1.666020487508439007e+00 1.118861524585990308e+00
1.599058075559009584e+00 1.669574136324633473e+00 1.115199533382018382e+00
1.600566414312207364e+00 1.672734191937051529e+00 1.112620032154007843e+00
1.602402492793679079e+00 1.676461910026417979e+00 1.111543083287872324e+00
1.604275629677113901e+00 1.680215318770399646e+00 1.111949037019867914e+00
1.605847039767863915e+00 1.683431010746123668e+00 1.114358008259587196e+00
1.607605460745520798e+00 1.687015898734218755e+00 1.118115837449684680e+00
1.607694688464710531e+00 1.687198359500408973e+00 1.118308639572608287e+00
1.609347478767038098e+00 1.690616660956822948e+00 1.121607784993239543e+00
1.611246564068670839e+00 1.694540379302253985e+00 1.123279966371792948e+00
1.612920241565659385e+00 1.698074508683144357e+00 1.124006355829840764e+00
1.614467901186936727e+00 1.701316050073280461e+00 1.124241329489272356e+00
1.616108293839579879e+00 1.704815113695694162e+00 1.124028924959493247e+00
1.616187851944325127e+00 1.704996688997150844e+00 1.124014298487683083e+00
1.617696358757319874e+00 1.708229865706057282e+00 1.123245189819686463e+00
1.619339824104659264e+00 1.711836323476038313e+00 1.120146349177625567e+00
1.620832114708368188e+00 1.715037364385445295e+00 1.116641001178630521e+00
1.622444669376045479e+00 1.718427784995068430e+00 1.113347937988031555e+00
1.623895344884379366e+00 1.721466186288875821e+00 1.111069308677617107e+00
1.625543168847397135e+00 1.724890703675355796e+00 1.109661656942472430e+00
1.627153801297413160e+00 1.728152414887700328e+00 1.108933223878290075e+00
1.628963295567756209e+00 1.731796969613474957e+00 1.108651238609646983e+00
1.630676599460756826e+00 1.735254682508259094e+00 1.110636155013670745e+00
1.632423297314328003e+00 1.738802271387237752e+00 1.114056408723563374e+00
1.632470667092193573e+00 1.738891650332007099e+00 1.114143298413962313e+00
1.633963584945385517e+00 1.741942380200462548e+00 1.116788689605253015e+00
1.635403743697485535e+00 1.744903883098689379e+00 1.118018861571242084e+00
1.637221281271199480e+00 1.748668829848676776e+00 1.118700001355148022e+00
1.637262466570145847e+00 1.748760385014827889e+00 1.118712193093111873e+00
1.638847964518041156e+00 1.752091594006090380e+00 1.118787955901306086e+00
1.640508288048033947e+00 1.755582878444357453e+00 1.118507231237776844e+00
1.641958518245133281e+00 1.758682971750278545e+00 1.117743570521632535e+00
1.643442943594691119e+00 1.761754839718122412e+00 1.114815474659512029e+00
1.644856138647805555e+00 1.764740336072395666e+00 1.111556691622602511e+00
1.646479050609384709e+00 1.768134077556200001e+00 1.108328768330299585e+00
1.648212182151915783e+00 1.771707626987242046e+00 1.105953894115124569e+00
1.649747272554078492e+00 1.774828368070337392e+00 1.104422021924543307e+00
1.651361374072566779e+00 1.778064303529223622e+00 1.103536360956416384e+00
1.653010712305841956e+00 1.781314735453244369e+00 1.102969896755911616e+00
1.654630708074508627e+00 1.784487240642799399e+00 1.102781628155020899e+00
1.654679951656927273e+00 1.784575748409866103e+00 1.102796573339740238e+00
1.656218116328747492e+00 1.787619060346555599e+00 1.104319729334267031e+00
1.657832806978169149e+00 1.790826506774475968e+00 1.106944843512805532e+00
1.659633136392185460e+00 1.794436081782371017e+00 1.109949728040668715e+00
1.661391698791581106e+00 1.797988571002323566e+00 1.111597476390552286e+00
1.663034955709341345e+00 1.801323345808218068e+00 1.112567746290529014e+00
1.664765235401897581e+00 1.804824493253530227e+00 1.112801219930520391e+00
1.664809265606335131e+00 1.804913037889505967e+00 1.112799126748556189e+00
1.666331335967529803e+00 1.808115437498605482e+00 1.112107860478874999e+00
1.667932047984863830e+00 1.811384406477155595e+00 1.108686205004028258e+00
1.669457967932478581e+00 1.814575441344381979e+00 1.104862760423889867e+00
1.670932788177448725e+00 1.817578163216973186e+00 1.101439940623643476e+00
1.672490306796133863e+00 1.820785027027376213e+00 1.099031485773889871e+00
1.674178710727824537e+00 1.824179549930051492e+00 1.097489365442056108e+00
1.675942180848593477e+00 1.827678317488281579e+00 1.096357772558757215e+00
1.675985006198244864e+00 1.827770044382919234e+00 1.096337962441716884e+00
1.677509980261218558e+00 1.830746797223621325e+00 1.095916884060721186e+00
1.679331992834800724e+00 1.834265703201985342e+00 1.097344490525121952e+00
1.681387655546237703e+00 1.838307675509891048e+00 1.100535300427012864e+00
1.683165450894321902e+00 1.841813185320894553e+00 1.103205935702170626e+00
1.684745023799575137e+00 1.844959396614488600e+00 1.105067827133176639e+00
1.688922132141927879e+00 1.853263834207899086e+00 1.105973602763433039e+00
1.690593760909153476e+00 1.856653715545510730e+00 1.105942538765175787e+00
1.692107531422793354e+00 1.859764916482803621e+00 1.105277688939907188e+00
1.693462006318943391e+00 1.862602964459969535e+00 1.102996356263260758e+00
1.694968976653923542e+00 1.865633966127917098e+00 1.099314646700843889e+00
1.696551747850922442e+00 1.868838629212852265e+00 1.095089658993772419e+00
1.698227619620350293e+00 1.872223168230009449e+00 1.091162904213290652e+00
1.699849133862217920e+00 1.875374308647783650e+00 1.088327773300886481e+00
1.701718157259731523e+00 1.879035525302006127e+00 1.086583319274631698e+00
1.701762890640899251e+00 1.879123704171643761e+00 1.086549588585084214e+00
1.703640864792104193e+00 1.882723361662129502e+00 1.085631820040215745e+00
1.705395978439804061e+00 1.886056530282429033e+00 1.086912144629328392e+00
1.707400017008763982e+00 1.889873791019422766e+00 1.090140657187558482e+00
1.709173028840305530e+00 1.893270646193748075e+00 1.093095570496782853e+00
1.709217283203366744e+00 1.893359459234756903e+00 1.093164109460219580e+00
1.711049770922780766e+00 1.896911447929054084e+00 1.094639251005659952e+00
1.712619887882194547e+00 1.899942393422392461e+00 1.094787649103981186e+00
1.714376439915313410e+00 1.903415819004981469e+00 1.094577669260156316e+00
1.716103717085215585e+00 1.906780845534078672e+00 1.094039636222171152e+00
1.716149563622536567e+00 1.906867953627843004e+00 1.094021310512487632e+00
1.717598806807105305e+00 1.909725761944175204e+00 1.093409603020250920e+00
1.719183003290635670e+00 1.912866670429287153e+00 1.090596734385507416e+00
1.721071171850516057e+00 1.916566591686411858e+00 1.085922561508946282e+00
1.722739521273970009e+00 1.919812992473163948e+00 1.081897419160637641e+00
1.724390928848559490e+00 1.923012584829817850e+00 1.078910619822858186e+00
1.726237038181225536e+00 1.926556386929951126e+00 1.076985537421095263e+00
1.728035230332105598e+00 1.929922409672862882e+00 1.075753192688230220e+00
1.729914830613672461e+00 1.933387436790437786e+00 1.075268441335075487e+00
1.731694374249170609e+00 1.936684995593456637e+00 1.077214979089371250e+00
1.733467617175341591e+00 1.940001936328915377e+00 1.079924878017828993e+00
1.733515792188988991e+00 1.940089273650162704e+00 1.079998697046262723e+00
1.735341652954551117e+00 1.943522886314861253e+00 1.082311413588181948e+00
1.735388714167510171e+00 1.943608826419349400e+00 1.082339853861690404e+00
1.737170492966589652e+00 1.946987270744299003e+00 1.082732127015784807e+00
1.738998200045976938e+00 1.950437559516181807e+00 1.082624039928200110e+00
1.740538198030967099e+00 1.953355985714933851e+00 1.082372303515127143e+00
1.742137461347193828e+00 1.956467860331253750e+00 1.081335125995586566e+00
1.743811503513067240e+00 1.959646510203853387e+00 1.078041125515906806e+00
1.745580755826467101e+00 1.963057922126230315e+00 1.073818510575549334e+00
1.745623831816841109e+00 1.963147495111178475e+00 1.073714238826392497e+00
1.747156125022833351e+00 1.966021472527067271e+00 1.070371149471478933e+00
1.749086704814398985e+00 1.969635214881019447e+00 1.067732136771040397e+00
1.750932386419908227e+00 1.973056264057450049e+00 1.065793138859975508e+00
1.750980560587863444e+00 1.973145135022479568e+00 1.065752912637368821e+00
1.752714603096793944e+00 1.976248097954880212e+00 1.064934714939082427e+00
1.754783252495188295e+00 1.980006626053324892e+00 1.066446569041431758e+00
1.756521006388416684e+00 1.983183451472434689e+00 1.070269668017744147e+00
1.758492259762221455e+00 1.986769881393048998e+00 1.073076395984722931e+00
1.760216989758068618e+00 1.989962248012534962e+00 1.073747015252077386e+00
1.761862574078724819e+00 1.993029784481684441e+00 1.073350333178969551e+00
1.763558143381830146e+00 1.996248042515551546e+00 1.072339787427481816e+00
1.763606012313697402e+00 1.996335209145251088e+00 1.072304670035274965e+00
1.765506826649844374e+00 1.999877633534727028e+00 1.070905700310912367e+00
1.765554046886474104e+00 1.999963059077904504e+00 1.070865809382829159e+00
1.767275647534735761e+00 2.003182648601713467e+00 1.069608013274162550e+00
1.769025520687196540e+00 2.006419779518347823e+00 1.068384172577645952e+00
1.770830243731615905e+00 2.009804269222529527e+00 1.066793411328792240e+00
1.772578447082842956e+00 2.013057061189580388e+00 1.063108158930598401e+00
1.772627440811460842e+00 2.013142348855167185e+00 1.062983501432378741e+00
1.774559897625509919e+00 2.016724145555202519e+00 1.058492859856467128e+00
1.776395096521049322e+00 2.020137418426162235e+00 1.054884092731072309e+00
1.776445274532735485e+00 2.020221723473723419e+00 1.054786337406200758e+00
1.778120086248534237e+00 2.023278870633746784e+00 1.052034268807293005e+00
1.781882272894465213e+00 2.029890437814874549e+00 1.052942669020030086e+00
1.783687301614011567e+00 2.033079117312958317e+00 1.057040049750744837e+00
1.785414263203940699e+00 2.036146755088007243e+00 1.061187234681788105e+00
1.785462376326875766e+00 2.036233930740089626e+00 1.061276743980559045e+00
1.787246137646892219e+00 2.039445954178342291e+00 1.063140241856697532e+00
1.788895010987293199e+00 2.042466678872478347e+00 1.062362384734705678e+00
1.790631536513374034e+00 2.045695682447168373e+00 1.060003180325043592e+00
1.792430907982424326e+00 2.049045102064050994e+00 1.056918252037795547e+00
1.792479464173900805e+00 2.049130389391307094e+00 1.056831164941467671e+00
1.794271024507722467e+00 2.052323049120364118e+00 1.054222886060270925e+00
1.795996576001161582e+00 2.055443907178129415e+00 1.052195669881360596e+00
1.797593518837299120e+00 2.058331390876688261e+00 1.049675273210156190e+00
1.799297151908069381e+00 2.061350444596259379e+00 1.045588782705429765e+00
1.801130950059707914e+00 2.064608746387546656e+00 1.041353901835736062e+00
1.803095113426967711e+00 2.068029087615970596e+00 1.037535803126263145e+00
1.804945748208540923e+00 2.071220055764487533e+00 1.034979435600248188e+00
1.807153975659524736e+00 2.074917071206973773e+00 1.034728711576553106e+00
1.807204292280525149e+00 2.075003658525763406e+00 1.034771819230148937e+00
1.808899720531092159e+00 2.077866600232735728e+00 1.037170561823690162e+00
1.810809157841935413e+00 2.081150986392399815e+00 1.041320798295079175e+00
1.812806324468904773e+00 2.084586697631675367e+00 1.042665132728368693e+00
1.814568744320898430e+00 2.087622735472759672e+00 1.042464585634404139e+00
1.816384111379320654e+00 2.090783811917788615e+00 1.040854803775520088e+00
1.818050293632335279e+00 2.093693524087915758e+00 1.038813811276898091e+00
1.818293842216929912e+00 2.094121265545346500e+00 1.038511623734099443e+00
1.820254419960177117e+00 2.097552779539671342e+00 1.036476197986340608e+00
1.822180619234440524e+00 2.100867140236235997e+00 1.034687819301648437e+00
1.822231293156145959e+00 2.100951829201513466e+00 1.034638236441494108e+00
1.824226135092764434e+00 2.104431268272624500e+00 1.032251340725274247e+00
1.825892570067309650e+00 2.107271492956749093e+00 1.029045444732291870e+00
1.827895177986172293e+00 2.110693108838232135e+00 1.025260560692428990e+00
1.829732144284830664e+00 2.113785666557091769e+00 1.022643073936215563e+00
1.831892822386176345e+00 2.117319983837749220e+00 1.022228278809304447e+00
1.833705830585775409e+00 2.120296976674462819e+00 1.024070845075534697e+00
1.835809987252577269e+00 2.123765471086484613e+00 1.027628120826630465e+00
1.837677768846621262e+00 2.126863909054747204e+00 1.030259148629367960e+00
1.839485631457343562e+00 2.129876767932033843e+00 1.031721209742268108e+00
1.841457914576800636e+00 2.133231453923790877e+00 1.031648462029124413e+00
1.841508143614047244e+00 2.133315723325015512e+00 1.031613155600997311e+00
1.843379324224131643e+00 2.136580960885711811e+00 1.028793487955940833e+00
1.845300117164133669e+00 2.139861164329718957e+00 1.024166884536694022e+00
1.847187762145489520e+00 2.143072158443664499e+00 1.019013275859729006e+00
1.849014032256875550e+00 2.146136164913891697e+00 1.014522562412407902e+00
1.850982479886789989e+00 2.149389452040127324e+00 1.011312438831772686e+00
1.852971816977714514e+00 2.152610195785188640e+00 1.009002155088376984e+00
1.854881465336487345e+00 2.155627556424752456e+00 1.007933224501495584e+00
1.856807645542009055e+00 2.158685811747100836e+00 1.008806472962475942e+00
1.858960705583951878e+00 2.162100286078141309e+00 1.010644393210239800e+00
1.861106987893901277e+00 2.165520513036880423e+00 1.011840598806919456e+00
1.863375715862005899e+00 2.169158128197482327e+00 1.012256469752132571e+00
1.865371328827851283e+00 2.172370022124268996e+00 1.012037864770872320e+00
1.867262190144088674e+00 2.175426351977977291e+00 1.011218452827905789e+00
1.869145940388406313e+00 2.178474892925776452e+00 1.010029918368815283e+00
1.871057183092698084e+00 2.181619597346077022e+00 1.008411974302207081e+00
1.871101809994944798e+00 2.181692950820850019e+00 1.008363731732095481e+00
1.873062177269903206e+00 2.184874087811860655e+00 1.004478208519271609e+00
1.874964010676895221e+00 2.187947009531883147e+00 9.994231731937897045e-01
1.876814241371800529e+00 2.190860049344691696e+00 9.949215107349035359e-01
1.879012818635700466e+00 2.194324443443798955e+00 9.908502187497433278e-01
1.881115328145017251e+00 2.197616936930526066e+00 9.879210117833602256e-01
1.883457736782715441e+00 2.201148551390917696e+00 9.871878186856423154e-01
1.885767516415856271e+00 2.204664754258181425e+00 9.898152698588316145e-01
1.887801011877205726e+00 2.207754993197782234e+00 9.934570015150604450e-01
1.889957092761261892e+00 2.211105290617315866e+00 9.947545400254350634e-01
1.891811657640020128e+00 2.214027968162440629e+00 9.936165972744569475e-01
1.894005975057210467e+00 2.217513054435388486e+00 9.911381302703778928e-01
1.899042158841385497e+00 2.225364921408989893e+00 9.835739810826892304e-01
1.901188503308977484e+00 2.228674231381452486e+00 9.805910493254328397e-01
1.903196578701092490e+00 2.231798578334121874e+00 9.774886005746491469e-01
1.904992738019459342e+00 2.234522606860236849e+00 9.744786099120026357e-01
1.907291662760755901e+00 2.237921680586397510e+00 9.729091465515871118e-01
1.909438017229108997e+00 2.241061595992156263e+00 9.739292914506103571e-01
1.911728918611260042e+00 2.244438814159751772e+00 9.758374960357197869e-01
1.914081052575580921e+00 2.247928491912743354e+00 9.773990936975885946e-01
1.916307987830439874e+00 2.251238233983711812e+00 9.777773539046712425e-01
1.916363218087929976e+00 2.251321160684778278e+00 9.777754352106193814e-01
1.918240712862400388e+00 2.254139724056789529e+00 9.775016999165045961e-01
1.920093841446113947e+00 2.256933031517899479e+00 9.755488846303997930e-01
1.921997746737943213e+00 2.259823851412810392e+00 9.712153633120427232e-01
1.924036938450235601e+00 2.262864226854413907e+00 9.655173961684766493e-01
1.926083305588344619e+00 2.265897840200202573e+00 9.602007408648937092e-01
1.928160073409541653e+00 2.268948037428360820e+00 9.559088020634334271e-01
1.930381817021211699e+00 2.272136815102901330e+00 9.527608235478345344e-01
1.932576843890669416e+00 2.275223702003575266e+00 9.518704385591043593e-01
1.934728996179176264e+00 2.278246701622178350e+00 9.538536700881042885e-01
1.936887456905091565e+00 2.281297046909433135e+00 9.570992402547845446e-01
1.939037467869259679e+00 2.284383300852243615e+00 9.577486251676833318e-01
1.941285357412534829e+00 2.287641475891695642e+00 9.562559790671439908e-01
1.943499329594094549e+00 2.290876722260178244e+00 9.539429854873300307e-01
1.945556368864547192e+00 2.293858713696999452e+00 9.512804901713103334e-01
1.947526388969198496e+00 2.296678882909913177e+00 9.486893513970149350e-01
1.949578238910927297e+00 2.299601040652856199e+00 9.462395870614347393e-01
1.951632950061695126e+00 2.302524578293386082e+00 9.441506662555684271e-01
1.953829013235572898e+00 2.305608478884339618e+00 9.420838903898242078e-01
1.956062298342550632e+00 2.308697359170601260e+00 9.404944277228476368e-01
1.958324880251224975e+00 2.311796012947620049e+00 9.401853290970372257e-01
1.960641328221496948e+00 2.314952533116008127e+00 9.399562068533109382e-01
1.963012256919115739e+00 2.318211666691973427e+00 9.393197393384067340e-01
1.965202479845362227e+00 2.321209172920497998e+00 9.383784735193612114e-01
1.967439700549971082e+00 2.324286194923076643e+00 9.371635172890727672e-01
1.969564552751247311e+00 2.327184711109956616e+00 9.357877495282559410e-01
1.971800476659961721e+00 2.330243403775949851e+00 9.340902396179043832e-01
1.973967889086541749e+00 2.333245510129376754e+00 9.318482056852753770e-01
1.976365533663999141e+00 2.336512225313901681e+00 9.267823348888439838e-01
1.976424163521434352e+00 2.336590925066750479e+00 9.266496007469030571e-01
1.978812676298781215e+00 2.339807851452758047e+00 9.214245559413891673e-01
1.981062440278496650e+00 2.342790814416535916e+00 9.190569004463959857e-01
1.983659487283913947e+00 2.346203066076145483e+00 9.191587263202334324e-01
1.985707681958995385e+00 2.348881206896627383e+00 9.204603807991009745e-01
1.988132381870573617e+00 2.352057632269747067e+00 9.219958783521818857e-01
1.988195255339128220e+00 2.352140492656674020e+00 9.220190744292626750e-01
1.990372431764394268e+00 2.355034122773295380e+00 9.227137403081898670e-01
1.992756610608791723e+00 2.358261761359006670e+00 9.211186288815007561e-01
1.992806855437382563e+00 2.358337766697205851e+00 9.210586767238503336e-01
1.994766386906535072e+00 2.361014953525549132e+00 9.174986194428945696e-01
1.996900995364595088e+00 2.363820389069436256e+00 9.119260364757254544e-01
1.996956195204672380e+00 2.363901308667740064e+00 9.117657377675322250e-01
1.999211562650881513e+00 2.366868171006642818e+00 9.060889351366347988e-01
2.001247548510628693e+00 2.369534226708625013e+00 9.021071124263025931e-01
2.003503172524004672e+00 2.372416182218945124e+00 8.984418786082992714e-01
2.005784848114807950e+00 2.375340820445139833e+00 8.957038444312395153e-01
2.007995054571997784e+00 2.378099561972578435e+00 8.949456345297527315e-01
2.010109059401125275e+00 2.380735448228028073e+00 8.952794205224495760e-01
2.012568643453490402e+00 2.383789620777429619e+00 8.942770661353253159e-01
2.018162822423192893e+00 2.390771592662912504e+00 8.904648064992808365e-01
2.020492005764999099e+00 2.393683135929109085e+00 8.886716110420339598e-01
2.022857921150973404e+00 2.396644991760250143e+00 8.866460893076645311e-01
2.025095347493888198e+00 2.399448027921483373e+00 8.845632862305706778e-01
2.027599372323769078e+00 2.402570550558954743e+00 8.822242315967956383e-01
2.030177193286142767e+00 2.405710061755390150e+00 8.807549782882210243e-01
2.032669137432152162e+00 2.408733716066140396e+00 8.812317173440090690e-01
2.032732195648879525e+00 2.408810100430525125e+00 8.812348660739777184e-01
2.035047357586764250e+00 2.411649216426738462e+00 8.801036207085718432e-01
2.037280796297139318e+00 2.414427323520171420e+00 8.781796025200147016e-01
2.039401470278871642e+00 2.417057912733854508e+00 8.761973313836991517e-01
2.041663615687400846e+00 2.419815734949854580e+00 8.739343902946186127e-01
2.043751600558629811e+00 2.422350213212106418e+00 8.718273675671006639e-01
2.045835741037695943e+00 2.424864095172235778e+00 8.697837075607963708e-01
2.048442635939013101e+00 2.428002341936796427e+00 8.672482175670720439e-01
2.050855008235143995e+00 2.430910973532165009e+00 8.649394318074743460e-01
2.053541193324344150e+00 2.434140289180975358e+00 8.620176692908587679e-01
2.055547747130056724e+00 2.436512504894895237e+00 8.589485147023245837e-01
2.058184694979282359e+00 2.439585011738419240e+00 8.568217992819268103e-01
2.060643457004228463e+00 2.442420333398112930e+00 8.555662665035271841e-01
2.063270406260687917e+00 2.445445106693376225e+00 8.543404130407057373e-01
2.065913607623613313e+00 2.448476365295040758e+00 8.528695886931937364e-01
2.068338688025730399e+00 2.451273903073997840e+00 8.512772535426340603e-01
2.070894456212273305e+00 2.454201607022224785e+00 8.494124479650856374e-01
2.073458112561147093e+00 2.457203429892805602e+00 8.470400783538801770e-01
2.075538618438148131e+00 2.459569226295474920e+00 8.435200653038408269e-01
2.077707376297905917e+00 2.462068375440591872e+00 8.385142227679726057e-01
2.080153616030680830e+00 2.464785948666162074e+00 8.335546362626116146e-01
2.082686492854271876e+00 2.467601395287397636e+00 8.310405387542251221e-01
2.085436531210506317e+00 2.470595413542814534e+00 8.306008200448956602e-01
2.088218650058920822e+00 2.473637308219689857e+00 8.311170890765140484e-01
2.088285147099152805e+00 2.473710658599991952e+00 8.311316923966148851e-01
2.090749242105952810e+00 2.476430381041279993e+00 8.308732505799908408e-01
2.093165491438923720e+00 2.479082503165203732e+00 8.298469074892464992e-01
2.095912993420543380e+00 2.482160439031739774e+00 8.276493909601893018e-01
2.098515611749290244e+00 2.485194422619503740e+00 8.226723587654969361e-01
2.101159410456344467e+00 2.488046018938228965e+00 8.158015757150517411e-01
2.104076573973379105e+00 2.491255779509963020e+00 8.086061230404298916e-01
2.106462365207350196e+00 2.493747568042827822e+00 8.033974963957531967e-01
2.109052189832198554e+00 2.496442941513927316e+00 8.000990181151769187e-01
2.111905784423360188e+00 2.499363333126375153e+00 7.992223939646606601e-01
2.111981388528243020e+00 2.499438105510471964e+00 7.992379038455192930e-01
2.114630538663572423e+00 2.502187236425292838e+00 8.009832317459552042e-01
2.116945440280905810e+00 2.504575165883711652e+00 8.029628620093923752e-01
2.119305456688624467e+00 2.507050500830537487e+00 8.043911375543967290e-01
2.122157343217738745e+00 2.510056183725213774e+00 8.030541303463351044e-01
2.124463991954990139e+00 2.512548753768225396e+00 7.997186877441281316e-01
2.126867855115906814e+00 2.515041394673992681e+00 7.942179121236503381e-01
2.129307998770691324e+00 2.517527645981861184e+00 7.880864175059039134e-01
2.132134140657548471e+00 2.520420161019766958e+00 7.821892130229073370e-01
2.134709633747587709e+00 2.522985621222091801e+00 7.797752378248299365e-01
2.137458485454085899e+00 2.525707537772801992e+00 7.801426531492812178e-01
2.140180718999940446e+00 2.528406105883747923e+00 7.816331442484063530e-01
2.142900442837081254e+00 2.531092976674280237e+00 7.826978173183164467e-01
2.145439503106467249e+00 2.533674080881085366e+00 7.815018018913396647e-01
2.150864096216291710e+00 2.539149696404972900e+00 7.715475287961650608e-01
2.153239407847503450e+00 2.541526560679935987e+00 7.655959656716555539e-01
2.155952204739851830e+00 2.544141097995824552e+00 7.595366093964429632e-01
2.156023817086660799e+00 2.544213134714433888e+00 7.594067160133298744e-01
2.158949009949134634e+00 2.547010450679768390e+00 7.560834101717807121e-01
2.159026967562418076e+00 2.547083364392205063e+00 7.560280301823970595e-01
2.161992985216613761e+00 2.549873609733111390e+00 7.555918246231660973e-01
2.165116980466447849e+00 2.552814440394238105e+00 7.567176024801747225e-01
2.168079170246252296e+00 2.555624907177859839e+00 7.578215605026504820e-01
2.168224070568330220e+00 2.555758950744646985e+00 7.578549700620378360e-01
2.170843479407459142e+00 2.558254731069900423e+00 7.578175816149103072e-01
2.173282401668526820e+00 2.560621820046693475e+00 7.559422208821260369e-01
2.175992784875865560e+00 2.563223148570092036e+00 7.511526510412742663e-01
2.176051968718053509e+00 2.563280669576818660e+00 7.510159145316840368e-01
2.178795973030967392e+00 2.565902340243024771e+00 7.437563957267248060e-01
2.181202202267359169e+00 2.568155614755294192e+00 7.395010720900923040e-01
2.183961011424824683e+00 2.570679355730804971e+00 7.370793170853073839e-01
2.187028034730990278e+00 2.573470594450627313e+00 7.353742181647456855e-01
2.187102158160499688e+00 2.573537062297748701e+00 7.353428788524359883e-01
2.190057378786626430e+00 2.576208923477838475e+00 7.338692994605154896e-01
2.192963310114121711e+00 2.578807063918560960e+00 7.321335170022366112e-01
2.195685122180691451e+00 2.581277600000242423e+00 7.297209086976911285e-01
2.198227611744212329e+00 2.583579778384966108e+00 7.253775511985632862e-01
2.200654140568422790e+00 2.585741826958050549e+00 7.196237221572009402e-01
2.203426218796363578e+00 2.588214004826153047e+00 7.128320532462799619e-01
2.206232769018972917e+00 2.590648935783377738e+00 7.067658098376482512e-01
2.209305194274628903e+00 2.593272747345286788e+00 7.029339467273765241e-01
2.212138191707149204e+00 2.595672091677241777e+00 7.021055323182467944e-01
2.214906353344566980e+00 2.598022961923971863e+00 7.023225348828948666e-01
2.217835618962441302e+00 2.600497670641698011e+00 7.025046117716408078e-01
2.220500327035001664e+00 2.602751608735525135e+00 7.021382659562054318e-01
2.223240570014291428e+00 2.605074859051335068e+00 7.004824621139787988e-01
2.225946464531809443e+00 2.607420282113842358e+00 6.969077782257531162e-01
2.228878134300415592e+00 2.609900214072639280e+00 6.908316668482425982e-01
2.228951476906714468e+00 2.609963219969603010e+00 6.906620516650753272e-01
2.231717193609387806e+00 2.612288195540247937e+00 6.847711408304806291e-01
2.234578294045964419e+00 2.614638524372659756e+00 6.811019842859532547e-01
2.237544253124697846e+00 2.617041642347730068e+00 6.786440154831097082e-01
2.240524135054639210e+00 2.619454514152716573e+00 6.768529740291634456e-01
2.243336243326174539e+00 2.621692617216154098e+00 6.751759201870619620e-01
2.246611278689760738e+00 2.624333195045626344e+00 6.728511148666181940e-01
2.246689665565568372e+00 2.624394171182607316e+00 6.727911053982218448e-01
2.249887834613281345e+00 2.626953027195471080e+00 6.701295903297741496e-01
2.252777630734930092e+00 2.629260511036052073e+00 6.674090062229295350e-01
2.255602762928408112e+00 2.631554483957287971e+00 6.639704135295581011e-01
2.258723262166429713e+00 2.633995868553723696e+00 6.590926292699610389e-01
2.258801032437628198e+00 2.634055023447067434e+00 6.589840742332233603e-01
2.261600226548747372e+00 2.636281788046653585e+00 6.554650849337557705e-01
2.264505814823809970e+00 2.638536383751226566e+00 6.521321744456357594e-01
2.267107765893290772e+00 2.640532393186516558e+00 6.492195584938826869e-01
2.270031272718859849e+00 2.642784259463780927e+00 6.460783131542366942e-01
2.272801050832287117e+00 2.644895471321073721e+00 6.431720088111192446e-01
2.275653874563699830e+00 2.647054166177495560e+00 6.401686504743721029e-01
2.278673396114571759e+00 2.649332928456056724e+00 6.369841362142091290e-01
2.282136048449206811e+00 2.651910861749651183e+00 6.339673716453222418e-01
2.282221534348800152e+00 2.651971413569203406e+00 6.339263191498332173e-01
2.285136159430017244e+00 2.654105232353235699e+00 6.328904631068926756e-01
2.288373255887877100e+00 2.656501166913440848e+00 6.300675568309865859e-01
2.291432894351833838e+00 2.658792295441503306e+00 6.255363503936597347e-01
2.294439807960459987e+00 2.661039748286811779e+00 6.204867949461465582e-01
2.297222821459908637e+00 2.663075512599464734e+00 6.159682355335371895e-01
2.300349627408297515e+00 2.665338141028175567e+00 6.114395240426864220e-01
2.308245100791038507e+00 2.670957178685644529e+00 6.015097303372972659e-01
2.311377838292846931e+00 2.673114216210064953e+00 5.980396060348186493e-01
2.314508639999851347e+00 2.675227750543886174e+00 5.968872590558476077e-01
2.317732591826583644e+00 2.677438621758740034e+00 5.970952529797791675e-01
2.321041584833730909e+00 2.679686985218351580e+00 5.970934321411680568e-01
2.321121297038683196e+00 2.679740943670054332e+00 5.970634308774301902e-01
2.324123333556849413e+00 2.681830199041979057e+00 5.946718173674655494e-01
2.326584960784162881e+00 2.683511215697218510e+00 5.909480616131238540e-01
2.329431008112020862e+00 2.685439033583890911e+00 5.850346779434867361e-01
2.332627026272724002e+00 2.687558881411561629e+00 5.788734400727268969e-01
2.335696588012476926e+00 2.689598685471506379e+00 5.752087784952288896e-01
2.339138363056418424e+00 2.691836578101662880e+00 5.719812453556044618e-01
2.342674265244362175e+00 2.694102479569977948e+00 5.691777533137670764e-01
2.345872562402879780e+00 2.696149619085271176e+00 5.665690276956767413e-01
2.349061700453290769e+00 2.698207411846857084e+00 5.637684942023505341e-01
2.349147356241391815e+00 2.698262706433164126e+00 5.636956923654330431e-01
2.352569286003296511e+00 2.700457305546966058e+00 5.604490426087441746e-01
2.355414692113773079e+00 2.702286546232114173e+00 5.575808734876683825e-01
2.358603722741996478e+00 2.704332472691246991e+00 5.537137101322052724e-01
2.361424452026203546e+00 2.706106760767713393e+00 5.493668966208876681e-01
2.364449849621712119e+00 2.707993969654461708e+00 5.447322845388896662e-01
2.367892541765240111e+00 2.710139066818557652e+00 5.398940129826196310e-01
2.370695431730989622e+00 2.711846067597027510e+00 5.363504026546950243e-01
2.373761124397016253e+00 2.713713646718405315e+00 5.327548734555208609e-01
2.376774735165002816e+00 2.715492138940580169e+00 5.293978953751251604e-01
2.380045638661123064e+00 2.717435793476273176e+00 5.258760196627564332e-01
2.383185779621683764e+00 2.719270621491735263e+00 5.228276914423757304e-01
2.386530478233507502e+00 2.721181728871890915e+00 5.216914308592668359e-01
2.389805953231491920e+00 2.723067949569693447e+00 5.212266024279957888e-01
2.393613037962552426e+00 2.725247530642071148e+00 5.198573781777011682e-01
2.396534828217189883e+00 2.726940027040624770e+00 5.180902561902607228e-01
2.399672389798418237e+00 2.728786174293043931e+00 5.151244479311852809e-01
2.402806377897538592e+00 2.730599728625366485e+00 5.097965629807915677e-01
2.405744987524938150e+00 2.732235660867562199e+00 5.032672330452953036e-01
2.408690783520117229e+00 2.733898608066272828e+00 4.969567612171080229e-01
2.411949901817756370e+00 2.735719677474238054e+00 4.919024565973498797e-01
2.415190640485330498e+00 2.737477246999784342e+00 4.879208594785950370e-01
2.418217495337448675e+00 2.739101562357879160e+00 4.848951028995170387e-01
2.421543728381417626e+00 2.740856871492264979e+00 4.817873507578055992e-01
2.424818843047558126e+00 2.742574113222994825e+00 4.788993558237990555e-01
2.427934444521671065e+00 2.744203296205662390e+00 4.759967788907904507e-01
2.430967149452392118e+00 2.745770996403388509e+00 4.730625778518713354e-01
2.434458482243223365e+00 2.747526325830538241e+00 4.704977365112168464e-01
2.437871971959108208e+00 2.749273940654651582e+00 4.695640695929327868e-01
2.441107936185135330e+00 2.750909063424479051e+00 4.690562642019736050e-01
2.444679980939264308e+00 2.752731216019838278e+00 4.676844161051961213e-01
2.444768526121499530e+00 2.752776658440134305e+00 4.676465263564856811e-01
2.448251171980655450e+00 2.754547927418129927e+00 4.655640598404998109e-01
2.451574803887927700e+00 2.756269801402180697e+00 4.613276698752136196e-01
2.451648100150494169e+00 2.756305414218090277e+00 4.612078376353307974e-01
2.455126387734257509e+00 2.758067348109300543e+00 4.541891376206885211e-01
2.455211103309280496e+00 2.758106923314942449e+00 4.540131432522251931e-01
2.458906173127666683e+00 2.759948324156387134e+00 4.470122667977652897e-01
2.462150379755839502e+00 2.761531108250502076e+00 4.416516975024855629e-01
2.465097747139510798e+00 2.762974552124629835e+00 4.370927803575897497e-01
2.468327574712506856e+00 2.764523243911923167e+00 4.330854083592295956e-01
2.468420020331361542e+00 2.764567607447698361e+00 4.329835813024789370e-01
2.472054344910501911e+00 2.766266339921087170e+00 4.290842003924680848e-01
2.475506244008350620e+00 2.767870319171747084e+00 4.255747276042441962e-01
2.479242138599414780e+00 2.769583337168420201e+00 4.218023745635653965e-01
2.482277078933508463e+00 2.770939944341361816e+00 4.190138343472120108e-01
2.485737295416817094e+00 2.772465526414141568e+00 4.176806741416652091e-01
2.494246839146515793e+00 2.776251826315387472e+00 4.154734298574824236e-01
2.497548208776796397e+00 2.777702143237082755e+00 4.144734456822143365e-01
2.500901505229823130e+00 2.779185204483526572e+00 4.122800391523466779e-01
2.503705435330557449e+00 2.780465260834525054e+00 4.085478552141920683e-01
2.506463989087202471e+00 2.781664409650618008e+00 4.026117303342858778e-01
2.510093233551874636e+00 2.783184324724031544e+00 3.933449981310380150e-01
2.513565314020304697e+00 2.784661269705889897e+00 3.853449407902129198e-01
2.517182409326416348e+00 2.786160635074494518e+00 3.789474692226811881e-01
2.520625175324550327e+00 2.787553979634510792e+00 3.740649421414016240e-01
2.524326472925755294e+00 2.788992522155174569e+00 3.702924930664999170e-01
2.524419901841413072e+00 2.789030657478907216e+00 3.702058849902468696e-01
2.527901716111029984e+00 2.790375760482284750e+00 3.672203492180659556e-01
2.531561716994391364e+00 2.791776431701523897e+00 3.643850967988875866e-01
2.535574059141843417e+00 2.793293270348581103e+00 3.617622011778726110e-01
2.538785792293008825e+00 2.794510970051689025e+00 3.608024732311821414e-01
2.542144740533305747e+00 2.795780540265897507e+00 3.594852439660695120e-01
2.545318150706397553e+00 2.796970040209623587e+00 3.579085864254463178e-01
2.548525376304511258e+00 2.798165817170573888e+00 3.553863849387803309e-01
2.551790217338966382e+00 2.799393027350864926e+00 3.523743787688812246e-01
2.555117559472808608e+00 2.800671580527728466e+00 3.490216293359681421e-01
2.558594360224331510e+00 2.801949680248947416e+00 3.458455276704326953e-01
2.562155214563117234e+00 2.803225808334021352e+00 3.438882242180871796e-01
2.565181579328843942e+00 2.804328489766836352e+00 3.408831571127705629e-01
2.568511897691667656e+00 2.805502662921549373e+00 3.351579843697471972e-01
2.572020972819814233e+00 2.806753394412523583e+00 3.282927548429232512e-01
2.575445738839353460e+00 2.807933359809507312e+00 3.221323880973865905e-01
2.578631126349205438e+00 2.809032200572512572e+00 3.168346337607122476e-01
2.582472411251200750e+00 2.810308560917921916e+00 3.119108354012374296e-01
2.586117843082675449e+00 2.811494752032209554e+00 3.082880642463286525e-01
2.590088689134694810e+00 2.812756514498546689e+00 3.048613883202481167e-01
2.593940940165993858e+00 2.813961228536013159e+00 3.017245578183444521e-01
2.597592321506930091e+00 2.815100248526404059e+00 2.987267489353324645e-01
2.601259862205236750e+00 2.816220047924068659e+00 2.955019334025253963e-01
2.605203885638935901e+00 2.817431252906346995e+00 2.918496942545195649e-01
2.608852823756651951e+00 2.818514675825111837e+00 2.891462048477764224e-01
2.612733449463031210e+00 2.819672148046851401e+00 2.873562594830525452e-01
2.616285608596318646e+00 2.820720665693933871e+00 2.855796276128247380e-01
2.619918562239315740e+00 2.821783749670273789e+00 2.834792891749688404e-01
2.623175084807233048e+00 2.822752565512241407e+00 2.809062136180398572e-01
2.626803090945434072e+00 2.823840101656662327e+00 2.775994007251939011e-01
2.630225228438406226e+00 2.824848034302017474e+00 2.743201597753153753e-01
2.633951185045618981e+00 2.825890795254186738e+00 2.714305051275378577e-01
2.637470823441240064e+00 2.826873315639016671e+00 2.700964225653683104e-01
2.640630213890546418e+00 2.827768201621144062e+00 2.683227068692398687e-01
2.644001183473730698e+00 2.828733942057385153e+00 2.644943897003785849e-01
2.647043778149995141e+00 2.829554673239544904e+00 2.584587120611334665e-01
2.650452073827259447e+00 2.830467253381825810e+00 2.508235862616964296e-01
2.654267226543628677e+00 2.831506984235657498e+00 2.427993687706658799e-01
2.657609958248475568e+00 2.832377668183921227e+00 2.364575209282088197e-01
2.661071595738759843e+00 2.833228521125669808e+00 2.318043150818462350e-01
2.664365664858640237e+00 2.834005596230352531e+00 2.285093056555346502e-01
2.668223381349998036e+00 2.834891476587720227e+00 2.254255404137958663e-01
2.672176397386886393e+00 2.835797758098023813e+00 2.224243329734328090e-01
2.676341694835236318e+00 2.836740537810288565e+00 2.191703088689508361e-01
2.680207124452748335e+00 2.837590400817552094e+00 2.159028357174526958e-01
2.684057978740815198e+00 2.838436303478050871e+00 2.130258302737016163e-01
2.687795442579366867e+00 2.839237079424588028e+00 2.106455049662321333e-01
2.691631649224016876e+00 2.840053789859852795e+00 2.079609557496413796e-01
2.694972869025047402e+00 2.840762132854525390e+00 2.054075942356854978e-01
2.698385460568160976e+00 2.841502444761412782e+00 2.024561336926916366e-01
2.702607892433118053e+00 2.842391514997709923e+00 1.985973987088060222e-01
2.702705413107837185e+00 2.842408645624231678e+00 1.985031035882623418e-01
2.706260658576891132e+00 2.843138728204947174e+00 1.955038954690785091e-01
2.709790987163718690e+00 2.843842628235634162e+00 1.933597024355402927e-01
2.718131222877492537e+00 2.845466571957318447e+00 1.887147490537510464e-01
2.718230984703527753e+00 2.845486728483372918e+00 1.886593750092389332e-01
2.721759894555979997e+00 2.846157603434507077e+00 1.862807459639068131e-01
2.725165141687791337e+00 2.846814267843960078e+00 1.833545148368975475e-01
2.729072656536160046e+00 2.847566579190344171e+00 1.797644514340221711e-01
2.733007737545042115e+00 2.848287393826292924e+00 1.765296719755371502e-01
2.737326070394810351e+00 2.849053401730166524e+00 1.740761007305622887e-01
2.741332433025587711e+00 2.849760523554254021e+00 1.717479260885327597e-01
2.741432277915756721e+00 2.849778332999315822e+00 1.716928378962674639e-01
2.744955321992194719e+00 2.850410515574651082e+00 1.692644979906514913e-01
2.748609663904616696e+00 2.851058295874651094e+00 1.664196749888488536e-01
2.752019682559632585e+00 2.851663273648077812e+00 1.631768800607507064e-01
2.755087214141186180e+00 2.852162634632464222e+00 1.582931075295039569e-01
2.758351384383888938e+00 2.852694750657396305e+00 1.511201934245197664e-01
2.762103625687772013e+00 2.853305736260038916e+00 1.431869584309662657e-01
2.765632618891607830e+00 2.853818876095399304e+00 1.361042819111281388e-01
2.765732571562924846e+00 2.853829891755690351e+00 1.359160609484059701e-01
2.769540078884175305e+00 2.854370817139833871e+00 1.303539523457279137e-01
2.773864165265355730e+00 2.854949975676218887e+00 1.258867543548572443e-01
2.777787927930608802e+00 2.855439814896387762e+00 1.223940627219886196e-01
2.781488601562894125e+00 2.855886284740902781e+00 1.195298112116306571e-01
2.785374375488748555e+00 2.856359893923885007e+00 1.168104857107356565e-01
2.789344999820360549e+00 2.856825025084339664e+00 1.141719606022483235e-01
2.793125877046822580e+00 2.857248167956309093e+00 1.113743941215806499e-01
2.797727264320576612e+00 2.857760373226937656e+00 1.077136186234404075e-01
2.801512105190775870e+00 2.858159463436979131e+00 1.045242307619859284e-01
2.801612068343174222e+00 2.858170537666363309e+00 1.044402409165770818e-01
2.805483371158026706e+00 2.858570098696996187e+00 1.014541393390495788e-01
2.809172613669967067e+00 2.858957471962932484e+00 9.872708513441223743e-02
2.809666519258640527e+00 2.859006003171287613e+00 9.836368688634225532e-02
2.813338554319410711e+00 2.859388092463488018e+00 9.555498121085073682e-02
2.816825979406645253e+00 2.859733988623693435e+00 9.275600003955772332e-02
2.820509128443764446e+00 2.860091558928672395e+00 8.969483000562665509e-02
2.820707078378174693e+00 2.860110555538798671e+00 8.952886252386484112e-02
2.824475828105827091e+00 2.860479428328820184e+00 8.632036581846637413e-02
2.827962581924252206e+00 2.860807650707200445e+00 8.333560208405187131e-02
2.831456635722669368e+00 2.861118929645189102e+00 8.027506012158536208e-02
2.834857193454916491e+00 2.861379635786033493e+00 7.774037779866256603e-02
2.838945490119280102e+00 2.861699679504734473e+00 7.495698630987039646e-02
2.839045490991176202e+00 2.861707878937310934e+00 7.489206839345298461e-02
2.843014954063649569e+00 2.862019022886211239e+00 7.204359224241636828e-02
2.846599761379164484e+00 2.862292678357312603e+00 6.932668482624707029e-02
2.850277503715220817e+00 2.862570972511040868e+00 6.648290211218797763e-02
2.854045667147535159e+00 2.862850224736686489e+00 6.348330123640701095e-02
2.854541075324132038e+00 2.862882964901482641e+00 6.308052594027659110e-02
2.858918565184506377e+00 2.863171198206751367e+00 5.988875556230167929e-02
2.862608420760206052e+00 2.863407917734484442e+00 5.743320215139854912e-02
2.866200570591024288e+00 2.863631579166292962e+00 5.497502008729779344e-02
2.870161144321942359e+00 2.863863543732805272e+00 5.212992551190478996e-02
2.873945241580283749e+00 2.864095651741337178e+00 4.914204723894763371e-02
2.877203546325611150e+00 2.864284206707264691e+00 4.652665873904281851e-02
2.880463489797471244e+00 2.864471999339387231e+00 4.382433477153469675e-02
2.884436731189688352e+00 2.864662842597720971e+00 4.102026973899878387e-02
2.888103181099470618e+00 2.864811248350526363e+00 3.853510686922999307e-02
2.891673639567756915e+00 2.864938428971105733e+00 3.602704021105908316e-02
2.895252173741694524e+00 2.865080401247381836e+00 3.334232217605246490e-02
2.898717613446491370e+00 2.865222285978703987e+00 3.065984853141930089e-02
2.901978625979667825e+00 2.865336202909387175e+00 2.806959410790525397e-02
2.905221755830019070e+00 2.865461025136772921e+00 2.545869737967131063e-02
2.908886757879237450e+00 2.865553064473791434e+00 2.276245442880009059e-02
2.912754681650246980e+00 2.865635457610096637e+00 2.006159393447838959e-02
2.916025443192429289e+00 2.865713759296066865e+00 1.772733844487340768e-02
2.919683682145871373e+00 2.865779223224492078e+00 1.500035121491246140e-02
2.923623336747666279e+00 2.865853629442879580e+00 1.202778751821938913e-02
2.923722168058482396e+00 2.865852910549382848e+00 1.195025260178297910e-02
2.927365223494146296e+00 2.865919569877665829e+00 9.142844625028295411e-03
2.931008753733022942e+00 2.865988540013135744e+00 6.250057313150516637e-03
2.940881596638760698e+00 2.866044803185677559e+00 -1.030771198040078464e-03
2.940980653704931225e+00 2.866046686572455648e+00 -1.103001578114619699e-03
2.944224045388785349e+00 2.866072712461726013e+00 -3.494944611971399599e-03
2.947577271701165902e+00 2.866079662465355060e+00 -6.052912606892746697e-03
2.951407260948035294e+00 2.866081610928647105e+00 -8.974144839873569868e-03
2.954930636139831535e+00 2.866084496286965155e+00 -1.167254298918588180e-02
2.958558639632960841e+00 2.866069235983217389e+00 -1.436112997470045949e-02
2.962182939027942830e+00 2.866021539438632804e+00 -1.699772000424617027e-02
2.965415859009082666e+00 2.865973546846573683e+00 -1.939147524692113461e-02
2.969531979698460056e+00 2.865907460754247182e+00 -2.249076213026808893e-02
2.973050470819273983e+00 2.865838873289194844e+00 -2.513216605225404229e-02
