2.250367413188011589e+00 7.499887297800381658e-01 -1.958534098597961232e-04
2.250479363827055934e+00 7.499754236813488406e-01 -2.352349711822566221e-04
2.250501177872550773e+00 7.499728181621332368e-01 -1.923300619198748231e-04
2.250518661580831914e+00 7.499671662656446358e-01 -1.328909020895521219e-05
2.250553784460286977e+00 7.499653052407423415e-01 3.695739652541942216e-04
2.250588695194137845e+00 7.499613379165214200e-01 8.483360649109826122e-04
2.250634462974387517e+00 7.499572267048653096e-01 1.579628648697418720e-03
2.250678833634575327e+00 7.499632057691921760e-01 2.576569568288289164e-03
2.250756488946738187e+00 7.499693410897776413e-01 3.854025743381836629e-03
2.250866009463462714e+00 7.499580472323917890e-01 5.058427372431010399e-03
2.250913506553704924e+00 7.499546556396552432e-01 6.831948831209893463e-03
2.250970857053011365e+00 7.499586367193268321e-01 8.842298518962911011e-03
2.251020979327117200e+00 7.499615396008882939e-01 1.161898523747513338e-02
2.251058480280648588e+00 7.499805041010316753e-01 1.405513727559863472e-02
2.251150331800688686e+00 7.499856443425763075e-01 1.674534230377178190e-02
2.251190027746208688e+00 7.499824833651372868e-01 1.959533345195317577e-02
2.251239049600841202e+00 7.499697665742692809e-01 2.255134857349914632e-02
2.251296440784042119e+00 7.499704282620424101e-01 2.629356301130384224e-02
2.251358887985737134e+00 7.499760407945370577e-01 3.033313478895473606e-02
2.251413883568724739e+00 7.499835906949466890e-01 3.398133591060676501e-02
2.251493824224874096e+00 7.499822589795824834e-01 3.873329270417070341e-02
2.251495050008020193e+00 7.499820703480977180e-01 3.885819119024051110e-02
2.251587274025452334e+00 7.499844226851053453e-01 5.090689419770604712e-02
2.251650089128219623e+00 7.499880797389305576e-01 5.536797677802463707e-02
2.251701565548404282e+00 7.499839383946418359e-01 6.036981483498517903e-02
2.251739972670534495e+00 7.499847387227296380e-01 6.599543993898727978e-02
2.251792841735501760e+00 7.499811000443691311e-01 7.187877905720811700e-02
2.251795080844295249e+00 7.499818586368840467e-01 7.203514030835095339e-02
2.251822861485823335e+00 7.499868800493093568e-01 7.824654224627296262e-02
2.251884122618307948e+00 7.499828785767266304e-01 8.424222124037016035e-02
2.251922080390980963e+00 7.499789075439313724e-01 9.058254969143099411e-02
2.251931845267888477e+00 7.499801648633385165e-01 9.669784553543010752e-02
2.251949228523950186e+00 7.499832667460120117e-01 1.036355402542456505e-01
2.251993359730303457e+00 7.499910861996279543e-01 1.115670659527268349e-01
2.252080055390488944e+00 7.500007286511061189e-01 1.189643710973599805e-01
2.252135373925625572e+00 7.500066304118456761e-01 1.260689324078368700e-01
2.252224601517140989e+00 7.500161146578060434e-01 1.349364329648799765e-01
2.252314648184814416e+00 7.500253051616009303e-01 1.435582405557910557e-01
2.252388558642516525e+00 7.500357256289144070e-01 1.515925173501389278e-01
2.252436026763524612e+00 7.500413523055089460e-01 1.602150572827794051e-01
2.252499586655623443e+00 7.500599142542525577e-01 1.685994140847218714e-01
2.252608193320571939e+00 7.500749936964856701e-01 1.775565877244039970e-01
2.252740970824243405e+00 7.500974926299330825e-01 1.864659961107697494e-01
2.252835116138746319e+00 7.501188432574183995e-01 1.949650027442497990e-01
2.252883927689015131e+00 7.501266919257482124e-01 2.031888347735645306e-01
2.252922557105395462e+00 7.501331038725643774e-01 2.114225803843421958e-01
2.253011574775941828e+00 7.501511990619527115e-01 2.202453662163424419e-01
2.253078508290087711e+00 7.501571601246417309e-01 2.281933938633392278e-01
2.253118308696399730e+00 7.501721967141691261e-01 2.369221248741370522e-01
2.253156950338992992e+00 7.501870231654426124e-01 2.454210608746828781e-01
2.253280187728983641e+00 7.502292256752552957e-01 2.539793533305861328e-01
2.253399755033711482e+00 7.502727590332910479e-01 2.625326485838765933e-01
2.253476405762450785e+00 7.502957379550438954e-01 2.709052920618416627e-01
2.253576971482567526e+00 7.503246408002394174e-01 2.789128977820939381e-01
2.253653426162273821e+00 7.503474376593458617e-01 2.887505705498165098e-01
2.253738191104775801e+00 7.503815136172290456e-01 2.963075700969399207e-01
2.253863851666209950e+00 7.504320667140956802e-01 3.046815963628505264e-01
2.253966475590497787e+00 7.504643793052055978e-01 3.129035410541647910e-01
2.254092547659502177e+00 7.505066985152339942e-01 3.208577656743231143e-01
2.254223900787436285e+00 7.505568936439969141e-01 3.303501815595563662e-01
2.254376640142034649e+00 7.506162716845619087e-01 3.400993139538319721e-01
2.254498000707395367e+00 7.506654781492133610e-01 3.485492494299411437e-01
2.254589408420349717e+00 7.507077477478950600e-01 3.567289417154059783e-01
2.254665667284751152e+00 7.507422971248703947e-01 3.647280962860722786e-01
2.254756043984383229e+00 7.507829436362127851e-01 3.739506641889886462e-01
2.254758702623826938e+00 7.507847861354500774e-01 3.741824441413073576e-01
2.254854953960412356e+00 7.508224372459202378e-01 3.825227683662811851e-01
2.254982234900829052e+00 7.508829447933773604e-01 3.910270732854605469e-01
2.255104296876002667e+00 7.509429736138186762e-01 3.997446270274665481e-01
2.255106572214346183e+00 7.509428815127944246e-01 3.999794078662242125e-01
2.255181883041621482e+00 7.509814387017486048e-01 4.090676239238342782e-01
2.255295917055674781e+00 7.510370162657784565e-01 4.172632364138912919e-01
2.255437710464836432e+00 7.511084847089671834e-01 4.263587627752459253e-01
2.255552213412619356e+00 7.511760100070442592e-01 4.353777704073026888e-01
2.255683115224179414e+00 7.512597852340388016e-01 4.437433349273187111e-01
2.255846175256568387e+00 7.513352731206141000e-01 4.528981508959282754e-01
2.255957509634673563e+00 7.514077935514535955e-01 4.606247197927821335e-01
2.256052208251324132e+00 7.514738208081136461e-01 4.683095022073671676e-01
2.256153959433020439e+00 7.515253798202256030e-01 4.767366761692756194e-01
2.256262634787399080e+00 7.516059493045945672e-01 4.855468091972707234e-01
2.256547034243471916e+00 7.518032768019019541e-01 5.083798561150455475e-01
2.256659498928923480e+00 7.518761473382564731e-01 5.170149690306382606e-01
2.256760070569862719e+00 7.519686498405243613e-01 5.244565258526650009e-01
2.256893821116368493e+00 7.520481328972041801e-01 5.331188958568923164e-01
2.257004861300607956e+00 7.521235321772193894e-01 5.422259987764690425e-01
2.257008432505222206e+00 7.521244427534728993e-01 5.424538754599675938e-01
2.257101333162234269e+00 7.521882714327612351e-01 5.507371966518930240e-01
2.257172738162392722e+00 7.522490845507529000e-01 5.592025191093004111e-01
2.257269675062180347e+00 7.523204681825250706e-01 5.679046875229294411e-01
2.257366659197916015e+00 7.523797197449082486e-01 5.764421560291497215e-01
2.257460848334833070e+00 7.524420593628176057e-01 5.840294804191831224e-01
2.257538286080910783e+00 7.524961039632988014e-01 5.939365157149126828e-01
2.257638877750443029e+00 7.525806929277073509e-01 6.030968074913868326e-01
2.257644851277214482e+00 7.525822135978333938e-01 6.033264731219064592e-01
2.257732997936272579e+00 7.526642424322489422e-01 6.124062981235415259e-01
2.257735122549083151e+00 7.526648546036851517e-01 6.126329997575582498e-01
2.257845360706500326e+00 7.527584163021837638e-01 6.224535897803707973e-01
2.257898648521408536e+00 7.527993935218024735e-01 6.298589054351042549e-01
2.257896681297739683e+00 7.528041318182293606e-01 6.300932314070062379e-01
2.257984828424100421e+00 7.528804146740917247e-01 6.378354271083381821e-01
2.258082915600581053e+00 7.529518424744372496e-01 6.464661013988115545e-01
2.258147777498094477e+00 7.530077515189602666e-01 6.553412982968912504e-01
2.258149303077503500e+00 7.530098009110498536e-01 6.555742011808620706e-01
2.258236828091296555e+00 7.530932598212733975e-01 6.640870094341271290e-01
2.258308711062474661e+00 7.531640665323241501e-01 6.722158436938022730e-01
2.258379408686092660e+00 7.532266374914653451e-01 6.798125025284046385e-01
2.258461346309907913e+00 7.532960292447368200e-01 6.884684320131452262e-01
2.258574610273593741e+00 7.533945840535097860e-01 6.979852962146474438e-01
2.258665388666659446e+00 7.534696949069099592e-01 7.061251580134902950e-01
2.258735048388917921e+00 7.535388244873191255e-01 7.151379487506085431e-01
2.258812993057024876e+00 7.536093777077200739e-01 7.239034312758416689e-01
2.258877275043085220e+00 7.536802361002427064e-01 7.328205090582005088e-01
2.258878360944693409e+00 7.536829103191252655e-01 7.330499174161853038e-01
2.258942862226155146e+00 7.537549349202086191e-01 7.411274437724005848e-01
2.259021411293614889e+00 7.538434716159783111e-01 7.507458089045683236e-01
2.259099044440943782e+00 7.539180528438851336e-01 7.593449064220709754e-01
2.259177132454948556e+00 7.540026491081678328e-01 7.684559414548520762e-01
2.259236545938053897e+00 7.540682894620802657e-01 7.761705850789819561e-01
2.259306485788268759e+00 7.541518269432619936e-01 7.856172196866436641e-01
2.259376292555252075e+00 7.542320262213061399e-01 7.946006246037170540e-01
2.259441221243357667e+00 7.543071088033154181e-01 8.041338641607564952e-01
2.259533465812593178e+00 7.544175125952468086e-01 8.128866262366341022e-01
2.259596886208089295e+00 7.545134784090351543e-01 8.206565491659175704e-01
2.259691031758089164e+00 7.546135463890802919e-01 8.291539070981208681e-01
2.259768176885407875e+00 7.547042723059460556e-01 8.372714216767663808e-01
2.259805139604129653e+00 7.547644786981378973e-01 8.458250801752500436e-01
2.259877682178535796e+00 7.548612856532768145e-01 8.547177892606152572e-01
2.259958143462283964e+00 7.549689306378599696e-01 8.640415905024483312e-01
2.260013659769513961e+00 7.550562580801511992e-01 8.727158615080581328e-01
2.260104991102314109e+00 7.551511103739733111e-01 8.821260685312753980e-01
2.260160366885809236e+00 7.552322159014471792e-01 8.911414854756177784e-01
2.260246024478911764e+00 7.553434039254298682e-01 8.996958895118065680e-01
2.260310022625338533e+00 7.554262320068280134e-01 9.096458866286885048e-01
2.260313178840493542e+00 7.554317389000184679e-01 9.101159431354129969e-01
2.260361090763340020e+00 7.554910769213273314e-01 9.191968276705763108e-01
2.260362473030674835e+00 7.554942731221150343e-01 9.194254528442904473e-01
2.260411313625407814e+00 7.555759377169586344e-01 9.286299216573361548e-01
2.260415849911309394e+00 7.555758589180627816e-01 9.288655907056727612e-01
2.260493510905337455e+00 7.556693106441896290e-01 9.376893281668656766e-01
2.260496308431039658e+00 7.556705243117972648e-01 9.379169999490465370e-01
2.260566458074112717e+00 7.557728370998847423e-01 9.465300165767911444e-01
2.260638042925948277e+00 7.558652594627450760e-01 9.542274653583336930e-01
2.260706354667782136e+00 7.559531552105137608e-01 9.634706206842936771e-01
2.260834818953517011e+00 7.561813961992802646e-01 9.842515226052263033e-01
2.260868306844628250e+00 7.562396099849066911e-01 9.928112164521241123e-01
2.260920642854377327e+00 7.563229380231265564e-01 1.001237502078380137e+00
2.260966468997320344e+00 7.564236707768255963e-01 1.008936492784536787e+00
2.261018067463961945e+00 7.565055775306387398e-01 1.017523259476016628e+00
2.261067081696946257e+00 7.566152745789995748e-01 1.026016422342930445e+00
2.261126147116958141e+00 7.567165568858028601e-01 1.034092362126598497e+00
2.261175716484312925e+00 7.568100152541313852e-01 1.042674986312540186e+00
2.261225943560767782e+00 7.569040412588491362e-01 1.050638151573874968e+00
2.261247011082788472e+00 7.569586073742589072e-01 1.059404582383277615e+00
2.261295131098544520e+00 7.570606467259867189e-01 1.068029562359525064e+00
2.261332920195271434e+00 7.571267349251856738e-01 1.076798146212299745e+00
2.261357525496129117e+00 7.571999985600176286e-01 1.084548159342059837e+00
2.261397234161294900e+00 7.572766406273999662e-01 1.093211735626510306e+00
2.261443405055303835e+00 7.573736846671745848e-01 1.101912200845651890e+00
2.261473837101551698e+00 7.574484132077242693e-01 1.109942754197288828e+00
2.261501353006917903e+00 7.575272761130155130e-01 1.117930543237147356e+00
2.261540749121373484e+00 7.576244992032841186e-01 1.127421439075228404e+00
2.261571942409046798e+00 7.577142930326026260e-01 1.137130209376036039e+00
2.261618412405998146e+00 7.578262381312248497e-01 1.146566730005290635e+00
2.261654559067810766e+00 7.579365343287922663e-01 1.155395441037349258e+00
2.261673181399789900e+00 7.580125506427363158e-01 1.164837566209232511e+00
2.261712475961672908e+00 7.581248551836907712e-01 1.173751211818209406e+00
2.261752847832901203e+00 7.582342220982780656e-01 1.182780551917897549e+00
2.261774053859493705e+00 7.583213855957849914e-01 1.192650007873199636e+00
2.261809002581029571e+00 7.584155035786037669e-01 1.201178652072063535e+00
2.261834214666761600e+00 7.585064136392062339e-01 1.209973384559345444e+00
2.261867122539471087e+00 7.586036734124088632e-01 1.218778554885624033e+00
2.261862145678600555e+00 7.586440508531373528e-01 1.227398090200630287e+00
2.261880493100291378e+00 7.587274678337959655e-01 1.235452857354943701e+00
2.261903461367670953e+00 7.588542447366055654e-01 1.243530424752558927e+00
2.261904853575541274e+00 7.588558933488311897e-01 1.243763692969379830e+00
2.261926631622383166e+00 7.589546049289381813e-01 1.252388286962365482e+00
2.261945994238384383e+00 7.591023113989050497e-01 1.261747352501127351e+00
2.261963933878871735e+00 7.592457669269644382e-01 1.270677416225295175e+00
2.261995908576547087e+00 7.593468936628349208e-01 1.279123693040219445e+00
2.262027796561192350e+00 7.594527405093127737e-01 1.287501113129469132e+00
2.262040091599888392e+00 7.595958082383731380e-01 1.295279353388541388e+00
2.262062657469118498e+00 7.597273620434307206e-01 1.303238993539237001e+00
2.262071359284223426e+00 7.598277249519643783e-01 1.313066972939522792e+00
2.262070420105390056e+00 7.598301271607822427e-01 1.313298435781337758e+00
2.262086099442829568e+00 7.599317242294907349e-01 1.321429697938988790e+00
2.262087987955326174e+00 7.599349270760736852e-01 1.321667491863233401e+00
2.262109711162208825e+00 7.600483773082454819e-01 1.330236238222947565e+00
2.262118334622055471e+00 7.601487910936040038e-01 1.338964015576345590e+00
2.262129606332007103e+00 7.602929010366280549e-01 1.347047770269530931e+00
2.262149393536032171e+00 7.603949438094665947e-01 1.355985521251644066e+00
2.262155282905231601e+00 7.604753589397341695e-01 1.363969592212533000e+00
2.262170004580613458e+00 7.606079516137189689e-01 1.372691732724997005e+00
2.262168748189991252e+00 7.606180715027709427e-01 1.373152283031147114e+00
2.262174446928513216e+00 7.606947237697428976e-01 1.380991907315828326e+00
2.262182319688432308e+00 7.608064776712450961e-01 1.390200641886465194e+00
2.262196483669672631e+00 7.609420026671265269e-01 1.399179188517302608e+00
2.262203092320895781e+00 7.610496400905990555e-01 1.408278696969918364e+00
2.262213129183920923e+00 7.611808438979273950e-01 1.417222154900991793e+00
2.262210355697237496e+00 7.612593114986434539e-01 1.425372528831341024e+00
2.262211696957831197e+00 7.613478411073218988e-01 1.434089953588483013e+00
2.262223416144949262e+00 7.614546888996678309e-01 1.443169428158724177e+00
2.262222918507076574e+00 7.615604114422082072e-01 1.451314948541721384e+00
2.262236172863417494e+00 7.616611261478671846e-01 1.459248248715041996e+00
2.262244007360362463e+00 7.617621399808395255e-01 1.467642169567112020e+00
2.262247030668775416e+00 7.619640961763849418e-01 1.490298351602453053e+00
2.262245864171297693e+00 7.620782594207879956e-01 1.499720046932440765e+00
2.262237298781191175e+00 7.621712808783086546e-01 1.508127252712220034e+00
2.262228806510336199e+00 7.622314624301447239e-01 1.516059176536758146e+00
2.262226456406323027e+00 7.623207465825888596e-01 1.524487177761905121e+00
2.262214491910351288e+00 7.624215011350213844e-01 1.533830832998137605e+00
2.262209385785829863e+00 7.625627155195018325e-01 1.543255910655428220e+00
2.262206753516146751e+00 7.626852394917152944e-01 1.552742126645906717e+00
2.262191064584947231e+00 7.627927444701781967e-01 1.562243781528157349e+00
2.262175098531329365e+00 7.629357484028367331e-01 1.572269821493330388e+00
2.262153950948358805e+00 7.630331069013801537e-01 1.580873487206657657e+00
2.262153905148338140e+00 7.630346100919057628e-01 1.581110763428688060e+00
2.262147726881560850e+00 7.631044195678020614e-01 1.590798795743323835e+00
2.262145048826231353e+00 7.631843136629929969e-01 1.599266375725820533e+00
2.262134277600128751e+00 7.632969661296752362e-01 1.608092237619921150e+00
2.262125481320431675e+00 7.633937095002061302e-01 1.616971062518606006e+00
2.262124190006501223e+00 7.633959686499376396e-01 1.617202952509180669e+00
2.262107563266569699e+00 7.634865211402278584e-01 1.624687397508213449e+00
2.262105300408688180e+00 7.634892498626930646e-01 1.624925035651678007e+00
2.262082634954292182e+00 7.635959352516522580e-01 1.633527578326000373e+00
2.262066624008104210e+00 7.636985705926376822e-01 1.641791746045023537e+00
2.262052325496313188e+00 7.638027882716424966e-01 1.650081195329257344e+00
2.262046105302182308e+00 7.639286530082335380e-01 1.659633624780797234e+00
2.262024426922260023e+00 7.640449463409310082e-01 1.667736873389275232e+00
2.262000073234404773e+00 7.641597713219026033e-01 1.675899576850311767e+00
2.261967149628232754e+00 7.642971281419657092e-01 1.683991139053214514e+00
2.261947431778741802e+00 7.644319112841239106e-01 1.693118498909886416e+00
2.261918439544338799e+00 7.645499700223800099e-01 1.701541080435482245e+00
2.261883243486273454e+00 7.646842125608251939e-01 1.709925223810835115e+00
2.261848614735651353e+00 7.648130155329939672e-01 1.718037917753580279e+00
2.261804038807273542e+00 7.649553891412476103e-01 1.726373837869931593e+00
2.261775899763045938e+00 7.651027659686141513e-01 1.733757706420050004e+00
2.261731052097299965e+00 7.652329885317294966e-01 1.742720889936994588e+00
2.261704199513753011e+00 7.653273658415846725e-01 1.750920897208595894e+00
2.261670256735583973e+00 7.654370226607025707e-01 1.758809666777651159e+00
2.261650841135051770e+00 7.655361587004126944e-01 1.767088608178569942e+00
2.261628842978464782e+00 7.656298358261756087e-01 1.775467007203135772e+00
2.261597802039981175e+00 7.657226959868536076e-01 1.784504563777050024e+00
2.261597720212855656e+00 7.657252577384880965e-01 1.784732417928520443e+00
2.261561820860219285e+00 7.658380334078004337e-01 1.793204681549359414e+00
2.261521898091144678e+00 7.659547300782461043e-01 1.801935517805400844e+00
2.261484522955904630e+00 7.660720474931155266e-01 1.810379866031928353e+00
2.261483406294599874e+00 7.660718028270705471e-01 1.810611246577255917e+00
2.261453147156996746e+00 7.661679052795695721e-01 1.819399679085064170e+00
2.261411213938971709e+00 7.662778920985283682e-01 1.827457652324377291e+00
2.261363639337553799e+00 7.664093901573336698e-01 1.835738781043039447e+00
2.261335969995945216e+00 7.665271686484810276e-01 1.843552840910539503e+00
2.261282681895144364e+00 7.666527492516381770e-01 1.852658604282978683e+00
2.261237263128915931e+00 7.667973425194504200e-01 1.862344956183479949e+00
2.261191030133207658e+00 7.669073909871024775e-01 1.870850135826596095e+00
2.261122326624767087e+00 7.670556522163910484e-01 1.879889634125278208e+00
2.261081313434829987e+00 7.671528282561456136e-01 1.888261365881109377e+00
2.261052401215190244e+00 7.672071230717595336e-01 1.896545737006649635e+00
2.261001853894719638e+00 7.673123774421228838e-01 1.904979735646269212e+00
2.260952090830660399e+00 7.674203847672743661e-01 1.912665448721850181e+00
2.260917811491448326e+00 7.675102515340085363e-01 1.921113184107679173e+00
2.260868863608301194e+00 7.675881644743312027e-01 1.929387132726797294e+00
2.260792920923610616e+00 7.677404600366225518e-01 1.938394161317977149e+00
2.260741868333742133e+00 7.678458934745331366e-01 1.947257365633485726e+00
2.260694699303793964e+00 7.679357393695199763e-01 1.955013601818004432e+00
2.260664917249807448e+00 7.679964029194937813e-01 1.962399013869501996e+00
2.260633861801087718e+00 7.680733983666973019e-01 1.970023838957839724e+00
2.260602262541074658e+00 7.681674939164155891e-01 1.977613771687801059e+00
2.260477205960405911e+00 7.683851830682162376e-01 1.999626475449505225e+00
2.260414892450413937e+00 7.684984111597141787e-01 2.007332946324936085e+00
2.260413060254683693e+00 7.685014663416755987e-01 2.007559385933699758e+00
2.260348062482045339e+00 7.686233204829558963e-01 2.016542892730586622e+00
2.260291852530893042e+00 7.687342300277359985e-01 2.024188607021946140e+00
2.260225078574888968e+00 7.688503458781806854e-01 2.032940280360707952e+00
2.260154821757879962e+00 7.689906839766591506e-01 2.042632956497735019e+00
2.260113624951015421e+00 7.690625519744372918e-01 2.049097132457999404e+00
2.260069554168662620e+00 7.691090699187048685e-01 2.052495376002915428e+00
2.260015142488597029e+00 7.692182846897500648e-01 2.060788229479312506e+00
2.259949726234629530e+00 7.693462772733152821e-01 2.069202172854618382e+00
2.259885824624344064e+00 7.694397651294053730e-01 2.077718479646502026e+00
2.259790972194169800e+00 7.695767632296961480e-01 2.086209153163203212e+00
2.259722214264076712e+00 7.696636293578332788e-01 2.093735521169391767e+00
2.259673052797247728e+00 7.697490240115826277e-01 2.102227535828166793e+00
2.259621441402845932e+00 7.698566144425587066e-01 2.110827101074844059e+00
2.259551124682653622e+00 7.699778492615447778e-01 2.119884150739692164e+00
2.259457618890134079e+00 7.700887029909448955e-01 2.129676045471665446e+00
2.259392802563570335e+00 7.701701919921313255e-01 2.138651736902936307e+00
2.259326340602328731e+00 7.702615764105794627e-01 2.146856866697762989e+00
2.259290282110083758e+00 7.703182461867661424e-01 2.156053137130387043e+00
2.259205332289762058e+00 7.704125619953005044e-01 2.164456564690913076e+00
2.259112657409484637e+00 7.705208003563890351e-01 2.173115021248461343e+00
2.259019719888909705e+00 7.706359703308302000e-01 2.182149046138258885e+00
2.258951510686000308e+00 7.707408822339626431e-01 2.191557907965793195e+00
2.258950128229607834e+00 7.707426432196359256e-01 2.191799133433546931e+00
2.258892775077003368e+00 7.708450361975927034e-01 2.201138354639086359e+00
2.258888973308785797e+00 7.708467145833896028e-01 2.201604429303552379e+00
2.258828315850151203e+00 7.709522072351266964e-01 2.209752540838077373e+00
2.258743250441078931e+00 7.710385041076910362e-01 2.218002289744863464e+00
2.258641767758696517e+00 7.711462287272032867e-01 2.226387338071307731e+00
2.258579207464972871e+00 7.712161894236426729e-01 2.235641613619972379e+00
2.258512839645829828e+00 7.712986652962243728e-01 2.244216230349585839e+00
2.258417237359297225e+00 7.714008324688981233e-01 2.253032426456767823e+00
2.258340208459026055e+00 7.714810574203324611e-01 2.261593589112458336e+00
2.258267639473573674e+00 7.715637778407307135e-01 2.270000937129438956e+00
2.258194967541188980e+00 7.716632847711305532e-01 2.279145314983610060e+00
2.258115731182694486e+00 7.717505993369391248e-01 2.287937749135580567e+00
2.258031805234431033e+00 7.718369781231868565e-01 2.296182603997958704e+00
2.258020745085874470e+00 7.718520465235721995e-01 2.297110450285305028e+00
2.256917896136889201e+00 7.730810879365732635e-01 2.306347838336229916e+00
2.254165473314668322e+00 7.760784222309091707e-01 2.314295251902820816e+00
2.249671412693257544e+00 7.808818431990798281e-01 2.322381776071058557e+00
2.244115180102950635e+00 7.866899124576068880e-01 2.330778173400093856e+00
2.238835047798607647e+00 7.921225840688479458e-01 2.336299801786550834e+00
2.233590015092380199e+00 7.973933036624316628e-01 2.340038552897373947e+00
2.228746686251867448e+00 8.022366401526364044e-01 2.341332924225604906e+00
2.223946076554853324e+00 8.069371533135670793e-01 2.341078327772307066e+00
2.219054911625439885e+00 8.116341652442164989e-01 2.338800283814724157e+00
2.214477175208244830e+00 8.162536213938539342e-01 2.333600100148737866e+00
2.209410430768273592e+00 8.214723955858094229e-01 2.326434986611321865e+00
2.204587592163140819e+00 8.264483390932648721e-01 2.319547703530059568e+00
2.199293432235141843e+00 8.320897069160030357e-01 2.311827133473665974e+00
2.199160045579755529e+00 8.322307914141879870e-01 2.311639267714641566e+00
2.194669440365477620e+00 8.370850612516151923e-01 2.305815110778095978e+00
2.181241854952578496e+00 8.517558457986560416e-01 2.296803265194948374e+00
2.176262815952364704e+00 8.572940629733039053e-01 2.294690876563668436e+00
2.171583450408060667e+00 8.625050732887117322e-01 2.292561057392869195e+00
2.167237023506093596e+00 8.673690806122491548e-01 2.290141253932325593e+00
2.162247919798586437e+00 8.729950223691542721e-01 2.287525740752639702e+00
2.157264134166880787e+00 8.786164859103985370e-01 2.285148795757734774e+00
2.152405405138300587e+00 8.841405323657455240e-01 2.282397294225060325e+00
2.147793654924811335e+00 8.893485505645174483e-01 2.279241467914123742e+00
2.142695713956809467e+00 8.951677016081199811e-01 2.274890747893165699e+00
2.137973881108836238e+00 9.006495469210862304e-01 2.271220645414834038e+00
2.133398300781051748e+00 9.060189196237663500e-01 2.268147934004000721e+00
2.128496614785289953e+00 9.117889408374015847e-01 2.264657782801606345e+00
2.128375613897686591e+00 9.119306941545012313e-01 2.264573590109559387e+00
2.124230379469034702e+00 9.168739050729931561e-01 2.261527194701424825e+00
2.120086398672634154e+00 9.218287777175315778e-01 2.257796224244000616e+00
2.115789335062896015e+00 9.270282908314946280e-01 2.254340441608229995e+00
2.111262898446638392e+00 9.325418588428685540e-01 2.251201568337638292e+00
2.107117689895109169e+00 9.375852874915961976e-01 2.248305690049196670e+00
2.102781625469013260e+00 9.429018422943438171e-01 2.244988700977240903e+00
2.102669803055808195e+00 9.430471571420516730e-01 2.244892565479857716e+00
2.098201977377911920e+00 9.485308239218279702e-01 2.241114261070175750e+00
2.093815180719966307e+00 9.540066178988703127e-01 2.236930336686723475e+00
2.089139571867827172e+00 9.599019743387346981e-01 2.232942128137083593e+00
2.085036010213688229e+00 9.650993489293662186e-01 2.229928714108796228e+00
2.080989268635597078e+00 9.702576668027765860e-01 2.226732594001637811e+00
2.080876089748312729e+00 9.704015593475867618e-01 2.226641190165038253e+00
2.076915260105673067e+00 9.754523576220259784e-01 2.223080037702245271e+00
2.073282688691322040e+00 9.800895058400035387e-01 2.219535464670356451e+00
2.069523667351681251e+00 9.849555974734488517e-01 2.215812087263498764e+00
2.065182734269078502e+00 9.906918285272483526e-01 2.212001529206896411e+00
2.061302359017836761e+00 9.958445706686828158e-01 2.208909340804774857e+00
2.057780834915428070e+00 1.000543681019608000e+00 2.205908138502207905e+00
2.053862978862839306e+00 1.005780218490940792e+00 2.202289699424381908e+00
2.049694237298122612e+00 1.011404722404289247e+00 2.198228156380866327e+00
2.049586217388758680e+00 1.011547187177309182e+00 2.198123549208916394e+00
2.046148843211121005e+00 1.016249343466794075e+00 2.194723122429377060e+00
2.041806001530173997e+00 1.022244182515294364e+00 2.191041005798772812e+00
2.037718930446658305e+00 1.027904535508424866e+00 2.187526564239792748e+00
2.033981494965903636e+00 1.033099077271280475e+00 2.184042331039631080e+00
2.030062105445188614e+00 1.038638750097986119e+00 2.180073965318273022e+00
2.026716588323455248e+00 1.043330410894597549e+00 2.176293372644128254e+00
2.023197603321646110e+00 1.048348978618783622e+00 2.171991952749789956e+00
2.019084512886041960e+00 1.054260167658725100e+00 2.166259654699155934e+00
2.015057312312413362e+00 1.060155958297000822e+00 2.161326296384816104e+00
2.014962968713544189e+00 1.060294852750767181e+00 2.161222135435274083e+00
2.011665786199120731e+00 1.065187976247254920e+00 2.157643288537600679e+00
2.007822564810350041e+00 1.070894711622769169e+00 2.153438883193144360e+00
2.003825380102883802e+00 1.076887804938561510e+00 2.148917418972682292e+00
2.000259198755285350e+00 1.082258993054826535e+00 2.144558679308956162e+00
1.996924539708660573e+00 1.087315435718497980e+00 2.140235525110500525e+00
1.993693821384409759e+00 1.092303759369552374e+00 2.135895529758994549e+00
1.990401749403803100e+00 1.097434767241491915e+00 2.131465462271387334e+00
1.987231214867861029e+00 1.102448743339441206e+00 2.127803330581562680e+00
1.979281419631151451e+00 1.115138114338527497e+00 2.118279460092592270e+00
1.976455312803078179e+00 1.119686547366582241e+00 2.114843899721019937e+00
1.973644073806913868e+00 1.124226856221339776e+00 2.110889235902303263e+00
1.970473814046679095e+00 1.129444829780687831e+00 2.105549283275112593e+00
1.967298582476192159e+00 1.134706869146995034e+00 2.100660817869241193e+00
1.964546681295953778e+00 1.139370030541967171e+00 2.097127663962459643e+00
1.961836359467006519e+00 1.143985279060302007e+00 2.093660680058164303e+00
1.958527383284229817e+00 1.149637178304305785e+00 2.089110855408221834e+00
1.955715361101874272e+00 1.154448441790600910e+00 2.085055104091550149e+00
1.952847934737938829e+00 1.159454456007179557e+00 2.080483673356320118e+00
1.950147996932256600e+00 1.164210809154867521e+00 2.075805808926584284e+00
1.947281556781190304e+00 1.169350468775172347e+00 2.070642476290911027e+00
1.944518193966166653e+00 1.174344019493492208e+00 2.065367688827609793e+00
1.941570882197601211e+00 1.179715740046936912e+00 2.060411495604840049e+00
1.938608648011054925e+00 1.185223059579697757e+00 2.056110706274316691e+00
1.935838300796766331e+00 1.190459807316265328e+00 2.052026540934957843e+00
1.933514318672437504e+00 1.194839051188804735e+00 2.048438328190603563e+00
1.931010739772606177e+00 1.199576325556491296e+00 2.044120418988482513e+00
1.928482474000151381e+00 1.204416328742234255e+00 2.039408171752785659e+00
1.925850315324355577e+00 1.209509350361074986e+00 2.034245354418680485e+00
1.925782367120795424e+00 1.209640656986114893e+00 2.034113250480584334e+00
1.923085563301262457e+00 1.214931783799698906e+00 2.028629531748466608e+00
1.923014710167843866e+00 1.215059806706223267e+00 2.028497815218895273e+00
1.920661714106041362e+00 1.219769824482704212e+00 2.023841789451983342e+00
1.918004205866960188e+00 1.225212766631586847e+00 2.019259472816345546e+00
1.917942533198836452e+00 1.225345721581110325e+00 2.019148987603454959e+00
1.915577255351118335e+00 1.230201188755575714e+00 2.014993313065382541e+00
1.913181107937756309e+00 1.235149820349740857e+00 2.010663147671165163e+00
1.913116812458698135e+00 1.235278674568074386e+00 2.010550118164881717e+00
1.910846771718077486e+00 1.240015651480957715e+00 2.006164925635664620e+00
1.908393181685761331e+00 1.245188131916046714e+00 2.000955820077230829e+00
1.906025106362149391e+00 1.250231214822379977e+00 1.995718336980640606e+00
1.903545162235386945e+00 1.255640350794189786e+00 1.989690280822311363e+00
1.901197375367396303e+00 1.260806867679169052e+00 1.983898011837847752e+00
1.898883276937993969e+00 1.266001897009430222e+00 1.978248527775332111e+00
1.898831087976162291e+00 1.266128091206547790e+00 1.978105014379448745e+00
1.896564269307577710e+00 1.271311149248981254e+00 1.972816544254591520e+00
1.896509369502966225e+00 1.271441638221904036e+00 1.972698333764521861e+00
1.894397825513976619e+00 1.276365571882863481e+00 1.968485572182874677e+00
1.892490663497274683e+00 1.280890052429905168e+00 1.964680432589376080e+00
1.890435567840416997e+00 1.285777228478039769e+00 1.960371496296302585e+00
1.888567958111326828e+00 1.290227937846354589e+00 1.956223900747316335e+00
1.886571082117190379e+00 1.295032701968225730e+00 1.951403808320377298e+00
1.884890200084967438e+00 1.299161856594591269e+00 1.947026578922633311e+00
1.883000116068271002e+00 1.303796862901294595e+00 1.942034249086482589e+00
1.880943080046144633e+00 1.308924865136424032e+00 1.936357394270867394e+00
1.879263634614357192e+00 1.313243823734199900e+00 1.931595669013516536e+00
1.879219771760633595e+00 1.313364368737612420e+00 1.931461443954015866e+00
1.877509032162306912e+00 1.317795560388391296e+00 1.926422856775934278e+00
1.875545656949440421e+00 1.323030375329616204e+00 1.920278904366972572e+00
1.873938561260247271e+00 1.327384236625321012e+00 1.915320644833637731e+00
1.872305644098420485e+00 1.331848028647940607e+00 1.910281069925924058e+00
1.870562657619720515e+00 1.336772967583164551e+00 1.905428852014241503e+00
1.870518641210711985e+00 1.336900268050018603e+00 1.905317403949363664e+00
1.868850183441535417e+00 1.341704894044997154e+00 1.900993780269816247e+00
1.867105378218225420e+00 1.346731537852095428e+00 1.896538447610054412e+00
1.867064504753858101e+00 1.346855720763742603e+00 1.896421543058592452e+00
1.865570024190442266e+00 1.351210972511970088e+00 1.892283730057854996e+00
1.863848006217574627e+00 1.356271995564958699e+00 1.887212517689430102e+00
1.862310617017250314e+00 1.360834409966683811e+00 1.882294696509827503e+00
1.860820732752296314e+00 1.365376661936801073e+00 1.877290537897882361e+00
1.859482184783483039e+00 1.369527998319359785e+00 1.872633916115667096e+00
1.858015462281039198e+00 1.374149362261749552e+00 1.867352779464626078e+00
1.856742402953760696e+00 1.378149142617774325e+00 1.862763004056839256e+00
1.855338369366637874e+00 1.382650345391389202e+00 1.857562946296781980e+00
1.851917393498731190e+00 1.394066411493998014e+00 1.844398672376134085e+00
1.850727542373869827e+00 1.398190776035298288e+00 1.839672717079522180e+00
1.849611643968204655e+00 1.402135190077197002e+00 1.835200977278535595e+00
1.848362542001497744e+00 1.406575706539612058e+00 1.830175519349248603e+00
1.847189799353443851e+00 1.410980274534809675e+00 1.825619154903853181e+00
1.846092022403147181e+00 1.415144935760118905e+00 1.821718655149708210e+00
1.844949841941921909e+00 1.419517757105745570e+00 1.817636457377327597e+00
1.843856500153966405e+00 1.423868095198003836e+00 1.813495842178334927e+00
1.842785600386628087e+00 1.428063371462041653e+00 1.809257415122284440e+00
1.841548920650076138e+00 1.432920273098234443e+00 1.804064240996520407e+00
1.840569111615168785e+00 1.436816755147498181e+00 1.799741923463636928e+00
1.839596525431767660e+00 1.440836759766601416e+00 1.795130461399971233e+00
1.838661027608835541e+00 1.444633332251417546e+00 1.790729917902678325e+00
1.838634796968676932e+00 1.444748378992573468e+00 1.790591787889627584e+00
1.837742146364954143e+00 1.448707332625492228e+00 1.785965953447464560e+00
1.836704880264946604e+00 1.453212147936578713e+00 1.780689232826088153e+00
1.835717552346463499e+00 1.457544017225512967e+00 1.775657955672475863e+00
1.834807056469581976e+00 1.461793933846974758e+00 1.770799329358014651e+00
1.833879274580431096e+00 1.466164981154078673e+00 1.765772164747434703e+00
1.832861857184508114e+00 1.471098135051412958e+00 1.760159988952393784e+00
1.831829178958350068e+00 1.476271317516685944e+00 1.754243936460008202e+00
1.831093295986848224e+00 1.480128031991343240e+00 1.749726981102086798e+00
1.830283292957906482e+00 1.484312183460402057e+00 1.744935153677876105e+00
1.829541995695552092e+00 1.488378539535481604e+00 1.740234210078605015e+00
1.828824200360139374e+00 1.492307383134393595e+00 1.735720391768944992e+00
1.828122631564092826e+00 1.496246135082390349e+00 1.731207504411913511e+00
1.827328551498833331e+00 1.500872283511532235e+00 1.725971303002549417e+00
1.827305858806738126e+00 1.500991519129601937e+00 1.725842785666672041e+00
1.826593274896520125e+00 1.505255018423530711e+00 1.721016982432752362e+00
1.825973581113202737e+00 1.509189492289107815e+00 1.716505550548932613e+00
1.825316812456251769e+00 1.513472840003960318e+00 1.711683856479603083e+00
1.824627281065581919e+00 1.517976976054665084e+00 1.706592832242590507e+00
1.824613248266296672e+00 1.518091203355081964e+00 1.706457551954813301e+00
1.823998023274194136e+00 1.522378193082837949e+00 1.701987873406666019e+00
1.823395741626807842e+00 1.526913807604415529e+00 1.697776057990019405e+00
1.823380926336090058e+00 1.527032191794421845e+00 1.697666801575626661e+00
1.822773151087824894e+00 1.531753509729080864e+00 1.693112689184391062e+00
1.822756091451833704e+00 1.531870628975324333e+00 1.693002142902019447e+00
1.822180322613690784e+00 1.536336425669771355e+00 1.688494129205218242e+00
1.821597104369370612e+00 1.541004452054168583e+00 1.683660839163946932e+00
1.821582059941489140e+00 1.541120542934384385e+00 1.683542273329818206e+00
1.821080383286493687e+00 1.545216518861093125e+00 1.679232110940606537e+00
1.820612044154817477e+00 1.549303725264274068e+00 1.674800710729273501e+00
1.820135042707794915e+00 1.553702480650136941e+00 1.669953251272862760e+00
1.819666694794515482e+00 1.558000994173276865e+00 1.665238997200797044e+00
1.819281069527364680e+00 1.561711200650788278e+00 1.661134835446298252e+00
1.818919619308070335e+00 1.565516216003307370e+00 1.656876525854890092e+00
1.818538396921679290e+00 1.569786549048810764e+00 1.652023399609864773e+00
1.818164587296491330e+00 1.573934704587186983e+00 1.647310292107449614e+00
1.817804332703687020e+00 1.578114970412612506e+00 1.642766620411032497e+00
1.817458464632053072e+00 1.582270284643284786e+00 1.638219505937212217e+00
1.817149132259877398e+00 1.586527268859853290e+00 1.633621516049957867e+00
1.817142695775584516e+00 1.586639252025655811e+00 1.633499306727939304e+00
1.816860794764308729e+00 1.590763165298265669e+00 1.628994135949135780e+00
1.816561202727703606e+00 1.595289568982551698e+00 1.624004097477486530e+00
1.816313429780236355e+00 1.599521744598059403e+00 1.619403929500792039e+00
1.816059898567927267e+00 1.603845384024455534e+00 1.614750171830364067e+00
1.816054876715957445e+00 1.603953883104440425e+00 1.614627667866858074e+00
1.815806523734081690e+00 1.608822746334102494e+00 1.609346626156972881e+00
1.815621376885960370e+00 1.612886082315584835e+00 1.604906657151879523e+00
1.815443354916102869e+00 1.616972143174928433e+00 1.600420043142288362e+00
1.815298053989760296e+00 1.621166817511565661e+00 1.595879893769697411e+00
1.815164020202227668e+00 1.625463161343069896e+00 1.591178976781942200e+00
1.815062358965264577e+00 1.629640829187201323e+00 1.586788914818706209e+00
1.815046839772334719e+00 1.630188179903776069e+00 1.586230588589222057e+00
1.814935683959650214e+00 1.634777975563485253e+00 1.581398766743086437e+00
1.814857338626179706e+00 1.638608433118738716e+00 1.577303113202020102e+00
1.814796821465527676e+00 1.642633610295701097e+00 1.573079509029941425e+00
1.814726411050567201e+00 1.651924961327224883e+00 1.563326312383124250e+00
1.814740330335066210e+00 1.656290798243501117e+00 1.558790460134023226e+00
1.814754377509369743e+00 1.660289570639790657e+00 1.554643278527615857e+00
1.814791645946399079e+00 1.664628742970303055e+00 1.550065825911232320e+00
1.814847702469640112e+00 1.668745625698209389e+00 1.545727384442075580e+00
1.814928021347195219e+00 1.672857875621118762e+00 1.541444069775009584e+00
1.815016441919695467e+00 1.676768291394973520e+00 1.537421109707447942e+00
1.815114647495700062e+00 1.680434185856244156e+00 1.533729380986887270e+00
1.815271089433211360e+00 1.684952417720642970e+00 1.529137981931221413e+00
1.815425889685988281e+00 1.689244019949112552e+00 1.524745126690980612e+00
1.815590044280867232e+00 1.693406536210422475e+00 1.520480814290096960e+00
1.815794519990792555e+00 1.697915419513259749e+00 1.515900809723303322e+00
1.816009358659410378e+00 1.702206028916350533e+00 1.511550451866125133e+00
1.816217247668385992e+00 1.706279004408922884e+00 1.507462199668353708e+00
1.816468009441311038e+00 1.710452956106628619e+00 1.503254509169110520e+00
1.816474488681893096e+00 1.710560879194785500e+00 1.503149140334312239e+00
1.816717921198571339e+00 1.714509864262496741e+00 1.499229538453786814e+00
1.817024090925738466e+00 1.718870189449247965e+00 1.494939444722717781e+00
1.817298888650853872e+00 1.722811487909262418e+00 1.491077376349543959e+00
1.817632342236459753e+00 1.727162971478153342e+00 1.486837190724404234e+00
1.818000048523422008e+00 1.731511102614649023e+00 1.482640902885724588e+00
1.818350288774762014e+00 1.735739229861599009e+00 1.478513191378343139e+00
1.818700682762831589e+00 1.739641918861767333e+00 1.474673335148446451e+00
1.819026886648260399e+00 1.743119455473366219e+00 1.471311328615686254e+00
1.819382325964359559e+00 1.746911100026941277e+00 1.467639571622501027e+00
1.819791870538501444e+00 1.750905487810744399e+00 1.463809085308903191e+00
1.820199624146841444e+00 1.754692325324870295e+00 1.460205268141369084e+00
1.820573518013481218e+00 1.758158857524246832e+00 1.456889096904706360e+00
1.820985256400308838e+00 1.761928913979943223e+00 1.453244682723535242e+00
1.821451322322904076e+00 1.766018545483707625e+00 1.449345154853865392e+00
1.821895623329623737e+00 1.769790093610273285e+00 1.445813333487380392e+00
1.822415863387242485e+00 1.773983484343166550e+00 1.441903582099704817e+00
1.822872016521923211e+00 1.777531184477377790e+00 1.438648095113411962e+00
1.823412895712865467e+00 1.781711883764360849e+00 1.434774020638181158e+00
1.823427727348034599e+00 1.781813962799717377e+00 1.434676277271644818e+00
1.823951091228963595e+00 1.785658754074584076e+00 1.431093527088170614e+00
1.824526307691099802e+00 1.789915262510563210e+00 1.427073816568361853e+00
1.825067072013649039e+00 1.793850469060912500e+00 1.423465946429462115e+00
1.825626899763963529e+00 1.797795804009384213e+00 1.419891773405113966e+00
1.826215490495963989e+00 1.801794086115682036e+00 1.415999888818022745e+00
1.826758406710409455e+00 1.805391008326139080e+00 1.412396518781156907e+00
1.827357308441118544e+00 1.809282432005446140e+00 1.408416755359310768e+00
1.827951191479858961e+00 1.813089368507974308e+00 1.404627082023764961e+00
1.828611385184964355e+00 1.817102311607464493e+00 1.400699430912821564e+00
1.829283275957382493e+00 1.820994885621080250e+00 1.397129276632393280e+00
1.829300516158552714e+00 1.821096870009054181e+00 1.397034060765629748e+00
1.829994255878451215e+00 1.824996187574954520e+00 1.393591882488827816e+00
1.830689024691213307e+00 1.829010034683352437e+00 1.390072031964140642e+00
1.831367093935107437e+00 1.832811709635488562e+00 1.386805519379060048e+00
1.831993576691538506e+00 1.836185687872354588e+00 1.383852562389283003e+00
1.832690859678202333e+00 1.839956367615842581e+00 1.380569133283479744e+00
1.833442937177014898e+00 1.843929842262216123e+00 1.377113253800283932e+00
1.834176782641616654e+00 1.847804786451020975e+00 1.373816758784112801e+00
1.834941064545214440e+00 1.851784492078661026e+00 1.370435742765260256e+00
1.835662669243182776e+00 1.855455551113234902e+00 1.367277150816537334e+00
1.836333326352006967e+00 1.858809896141892182e+00 1.364310831397784085e+00
1.837203317422500426e+00 1.862966402493102969e+00 1.360619352181001718e+00
1.837221197305529463e+00 1.863069029107485175e+00 1.360532168466865643e+00
1.837980854466620961e+00 1.866719380348194290e+00 1.357390084412607889e+00
1.838721018602901713e+00 1.870263715491360390e+00 1.354412506974590924e+00
1.839613862095371699e+00 1.874406130235696466e+00 1.350999386607518948e+00
1.840424104171864084e+00 1.878140112712058940e+00 1.347909245798183608e+00
1.842533621116262399e+00 1.887371812229475809e+00 1.340269099690012178e+00
1.843376563675270807e+00 1.891084211247533009e+00 1.337152127456722406e+00
1.844255263214394480e+00 1.894892545556752239e+00 1.333947416281882292e+00
1.845148575370930466e+00 1.898589347199649113e+00 1.330865484922987951e+00
1.846029769949714794e+00 1.902274696035516355e+00 1.327841043403818366e+00
1.846849094767152533e+00 1.905668533356574601e+00 1.325075954876777429e+00
1.847756088196802260e+00 1.909346008335988776e+00 1.322028327441018503e+00
1.848646542710107088e+00 1.912922968823986380e+00 1.319014089286804303e+00
1.849545090251418333e+00 1.916502393246489966e+00 1.316060836628417663e+00
1.850523673547421755e+00 1.920263169211150922e+00 1.312975034793321116e+00
1.851456079916786290e+00 1.923827303601599592e+00 1.310082516142709208e+00
1.852310698947883694e+00 1.927075840775141380e+00 1.307264474615709826e+00
1.853261134426070988e+00 1.930715660925792498e+00 1.304097430665391855e+00
1.854227508160561255e+00 1.934349920171095416e+00 1.300969243859395608e+00
1.855192301592304194e+00 1.937894179769107161e+00 1.297895728356399880e+00
1.856181141517172062e+00 1.941428918246635549e+00 1.294879062348650356e+00
1.857143859128820740e+00 1.944971024320683473e+00 1.291910881311694403e+00
1.858223774256669625e+00 1.948809304727581182e+00 1.288805766765201977e+00
1.858277650016048721e+00 1.949007410051468714e+00 1.288650432661175849e+00
1.859270871646296674e+00 1.952447936127762684e+00 1.285906072010479573e+00
1.860424588622227260e+00 1.956361293317643746e+00 1.282848742648984741e+00
1.860453630163440675e+00 1.956460136291758189e+00 1.282773621149790433e+00
1.861448523854579928e+00 1.959781173166392554e+00 1.280170245473316371e+00
1.862476491322678118e+00 1.963303036653112121e+00 1.277390230402304372e+00
1.863479750037591254e+00 1.966719397524432589e+00 1.274684066735335852e+00
1.864586809846214166e+00 1.970327705853032851e+00 1.271871228180410984e+00
1.865743488951428386e+00 1.974134524091700538e+00 1.268920077479474884e+00
1.865776849829050565e+00 1.974232763731436302e+00 1.268837615555373555e+00
1.866901648982525863e+00 1.977934895621702660e+00 1.266003096834910524e+00
1.867897339396714429e+00 1.981136928855204316e+00 1.263587666286890343e+00
1.868972092081076841e+00 1.984534672288321699e+00 1.260962872129181900e+00
1.870140062944036785e+00 1.988208207234473335e+00 1.258093562737768067e+00
1.871241841868934053e+00 1.991691973203366661e+00 1.255366680004573077e+00
1.872525571512822840e+00 1.995659197776405991e+00 1.252308170186810621e+00
1.873669576837203143e+00 1.999136576780003782e+00 1.249670350007506370e+00
1.874770913691142127e+00 2.002510959825379189e+00 1.247163021168256059e+00
1.876094263107681126e+00 2.006452500645046211e+00 1.244207709994119559e+00
1.877296773424253384e+00 2.010014706663333151e+00 1.241443812207019493e+00
1.878504000673689056e+00 2.013657667985057298e+00 1.238456142467466270e+00
1.879792951994050831e+00 2.017490697769642516e+00 1.235236386414132470e+00
1.881013441971792544e+00 2.021018677165091315e+00 1.232365907803537386e+00
1.882138706835292830e+00 2.024259423311685957e+00 1.229786669646764752e+00
1.883378110914591730e+00 2.027801864484929606e+00 1.227064002464657300e+00
1.884700456545910896e+00 2.031527863499949405e+00 1.224222005168689842e+00
1.885857774772268902e+00 2.034769404693985706e+00 1.221739004620816971e+00
1.887193482311126491e+00 2.038482593626363304e+00 1.218902482207446791e+00
1.887229044739418660e+00 2.038577429412646858e+00 1.218830125971149814e+00
1.888504810443165427e+00 2.042104366693729744e+00 1.216157249271491825e+00
1.889820819779025385e+00 2.045720307432643104e+00 1.213447260677842809e+00
1.891134539793363434e+00 2.049226314024284790e+00 1.210832450189636589e+00
1.892438464851215585e+00 2.052744450113558550e+00 1.208237962101056606e+00
1.892469744382440533e+00 2.052838673009499182e+00 1.208173061488204025e+00
1.893738724918857974e+00 2.056244012085051587e+00 1.205649472557978941e+00
1.895049019347564645e+00 2.059733659033762265e+00 1.203031804610282363e+00
1.896329309051150158e+00 2.063137021748969957e+00 1.200468736149668647e+00
1.897664490023709849e+00 2.066627363394438532e+00 1.197814219104353040e+00
1.899011489326946522e+00 2.070114613223545064e+00 1.195217015530114057e+00
1.900481841724245724e+00 2.073870221533677505e+00 1.192489210956668488e+00
1.901881069511265121e+00 2.077440387386222831e+00 1.189873142043117449e+00
1.903188460281884931e+00 2.080733128759371553e+00 1.187351338803302570e+00
1.904577074609749010e+00 2.084191372966436528e+00 1.184518492544817114e+00
1.905848020305837887e+00 2.087371318281147303e+00 1.181949886575621944e+00
1.909216813308022953e+00 2.095683575266642062e+00 1.175492995293829335e+00
1.909255607198593330e+00 2.095775235153141125e+00 1.175417974842710489e+00
1.910601567934830713e+00 2.099038121271347812e+00 1.172977536627073603e+00
1.912097357943270515e+00 2.102580396991042377e+00 1.170386204115943851e+00
1.913480939084742705e+00 2.105821390513882285e+00 1.168046141327950371e+00
1.914939115131222280e+00 2.109255684116862373e+00 1.165483147330076408e+00
1.916237827477647038e+00 2.112316864545303652e+00 1.163186744034935716e+00
1.917572156741649048e+00 2.115472358499085104e+00 1.160853473232788868e+00
1.919089285709127513e+00 2.118988421500077379e+00 1.158304105540881368e+00
1.920708740219228217e+00 2.122677808268282895e+00 1.155635015902142460e+00
1.922312160545388338e+00 2.126379496021897353e+00 1.152982604625506502e+00
1.923982460949941631e+00 2.130171540921187212e+00 1.150268719721306843e+00
1.924025322304039110e+00 2.130264873771580802e+00 1.150203270801716471e+00
1.925555362659502556e+00 2.133747748860649551e+00 1.147651918182039266e+00
1.927018106580684176e+00 2.137065575667494777e+00 1.145166107539024258e+00
1.928484628328430039e+00 2.140370494242569421e+00 1.142562160525292692e+00
1.930201314599784723e+00 2.144209374792874989e+00 1.139575504007396267e+00
1.930280616576402153e+00 2.144393176860020400e+00 1.139433697156538861e+00
1.931805611228410990e+00 2.147779568660689975e+00 1.136843775740214779e+00
1.933342290657941387e+00 2.151161939140166623e+00 1.134316520860070288e+00
1.934811997665101035e+00 2.154375971269183232e+00 1.131879017689620071e+00
1.936396594108489744e+00 2.157840675465510394e+00 1.129206931558407900e+00
1.938132984186454078e+00 2.161564162385971599e+00 1.126347340078567294e+00
1.939662757444581276e+00 2.164846424497206101e+00 1.123806170297911855e+00
1.941499423666862789e+00 2.168752550290149905e+00 1.120899727170641569e+00
1.943152155764380495e+00 2.172214376105668698e+00 1.118322061739831952e+00
1.944654319657090458e+00 2.175384151361515528e+00 1.116000248754514423e+00
1.946488283321454071e+00 2.179190483983611148e+00 1.113284532436893848e+00
1.946578308111827527e+00 2.179372702050444310e+00 1.113152436325023364e+00
1.948238716564467898e+00 2.182811761583448362e+00 1.110549436320771965e+00
1.949738723372816951e+00 2.185883763026472248e+00 1.108154852858279860e+00
1.951496733888285595e+00 2.189483947039795098e+00 1.105415725981536701e+00
1.953136126333011147e+00 2.192808838634737079e+00 1.102896705713488856e+00
1.954736367198119051e+00 2.196048636480789185e+00 1.100428851762800031e+00
1.956592460917225385e+00 2.199729647273566790e+00 1.097565655810089247e+00
1.958188800791174300e+00 2.202852934852757905e+00 1.095199491433533678e+00
1.959698016815847099e+00 2.205818036013364569e+00 1.092947046053446503e+00
1.961303097651015293e+00 2.208935881307032112e+00 1.090524974807229874e+00
1.962998036299763438e+00 2.212236369417791781e+00 1.087969130361463144e+00
1.964743036132744702e+00 2.215627848201890515e+00 1.085368899914037399e+00
1.966364397542341713e+00 2.218755527028243968e+00 1.082966578337318131e+00
1.968086104003035963e+00 2.222047382675915728e+00 1.080495633115957643e+00
1.969768038952823819e+00 2.225271034223289313e+00 1.078062207899589398e+00
1.971460989128859920e+00 2.228467648168477311e+00 1.075695644876288215e+00
1.973377877037225891e+00 2.232089506107300281e+00 1.072873509152492355e+00
1.975207183854795545e+00 2.235533013901131127e+00 1.070169433110040869e+00
1.977106755541715444e+00 2.239061939743923979e+00 1.067450754289694492e+00
1.977156147011432274e+00 2.239147814814017146e+00 1.067378024103031509e+00
1.979079671504433868e+00 2.242668702307649475e+00 1.064606071544890176e+00
1.980721598681511653e+00 2.245652434949040543e+00 1.062298312703547021e+00
1.982444497284714391e+00 2.248807220148443697e+00 1.059902349879275674e+00
1.982642104136230987e+00 2.249157603340481870e+00 1.059633898617354575e+00
1.984440516948322131e+00 2.252398002174250458e+00 1.057214105093866152e+00
1.986229882401457925e+00 2.255628093782330534e+00 1.054772096783659352e+00
1.987919143717844062e+00 2.258680737349628487e+00 1.052382358487048419e+00
1.989575257475308501e+00 2.261649729838164369e+00 1.050000852165054122e+00
1.991551641409458728e+00 2.265133545196853504e+00 1.047220835980455789e+00
1.993386890010177659e+00 2.268342484929029901e+00 1.044673759265355883e+00
1.995114269630317239e+00 2.271384191498317939e+00 1.042289194253284590e+00
1.999843080422393893e+00 2.279551790886411133e+00 1.035899230629006906e+00
2.001651281537438987e+00 2.282654868084726285e+00 1.033505773251019999e+00
2.003650322493507829e+00 2.286096414463784754e+00 1.030664378232174272e+00
2.005455689475422076e+00 2.289198306895684709e+00 1.028112686826911926e+00
2.005507638890244415e+00 2.289283221158316284e+00 1.028038513374213814e+00
2.007348815620507487e+00 2.292388313972683722e+00 1.025506075016781926e+00
2.009542389754439551e+00 2.296082231749529523e+00 1.022534746417586238e+00
2.009594584231495062e+00 2.296167637570659892e+00 1.022463345775396215e+00
2.011572183033462302e+00 2.299433908650033054e+00 1.019842612352718447e+00
2.013493618391555717e+00 2.302602627903301169e+00 1.017325586009109273e+00
2.015530836355349020e+00 2.305952756601683085e+00 1.014657938817501659e+00
2.017513245312022363e+00 2.309208661546656050e+00 1.011928894625545805e+00
2.017567004110958351e+00 2.309292253070327483e+00 1.011853854602999592e+00
2.019771229465437301e+00 2.312883014458401831e+00 1.008819620818930840e+00
2.019823586154699591e+00 2.312969254483979942e+00 1.008746035821597387e+00
2.021829825533322911e+00 2.316199165398199256e+00 1.006056385827954980e+00
2.024012586498955102e+00 2.319672962635070057e+00 1.003219601443030129e+00
2.024066994244519968e+00 2.319759344688604674e+00 1.003150503654544279e+00
2.025985939938165892e+00 2.322809295800976059e+00 1.000672752185409964e+00
2.028082085350920050e+00 2.326107305967990868e+00 9.979692899415473217e-01
2.028136900802670173e+00 2.326191431540934218e+00 9.978971677787255024e-01
2.030022763859073542e+00 2.329136404097393864e+00 9.954736574674216687e-01
2.031798332472074087e+00 2.331906938994305900e+00 9.931545860242028123e-01
2.033867434999160562e+00 2.335100082962142665e+00 9.904457159675235101e-01
2.035609179407375180e+00 2.337790393167952452e+00 9.881601841475302628e-01
2.037580478413237195e+00 2.340807411630755563e+00 9.856461970771824843e-01
2.037801139930056404e+00 2.341140648940553959e+00 9.853655415921492855e-01
2.039790232802864089e+00 2.344152359701833888e+00 9.828905135961487627e-01
2.041903666554943708e+00 2.347321184196239141e+00 9.802982036574727776e-01
2.044052432323240076e+00 2.350567953068815719e+00 9.776804908069990363e-01
2.046291158337761651e+00 2.353884825323314889e+00 9.749700182069338528e-01
2.048175528252213606e+00 2.356687717502202517e+00 9.725328803515074227e-01
2.050538027476681791e+00 2.360233612456854146e+00 9.690158446014154325e-01
2.050591365534298216e+00 2.360313355057599871e+00 9.689346569161226830e-01
2.052771989464028390e+00 2.363517207014287358e+00 9.659652875050315224e-01
2.054862981259360843e+00 2.366579774036321027e+00 9.633974578321220505e-01
2.057067413233825803e+00 2.369800244421464086e+00 9.607950022383717759e-01
2.059223429837746977e+00 2.372941097729250437e+00 9.582809515522136001e-01
2.061292202109103577e+00 2.375898884474004547e+00 9.558912730183666273e-01
2.063349096110540071e+00 2.378850910373683902e+00 9.534429971808110471e-01
2.063405126567088299e+00 2.378931247041601527e+00 9.533735164430474640e-01
2.065671446429817593e+00 2.382191797874778416e+00 9.505349551031404554e-01
2.067671430724964843e+00 2.385038229827397771e+00 9.478813441401279238e-01
2.069793354054028978e+00 2.388043068928674018e+00 9.450531816750530334e-01
2.072175177167696170e+00 2.391349186738108923e+00 9.419270952108891315e-01
2.074214392180008470e+00 2.394169737791285613e+00 9.393052261821881466e-01
2.076543147642150977e+00 2.397424132263874519e+00 9.363403885451990760e-01
2.078590769849386621e+00 2.400262627403860982e+00 9.337664518194150887e-01
2.080602006433791118e+00 2.403002454010314537e+00 9.314228157027958366e-01
2.082848389456628979e+00 2.406074175517366687e+00 9.286842856654384804e-01
2.084985023586988451e+00 2.408975861577292932e+00 9.259978755410579465e-01
2.087065461830373003e+00 2.411789413295171158e+00 9.233920828257176083e-01
2.089026304056215810e+00 2.414435856586364615e+00 9.209598027075280857e-01
2.091111402080320758e+00 2.417244167628992635e+00 9.183480713875846746e-01
2.093225163462125948e+00 2.420061370063768091e+00 9.157398723727165901e-01
2.095583814847898907e+00 2.423165839492013696e+00 9.129117128292646433e-01
2.097772785917371152e+00 2.426005838345959731e+00 9.102813857833016442e-01
2.100014284567560896e+00 2.428942593529722416e+00 9.075957334250259745e-01
2.102303271036916943e+00 2.431949574737845676e+00 9.045331553146572778e-01
2.102358373727279073e+00 2.432018014978869935e+00 9.044431112581616805e-01
2.104495280056489115e+00 2.434753498885495304e+00 9.012755164667805019e-01
2.106648166595431082e+00 2.437505112205307523e+00 8.986751262224064174e-01
2.108982606591525588e+00 2.440497721161399625e+00 8.960145859886602393e-01
2.109048877616390705e+00 2.440572701901321473e+00 8.959402376759708631e-01
2.111292924019217310e+00 2.443387712621760244e+00 8.933982615550764006e-01
2.113416143698465088e+00 2.446053195823222559e+00 8.909730500719683643e-01
2.115970693741059616e+00 2.449255134239503917e+00 8.880632951670400788e-01
2.118584618638643668e+00 2.452533901820872053e+00 8.850369303691052458e-01
2.120895941471653945e+00 2.455412010082149710e+00 8.823430165254335655e-01
2.123278160016729199e+00 2.458391289710090355e+00 8.788425469165723758e-01
2.125626286746471472e+00 2.461233462759600421e+00 8.739571481417579557e-01
2.127902734619773639e+00 2.464007077781226851e+00 8.688132315110871362e-01
2.130100960661391429e+00 2.466657715129451311e+00 8.642131236710091091e-01
2.135919943701657164e+00 2.473453790663778573e+00 8.588771254424021340e-01
2.138363581442019434e+00 2.476278709051868532e+00 8.577182706488054587e-01
2.140729849652904360e+00 2.479008565001648012e+00 8.564937779156766018e-01
2.143265562998388774e+00 2.481948663003690214e+00 8.546653877445816727e-01
2.145799055089354646e+00 2.484901117305356344e+00 8.510123236613776898e-01
2.147945691423953640e+00 2.487429508153259583e+00 8.472793082047334057e-01
2.150157024545619411e+00 2.489964897834579194e+00 8.434696414743524384e-01
2.152608743814428571e+00 2.492762310054170705e+00 8.395515533417553522e-01
2.155038529454512020e+00 2.495517235241189624e+00 8.362259687402208153e-01
2.157779539611380581e+00 2.498539899107680373e+00 8.339371910997229742e-01
2.160088824079365200e+00 2.501082313585229144e+00 8.324464288299939785e-01
2.162585725232173406e+00 2.503832969969224553e+00 8.308519130863579738e-01
2.165255926137652942e+00 2.506774527083797999e+00 8.285794360628234712e-01
2.167586719085774050e+00 2.509357622326587212e+00 8.251328902171413127e-01
2.170206897605599927e+00 2.512263389147731729e+00 8.207551984147967161e-01
2.172578129098830413e+00 2.514843426472379129e+00 8.168494884585417726e-01
2.175470876670416498e+00 2.517958739976888349e+00 8.124405059996169243e-01
2.175535659105544806e+00 2.518032540200836333e+00 8.123429811318061411e-01
2.178187627948473537e+00 2.520886645208237020e+00 8.089165296391361837e-01
2.180631721321684147e+00 2.523438552494065235e+00 8.072009134727226032e-01
2.183345302036028279e+00 2.526263614865948526e+00 8.054496945303122324e-01
2.183415185912069401e+00 2.526336434618230875e+00 8.054068642860419125e-01
2.185797844020695990e+00 2.528853557651744133e+00 8.033741970054183446e-01
2.188176104387008714e+00 2.531366570221584844e+00 7.999955242909932984e-01
2.190423210638348106e+00 2.533724634279670429e+00 7.964785300329803031e-01
2.190554320884731343e+00 2.533856950565793742e+00 7.962915945135157214e-01
2.193346686840089266e+00 2.536755186465557088e+00 7.919767610956623960e-01
2.195665549628551094e+00 2.539163847922761175e+00 7.885774407736885205e-01
2.198212550570118218e+00 2.541767586073452989e+00 7.850525939935563136e-01
2.200769030803381821e+00 2.544362529418245700e+00 7.817653396607938676e-01
2.203456260076505302e+00 2.547044343544419220e+00 7.783626318109113651e-01
2.203525088151195632e+00 2.547115139016108643e+00 7.782764746357324626e-01
2.206174002371064979e+00 2.549745830730512530e+00 7.754154148159073667e-01
2.208928187079417960e+00 2.552429348454813507e+00 7.736897809345010257e-01
2.211598184274675027e+00 2.555045073582554949e+00 7.721422032812713665e-01
2.214528776448912328e+00 2.557901195471306011e+00 7.698647217801440901e-01
2.216962398338754969e+00 2.560293214318500876e+00 7.662631295156703271e-01
2.219675886861945280e+00 2.562925326643653356e+00 7.614697243685041306e-01
2.222106699442749189e+00 2.565296503122456162e+00 7.569421459302632105e-01
2.224716195375484151e+00 2.567808414163851971e+00 7.525794195306744205e-01
2.227075683671847273e+00 2.570084471376131496e+00 7.489161620406834530e-01
2.229819534438966411e+00 2.572666976586596377e+00 7.453422929120322449e-01
2.232249486614344303e+00 2.574917682649138673e+00 7.425039388917406002e-01
2.235308359788720001e+00 2.577723335780711444e+00 7.409506349866076258e-01
2.238063670312406384e+00 2.580234951795521869e+00 7.400102292936694415e-01
2.240922287803438273e+00 2.582859178879606254e+00 7.379190518197255022e-01
2.240994850454214760e+00 2.582925338346576005e+00 7.378276674208461561e-01
2.243472769621453811e+00 2.585228958024310408e+00 7.339906543689996843e-01
2.246242425535279530e+00 2.587722406712218870e+00 7.281770284704359719e-01
2.248791974120338377e+00 2.590074625681165976e+00 7.229113000171820680e-01
2.251531037783451428e+00 2.592506312414513125e+00 7.178492387224917337e-01
2.254317292690788399e+00 2.594979167758485694e+00 7.132804410825195340e-01
2.256940226191174848e+00 2.597299295978448441e+00 7.097823893066969037e-01
2.259586791475797884e+00 2.599555467069610604e+00 7.082241831906636031e-01
2.262685045998477307e+00 2.602213037646027516e+00 7.082242543248756794e-01
2.262759105205601973e+00 2.602281159097917573e+00 7.082327868894017220e-01
2.265478509134941643e+00 2.604613408232165472e+00 7.080349201866403819e-01
2.268341535895976424e+00 2.607091572198746654e+00 7.054709527397031721e-01
2.270719196301417941e+00 2.609168055493349847e+00 7.013687107493367101e-01
2.273306363758925475e+00 2.611390970349741103e+00 6.947688689622520952e-01
2.276094151030558344e+00 2.613728979381503503e+00 6.875774487124189926e-01
2.278775361528548427e+00 2.615958608144422826e+00 6.814947787557397163e-01
2.281670601003689125e+00 2.618331751426543619e+00 6.760968923390358043e-01
2.284978702994446387e+00 2.620976840748212133e+00 6.727267326525854241e-01
2.287935698305889609e+00 2.623329294210345886e+00 6.725243951137278575e-01
2.295320126452075282e+00 2.629231978874162934e+00 6.762919898020071097e-01
2.298059739689805259e+00 2.631438096781866243e+00 6.775321795593193253e-01
2.301214424744254305e+00 2.633974212636396750e+00 6.769915757541113965e-01
2.301289278964635088e+00 2.634037299744579563e+00 6.769448800311409498e-01
2.304133565811961049e+00 2.636387430248845920e+00 6.738077468193399699e-01
2.306581910094529952e+00 2.638380610907502088e+00 6.695021944854446794e-01
2.309404509723997911e+00 2.640649881152526302e+00 6.636816509924922114e-01
2.312328252907823511e+00 2.642997917610810266e+00 6.574970684818796096e-01
2.315186142323272911e+00 2.645216480120026858e+00 6.519786721339319024e-01
2.318095880746495752e+00 2.647495984394848012e+00 6.473808285203327406e-01
2.321383325172400092e+00 2.650019873450825347e+00 6.429400785070296109e-01
2.324577240017679181e+00 2.652438423246910038e+00 6.392665976260909488e-01
2.327518646515250644e+00 2.654664717241866256e+00 6.350410517767638430e-01
2.330372844510696151e+00 2.656793748914897169e+00 6.277654009829888304e-01
2.330445340167812684e+00 2.656848256520244256e+00 6.275610918941301186e-01
2.333796196175276005e+00 2.659271670423592582e+00 6.194459991213354666e-01
2.336916296775075619e+00 2.661502084728176065e+00 6.150225402485461901e-01
2.340249395514818698e+00 2.663848949019196333e+00 6.117303236463468297e-01
2.343654205252991396e+00 2.666226558794771773e+00 6.092326616944258033e-01
2.343820112435210046e+00 2.666344644451377199e+00 6.091157712385409928e-01
2.346931890327356385e+00 2.668517353604173969e+00 6.068011078516226675e-01
2.349983684943250939e+00 2.670642195143468456e+00 6.042825367633319900e-01
2.353459834115508631e+00 2.673019353529928921e+00 6.010212979399299771e-01
2.356758501003654693e+00 2.675289612901594616e+00 5.976759203916885976e-01
2.359774808651461164e+00 2.677333302952865424e+00 5.954241018004532426e-01
2.362573861830382871e+00 2.679247478463385956e+00 5.935177878822748276e-01
2.365469598431781506e+00 2.681252527738401170e+00 5.893605387339583279e-01
2.368653761649185174e+00 2.683369633856151459e+00 5.822363704501066772e-01
2.371706043093625649e+00 2.685396347512103432e+00 5.751991837443027888e-01
2.375054084710992441e+00 2.687595051155724502e+00 5.684600093465315140e-01
2.378283618465339977e+00 2.689679497797462293e+00 5.634155183448904536e-01
2.381483448935056924e+00 2.691741709282043260e+00 5.592050502180774263e-01
2.384802975921766155e+00 2.693793660009213831e+00 5.573727518348235987e-01
2.387977091058242074e+00 2.695786689986483076e+00 5.579584751727277858e-01
2.391574969716671273e+00 2.698046753853197366e+00 5.590870057264438753e-01
2.394719188625342277e+00 2.700019516588458401e+00 5.595444860549939614e-01
2.397599295263900476e+00 2.701826512177362805e+00 5.584557984210571924e-01
2.400801671152943406e+00 2.703851725708341203e+00 5.556270168901200623e-01
2.403444211658857022e+00 2.705534037176263951e+00 5.510206919833127159e-01
2.405921531318630180e+00 2.707058501019166119e+00 5.458995347473636350e-01
2.408855345085693767e+00 2.708878625069224277e+00 5.400451842289092363e-01
2.411956127072804712e+00 2.710813207703214989e+00 5.344173654875127299e-01
2.415324034498059991e+00 2.712868011489049991e+00 5.290851945141085144e-01
2.418460725076784890e+00 2.714741283913753911e+00 5.247047574940536530e-01
2.421476036359601736e+00 2.716525452974051014e+00 5.209508141034238093e-01
2.424751944292895089e+00 2.718430287424517644e+00 5.173357032803314048e-01
2.428122476211281189e+00 2.720377548176478477e+00 5.137701302456642027e-01
2.431250749717869919e+00 2.722159007693893074e+00 5.104911103584353071e-01
2.434461388284967054e+00 2.723954510603101120e+00 5.079331476527295663e-01
2.438036789149633066e+00 2.725942311867733725e+00 5.066193189174005296e-01
2.441582334711552615e+00 2.727911412580230621e+00 5.051733362162231789e-01
2.444896709051967765e+00 2.729744534196328232e+00 5.034561010814252446e-01
2.447982038648665704e+00 2.731521193368972256e+00 4.998002978022769160e-01
2.450669400093951733e+00 2.733020333943580127e+00 4.943991144610883071e-01
2.453355236129060035e+00 2.734486766270955105e+00 4.873097025920935521e-01
2.456671285551256911e+00 2.736265910509265264e+00 4.794568825176741544e-01
2.460448743153803797e+00 2.738240246734433558e+00 4.740904858989699600e-01
2.464088885441925392e+00 2.740092703213649283e+00 4.707560906528976963e-01
2.464179319338005936e+00 2.740137620796711637e+00 4.706909505530466054e-01
2.467632461445860681e+00 2.741889774938894853e+00 4.681421882084222386e-01
2.470884856488092307e+00 2.743523414377539105e+00 4.658683798314415259e-01
2.474200575293829640e+00 2.745200921294013163e+00 4.634634254976981449e-01
2.477721093917997663e+00 2.746966388166116158e+00 4.604735247624528460e-01
2.477810697782423688e+00 2.747010285053578471e+00 4.603944642380591867e-01
2.481350778186778072e+00 2.748749213723538531e+00 4.576967496472660324e-01
2.489883555752194777e+00 2.752945669737815404e+00 4.531701904413933946e-01
2.493215470926721800e+00 2.754564913583595676e+00 4.513660672490052428e-01
2.496446854225218726e+00 2.756133447139004655e+00 4.490316612747285996e-01
2.499618449623094651e+00 2.757726496206635680e+00 4.448467294804875904e-01
2.502186398862756178e+00 2.758973176686369655e+00 4.394432910946607374e-01
2.505406303470306906e+00 2.760509886368366139e+00 4.307614621295757784e-01
2.508893070322854690e+00 2.762124280609873139e+00 4.228461577281779626e-01
2.512153701565154940e+00 2.763624534322331350e+00 4.174738040939439121e-01
2.515482555683640875e+00 2.765130066752725213e+00 4.134746499832948619e-01
2.519374004005358714e+00 2.766827782941228886e+00 4.103913226039274109e-01
2.519465394014472892e+00 2.766867649353925707e+00 4.103253498915895858e-01
2.523228121016552805e+00 2.768502641824987176e+00 4.074553072158862421e-01
2.527388143471068549e+00 2.770292125688065266e+00 4.041439787965660502e-01
2.530517161489352240e+00 2.771632317594904915e+00 4.015982351836569486e-01
2.533722756391897146e+00 2.772975906894157738e+00 3.993404614672504405e-01
2.537456559002190914e+00 2.774558230606118059e+00 3.972663294690967350e-01
2.541192927086762143e+00 2.776117234959165181e+00 3.949893256719190782e-01
2.544627183736916987e+00 2.777547223033989710e+00 3.923080231615703184e-01
2.548042482541617471e+00 2.778959756100823686e+00 3.891287908670927331e-01
2.551276323835498516e+00 2.780319709247385696e+00 3.843206400232587194e-01
2.554238197440713787e+00 2.781553671519321203e+00 3.775941849580321530e-01
2.557549370760638929e+00 2.782895531679432377e+00 3.699594346730864514e-01
2.561270630764475253e+00 2.784396816512157535e+00 3.634854402822752517e-01
2.564744546227822664e+00 2.785737238953003292e+00 3.587677599099708958e-01
2.568455882125031398e+00 2.787125249402158556e+00 3.550280193535458872e-01
2.571781191767860797e+00 2.788350575180215785e+00 3.522070713257634544e-01
2.575261734232511479e+00 2.789620120706572948e+00 3.494167094806009399e-01
2.578657540058885811e+00 2.790855570121527851e+00 3.465659612231833386e-01
2.582127025961456823e+00 2.792093091458013543e+00 3.442570007455711401e-01
2.585915041491385402e+00 2.793450194853871249e+00 3.425121218137429091e-01
2.589439547215885984e+00 2.794701960452677270e+00 3.404567562938173864e-01
2.593028879073732362e+00 2.795981029602084167e+00 3.378264831452782446e-01
2.596444487904694398e+00 2.797202844476648131e+00 3.347872211783359808e-01
2.600204971740570858e+00 2.798526462953602856e+00 3.311666008108428150e-01
2.604156616802011825e+00 2.799906611814554136e+00 3.271671312577996149e-01
2.607663629116247161e+00 2.801125768771130176e+00 3.237992422464313069e-01
2.611473215124479719e+00 2.802416520182859028e+00 3.204785063071133311e-01
2.614966820820989746e+00 2.803618486716281222e+00 3.166574751932698661e-01
2.615045979310385071e+00 2.803642034325910970e+00 3.165522134593163339e-01
2.618028540251741365e+00 2.804637490393202981e+00 3.110757142659371088e-01
2.621361540727767281e+00 2.805707178132532675e+00 3.042193634763025178e-01
2.624923638965516393e+00 2.806910110011145321e+00 2.976039328777782544e-01
2.628204508792660654e+00 2.807954644338683803e+00 2.920383065930757249e-01
2.631566210138967410e+00 2.808995282713286024e+00 2.875301838333172433e-01
2.635490058805874725e+00 2.810154060834728185e+00 2.836542997115212850e-01
2.639060697406560685e+00 2.811193422404525410e+00 2.815065117012314211e-01
2.642799760073297755e+00 2.812276249281526752e+00 2.794691123861719473e-01
2.646665383419284812e+00 2.813379930705570242e+00 2.768709681233483266e-01
2.650210416436284522e+00 2.814388401260556449e+00 2.740363117558390904e-01
2.653944081786589582e+00 2.815455669030338282e+00 2.707652815344047670e-01
2.654042151920829262e+00 2.815485674281153372e+00 2.706789509617379963e-01
2.657634325154799360e+00 2.816493508112450250e+00 2.675502999215805811e-01
2.661058680477644156e+00 2.817428723206921948e+00 2.648627388870219979e-01
2.664359720331848091e+00 2.818332949797552001e+00 2.622336787622904231e-01
2.668318690592502485e+00 2.819413469175601872e+00 2.588969621902160179e-01
2.668416171633188227e+00 2.819438303742682006e+00 2.588138135654629579e-01
2.672098431911321903e+00 2.820430942374077876e+00 2.554952225562074353e-01
2.675968581165875992e+00 2.821458422960435364e+00 2.518404172523240336e-01
2.676065392760787809e+00 2.821483491912298636e+00 2.517511195179393813e-01
2.679743973670868584e+00 2.822423471672175221e+00 2.484519921014631816e-01
2.688819714962302765e+00 2.824716392484145633e+00 2.410051753477386316e-01
2.692033800501845153e+00 2.825529424923248101e+00 2.383304413500524632e-01
2.695514706697637930e+00 2.826400022308082516e+00 2.351115247175557532e-01
2.698608751436648134e+00 2.827190440293901208e+00 2.315058807754925008e-01
2.701970327125054361e+00 2.827992474747696328e+00 2.259202362249047857e-01
2.705047296250442379e+00 2.828732129427387498e+00 2.204644067253121453e-01
2.708342442762442737e+00 2.829509825174708837e+00 2.150152241180456614e-01
2.712222059300779975e+00 2.830388847852973289e+00 2.099240556401146818e-01
2.715459193610728850e+00 2.831106199792430278e+00 2.063683749243047094e-01
2.719398852497765695e+00 2.831941202382400657e+00 2.025685117632924082e-01
2.719495559586802003e+00 2.831963201910719707e+00 2.024778587114506867e-01
2.723421787658321769e+00 2.832772551561123731e+00 1.989809108371139723e-01
2.726944981146357083e+00 2.833480265147370503e+00 1.959474747127897543e-01
2.730768612325651823e+00 2.834234239984606774e+00 1.925946932462147265e-01
2.734230466617259214e+00 2.834905144317815928e+00 1.896891432196060323e-01
2.737974862318090175e+00 2.835617626718926587e+00 1.867728144109686572e-01
2.741602524088788240e+00 2.836306913522390172e+00 1.838966747845434957e-01
2.741701814836007056e+00 2.836326532607231332e+00 1.838160619024979681e-01
2.745328271975831846e+00 2.837023594991645581e+00 1.806915722752521491e-01
2.748680368084386760e+00 2.837651514175795420e+00 1.776928181070550894e-01
2.752130457595187263e+00 2.838277990782991367e+00 1.745343290409194781e-01
2.755665705487831296e+00 2.838931149392424302e+00 1.713059650110820009e-01
2.759417226504046194e+00 2.839591287661262786e+00 1.681360441602905986e-01
2.762968260667882703e+00 2.840201702123604566e+00 1.652506467610486141e-01
2.766606711465195101e+00 2.840826015481901390e+00 1.622058561275576682e-01
2.770146422327253610e+00 2.841415926356643862e+00 1.592032424385137479e-01
2.774194384972083149e+00 2.842064827072264599e+00 1.555983270383597405e-01
2.778244934731001869e+00 2.842724147678743929e+00 1.518906286696186381e-01
2.781790951391678313e+00 2.843300195667116448e+00 1.485871041744672438e-01
2.781891843485280180e+00 2.843318339808619477e+00 1.484994336246662772e-01
2.785542211927106493e+00 2.843884770743081880e+00 1.453147818393597246e-01
2.789488730488444368e+00 2.844480607985325538e+00 1.419541260627690538e-01
2.793430277749813229e+00 2.845074067771114379e+00 1.385863950725891025e-01
2.797384001272742005e+00 2.845629451641539021e+00 1.351150034724912796e-01
2.800652711385509974e+00 2.846091497527654113e+00 1.321700034760836251e-01
2.804696087444691344e+00 2.846665611007778374e+00 1.284867799198185778e-01
2.808249284156130177e+00 2.847134703319234461e+00 1.253164481870182034e-01
2.811709873827559214e+00 2.847597269533027831e+00 1.222634621336401717e-01
2.815550750930998269e+00 2.848104909166595977e+00 1.188653270525909245e-01
2.819099703295967707e+00 2.848563101383096541e+00 1.157310323233182586e-01
2.822943923565910840e+00 2.849048368850963797e+00 1.123196292264888180e-01
2.827172224525137167e+00 2.849567273067210138e+00 1.084936253776839915e-01
2.831202456364565911e+00 2.850021953934532171e+00 1.048800642621258161e-01
2.831299781203758581e+00 2.850036904600521837e+00 1.047962059941893037e-01
2.835199643749295007e+00 2.850467301484112870e+00 1.008821228707403317e-01
2.838832376243184630e+00 2.850873340962984503e+00 9.664022043286514541e-02
2.842246252142224261e+00 2.851268885094440986e+00 9.271157121510902044e-02
2.845900136915764378e+00 2.851651316940928105e+00 8.882742526711233377e-02
2.849753853038605733e+00 2.852040979660065645e+00 8.501762341635261955e-02
2.853143198629617849e+00 2.852345340404362162e+00 8.190794332151372925e-02
2.856794865027415753e+00 2.852659990603198192e+00 7.866752210401181666e-02
2.860586902164921508e+00 2.852970624590816406e+00 7.538491672220200279e-02
2.863772407676767884e+00 2.853220874939701002e+00 7.271258520163294270e-02
2.863874166034561242e+00 2.853229256464068886e+00 7.262723251501194965e-02
2.867538177755937667e+00 2.853504923080840694e+00 6.965881118513443659e-02
2.870809100244716028e+00 2.853734554013441116e+00 6.699247837246759263e-02
2.874185584570091212e+00 2.853986624849778497e+00 6.426851280687330414e-02
2.878043152474348609e+00 2.854248377676431137e+00 6.115398993251962984e-02
2.882194526032831661e+00 2.854519498045830161e+00 5.773600912104802363e-02
2.886350007876610668e+00 2.854769140588273135e+00 5.423955302821503038e-02
2.886449025533875279e+00 2.854774351835156043e+00 5.415581631301719101e-02
2.890114346676761592e+00 2.854975034828165725e+00 5.109533032675935699e-02
2.893679623493197628e+00 2.855161825424717748e+00 4.811597893868950482e-02
2.902556949554651045e+00 2.855625606350586043e+00 4.087549111847531974e-02
2.906406922955988570e+00 2.855805943005967240e+00 3.772860772194660400e-02
2.906503621770433199e+00 2.855808383655283667e+00 3.764685318100226968e-02
2.910064959153825015e+00 2.855961982726513693e+00 3.474957707290349945e-02
2.914020724161714426e+00 2.856106641604125862e+00 3.158654738460704020e-02
2.914118818726736837e+00 2.856108946437724061e+00 3.150592437204333129e-02
2.918170949720273022e+00 2.856261468403707315e+00 2.818952590189818114e-02
2.918272523040162714e+00 2.856267690200529508e+00 2.811166575213882440e-02
2.922411577675965155e+00 2.856414403481826181e+00 2.474623357375609761e-02
2.922508433218964807e+00 2.856416251135836415e+00 2.466600433551539504e-02
2.925852682580879716e+00 2.856521127259066706e+00 2.189993645538659134e-02
2.929089686150171179e+00 2.856599102810239099e+00 1.920941778833049410e-02
2.932350332571221685e+00 2.856684808196669145e+00 1.655935716557706272e-02
2.935703370614393570e+00 2.856753314129233168e+00 1.384024471800056159e-02
2.940032550788589383e+00 2.856859648131936602e+00 1.026834104171574572e-02
2.944158249059748655e+00 2.856906382529884159e+00 7.006973942034470069e-03
2.948387250801740134e+00 2.856960682866918066e+00 3.674010359262007419e-03
2.951913553075661056e+00 2.856982187255146854e+00 8.454991791279245061e-04
2.955646508758843272e+00 2.857024737810400783e+00 -2.176371179904772364e-03
2.959377767078035681e+00 2.857014761928906577e+00 -5.171685060233782022e-03
2.959477358629711841e+00 2.857018225840637360e+00 -5.245549777627814096e-03
2.963504188003199147e+00 2.857013989959514166e+00 -8.421473235091061701e-03
2.966936380922766681e+00 2.856988999612605884e+00 -1.112054479607893498e-02
2.970559992224088397e+00 2.856969577897761958e+00 -1.398752619437779177e-02
2.974383727165050395e+00 2.856937532147350911e+00 -1.700655251389703373e-02
