3.000365915210357670e+00 -5.583406684187047959e-05 -1.351683610865784613e-04
3.000527201235698271e+00 -9.105942474997466389e-05 -1.895629840450541268e-04
3.000551303573747219e+00 -9.747074481797532149e-05 -9.981639073836365620e-05
3.000583424884747608e+00 -1.018554192916458164e-04 1.811857769250381056e-04
3.000621659848288658e+00 -1.076746939888038282e-04 6.165910100879320012e-04
3.000660092672400303e+00 -1.136660625018993324e-04 1.151538948626909574e-03
3.000724103837973722e+00 -1.106488727547732517e-04 2.077965142181738799e-03
3.000767436769387952e+00 -1.107074299465495633e-04 3.275227198108484825e-03
3.000834102713187512e+00 -1.109268043001583636e-04 4.678952837107549188e-03
3.000878081813233678e+00 -1.209842338589632333e-04 6.053399695691412570e-03
3.000936981775121026e+00 -1.177499038978023103e-04 8.110904113938638416e-03
3.000936537018655592e+00 -1.175321754072177209e-04 8.168494656892313216e-03
3.000992343953408081e+00 -1.156533416404136169e-04 1.039704392867536221e-02
3.000993314685174163e+00 -1.147153355726150941e-04 1.309136494959196352e-02
3.000996794881559016e+00 -1.134336205302201132e-04 1.596583331461961727e-02
3.001039063799545659e+00 -1.148769062845717785e-04 1.940547538728678093e-02
3.001125142655952871e+00 -1.216458216918069133e-04 2.241148011417419886e-02
3.001165310722209600e+00 -1.205458888361011886e-04 2.574415016780257429e-02
3.001229396958047690e+00 -1.178412708532545778e-04 2.960700978653704046e-02
3.001306536385776269e+00 -1.094797354824288659e-04 3.347609579713122646e-02
3.001390982395035323e+00 -1.076006819592852798e-04 3.753125697643112935e-02
3.001416654103879811e+00 -1.101324828879806685e-04 4.224182326201595533e-02
3.001418420978567703e+00 -1.102858217959762181e-04 4.236789004504653428e-02
3.001455534344625420e+00 -1.073341386225346201e-04 4.662169482098383472e-02
3.001492691382478206e+00 -1.086813604046295463e-04 5.153549634887146652e-02
3.001536727826568551e+00 -1.084289556502800872e-04 5.710171850706446256e-02
3.001538289156118644e+00 -1.085075868637202547e-04 5.724746148786890448e-02
3.001588375555059862e+00 -1.140484422717732982e-04 6.339808759502849056e-02
3.001631078759540383e+00 -1.094375403041161071e-04 6.970801804081930286e-02
3.001632419952263486e+00 -1.089347079237124732e-04 6.986917877640519414e-02
3.001728487921729194e+00 -8.925939376144224197e-05 7.609544070996429599e-02
3.001823778180594537e+00 -9.219645454407003615e-05 8.255802548706263344e-02
3.001824862321800236e+00 -9.286960389337777649e-05 8.272990985037145806e-02
3.001861447136075167e+00 -9.512147435478904983e-05 8.933371801216379027e-02
3.001888057880440996e+00 -9.528313907461016113e-05 9.565223302021826079e-02
3.001949104610551533e+00 -8.721891180134711680e-05 1.037018576374063583e-01
3.002015811053651451e+00 -8.047317513352591350e-05 1.107773364894814039e-01
3.002104200096280096e+00 -7.225912474421569004e-05 1.182268078004799217e-01
3.002169568637158559e+00 -6.803852579603027889e-05 1.264791116816385008e-01
3.002170443310330228e+00 -6.809241329109282093e-05 1.266996762109447450e-01
3.002232647584028413e+00 -6.407792011665393306e-05 1.343904512662218997e-01
3.002289270078216443e+00 -4.652819189210170847e-05 1.420271058827742849e-01
3.002407011056366759e+00 -2.830991234685324709e-05 1.509191168162638541e-01
3.002474859511335747e+00 -1.644986684028355850e-05 1.594885998112598458e-01
3.002530834323050346e+00 -5.907952062478641353e-06 1.671577844302150062e-01
3.002624324707131365e+00 7.227355253444991967e-06 1.747918380526677362e-01
3.002676655588653265e+00 1.854697315434999938e-05 1.829563856022162205e-01
3.002736104766271730e+00 2.464985139817750526e-05 1.913600721710750074e-01
3.002797374330498759e+00 3.994367972376226816e-05 1.990789749714098333e-01
3.002873866520469726e+00 5.165514589671252321e-05 2.074755910763045053e-01
3.002913571430623652e+00 5.880924103544675485e-05 2.161804527101819084e-01
3.002913776649804856e+00 5.871019021616054323e-05 2.164114211873481297e-01
3.002962861956041785e+00 7.232615716711368603e-05 2.246488190080055958e-01
3.003033280237236813e+00 9.276703444722513014e-05 2.335225644041708237e-01
3.003089997558209934e+00 1.120696625159321030e-04 2.410472279372547211e-01
3.003180596156512117e+00 1.304538478039303506e-04 2.491859835876734930e-01
3.003434575849000421e+00 2.175324521728055904e-04 2.742662807975827510e-01
3.003486907072566936e+00 2.358545853710057594e-04 2.820510921047015840e-01
3.003597364574713158e+00 2.695039881424297901e-04 2.909759250201173209e-01
3.003699297137235380e+00 3.110738915962744933e-04 2.985243063833545873e-01
3.003767507422620664e+00 3.365172970603916291e-04 3.075247502495394025e-01
3.003853810439126359e+00 3.790396499941638131e-04 3.162602842010390214e-01
3.003947526662041678e+00 4.108060387569383021e-04 3.247790948631869012e-01
3.004046787837154842e+00 4.597058181625805762e-04 3.342089880141781988e-01
3.004155957902892471e+00 5.064683444996297135e-04 3.426837394155133332e-01
3.004158545621478993e+00 5.064739113650844338e-04 3.429144646123412077e-01
3.004254395609312400e+00 5.585263293467340739e-04 3.514861723320479858e-01
3.004406747358079333e+00 6.233861856927043477e-04 3.606376838303362864e-01
3.004491151959280515e+00 6.549561166540457391e-04 3.689456140918555560e-01
3.004613368573369581e+00 7.125870600692314760e-04 3.780437584045897026e-01
3.004724085938627276e+00 7.573419140719066245e-04 3.865445213531210622e-01
3.004842906078613929e+00 8.189127443207280810e-04 3.959459772937389266e-01
3.004957656638123531e+00 8.841752407754074894e-04 4.043135227391928543e-01
3.005016528692437294e+00 9.058198654495926150e-04 4.130132543195615957e-01
3.005083148119046754e+00 9.534644776446887793e-04 4.208244253180772332e-01
3.005173177531991424e+00 9.983503521531419955e-04 4.283526197477051656e-01
3.005272257273826852e+00 1.070379003896511361e-03 4.366002497608179045e-01
3.005375384772273506e+00 1.132478375954124733e-03 4.455358702688070882e-01
3.005504443868852960e+00 1.218799454058443199e-03 4.541670864613077119e-01
3.005642050182469216e+00 1.307053471416647766e-03 4.627678466958069503e-01
3.005644929494332818e+00 1.307883528037349224e-03 4.629922712984870237e-01
3.005761819268760959e+00 1.380223720440599405e-03 4.713363532887490659e-01
3.005874935793134028e+00 1.449494795944906295e-03 4.800375546726490250e-01
3.005968024183465204e+00 1.504643488431916393e-03 4.877715784858503434e-01
3.006044870611205511e+00 1.544550788605349861e-03 4.967587712951508916e-01
3.006105207881593078e+00 1.582797283797007099e-03 5.047827526010232324e-01
3.006218704973393940e+00 1.673932273507410667e-03 5.140750477468212232e-01
3.006318610885571285e+00 1.728589059812189049e-03 5.230324985863930021e-01
3.006438520845121420e+00 1.796256813174426648e-03 5.320960342023638434e-01
3.006439025127409792e+00 1.797709294389510798e-03 5.323316001050990565e-01
3.006518184411584027e+00 1.856998432255639597e-03 5.404003064622944219e-01
3.006640163824028544e+00 1.949681141324231815e-03 5.481404476754703214e-01
3.006759842453339715e+00 2.038992074565780521e-03 5.575398863568818975e-01
3.006853396476994789e+00 2.122687676568368875e-03 5.674908538134029179e-01
3.006937312012494257e+00 2.185366676350823656e-03 5.758123838998536748e-01
3.007020381683554344e+00 2.259752056877978310e-03 5.849315077597369017e-01
3.007121821064505873e+00 2.346208713273185975e-03 5.938221375746730590e-01
3.007202817273419093e+00 2.417200504787005155e-03 6.025029561274574119e-01
3.007279220526212438e+00 2.489551204828369113e-03 6.100279561424332142e-01
3.007340755839896573e+00 2.539305716242383493e-03 6.175757556360699230e-01
3.007418786871701499e+00 2.616502631975541060e-03 6.269857758251149438e-01
3.007522059424009964e+00 2.693194445201385623e-03 6.355278519453938513e-01
3.007625548842776997e+00 2.777686921152780486e-03 6.438404091075067281e-01
3.007709780345711348e+00 2.838669198755444656e-03 6.523216209309073976e-01
3.007809463838267305e+00 2.897902337396160433e-03 6.607896005027398267e-01
3.007867271321137181e+00 2.951792625772046985e-03 6.691422986245626481e-01
3.007903997541045094e+00 2.994354216366020005e-03 6.770229384722435961e-01
3.007983875100788573e+00 3.068486277528245654e-03 6.860056281500730435e-01
3.008044505031287841e+00 3.138746079288656787e-03 6.953737414452944021e-01
3.008087937836950054e+00 3.176091484566795353e-03 7.044064014881168401e-01
3.008151903508124114e+00 3.242457723170250050e-03 7.138890574177779724e-01
3.008227747656150086e+00 3.326794330135642019e-03 7.233476226078480176e-01
3.008304258137856291e+00 3.411115850176643649e-03 7.321324598465616118e-01
3.008379775868993633e+00 3.505616208396539202e-03 7.408760427593534814e-01
3.008443738457377226e+00 3.583310416041943225e-03 7.493876522605331658e-01
3.008495240636903656e+00 3.633783347408402198e-03 7.580067941670978193e-01
3.008549928491798475e+00 3.684625984339634508e-03 7.661469417809797511e-01
3.008616964415839146e+00 3.775495584199331511e-03 7.757021848873083547e-01
3.008679372405896668e+00 3.837730735555489048e-03 7.842792395423968665e-01
3.008745699177604038e+00 3.908466164409020449e-03 7.928804084245330008e-01
3.008810115246333350e+00 3.976009117399557924e-03 8.007123749192603945e-01
3.008879542174967003e+00 4.058774170865114828e-03 8.096231949209623524e-01
3.009148833378251453e+00 4.360945713735082940e-03 8.351711812710345129e-01
3.009200791774112815e+00 4.440476458265785187e-03 8.429269355857269552e-01
3.009257272699449537e+00 4.510027110947639750e-03 8.510134472386911009e-01
3.009303000513537274e+00 4.562519113922587632e-03 8.603223339015608762e-01
3.009305128154433628e+00 4.564503371858805170e-03 8.605514049680356159e-01
3.009381192096769020e+00 4.653076829355992650e-03 8.688969005315096972e-01
3.009449169726903239e+00 4.742302512301801998e-03 8.772691702875518027e-01
3.009521022276500979e+00 4.855397347376354256e-03 8.854874644403724071e-01
3.009584239329907263e+00 4.930081683685562377e-03 8.949198783352518838e-01
3.009584736954237005e+00 4.931774458377592707e-03 8.951578012984494626e-01
3.009659427729493242e+00 5.033610634674841322e-03 9.038617106318460603e-01
3.009719835888338579e+00 5.119191538013434517e-03 9.133089424063944861e-01
3.009789792738989167e+00 5.230502344471039955e-03 9.220800274626055337e-01
3.009857937847675302e+00 5.342552399446427736e-03 9.309821139013682023e-01
3.009863428289647036e+00 5.345353805611928466e-03 9.312140984415082645e-01
3.009936270581952567e+00 5.458826636726296644e-03 9.401717238399176502e-01
3.009994288160895426e+00 5.536321561686048665e-03 9.488546107701139043e-01
3.010029535534024525e+00 5.607639508503965697e-03 9.568637359186362712e-01
3.010082399773260864e+00 5.683991275731055393e-03 9.649910222825953676e-01
3.010161849226604236e+00 5.793979497319697025e-03 9.745249602975060155e-01
3.010226681690701511e+00 5.919783827562939693e-03 9.842810174078910901e-01
3.010232475042611267e+00 5.922391349997328802e-03 9.845124917008081233e-01
3.010262637164002886e+00 5.992315306851604684e-03 9.923944206223946907e-01
3.010267125210926764e+00 6.041315251349849147e-03 1.001974325596263649e+00
3.010299731475652774e+00 6.128356646300348043e-03 1.010639995843335193e+00
3.010334426336079616e+00 6.188370763988308709e-03 1.019446428880360411e+00
3.010399168104861634e+00 6.285104668863061850e-03 1.028759138723277955e+00
3.010447944190167480e+00 6.372805928974795142e-03 1.037391882893063721e+00
3.010502606584589902e+00 6.501430968044528969e-03 1.047290627432724941e+00
3.010531817324678450e+00 6.564055287635310598e-03 1.056795159503868264e+00
3.010581159949705654e+00 6.669599333805030505e-03 1.066036136570630122e+00
3.010626994587811023e+00 6.770791471425230412e-03 1.073394507384474839e+00
3.010675437296164603e+00 6.865900861649176790e-03 1.081063312916466623e+00
3.010720981725205636e+00 6.971352529352693728e-03 1.091191515711508631e+00
3.010762410871417050e+00 7.071384880214276469e-03 1.099853691254569554e+00
3.010805486442197587e+00 7.146471820667098240e-03 1.107610866234035818e+00
3.010831185316903191e+00 7.228462931952409076e-03 1.115675239221195936e+00
3.010856098889506338e+00 7.290055781549058256e-03 1.123988715047711473e+00
3.010893986001615730e+00 7.385184169311012625e-03 1.132132771640890434e+00
3.010931146652387813e+00 7.493008034764700454e-03 1.141975189551323711e+00
3.010931654521728618e+00 7.498775705554766580e-03 1.142211045110749668e+00
3.010948681051186959e+00 7.573054425795006095e-03 1.150907287002074231e+00
3.010979089599086223e+00 7.657649546405076446e-03 1.158476065134811162e+00
3.010997493703045702e+00 7.714499270375839435e-03 1.166283213313129785e+00
3.011020516792755952e+00 7.787682172773216505e-03 1.175473877065605022e+00
3.011057888161258855e+00 7.870602842815120626e-03 1.183743670299463480e+00
3.011090827963526895e+00 7.961669660869016840e-03 1.192388167777840513e+00
3.011123022460445497e+00 8.054095341376840689e-03 1.201000267433650626e+00
3.011141153029956552e+00 8.129071028272261135e-03 1.210332921578843424e+00
3.011166200002966864e+00 8.212201508784988668e-03 1.219645319252916416e+00
3.011187188231474465e+00 8.277797022771579694e-03 1.228812972214091692e+00
3.011187524007749250e+00 8.279966008101644070e-03 1.229046253204636674e+00
3.011209525095272177e+00 8.376354967222721104e-03 1.237359552881784230e+00
3.011226699758409175e+00 8.511351907601605316e-03 1.245858776933194578e+00
3.011247349696922981e+00 8.609378443556789384e-03 1.254695916911090059e+00
3.011255453910000934e+00 8.689697551270886278e-03 1.263354515182298687e+00
3.011274419081328091e+00 8.819232599229988312e-03 1.272600501567067166e+00
3.011306276588745501e+00 8.947170917688179737e-03 1.281070149642354217e+00
3.011331321982800180e+00 9.039739922460418575e-03 1.290054061057835710e+00
3.011334607622794479e+00 9.042737694339789134e-03 1.290277402025653553e+00
3.011356413484530758e+00 9.170397424431368794e-03 1.298521809780149416e+00
3.011379191571689429e+00 9.268948163803691909e-03 1.307024607708736630e+00
3.011384384645778844e+00 9.397766596186622745e-03 1.315123581459544111e+00
3.011392141553822288e+00 9.478084231096042811e-03 1.324421295483156902e+00
3.011407652259206369e+00 9.600500335382622374e-03 1.333637175013936194e+00
3.011427788359101854e+00 9.727902431226155555e-03 1.343171369660263847e+00
3.011434510447186685e+00 9.817269420129032254e-03 1.351449326749025293e+00
3.011440369935907135e+00 9.934981805531525878e-03 1.360491504014547104e+00
3.011461351317661794e+00 1.004801535731510154e-02 1.370064000965325768e+00
3.011470421150153953e+00 1.014519419161669100e-02 1.378683873367898105e+00
3.011483190711591984e+00 1.026127086559998347e-02 1.387282521324426199e+00
3.011495388375956317e+00 1.036632720822867892e-02 1.396259586298999711e+00
3.011505508515954332e+00 1.047427685792946817e-02 1.406359050860328530e+00
3.011528734690606335e+00 1.060186575170038448e-02 1.415529487000151798e+00
3.011532989395115933e+00 1.071022462807379172e-02 1.424094533284687936e+00
3.011544603761220351e+00 1.081456338897109071e-02 1.432907719044942185e+00
3.011554263140265419e+00 1.091308368985296345e-02 1.441246859663269486e+00
3.011547734557928013e+00 1.101326247822589227e-02 1.450289543878611198e+00
3.011548062200830600e+00 1.110660674312562851e-02 1.458739221132526076e+00
3.011546356496508370e+00 1.141595206119409844e-02 1.480380405530381749e+00
3.011550257302392453e+00 1.144266800494471437e-02 1.484520110479628396e+00
3.011552505095883348e+00 1.156232701356328663e-02 1.492814080453493286e+00
3.011546259837349027e+00 1.170503413328365105e-02 1.501748909119493325e+00
3.011546776613179599e+00 1.182759896259677479e-02 1.510522493481828432e+00
3.011551836734214227e+00 1.192636978375903600e-02 1.518856954513926105e+00
3.011541027867675524e+00 1.202430195276012193e-02 1.528446276391375536e+00
3.011528855126060389e+00 1.210783856108307854e-02 1.537911034337820393e+00
3.011521719991276935e+00 1.221825099724488384e-02 1.546464281762759185e+00
3.011516143157549674e+00 1.228225783172995356e-02 1.554540144676479496e+00
3.011511301737897384e+00 1.233188437465936038e-02 1.562173766065111824e+00
3.011511766988613115e+00 1.244053587999159605e-02 1.570475126164502466e+00
3.011501986691416999e+00 1.255592573060276829e-02 1.578771115825011950e+00
3.011490467109613434e+00 1.265165385383655583e-02 1.587259872466241006e+00
3.011489641253712879e+00 1.276924401858325897e-02 1.596268752546575964e+00
3.011490597737203068e+00 1.276952044973248684e-02 1.596496202163671718e+00
3.011469503559602856e+00 1.286142435084607072e-02 1.605707090628142542e+00
3.011447485569265226e+00 1.298464995832348395e-02 1.614926580788359267e+00
3.011445829496143478e+00 1.299130612792548378e-02 1.615159038490097565e+00
3.011428060866409240e+00 1.310886932403744487e-02 1.623881450309261343e+00
3.011428026981354034e+00 1.321286176893689268e-02 1.631961216336180964e+00
3.011412861762555515e+00 1.331739894608555130e-02 1.639513777113055015e+00
3.011390138583940335e+00 1.343968812844023586e-02 1.648513941812788541e+00
3.011367272196467493e+00 1.355154366419079881e-02 1.657126105599904919e+00
3.011352041952326086e+00 1.364589174618168615e-02 1.665050743446656378e+00
3.011335919009345830e+00 1.375240892870956133e-02 1.672671120039310289e+00
3.011312836626350187e+00 1.385294264833152045e-02 1.682044185130219693e+00
3.011309481981174763e+00 1.385875453864542778e-02 1.682282879111488993e+00
3.011290694685814451e+00 1.398577404113881401e-02 1.692547124434002237e+00
3.011272348551118139e+00 1.409552118151139594e-02 1.701375768013785983e+00
3.011239238416723474e+00 1.420943633769521097e-02 1.709629929338261523e+00
3.011207233780598624e+00 1.431092545258695614e-02 1.718475518240585753e+00
3.011187593668798623e+00 1.443006430082682812e-02 1.727525886365613550e+00
3.011153898298850162e+00 1.458491388822134860e-02 1.736870666806093366e+00
3.011125669407561656e+00 1.470696676606295106e-02 1.745086768984927428e+00
3.011118196423628657e+00 1.474991270240644248e-02 1.753163296519296699e+00
3.011097323222811539e+00 1.482407717014891380e-02 1.760767285024975148e+00
3.011064826174107534e+00 1.491504774421767432e-02 1.768548286357211063e+00
3.011027763249201072e+00 1.503759116582427391e-02 1.777978223356759147e+00
3.010997952547377565e+00 1.513019980266459841e-02 1.785746581181490100e+00
3.010951373599303427e+00 1.525858252187003994e-02 1.793875226566648884e+00
3.010950954328681206e+00 1.526532715704013304e-02 1.794102072956585525e+00
3.010905625295035470e+00 1.539698102512017386e-02 1.802458853185006538e+00
3.010865540365686321e+00 1.551522587709072698e-02 1.810660823647991080e+00
3.010821126395707648e+00 1.562102853101050154e-02 1.819552138089727045e+00
3.010792491848401031e+00 1.571875706855313526e-02 1.828486149829585905e+00
3.010754939343474934e+00 1.582741946397032973e-02 1.836697489714619325e+00
3.010679047827656163e+00 1.599043281412217132e-02 1.846088904879086501e+00
3.010630509543311906e+00 1.611130762172052755e-02 1.853714814191610438e+00
3.010581756174137258e+00 1.624103719617407682e-02 1.862371965774903604e+00
3.010527776595867788e+00 1.638584516070655528e-02 1.870545843979791067e+00
3.010489772842580791e+00 1.649363772795731098e-02 1.879069215410750227e+00
3.010461631025636020e+00 1.656637688848186518e-02 1.887820628939749446e+00
3.010411162930088924e+00 1.668605315174993831e-02 1.896821646797007155e+00
3.010366000436268674e+00 1.681750466826249790e-02 1.906367379951983798e+00
3.010325525755224607e+00 1.690947208716629679e-02 1.914783229693333366e+00
3.010272117698356453e+00 1.702136440867351580e-02 1.923318238471430242e+00
3.010220212124117722e+00 1.712979710107369324e-02 1.931231716277718613e+00
3.010182394855709376e+00 1.720951395973094322e-02 1.939135645986527656e+00
3.010139582934762803e+00 1.729973539010962180e-02 1.947885337470450118e+00
3.010138900668982043e+00 1.730166576146222740e-02 1.948116901282245461e+00
3.010079484837269170e+00 1.740223420014424399e-02 1.956815898387127994e+00
3.010002244789542925e+00 1.753936021257246347e-02 1.964738351566949426e+00
3.009957405111550965e+00 1.766907644935947208e-02 1.972764220363105725e+00
3.009910981271770591e+00 1.777012187122972708e-02 1.980429782267034033e+00
3.009867990086720457e+00 1.784591076497008683e-02 1.988134770252347305e+00
3.009809239253476321e+00 1.794903021461038972e-02 1.996119224720309449e+00
3.009747803826110513e+00 1.804553225408918327e-02 2.003373446926747903e+00
3.009697868256668407e+00 1.815229576955690316e-02 2.011627101592267319e+00
3.009629569174272490e+00 1.825036190482871856e-02 2.019783179550131536e+00
3.009578943709136478e+00 1.835077575445878684e-02 2.028674313088546288e+00
3.009578786273312545e+00 1.835189136047542247e-02 2.028902526449288146e+00
3.009518619709148357e+00 1.845200477035578712e-02 2.038097531647096172e+00
3.009518388236154252e+00 1.845462969373209972e-02 2.038323383628508623e+00
3.009451700698035026e+00 1.855078642541004019e-02 2.047058012264463489e+00
3.009396747679940365e+00 1.862884683364047361e-02 2.055622708414283295e+00
3.009335422601195464e+00 1.873776446464753970e-02 2.064142513779246180e+00
3.009264087280108857e+00 1.885477610122580916e-02 2.073345754205331737e+00
3.009218309959236226e+00 1.894122645246348879e-02 2.081272110424444044e+00
3.009050740796624268e+00 1.921259635322074277e-02 2.104389194186373491e+00
3.008997893939397983e+00 1.928804184330161486e-02 2.112196580336736407e+00
3.008901004943650204e+00 1.941702598317154166e-02 2.120500821100441691e+00
3.008809016171011042e+00 1.953411490391720323e-02 2.128545437658866391e+00
3.008752416296451404e+00 1.964184761515881672e-02 2.136351997315384832e+00
3.008694277363999081e+00 1.972080293891163849e-02 2.145224251129874471e+00
3.008594011650695954e+00 1.983731952422493339e-02 2.154127214761786480e+00
3.008551706106644019e+00 1.989883621988692425e-02 2.162345754513288032e+00
3.008463469568078974e+00 2.000520984509098626e-02 2.171258657580088958e+00
3.008381755057010221e+00 2.010663128694938073e-02 2.179613075099315900e+00
3.008381216796959468e+00 2.011081243179733968e-02 2.180066167137782784e+00
3.008287069349259824e+00 2.024407213456907995e-02 2.190160850999312014e+00
3.008213872651976484e+00 2.035118916394457883e-02 2.198630553425260814e+00
3.008153906079177542e+00 2.043111651816689051e-02 2.207150062454977579e+00
3.008093660344068887e+00 2.049023016729905472e-02 2.215407252746092848e+00
3.007991333750437590e+00 2.060257069421170262e-02 2.224575441153870070e+00
3.007990579636594664e+00 2.060514150057658062e-02 2.224810249514101113e+00
3.007172573220177725e+00 2.163604337404012590e-02 2.233378732509436304e+00
3.004733612219477656e+00 2.468889109855670894e-02 2.241777329544059949e+00
3.000712269077399963e+00 2.970523841258075615e-02 2.250167588748535064e+00
2.995381883455355609e+00 3.622907199705704961e-02 2.257513916783740360e+00
2.987955333316742124e+00 4.517600691668424706e-02 2.264725446373613504e+00
2.978855152027036102e+00 5.595634515776418128e-02 2.271582907011605812e+00
2.967747055101066511e+00 6.882704903368075389e-02 2.276719904518767379e+00
2.958050484955239590e+00 7.984554205339908228e-02 2.281644508004457172e+00
2.946170349807880839e+00 9.311502777026656186e-02 2.285550995912806638e+00
2.935612929009430605e+00 1.049132715090978357e-01 2.289084792016536696e+00
2.925811591137938983e+00 1.156866339725561577e-01 2.291573602488560013e+00
2.914578805716876886e+00 1.279895369648892667e-01 2.293374280304346868e+00
2.902969572298775613e+00 1.407102166643822705e-01 2.292300787418713348e+00
2.891322260210571038e+00 1.534796897402536109e-01 2.287313283047354595e+00
2.879375289802447835e+00 1.668760558416988449e-01 2.281890290855605130e+00
2.868279785079069555e+00 1.794706993687655017e-01 2.276189044078671841e+00
2.857123589083446102e+00 1.923125101680886184e-01 2.270266193111984965e+00
2.846846642075306022e+00 2.043314665611889458e-01 2.264275905799516764e+00
2.834333991318684465e+00 2.191293485039169653e-01 2.256582436026662197e+00
2.834035937884358258e+00 2.194822927890157649e-01 2.256391057080467721e+00
2.822057802786191782e+00 2.339506006903007695e-01 2.249191189708295013e+00
2.811245978807046519e+00 2.473100405292779358e-01 2.243484103183951639e+00
2.799048002245210220e+00 2.626103868555986209e-01 2.237788634318397918e+00
2.798756537584247805e+00 2.629771998325802218e-01 2.237667501988858554e+00
2.788331534313509330e+00 2.762344930917733365e-01 2.233643684514279304e+00
2.778093779605201874e+00 2.894061772298978097e-01 2.230937990225202672e+00
2.767362831332519146e+00 3.033299888464680572e-01 2.228776006425811751e+00
2.758175150023535416e+00 3.152698652932062195e-01 2.227383693156106403e+00
2.748561399230539770e+00 3.278291445995005771e-01 2.226388073748617469e+00
2.739615502717083206e+00 3.394486582769408178e-01 2.225330405271779721e+00
2.729098355343634097e+00 3.531121607542132557e-01 2.223863005382689995e+00
2.718495986761644723e+00 3.669206285120890088e-01 2.221961874986401853e+00
2.718226963684845732e+00 3.672676863031419936e-01 2.221913910262352854e+00
2.708905922431156021e+00 3.794196906394466384e-01 2.219976050008019008e+00
2.699974103783285173e+00 3.910905344134064654e-01 2.217579866084631313e+00
2.691118670599655704e+00 4.027043367484609560e-01 2.215259664561670228e+00
2.680952677005088880e+00 4.161255835504581446e-01 2.212236469609428990e+00
2.680703571641533944e+00 4.164489525224871480e-01 2.212159060451382331e+00
2.671729924658101218e+00 4.283269320309920358e-01 2.209140275425838684e+00
2.662745632211410474e+00 4.403137023547777362e-01 2.205962838656104541e+00
2.662505212767557250e+00 4.406292023157810656e-01 2.205880312839806567e+00
2.654181516332446478e+00 4.517884427477348308e-01 2.202706645548186515e+00
2.645811351859036709e+00 4.631256656279193473e-01 2.199125160167085813e+00
2.637261358473567796e+00 4.747749233162372184e-01 2.195484433883991837e+00
2.629305387996663690e+00 4.856503704392984289e-01 2.191898559450780049e+00
2.620890724503673219e+00 4.972320922010903255e-01 2.187434688660244486e+00
2.612906201955502272e+00 5.083812283156384781e-01 2.182818674097866563e+00
2.604879188774683829e+00 5.196323446407929980e-01 2.178145860872005901e+00
2.596795853962213130e+00 5.310607985517361573e-01 2.172653737999971746e+00
2.589393233467797817e+00 5.416266594940887247e-01 2.167659652189370512e+00
2.582702410715215002e+00 5.513191384034455966e-01 2.162848270591925193e+00
2.576447501481787139e+00 5.604739255259333364e-01 2.158333034137028594e+00
2.569410183135689252e+00 5.708910182861742788e-01 2.153187506623528868e+00
2.562572793735865329e+00 5.811076514708387597e-01 2.148206368325695337e+00
2.556376129986139389e+00 5.904335017004425090e-01 2.143358578052226626e+00
2.550068659696610673e+00 6.001779061852472452e-01 2.137708523178452946e+00
2.544198067912365691e+00 6.092328619548093016e-01 2.132045065532776729e+00
2.538363358938441561e+00 6.184870570613043572e-01 2.125956856810071294e+00
2.532620542426078813e+00 6.276352228695538660e-01 2.119576290107568539e+00
2.527176155600453278e+00 6.364741956457419247e-01 2.112646449248642533e+00
2.522246148466956939e+00 6.446168109725505246e-01 2.106252323237382651e+00
2.517659069131741756e+00 6.522402229617006997e-01 2.099937276231860661e+00
2.505003622726080792e+00 6.739866521836498370e-01 2.080803318417929759e+00
2.504878086260881709e+00 6.742071942553886643e-01 2.080611437494252147e+00
2.500472347959154185e+00 6.819176926162565655e-01 2.073464931401890698e+00
2.495998634671898309e+00 6.898983695491948120e-01 2.066309714842928358e+00
2.491939484599730914e+00 6.974003565215289857e-01 2.059067177643346014e+00
2.487710133369383403e+00 7.052718247296895226e-01 2.051177384791296188e+00
2.487596553348308426e+00 7.054714895402156571e-01 2.050979988541140386e+00
2.483787424382307485e+00 7.127938609183014362e-01 2.043469684862644353e+00
2.480023340708413571e+00 7.201195141922466236e-01 2.035482874384534124e+00
2.476289963847299713e+00 7.275377643230175329e-01 2.027284013232454551e+00
2.472668663504653974e+00 7.349057966070869918e-01 2.018958851714183211e+00
2.469158935765533691e+00 7.420473888773349014e-01 2.010605779530498349e+00
2.465854852734843838e+00 7.490744956860222459e-01 2.002087412620149554e+00
2.462836660821421830e+00 7.555779570854226357e-01 1.994025492529329258e+00
2.459675783615253408e+00 7.625102480116261461e-01 1.985452903766474320e+00
2.456690207787386004e+00 7.690489638342234979e-01 1.976559117231561302e+00
2.454962483125050721e+00 7.727186630762719055e-01 1.968308303533117476e+00
2.454522078547600739e+00 7.737786494643869029e-01 1.958941551308323481e+00
2.454586959334015273e+00 7.735774032370308362e-01 1.950224597716349262e+00
2.454321563412577678e+00 7.740934947153776946e-01 1.941144355779752306e+00
2.453150921209576119e+00 7.770612986567179137e-01 1.932400301966450185e+00
2.451152249618106183e+00 7.823611004082634546e-01 1.923973830126400664e+00
2.449091564091627315e+00 7.880373896226289254e-01 1.915842321689019467e+00
2.446785391024299372e+00 7.945077477306260461e-01 1.906474514240567020e+00
2.444826003243787849e+00 8.001908895310042569e-01 1.897983731255848738e+00
2.442947769338474462e+00 8.057771976914613887e-01 1.889578791520780010e+00
2.440876119770295283e+00 8.120102755188440824e-01 1.880039770811425370e+00
2.439043907357504093e+00 8.176770214903573697e-01 1.871443380849955096e+00
2.438989955303173307e+00 8.178320463952600816e-01 1.871207601427741896e+00
2.437404149826971622e+00 8.228849955340091782e-01 1.863434119412962220e+00
2.435713727702489173e+00 8.284796970553649498e-01 1.854768463546206725e+00
2.434050724944193167e+00 8.340297396566367372e-01 1.846184694518337110e+00
2.432412776864860682e+00 8.395306540972549136e-01 1.836818172894302936e+00
2.431732584038459155e+00 8.421473385142574930e-01 1.827895853939086823e+00
2.431654659050385803e+00 8.424832083287762119e-01 1.817499220938505244e+00
2.431653517806692033e+00 8.424825223160784526e-01 1.817261353206139907e+00
2.431434783944395939e+00 8.431694429897625964e-01 1.808290612739946512e+00
2.430633830672237039e+00 8.465179065863578378e-01 1.799565819337199946e+00
2.429366719464600699e+00 8.520787685110241538e-01 1.790142315040637921e+00
2.428174718032391155e+00 8.574921718203878385e-01 1.780860761717226515e+00
2.427028113687661470e+00 8.629731987698924245e-01 1.771339588231883866e+00
2.425998851122920463e+00 8.680228812884522860e-01 1.762527798490175712e+00
2.425051317534700601e+00 8.728618337878462086e-01 1.754061863798244580e+00
2.424049717442662732e+00 8.781761144191663204e-01 1.744686365603024925e+00
2.424027172912170514e+00 8.783118925452852999e-01 1.744444006476197906e+00
2.423256390803962379e+00 8.824888065230059864e-01 1.734630852865070016e+00
2.423075855175174986e+00 8.838220428743235324e-01 1.724795881379600715e+00
2.423008172470653587e+00 8.839002006345972884e-01 1.714805148616859398e+00
2.422989529150191057e+00 8.838153713716649929e-01 1.706432305449180564e+00
2.422909478567408126e+00 8.838318931839079795e-01 1.697667954195003270e+00
2.422846254710050218e+00 8.838322979262318579e-01 1.689566833558761694e+00
2.422816070568504898e+00 8.838104990641104663e-01 1.681152185472619687e+00
2.422676173699520596e+00 8.848486254213662194e-01 1.672741070950557463e+00
2.422319153504639555e+00 8.884089889624785519e-01 1.664095871696575468e+00
2.421876873475120817e+00 8.934637133230991513e-01 1.654501367554016555e+00
2.421865050070278524e+00 8.935932897926013307e-01 1.654257344454794998e+00
2.421495516591290365e+00 8.982198031320275389e-01 1.645493100669562114e+00
2.421154147673141743e+00 9.029468267609317422e-01 1.636580370425372744e+00
2.420860980965268805e+00 9.076319600055136050e-01 1.627651713604862271e+00
2.420852356397088290e+00 9.077602439200778139e-01 1.627410358390841250e+00
2.420596116843497292e+00 9.126931486106885094e-01 1.617703366142825283e+00
2.420382437838516587e+00 9.173577612403268633e-01 1.608491178238021568e+00
2.420243006860660628e+00 9.217446907304409631e-01 1.599757100991201053e+00
2.420239956960892780e+00 9.218648687926290775e-01 1.599516768323431037e+00
2.420107204417979663e+00 9.264232592031944602e-01 1.590423271447646503e+00
2.420105032708654402e+00 9.265418771050053515e-01 1.590178307119534562e+00
2.420014954483061587e+00 9.305665586833569147e-01 1.580360915175182734e+00
2.420003724062048001e+00 9.319571438764567839e-01 1.569937397197822104e+00
2.419971467079753413e+00 9.320675904185455884e-01 1.559336020729698236e+00
2.419909006505048588e+00 9.320781184503883487e-01 1.550905277869935706e+00
2.419906021645801708e+00 9.335457766577018868e-01 1.541382581273041952e+00
2.420049222589099713e+00 9.376864717958213191e-01 1.532102631295827022e+00
2.420052098452794009e+00 9.378052674293072544e-01 1.531859029555496576e+00
2.420244071097124028e+00 9.423155274110650570e-01 1.522446052165683517e+00
2.420455563351081807e+00 9.463563176165492585e-01 1.514000182053834243e+00
2.420721132307031453e+00 9.507543242751861357e-01 1.505062365319409734e+00
2.421033762213252061e+00 9.551195067695954499e-01 1.496712308866582131e+00
2.421349065647967702e+00 9.593710049262720307e-01 1.488222862708920236e+00
2.421650328599655566e+00 9.628861819039089553e-01 1.480577920469433373e+00
2.422861133096613884e+00 9.750369049621983031e-01 1.453979970599839744e+00
2.423374441069233942e+00 9.794113313438362889e-01 1.444358710775916821e+00
2.423724352264078341e+00 9.827409947413019431e-01 1.433932212704144060e+00
2.423785138268439443e+00 9.833722153295524349e-01 1.423646778671364022e+00
2.423739057536765440e+00 9.834586386921472245e-01 1.414162245849467814e+00
2.423939981242337893e+00 9.848474108268009397e-01 1.404852042911975296e+00
2.424581416839505899e+00 9.886279264715420734e-01 1.395768632042634350e+00
2.425262156271812408e+00 9.924194720933683378e-01 1.387066293480396117e+00
2.425962521795583804e+00 9.961448718817057513e-01 1.379044557031690932e+00
2.426894935901699135e+00 1.000874285193227742e+00 1.370916952305682557e+00
2.427800432462410729e+00 1.005369253801802643e+00 1.366682773366424630e+00
2.427825511733791686e+00 1.005482097338165737e+00 1.366612771066722409e+00
2.428678335020323598e+00 1.009617184711190774e+00 1.365043653465784601e+00
2.429447638233572349e+00 1.013307727187549023e+00 1.362510504006212653e+00
2.430226894527122816e+00 1.017002319910250474e+00 1.358743352886871314e+00
2.431100233099411145e+00 1.021014112409702079e+00 1.353380246389466190e+00
2.432019879142833574e+00 1.025133292916511563e+00 1.347176039352649068e+00
2.432963063966263384e+00 1.029252776165013872e+00 1.341019942545726540e+00
2.433906015662744338e+00 1.033348241136878842e+00 1.334314218287892428e+00
2.434748049022235517e+00 1.036877537499178770e+00 1.326430212504369877e+00
2.435511402208697884e+00 1.040081595905726797e+00 1.318851785655283937e+00
2.436528526533730865e+00 1.044069197712664376e+00 1.309263584183378182e+00
2.437575609347442995e+00 1.048098541544459472e+00 1.299912142480796451e+00
2.438611115798027029e+00 1.051881825886701760e+00 1.290899395745446654e+00
2.439533430718295648e+00 1.055166394604824864e+00 1.283596469502184423e+00
2.440515916124366580e+00 1.058541693439356335e+00 1.276298691819456099e+00
2.441575004967726059e+00 1.062114122612452860e+00 1.267747266999843081e+00
2.442721844370017159e+00 1.065917660094444219e+00 1.258544627008536754e+00
2.443740360807436840e+00 1.069189085059137456e+00 1.250590669027074497e+00
2.444980173142735413e+00 1.072962544643409011e+00 1.242251036678122533e+00
2.446186140288992394e+00 1.076477941567718366e+00 1.235964580720582795e+00
2.447552918415154544e+00 1.080363326989484341e+00 1.230488616286153913e+00
2.448862788671717361e+00 1.084060751713758819e+00 1.226030725597446303e+00
2.450121624448592605e+00 1.087621879126017932e+00 1.219148120226189791e+00
2.451248833664883886e+00 1.090740201924798480e+00 1.211421801631520134e+00
2.452449322305020551e+00 1.094007902306611157e+00 1.204281299092551771e+00
2.453925233232319147e+00 1.097833789108519920e+00 1.198673246327948805e+00
2.455269800471382435e+00 1.101269861384533089e+00 1.196427365348702532e+00
2.456640482462251196e+00 1.104811298725947077e+00 1.196578656250657735e+00
2.457978910736991374e+00 1.108250055587710392e+00 1.198006668054326873e+00
2.459158139890803341e+00 1.111301420400393258e+00 1.198169971904869735e+00
2.460474742962802441e+00 1.114640520425245196e+00 1.196891085159898394e+00
2.461711487095366024e+00 1.117801668556335004e+00 1.194817238126435255e+00
2.463013456514003607e+00 1.121060529960248298e+00 1.192402047507496121e+00
2.464414826181381635e+00 1.124596807956516731e+00 1.189789348959961801e+00
2.464452181422831956e+00 1.124689876329766136e+00 1.189718258129639272e+00
2.465969780094413366e+00 1.128450795403045159e+00 1.187204090168572312e+00
2.467405593887315618e+00 1.131990418021046940e+00 1.185067298961794968e+00
2.468732166596847577e+00 1.135291947190235184e+00 1.182699010181234023e+00
2.469930020550571648e+00 1.138336630958303175e+00 1.178741081888407205e+00
2.471131357298859577e+00 1.141297033219871082e+00 1.172598457546902173e+00
2.472454315833737315e+00 1.144484055298250258e+00 1.165142002721338832e+00
2.473892762525239597e+00 1.147915647436469566e+00 1.157880618425439101e+00
2.475378799210445901e+00 1.151315515498737341e+00 1.152807718560860284e+00
2.476736499720605167e+00 1.154348755917852021e+00 1.149397159091652076e+00
2.478320964493226253e+00 1.157872799638241190e+00 1.147551912386781225e+00
2.480085876464317884e+00 1.161855355445548188e+00 1.148470129646083304e+00
2.481610050141981549e+00 1.165233398877521420e+00 1.150972159480902812e+00
2.483114498371357559e+00 1.168616434158301631e+00 1.153744205460230043e+00
2.484859293729909879e+00 1.172567954642364629e+00 1.155813059381575192e+00
2.486341578146698428e+00 1.175942163134628293e+00 1.156900964147829614e+00
2.487830257854751981e+00 1.179326819581522523e+00 1.156385884926175001e+00
2.489375289352194098e+00 1.182922904580853807e+00 1.154509259625401629e+00
2.490751602834672784e+00 1.186178792100864410e+00 1.150498289018630826e+00
2.492199860640795350e+00 1.189606108700512088e+00 1.143659688089376125e+00
2.493615037935495771e+00 1.192780089319001924e+00 1.137066157769754504e+00
2.494970273255318283e+00 1.195851208697929158e+00 1.131596511704638930e+00
2.496740861557441349e+00 1.199673023383045933e+00 1.127424017634587328e+00
2.498581479788496651e+00 1.203550900663746592e+00 1.125172526231200454e+00
2.500300301464576158e+00 1.207117482558405674e+00 1.124660538223501316e+00
2.501863064334762576e+00 1.210413996965743699e+00 1.123735041860058237e+00
2.503468194371564870e+00 1.213827625342092542e+00 1.120979976544645318e+00
2.505017487629172646e+00 1.217006736682868517e+00 1.119837148825803430e+00
2.506810088950982784e+00 1.220740033044707351e+00 1.121385795746194347e+00
2.508450512451615211e+00 1.224212125336030521e+00 1.125442724297824659e+00
2.510241891193158992e+00 1.227961378170433937e+00 1.130315868709152349e+00
2.514855922438684388e+00 1.237837440681468726e+00 1.139347522478668662e+00
2.516302389955762830e+00 1.241027601013408477e+00 1.141545449743556206e+00
2.517749755461951899e+00 1.244258622361154476e+00 1.141721646608379714e+00
2.519318138989648403e+00 1.247874515923775629e+00 1.139200561035476067e+00
2.520837207242326627e+00 1.251377841616280850e+00 1.132935065039033296e+00
2.522109566914536583e+00 1.254172890008762087e+00 1.126651891361132085e+00
2.523488259083369378e+00 1.257132223007471961e+00 1.119224854343209730e+00
2.525035815205148637e+00 1.260391397067773145e+00 1.110806873351938062e+00
2.525074395681973005e+00 1.260482507390245255e+00 1.110590991557129037e+00
2.526525557562849578e+00 1.263527323901949995e+00 1.103712951332876280e+00
2.528138309882724144e+00 1.266782022043706935e+00 1.098915674715748247e+00
2.529738388159570306e+00 1.269939475006047092e+00 1.096694273879901482e+00
2.531450265891970641e+00 1.273276096122293088e+00 1.097033443526874930e+00
2.533444761375061027e+00 1.277230529704319162e+00 1.100451784145991985e+00
2.535245942485393478e+00 1.280813451802212732e+00 1.106524263204342162e+00
2.536923398897258153e+00 1.284191025732489333e+00 1.113249677285887307e+00
2.538733326753287223e+00 1.287918856792223288e+00 1.117950866345014838e+00
2.540355249571898621e+00 1.291239563234696686e+00 1.118659269059291139e+00
2.541865569259377011e+00 1.294417465768429087e+00 1.118223893882047681e+00
2.543662221006781632e+00 1.298243557033539997e+00 1.116559278770734798e+00
2.545062861094558926e+00 1.301180679855133970e+00 1.115163656704170059e+00
2.546666509862851147e+00 1.304498513672338822e+00 1.114133586826955513e+00
2.548390920603968546e+00 1.308129867500197996e+00 1.112227412817113237e+00
2.548433750130026265e+00 1.308218094519095098e+00 1.112134264499321068e+00
2.549854891194618389e+00 1.311187157496818578e+00 1.109098923844071383e+00
2.551407638655993626e+00 1.314427937187301554e+00 1.105941892819205519e+00
2.552849731407476064e+00 1.317366208344106893e+00 1.103443148576742194e+00
2.554370722770654023e+00 1.320413826895182829e+00 1.101953535643396043e+00
2.556137658118625922e+00 1.323910615009816771e+00 1.102280567625786967e+00
2.558102779846981534e+00 1.327850265735537327e+00 1.105283991732395110e+00
2.560095249558102637e+00 1.331869264505568529e+00 1.111414630408586790e+00
2.560143029612762966e+00 1.331961676377813708e+00 1.111591448383075331e+00
2.561700820925900679e+00 1.335144617094478736e+00 1.117172498936334746e+00
2.563404111092002058e+00 1.338631992271942295e+00 1.120451758662010633e+00
2.565080697707548651e+00 1.342195143879083563e+00 1.121058851793524935e+00
2.566813389711906090e+00 1.345911749470720231e+00 1.119955935217878729e+00
2.568371254742603416e+00 1.349169623162478127e+00 1.118599140173401452e+00
2.569995345180843049e+00 1.352644931073774259e+00 1.117484842945638102e+00
2.571545122884583812e+00 1.355893199970465535e+00 1.116971860776817982e+00
2.573096871488282034e+00 1.359202734923241174e+00 1.116117818942907292e+00
2.574548133178937714e+00 1.362350805070815518e+00 1.113570218985108218e+00
2.576318242953551607e+00 1.366052941399026111e+00 1.110582530167613546e+00
2.576359867528602798e+00 1.366141593163824552e+00 1.110511843297794510e+00
2.577961220787040819e+00 1.369445062578381389e+00 1.108398397665186774e+00
2.579756422845206565e+00 1.373058443219652203e+00 1.108309821649296811e+00
2.581464141210270569e+00 1.376506296314894628e+00 1.110640124603873291e+00
2.583231465701172791e+00 1.380119348942274504e+00 1.115389518169578098e+00
2.584940432853758185e+00 1.383614765803400815e+00 1.120542578965785463e+00
2.586525363252784260e+00 1.386869123645228630e+00 1.122940962406634657e+00
2.588022994374937102e+00 1.390034477508997446e+00 1.123657131369614648e+00
2.589697079792059764e+00 1.393562755854696800e+00 1.123662207601518581e+00
2.589780698548850513e+00 1.393742553716752264e+00 1.123654943003462581e+00
2.591298052842887945e+00 1.396998896754533703e+00 1.123659308393601730e+00
2.592825411599466001e+00 1.400255213630739126e+00 1.123836554622324568e+00
2.594352814251092099e+00 1.403500818720127441e+00 1.124194078751062253e+00
2.595953332125885638e+00 1.406996230797622927e+00 1.123831293712430845e+00
2.597451992570864565e+00 1.410194711780506482e+00 1.121837616573677199e+00
2.598853270872985011e+00 1.413210362584290003e+00 1.120115952021825123e+00
2.600337387785122800e+00 1.416369129330616650e+00 1.118825948183175933e+00
2.602193507130974748e+00 1.420255979336293883e+00 1.118320123006860456e+00
2.604011142458500405e+00 1.424009832099264461e+00 1.118462966043425100e+00
2.605845779387323535e+00 1.427796798875640372e+00 1.121030938254628406e+00
2.607433162201331367e+00 1.431108965381905351e+00 1.125377162603106385e+00
2.608940478523919637e+00 1.434261477733518086e+00 1.129957615352142675e+00
2.610478348875085342e+00 1.437541354912849956e+00 1.132482108868616333e+00
2.612099884776743153e+00 1.441023956079860335e+00 1.133932737349082398e+00
2.613671431246851640e+00 1.444400917224124115e+00 1.134622688256804013e+00
2.613713109278576141e+00 1.444490894386857516e+00 1.134635342819212411e+00
2.615403175951564574e+00 1.448144769915027830e+00 1.135148767025765171e+00
2.615447681289783777e+00 1.448234191642909341e+00 1.135159871821501909e+00
2.616946282631954279e+00 1.451517681964132667e+00 1.135691166945761665e+00
2.618731986009912305e+00 1.455450109599969233e+00 1.136416651605744343e+00
2.620159311948203396e+00 1.458606790917414742e+00 1.136736891564418261e+00
2.621641452064828126e+00 1.461936003192000344e+00 1.135546155087920006e+00
2.623216270709624265e+00 1.465473242328370729e+00 1.134088669247148795e+00
2.624698264275847848e+00 1.468754662995535254e+00 1.133169374972098131e+00
2.626085479342247453e+00 1.471786203902122558e+00 1.132961502564589606e+00
2.627747015585480739e+00 1.475370577547575390e+00 1.133314728984718078e+00
2.629422609897215768e+00 1.478937964923689119e+00 1.134519915555955993e+00
2.629465310374923703e+00 1.479034461134199452e+00 1.134579709924709467e+00
2.634091765238607774e+00 1.489033943403866633e+00 1.142897668115147924e+00
2.635620571800239009e+00 1.492378222477322103e+00 1.145684659599309985e+00
2.637269607239418168e+00 1.496067598500971041e+00 1.147929090615171788e+00
2.638794435552342055e+00 1.499478480407202774e+00 1.149114837054945326e+00
2.640222135385405622e+00 1.502713796376338617e+00 1.149990330609373945e+00
2.641682949022166937e+00 1.506034480887457505e+00 1.150837395390368556e+00
2.643069069964381068e+00 1.509246376227856512e+00 1.151016676527980565e+00
2.644480627815711138e+00 1.512491776462078663e+00 1.150248140825313348e+00
2.644521983786719765e+00 1.512581653283717520e+00 1.150217720440623870e+00
2.645908223983833629e+00 1.515799132202705790e+00 1.149570761624521653e+00
2.647486358862753075e+00 1.519387566701415615e+00 1.149374023770280528e+00
2.648809030441067414e+00 1.522448592608472540e+00 1.149434288538259796e+00
2.650188507781901404e+00 1.525599548954229334e+00 1.149930620204252296e+00
2.651745370512235578e+00 1.529137751103470499e+00 1.150715534888451907e+00
2.653401214488677606e+00 1.532827679904822826e+00 1.152372445120727784e+00
2.654935576951066967e+00 1.536312745166543703e+00 1.154919477872096145e+00
2.656552562335309009e+00 1.539972156851187934e+00 1.157660956359522375e+00
2.658244964740664518e+00 1.543823686424879327e+00 1.160137659264598442e+00
2.658284490059118710e+00 1.543917517398655459e+00 1.160197799779719263e+00
2.659898055497706082e+00 1.547664281264585773e+00 1.162000354413979641e+00
2.659938551551043417e+00 1.547756228543975654e+00 1.162041958661421903e+00
2.661478577181221716e+00 1.551330794373785071e+00 1.163447726280931072e+00
2.662981326893563594e+00 1.554822286018935351e+00 1.164770529382229691e+00
2.663023062116199213e+00 1.554915485852556678e+00 1.164804189630399112e+00
2.664545842707787049e+00 1.558556879411302276e+00 1.165374663631409957e+00
2.665939630833982665e+00 1.561910560229790468e+00 1.165302322040528971e+00
2.667250071314856807e+00 1.565068352945286012e+00 1.165338046660095328e+00
2.668596512108297514e+00 1.568253221700817601e+00 1.165608991843561038e+00
2.670258129230565380e+00 1.572180617135260361e+00 1.166269570731856886e+00
2.671812329505470540e+00 1.575841390299851374e+00 1.167112713909729260e+00
2.673324548966311553e+00 1.579427375353875007e+00 1.168116472428118779e+00
2.674417833277215273e+00 1.582057414631087955e+00 1.168734365110669415e+00
2.674953214746481400e+00 1.583330140962459609e+00 1.168836933087799457e+00
2.676405437579348678e+00 1.586860749199103804e+00 1.168947150926866296e+00
2.676446217769199887e+00 1.586954261881025063e+00 1.168945484185833772e+00
2.677881786510229567e+00 1.590327890131987276e+00 1.169379454578427957e+00
2.679552050172184785e+00 1.594253562983672934e+00 1.171996020431876007e+00
2.681002676798768913e+00 1.597691642797889777e+00 1.175111382421872630e+00
2.682395240154108684e+00 1.601043010519044518e+00 1.178007847733044233e+00
2.684002078411137582e+00 1.604945200590133458e+00 1.180915682224312535e+00
2.685431722403252675e+00 1.608453903931610141e+00 1.182991287343728715e+00
2.686801735508583810e+00 1.611908885194877961e+00 1.183836581244801067e+00
2.688268098857284460e+00 1.615660065400796430e+00 1.184269514788560018e+00
2.688300445440940045e+00 1.615754530429978297e+00 1.184282049988374164e+00
2.689617014384641180e+00 1.619058728818891568e+00 1.184654346062838259e+00
2.691088450317804526e+00 1.622740359071247251e+00 1.185257347943966533e+00
2.692567635776040191e+00 1.626442873298294733e+00 1.185928319187106394e+00
2.693945126690798553e+00 1.629869978014856668e+00 1.186789273925956012e+00
2.695299268013930494e+00 1.633357487575533451e+00 1.187454169530402170e+00
2.696579083353883632e+00 1.636667001414696676e+00 1.187617735111610617e+00
2.697978178676321281e+00 1.640269944245727807e+00 1.187856222257732242e+00
2.698012247694395072e+00 1.640364611482704849e+00 1.187864349133420871e+00
2.699401199244982674e+00 1.643890374820643707e+00 1.188444326952170060e+00
2.700812885200883695e+00 1.647418392111098306e+00 1.189216998959753635e+00
2.702312867915210859e+00 1.651134036873679101e+00 1.190183440034433104e+00
2.703763896557688451e+00 1.654749137972939543e+00 1.191901044973045387e+00
2.705383781716981684e+00 1.658815138386769528e+00 1.194873846671623330e+00
2.706781208283793205e+00 1.662368865568637055e+00 1.197074288302128586e+00
2.708101552619835317e+00 1.665755690634541208e+00 1.198886540304581638e+00
2.709517938832024964e+00 1.669423236440880753e+00 1.200474973687680524e+00
2.710997420669015501e+00 1.673277050816024181e+00 1.202060621905524984e+00
2.712460464274489613e+00 1.677136705886792312e+00 1.203477899453263111e+00
2.713758183312049432e+00 1.680508376471301801e+00 1.204696484723568384e+00
2.714948596947272197e+00 1.683690737027026874e+00 1.205387648019885072e+00
2.716429649657199796e+00 1.687627388833382591e+00 1.205921334273300394e+00
2.717668659855920765e+00 1.690993464335025065e+00 1.206402331356268620e+00
2.719136091192234872e+00 1.694944746029632521e+00 1.207124546413760324e+00
2.720426783400247128e+00 1.698328445988337654e+00 1.207967137866244878e+00
2.721631798302146965e+00 1.701523236034924169e+00 1.208882731629826512e+00
2.722932646677244328e+00 1.705017700712511575e+00 1.209993739356682418e+00
2.723162247244154344e+00 1.705595216222437260e+00 1.210184043603045101e+00
2.724511119649344337e+00 1.709277982140732011e+00 1.211113702586503305e+00
2.725814011917389479e+00 1.712848142858384382e+00 1.211755562421841903e+00
2.727251116544852305e+00 1.716721825764507603e+00 1.212549730024600203e+00
2.728510964879768963e+00 1.720033981343686014e+00 1.213915625455592284e+00
2.729844030848243897e+00 1.723596408897576815e+00 1.216242816625477285e+00
2.731182823298416107e+00 1.727222073617103781e+00 1.218775652304485924e+00
2.732608496949816335e+00 1.731152227254835196e+00 1.221238716069681818e+00
2.736406570660020243e+00 1.741789104020464496e+00 1.225349539033756541e+00
2.737543620440361369e+00 1.745007496956404891e+00 1.226397857688805715e+00
2.738734453639223521e+00 1.748422240461351640e+00 1.227323989354597744e+00
2.739958610962642815e+00 1.751934245732547302e+00 1.228208367151731206e+00
2.741249811451193619e+00 1.755645165832754762e+00 1.229218113859704253e+00
2.742691213810389605e+00 1.759822366186346798e+00 1.230139594533112612e+00
2.743938465653625425e+00 1.763399155769435289e+00 1.230756276489084033e+00
2.745051782929010198e+00 1.766623262682039730e+00 1.231391969315460022e+00
2.746332696277888452e+00 1.770336737765563440e+00 1.232202831257712017e+00
2.747647325352289727e+00 1.774165542630949055e+00 1.233142986882234560e+00
2.747680606391382341e+00 1.774262595910518270e+00 1.233170338773605934e+00
2.748915173176174953e+00 1.777788598788955676e+00 1.234221317535878049e+00
2.750141372147466345e+00 1.781324477848702736e+00 1.235317332279323832e+00
2.751587147497034369e+00 1.785545975145313324e+00 1.236340669607345788e+00
2.752931445293758994e+00 1.789426880008298193e+00 1.237743924448853505e+00
2.754158209894793430e+00 1.792978184041879697e+00 1.239489478791799160e+00
2.755628927076315904e+00 1.797236729908521458e+00 1.241588202722185397e+00
2.756840932957457468e+00 1.800813737353680333e+00 1.243256831642755689e+00
2.758289823082926251e+00 1.805072525296805619e+00 1.245081799726609706e+00
2.759622399621824762e+00 1.809124097257357233e+00 1.246391710684861653e+00
2.760915891406813927e+00 1.813057683923030572e+00 1.247482428680084965e+00
2.760948252928110858e+00 1.813159627905240434e+00 1.247510567489266142e+00
2.762216248818511577e+00 1.817013119209564653e+00 1.248548661083762168e+00
2.763410112395481288e+00 1.820683799878586751e+00 1.249527578590335253e+00
2.764734479408158307e+00 1.824739837396697650e+00 1.250681358610242766e+00
2.766006932014835495e+00 1.828601594263087105e+00 1.251822692035811757e+00
2.767299798948188894e+00 1.832564608825283159e+00 1.253037536650643879e+00
2.768379324849908230e+00 1.835936471251217839e+00 1.253910277844753063e+00
2.769621606920291690e+00 1.839803226017469928e+00 1.254842538297023413e+00
2.770763205796466622e+00 1.843377338741537308e+00 1.255759256064006735e+00
2.771968497535365561e+00 1.847149110116015347e+00 1.256741206442655079e+00
2.773270224507789816e+00 1.851221861201534979e+00 1.257861718273816098e+00
2.774473781942317085e+00 1.855007738296368780e+00 1.258938838343676148e+00
2.775728903107925749e+00 1.858976594256743775e+00 1.259951130233537553e+00
2.775760404144845594e+00 1.859074229874249751e+00 1.259974853272342266e+00
2.776894874143799541e+00 1.862677780923441162e+00 1.261063239217462550e+00
2.778180293342129570e+00 1.866691092240622796e+00 1.262609267156776349e+00
2.778242475279593116e+00 1.866892025377284270e+00 1.262687346524756116e+00
2.779540436135318426e+00 1.870987397411594921e+00 1.264313137588475078e+00
2.780835613317727883e+00 1.875096827668912614e+00 1.265853820154712706e+00
2.781978445254131849e+00 1.878828726748034583e+00 1.267126756555382761e+00
2.783188485546955082e+00 1.882719908127636010e+00 1.268341765307769986e+00
2.784370707559665981e+00 1.886518197274770436e+00 1.269469756286169648e+00
2.785587297886062075e+00 1.890517151637417292e+00 1.270597413654632524e+00
2.786805250221547681e+00 1.894534629448175300e+00 1.271689532776526299e+00
2.787960960485594608e+00 1.898339095559061329e+00 1.272725377431787930e+00
2.788963290173614773e+00 1.901663727675599436e+00 1.273636949883170999e+00
2.790067566549862210e+00 1.905267807499116506e+00 1.274706639641864037e+00
2.791145811730519011e+00 1.908875205161486122e+00 1.275698561866291492e+00
2.791208054515365244e+00 1.909074609984342974e+00 1.275745403134240119e+00
2.792398645269879243e+00 1.913093794117595392e+00 1.276785731076446551e+00
2.793442263572922801e+00 1.916601208470297246e+00 1.277662202567471761e+00
2.794733767571337957e+00 1.920940057262984446e+00 1.278780614731585219e+00
2.794765834831568263e+00 1.921039947806517212e+00 1.278804109041593362e+00
2.795937134464852480e+00 1.924971713659723971e+00 1.279901920245628544e+00
2.795971455245418458e+00 1.925070790914189978e+00 1.279929551279834987e+00
2.797100364474436329e+00 1.928891020150113045e+00 1.281017041283075253e+00
2.798316466441672645e+00 1.933017280431206020e+00 1.282112832931895818e+00
2.799485409622853194e+00 1.937041012446169663e+00 1.283163674633721607e+00
2.800623898879107898e+00 1.940998373667483845e+00 1.284142764986124119e+00
2.801614691820502934e+00 1.944426234121316099e+00 1.285006300749004016e+00
2.802851971588658841e+00 1.948683550852618129e+00 1.286238757125530707e+00
2.803961354485499324e+00 1.952528965468218081e+00 1.287416386637756149e+00
2.805004874323898445e+00 1.956177232078351258e+00 1.288484157536798680e+00
2.806021502035430437e+00 1.959721732818034301e+00 1.289505194583370429e+00
2.807114671083416724e+00 1.963563799633030404e+00 1.290566498403257878e+00
2.808097991643444313e+00 1.967027187091464846e+00 1.291419743455901381e+00
2.809137207066635167e+00 1.970773572845187172e+00 1.292398631592081015e+00
2.810169139331931909e+00 1.974415787164415459e+00 1.293371070960610547e+00
2.811124574697684064e+00 1.977861474347879511e+00 1.294268279032176672e+00
2.812125459138739902e+00 1.981401191378755922e+00 1.295184524549228833e+00
2.813135274327831503e+00 1.985054857846793031e+00 1.296070610933314216e+00
2.814308749729187653e+00 1.989316102954959975e+00 1.297068579847516778e+00
2.814337173603711051e+00 1.989418844023963295e+00 1.297090971220929312e+00
2.815393748877775604e+00 1.993296896508931937e+00 1.297982554788853493e+00
2.816530125437322951e+00 1.997448257311414066e+00 1.299022285360826201e+00
2.817666159476170495e+00 2.001611484981850708e+00 1.300068356921408208e+00
2.817696259690428029e+00 2.001713341472123098e+00 1.300094132949868087e+00
2.818798511487001779e+00 2.005662777828677523e+00 1.301132070254963358e+00
2.819782787073249253e+00 2.009327842522722118e+00 1.302008265707936374e+00
2.820738107129781014e+00 2.012776529284566518e+00 1.302873810207197502e+00
2.823606719397921960e+00 2.023249685081197402e+00 1.305518709960602708e+00
2.824671022874806425e+00 2.027211362932341832e+00 1.306482226554138260e+00
2.825626175292709874e+00 2.030766321168366417e+00 1.307366708464746008e+00
2.826702995985006961e+00 2.034841227194394087e+00 1.308246036506346188e+00
2.827710687513458776e+00 2.038597796829132225e+00 1.309220944060210945e+00
2.828812941753884314e+00 2.042770166827711620e+00 1.310301861266732537e+00
2.829840414042210206e+00 2.046644055680536312e+00 1.311302032951669361e+00
2.830830935874113941e+00 2.050399361601856985e+00 1.312258410938749176e+00
2.831803961931997460e+00 2.054165781061595641e+00 1.313184238935984238e+00
2.832755159392841282e+00 2.057835974339944141e+00 1.314029880301566200e+00
2.833878653013443660e+00 2.062206318288082763e+00 1.314973750460099344e+00
2.834946179192886717e+00 2.066377871351017248e+00 1.315832961276490520e+00
2.834970537698605852e+00 2.066479075091456341e+00 1.315854991702517740e+00
2.835946700837479462e+00 2.070348603024725787e+00 1.316668415800398284e+00
2.836827918604315713e+00 2.073806211448720127e+00 1.317388367956276340e+00
2.837789090396912961e+00 2.077570245018062423e+00 1.318178167861340011e+00
2.838856026764053020e+00 2.081743814900661071e+00 1.319046711172537245e+00
2.839803130502433604e+00 2.085499604412689223e+00 1.319773904956558441e+00
2.840769094197036271e+00 2.089277771967989139e+00 1.320488805988703218e+00
2.841854232428430382e+00 2.093652721864649902e+00 1.321256217605301764e+00
2.842884310946612203e+00 2.097720196078829868e+00 1.322019254793020515e+00
2.842905773828424465e+00 2.097821399327514325e+00 1.322042797233741407e+00
2.843847285055717489e+00 2.101593779993260913e+00 1.322719778244609401e+00
2.844764205483555575e+00 2.105360904347315820e+00 1.323414630644056622e+00
2.845748564149930271e+00 2.109331270749102760e+00 1.324110990408624344e+00
2.846691212530259918e+00 2.113191511920080146e+00 1.324755208118790772e+00
2.847589218168452785e+00 2.116851069257073004e+00 1.325371733410461328e+00
2.848585160603578359e+00 2.120814971772966739e+00 1.326099503664462942e+00
2.849555936070411022e+00 2.124782902985721922e+00 1.326771287353342377e+00
2.849579823580314919e+00 2.124888517305393965e+00 1.326787958793036237e+00
2.850535673868845876e+00 2.128853282932643864e+00 1.327431327758542334e+00
2.851394726452090467e+00 2.132419028480136536e+00 1.328000643881471099e+00
2.852301012072944175e+00 2.136203403749531216e+00 1.328701356003648026e+00
2.853244856387862072e+00 2.139983456231731473e+00 1.329563321511532115e+00
2.854164028012852850e+00 2.143748485849061858e+00 1.330453755908699076e+00
2.855141803485624408e+00 2.147819506384962551e+00 1.331354260982545723e+00
2.856159198888279516e+00 2.152094149120042044e+00 1.332211747491682141e+00
2.857061759251553479e+00 2.155859779547302235e+00 1.332940962717350297e+00
2.858068605550992292e+00 2.160128536261268106e+00 1.333661811298932909e+00
2.858956803935704727e+00 2.163793665988625214e+00 1.334230781661137621e+00
2.859861337193652098e+00 2.167550838948308467e+00 1.334799184379903414e+00
2.860756860521573408e+00 2.171421414406523809e+00 1.335347299447204428e+00
2.861676298885552860e+00 2.175376435071348258e+00 1.335923543954229187e+00
2.862540205329152432e+00 2.179030655647536285e+00 1.336484076392191467e+00
2.863367523824530636e+00 2.182571505507588938e+00 1.336972871777768246e+00
2.864211173426136625e+00 2.186225573753286522e+00 1.337436714668656546e+00
2.865161137884836950e+00 2.190283173545483297e+00 1.337934744310298019e+00
2.866022335502380614e+00 2.193927933226218929e+00 1.338413270676285238e+00
2.866921462157188127e+00 2.197889126074544563e+00 1.338907746675287225e+00
2.867807513794891960e+00 2.201641253238098450e+00 1.339388530956386436e+00
2.868660403671201564e+00 2.205400184282512388e+00 1.339873673626019501e+00
2.869479450712715707e+00 2.208946202649523460e+00 1.340284751490530057e+00
2.870426832756906244e+00 2.213018432474498365e+00 1.340696251043189458e+00
2.871328721347752300e+00 2.216975355257914337e+00 1.341124900397156594e+00
2.872150763399752726e+00 2.220611937160990923e+00 1.341535224077891497e+00
2.872999741173745569e+00 2.224359437602448697e+00 1.341989342271461272e+00
2.873954390735418141e+00 2.228497368903107123e+00 1.342526184817831814e+00
2.873977148372770962e+00 2.228597072636162135e+00 1.342540314426873715e+00
2.874982769870149557e+00 2.232943549798793725e+00 1.343044575961816367e+00
2.875798296464527670e+00 2.236478684147202856e+00 1.343456110889011734e+00
2.876631156508526743e+00 2.240112815183120443e+00 1.343853494710382623e+00
2.877526651153701653e+00 2.244067998727891755e+00 1.344579472112702234e+00
2.878384874682944350e+00 2.247802257738288567e+00 1.345390616251048721e+00
2.879321693452912001e+00 2.251957914758123014e+00 1.346184008689515155e+00
2.880114891208959360e+00 2.255398361192968881e+00 1.346792791165754455e+00
2.880970773732800971e+00 2.259238228319325525e+00 1.347306463750723049e+00
2.881858556220060485e+00 2.263172616518092539e+00 1.347793837755459689e+00
2.881881440041021758e+00 2.263272102772919681e+00 1.347801209800868927e+00
2.882628549923881067e+00 2.266700470992704108e+00 1.348145525756095697e+00
2.883405869209310524e+00 2.270239200959167647e+00 1.348506385271868613e+00
2.884234788747638500e+00 2.273959991523677449e+00 1.348876320671174023e+00
2.885046394079628040e+00 2.277675765176432332e+00 1.349273315557338870e+00
2.885756968922994048e+00 2.280895725648186545e+00 1.349595815402849786e+00
2.885780854014154961e+00 2.280995408557783488e+00 1.349602264343284119e+00
2.886602403866151079e+00 2.284809205804502419e+00 1.349908681226354989e+00
2.887344037240900274e+00 2.288120473500264485e+00 1.350183170117461584e+00
2.888110970584991222e+00 2.291627364809183831e+00 1.350481672597999561e+00
2.888954226981634399e+00 2.295533981862095896e+00 1.350798391781817154e+00
2.889777876689685776e+00 2.299350843458492832e+00 1.351106030037102501e+00
2.889801105478579490e+00 2.299448569232934503e+00 1.351113900944063362e+00
2.890599761325329808e+00 2.303140617220635455e+00 1.351414023764494710e+00
2.891418254557104106e+00 2.306948348214636901e+00 1.351708141392960361e+00
2.892123962682117355e+00 2.310238488119101596e+00 1.351924600458716652e+00
2.894503109348600667e+00 2.321131049828794257e+00 1.352642076262542847e+00
2.894525566227023283e+00 2.321232620170888605e+00 1.352650913363762308e+00
2.895281208059760303e+00 2.324622977904204912e+00 1.352886350328068810e+00
2.896129524614795780e+00 2.328508279402190073e+00 1.353187000865570866e+00
2.896886724040993677e+00 2.331990935199593995e+00 1.353418282382475413e+00
2.897615894909107315e+00 2.335469243248530891e+00 1.353653460263035457e+00
2.898322843929128645e+00 2.338742434108735502e+00 1.353850310969856086e+00
2.899142973723331185e+00 2.342540262046924227e+00 1.354043177135539677e+00
2.899905390778254599e+00 2.346110821434414184e+00 1.354223954131198226e+00
2.900713708824171899e+00 2.349900647072045157e+00 1.354414271469102982e+00
2.901592105385176978e+00 2.353875852960688686e+00 1.354617518059489489e+00
2.901612510650608101e+00 2.353974716820995017e+00 1.354620337896976556e+00
2.902379152240313065e+00 2.357569696514738578e+00 1.354944004204314156e+00
2.903221231544160119e+00 2.361422385872278262e+00 1.355488674945025229e+00
2.904042974392791798e+00 2.365217743767845437e+00 1.355940860593509933e+00
2.904847041051310086e+00 2.368985162578545633e+00 1.356329043579347804e+00
2.905601474654361027e+00 2.372558711916380236e+00 1.356686645477826803e+00
2.906485214419611385e+00 2.376711689456477927e+00 1.357009144003998191e+00
2.907220107333487125e+00 2.380064770670142771e+00 1.357280476089738119e+00
2.907911058807343796e+00 2.383304961617918050e+00 1.357463758434856338e+00
2.908635586096224745e+00 2.386741940393450889e+00 1.357612603873496582e+00
2.909395028506980729e+00 2.390386559266747035e+00 1.357739098969559022e+00
2.910153965465602344e+00 2.394016669923782814e+00 1.357860897329735916e+00
2.910920346815409232e+00 2.397642593320429505e+00 1.357991036167820686e+00
2.911745956986251382e+00 2.401559572743213966e+00 1.358145387783812330e+00
2.912570741809330510e+00 2.405481791988146600e+00 1.358262082181334707e+00
2.913400175481659193e+00 2.409390425551154458e+00 1.358351077276453100e+00
2.914256172088997676e+00 2.413482279078326798e+00 1.358442668850395885e+00
2.915047568466799799e+00 2.417280279513887908e+00 1.358491021880786187e+00
2.915751967628807950e+00 2.420680279697636106e+00 1.358558589414546658e+00
2.916438912934729899e+00 2.423989762762033706e+00 1.358639200849962370e+00
2.917201645813754407e+00 2.427584228264971777e+00 1.358695167914986124e+00
2.918018814341211353e+00 2.431555776692699844e+00 1.358756132295420471e+00
2.918043164326678429e+00 2.431651743994112103e+00 1.358754017787016100e+00
2.918824156515842816e+00 2.435435378075126334e+00 1.358792596802365082e+00
2.919568872698362405e+00 2.439024336394057357e+00 1.358837650327469282e+00
2.920403919720920616e+00 2.442988290910827143e+00 1.358874617918139460e+00
2.920426808850441258e+00 2.443082965161357034e+00 1.358874228500816628e+00
2.921277617273209781e+00 2.447047010613241813e+00 1.358897990117833743e+00
2.922080851249065248e+00 2.450809793555899674e+00 1.358948739244658643e+00
2.922101509544112741e+00 2.450906037328952625e+00 1.358948779226288872e+00
2.922868087459839614e+00 2.454564969599883906e+00 1.358984021237908513e+00
2.923591184187849912e+00 2.458029304186348352e+00 1.359044958941370673e+00
2.924431639281940054e+00 2.462071750620764554e+00 1.359038038057050590e+00
2.925144235346321064e+00 2.465434769231046097e+00 1.359073690994493600e+00
2.925934462820768189e+00 2.469089652838736271e+00 1.359084105079186200e+00
2.926637057461654923e+00 2.472458462483130504e+00 1.359139624677361713e+00
2.927332685507176180e+00 2.475811631285283809e+00 1.359188638674393879e+00
2.928014888899752144e+00 2.479073800021677432e+00 1.359234565256945526e+00
2.928836816330804282e+00 2.483092852843057141e+00 1.359236891293087446e+00
2.928856987066876805e+00 2.483188656648557036e+00 1.359237338627536928e+00
2.929631023425830261e+00 2.486913220215852149e+00 1.359162662421149914e+00
2.930324752734276839e+00 2.490252911964701887e+00 1.359093458940280774e+00
2.931005254005975669e+00 2.493409650971545322e+00 1.359105556660189729e+00
2.931718889198528633e+00 2.496741829930341439e+00 1.359070488616895389e+00
2.932413063101465323e+00 2.500068385456290176e+00 1.359048929873447165e+00
2.933154470201922326e+00 2.503589768980082120e+00 1.359124274969917723e+00
2.933895495113440610e+00 2.507107111777431729e+00 1.359171250413631515e+00
2.934702755580366862e+00 2.510905500411446223e+00 1.359267418485254009e+00
2.935423057933148172e+00 2.514303706122832160e+00 1.359356917772031492e+00
2.936141244339748990e+00 2.517799529703975026e+00 1.359472030606317716e+00
2.936916026737655727e+00 2.521493524542704812e+00 1.359566470079365264e+00
2.937665047492409975e+00 2.524992057167382953e+00 1.359676073234654670e+00
2.938409593358126237e+00 2.528485217913909455e+00 1.359785680285881426e+00
2.939150094034590488e+00 2.532085569183450069e+00 1.359846698000843679e+00
2.939978142263279359e+00 2.535935904269129182e+00 1.360019302658853402e+00
2.940776093055685880e+00 2.539808093595552485e+00 1.360144902555570301e+00
2.941466404094093878e+00 2.543084435707412716e+00 1.360297996749003202e+00
2.942163040723673184e+00 2.546456081891606882e+00 1.360419411565324754e+00
2.942850344154221531e+00 2.549736003450426391e+00 1.360569639939702480e+00
2.943616914273663010e+00 2.553368448288722004e+00 1.360727935564163049e+00
2.944294767291849801e+00 2.556532251070364303e+00 1.360882795334050321e+00
2.944979181596817153e+00 2.559894625620931397e+00 1.361002644694146557e+00
2.945710640543971248e+00 2.563326040338915313e+00 1.361123650118987172e+00
2.946487578070147162e+00 2.566960439634447422e+00 1.361270593094743742e+00
2.947142678848164721e+00 2.570011640746427517e+00 1.361415480070880202e+00
2.949260090973339299e+00 2.580130736810668957e+00 1.361866310321422802e+00
2.950051213147585560e+00 2.583917617070690564e+00 1.362088729720228875e+00
2.950774506135547259e+00 2.587423423769220854e+00 1.362215038359071873e+00
2.951554490770631922e+00 2.591197037514332724e+00 1.362642857456651146e+00
