2.000349049046513006e+00 -2.866744011367999582e-05 -1.381669937610861755e-04
2.000456660480007365e+00 -4.108547781921746472e-05 -1.724905624410070950e-04
2.000478590514147559e+00 -4.594259810192387848e-05 -1.570050478630627075e-04
2.000504341213836135e+00 -5.226401699201059503e-05 -1.171931528336207295e-05
2.000542487485805321e+00 -5.888429731392783858e-05 3.000904966663111954e-04
2.000581156194567889e+00 -6.291617372089210137e-05 8.033269508344703354e-04
2.000623716732053303e+00 -6.761802261376532747e-05 1.464086618423935402e-03
2.000690993282505215e+00 -6.129672766951629447e-05 2.479618902645667252e-03
2.000706478105228836e+00 -6.654209751274280864e-05 3.770969412492765523e-03
2.000717734032859241e+00 -6.877197083584113088e-05 5.221485719894017330e-03
2.000719387362441370e+00 -6.862213044554979643e-05 5.265897822875664595e-03
2.000746715846267954e+00 -7.257754129311470761e-05 7.102897235669788749e-03
2.000783497196524152e+00 -6.991220242509349654e-05 8.894911580636001222e-03
2.000818285138458830e+00 -6.870634785974109610e-05 1.094504542305122993e-02
2.000855269122851166e+00 -6.401810805280140279e-05 1.390363127665439173e-02
2.000855597157678467e+00 -6.250495226308632000e-05 1.397656035948881964e-02
2.000994349586781240e+00 -6.061014653681512983e-05 1.644562455554805444e-02
2.001029998403221821e+00 -6.022771300263885484e-05 1.913118633819901881e-02
2.001085733402935496e+00 -6.773609226856202974e-05 2.207201241341443659e-02
2.001142696451021497e+00 -6.064287898913740989e-05 2.510460785391682714e-02
2.001195841857720925e+00 -6.464617275760186146e-05 2.886641430583294227e-02
2.001305645795393051e+00 -5.661066817568309248e-05 3.292926329698846188e-02
2.001390064536448410e+00 -5.534195060802153676e-05 3.670688788312210377e-02
2.001437409684391433e+00 -5.685323897496085202e-05 4.085713206546290333e-02
2.001464645208642867e+00 -5.428344263744624976e-05 4.604242329244030707e-02
2.001505719170521669e+00 -5.462885027166528365e-05 5.085532589570761902e-02
2.001574629109480252e+00 -4.839021960758920979e-05 5.659333637853705690e-02
2.001626659928503749e+00 -5.128805468453991045e-05 6.265225633758875201e-02
2.001675240045691861e+00 -4.977723279652856297e-05 6.835597860822295591e-02
2.001753524077439117e+00 -4.988270028294210234e-05 7.455445141313979396e-02
2.001810985951735677e+00 -5.307249082829590403e-05 8.108526597683744785e-02
2.001859250541600854e+00 -4.703804181055426525e-05 8.752269288283749671e-02
2.001919216351516262e+00 -4.753050343246374015e-05 9.462582046018197524e-02
2.001967026315442766e+00 -4.259632510023730889e-05 1.019998539630614098e-01
2.002011067179300774e+00 -4.266633900273236746e-05 1.092605083794822712e-01
2.002106298266997708e+00 -7.018627106515282210e-06 1.159508606674551773e-01
2.002266224418510987e+00 3.336335396503589679e-07 1.226097565461390509e-01
2.002325268458385654e+00 9.032942907077901040e-06 1.302847428580981015e-01
2.002394796400208232e+00 2.103009491772472872e-05 1.392667238898057380e-01
2.002467046396619210e+00 3.111828706221786423e-05 1.470851224416426517e-01
2.002553362996412734e+00 4.433084693951545863e-05 1.562801536076146303e-01
2.002647227069715097e+00 5.976059154843074706e-05 1.655329407989956370e-01
2.002755744940184268e+00 7.771393405623348849e-05 1.737762780834511134e-01
2.002822580401084629e+00 9.019244735926704171e-05 1.821375297559248707e-01
2.002987312924049412e+00 1.181819246909559390e-04 2.081015332614314373e-01
2.002986635710680030e+00 1.189288493521050566e-04 2.083306824144622593e-01
2.003038133257080577e+00 1.283172478356263413e-04 2.167896297206400313e-01
2.003139359331295388e+00 1.588964237185727657e-04 2.251649664130293826e-01
2.003243079255241366e+00 1.862381246685671649e-04 2.344319537180588331e-01
2.003283562288554975e+00 1.906856140850340248e-04 2.424613394082584528e-01
2.003283800011494975e+00 1.912469609285805811e-04 2.426922300082466899e-01
2.003333311133973282e+00 2.076956592093788523e-04 2.511904191814147702e-01
2.003398363254830450e+00 2.259820305811222757e-04 2.603789260894271984e-01
2.003494069006529266e+00 2.577745613091993182e-04 2.685449168366449979e-01
2.003587772646599152e+00 2.910624477180413783e-04 2.766937700760380148e-01
2.003664293990117251e+00 3.223235479580567608e-04 2.841674076971580920e-01
2.003746795715383389e+00 3.475658671123968424e-04 2.919003635536435159e-01
2.003839015749981023e+00 3.782461829618284643e-04 2.999591934916064906e-01
2.003920820258840330e+00 4.094128607716150670e-04 3.085078737799525905e-01
2.004012749613792721e+00 4.464045938181657180e-04 3.167889438682708891e-01
2.004114323071153780e+00 4.889387609789269673e-04 3.257059183131321145e-01
2.004212167190297045e+00 5.217669163148606903e-04 3.350642037507445825e-01
2.004304122704871460e+00 5.561828820887411429e-04 3.429031052428890836e-01
2.004419058655143360e+00 6.110854088444347965e-04 3.530867018499598831e-01
2.004504959246447005e+00 6.585351742813654041e-04 3.619472670968269523e-01
2.004585055311582931e+00 6.993429878836693314e-04 3.697819298705381508e-01
2.004679669409867859e+00 7.431735857435159409e-04 3.773491267057054732e-01
2.004793583892525710e+00 7.906193254632841450e-04 3.860769269933190251e-01
2.004935792126433913e+00 8.519001188396213564e-04 3.954803907427054122e-01
2.005057135421382419e+00 9.226345795873593103e-04 4.043013474085872527e-01
2.005159537072696008e+00 9.818370518110547396e-04 4.120644185212881117e-01
2.005285118525916843e+00 1.042773305660375793e-03 4.207253573051575324e-01
2.005381973246070704e+00 1.101788994751350115e-03 4.289461279858665099e-01
2.005496343203231113e+00 1.177158263307109820e-03 4.373367591724138248e-01
2.005588670336303281e+00 1.225463283630000982e-03 4.457509176001415163e-01
2.005725177036434825e+00 1.308097750062131581e-03 4.550602033541445990e-01
2.005847567730110192e+00 1.366253346832730503e-03 4.638556728621752168e-01
2.005949660050417638e+00 1.439694003126799210e-03 4.725130633949638503e-01
2.006046019423216809e+00 1.487871798441710303e-03 4.804908104441369954e-01
2.006131774685937508e+00 1.545396634230568333e-03 4.891415185884372407e-01
2.006132233281525235e+00 1.549283463305701353e-03 4.893726882545656465e-01
2.006260712721971373e+00 1.645106306588577788e-03 4.977241382884688425e-01
2.006410923956782000e+00 1.731735309972427805e-03 5.075275690169517295e-01
2.006533900354490196e+00 1.821088475650749910e-03 5.163610574963262145e-01
2.006611722790577090e+00 1.873421585533864564e-03 5.236541644053800404e-01
2.006688314982103538e+00 1.933952848413945935e-03 5.330661672937688778e-01
2.006693572990628116e+00 1.935469860483214621e-03 5.332944270148145538e-01
2.006785527445378303e+00 1.981729043796794099e-03 5.416220736880195119e-01
2.006886240002556665e+00 2.039894365459399284e-03 5.500041097672129231e-01
2.006986773074512342e+00 2.118337126536008752e-03 5.588849664396896566e-01
2.006987704825589081e+00 2.122093837537773753e-03 5.591093619036550111e-01
2.007075965177944177e+00 2.175830485103294465e-03 5.683224317215984644e-01
2.007174111422447726e+00 2.252379573460167039e-03 5.765208076057353193e-01
2.007253874837625851e+00 2.317164839584121006e-03 5.847244301994216631e-01
2.007318502536965976e+00 2.370350309955270018e-03 5.932028159114556276e-01
2.007397428349042112e+00 2.435707977764899057e-03 6.015214562235856599e-01
2.007500815770230318e+00 2.524381753347404445e-03 6.102727819782556296e-01
2.007570743912213906e+00 2.580778125780468224e-03 6.178464476833301910e-01
2.007652098898965676e+00 2.660225266334012573e-03 6.272841962295616636e-01
2.007753156457621202e+00 2.730573554499633737e-03 6.361249912488677882e-01
2.007752162149611053e+00 2.730289223172636948e-03 6.363569008006534355e-01
2.007853953599170183e+00 2.803797671395692748e-03 6.456282410709576203e-01
2.007926134615336977e+00 2.870461004301015639e-03 6.541875220806554481e-01
2.008014604587478047e+00 2.937587154052401228e-03 6.633704010121409533e-01
2.008093075023602569e+00 3.011625527908394495e-03 6.717384520937520476e-01
2.008151544741202166e+00 3.064357437936655881e-03 6.804996148807688217e-01
2.008176418854020095e+00 3.087496482572026080e-03 6.869813210584357899e-01
2.008180373258135365e+00 3.088441388872820159e-03 6.906868228332504467e-01
2.008247908589708697e+00 3.170779035414877933e-03 6.990237008938968710e-01
2.008333275738380941e+00 3.261605941995808500e-03 7.085559200399063062e-01
2.008409300902011640e+00 3.341190281558867325e-03 7.172855558827864186e-01
2.008501694376161328e+00 3.415096044352659843e-03 7.256859562640856076e-01
2.008582696666158629e+00 3.474155313698414071e-03 7.341689361823157123e-01
2.008650602087720838e+00 3.548852878763275598e-03 7.429778937594907484e-01
2.008731628033131766e+00 3.644523625380612086e-03 7.519134066214472334e-01
2.008830924583080435e+00 3.747330792968482649e-03 7.613087474825572798e-01
2.008880934916534411e+00 3.808233179589302908e-03 7.689674844066614057e-01
2.008955841466088632e+00 3.899133668504355110e-03 7.777166344552446375e-01
2.009030130200100128e+00 3.982210261909535642e-03 7.872344398601731630e-01
2.009104005565161000e+00 4.067094123570938469e-03 7.961220875480294890e-01
2.009199943071456662e+00 4.159811600065760340e-03 8.045148175911341903e-01
2.009303864626893255e+00 4.266169337713239529e-03 8.128527305719511764e-01
2.009372047654804927e+00 4.339928698961131870e-03 8.212749632221151286e-01
2.009612096273809101e+00 4.588848400985917619e-03 8.464807454381292340e-01
2.009679146687064488e+00 4.663867584781794529e-03 8.549963320904432340e-01
2.009743044423773384e+00 4.750665156332364858e-03 8.633328068012641188e-01
2.009799777064494641e+00 4.833641461905596737e-03 8.714157729368277039e-01
2.009884822678317029e+00 4.957020889862398527e-03 8.808736383617021826e-01
2.009934770403837945e+00 5.016176860366379497e-03 8.897317609884541900e-01
2.010003978803708957e+00 5.127081545650544192e-03 8.997454492442094054e-01
2.010081454070328899e+00 5.236157589613738006e-03 9.082871608865825674e-01
2.010133413792795753e+00 5.312636346547078281e-03 9.180131679592662408e-01
2.010135701024747146e+00 5.318043132223414238e-03 9.182421786690514454e-01
2.010196580274841160e+00 5.421357115586930564e-03 9.272697307483565021e-01
2.010256820809708245e+00 5.511309754080345735e-03 9.367024449586188739e-01
2.010316272601796683e+00 5.602372190657275985e-03 9.449817326042889709e-01
2.010369162704660262e+00 5.681912748079880060e-03 9.535259862971962042e-01
2.010438455215917131e+00 5.786891097559719588e-03 9.621384899874743102e-01
2.010513173804540976e+00 5.892143284333614672e-03 9.703073217374528214e-01
2.010559555299920920e+00 6.003055390707799643e-03 9.791245309714330380e-01
2.010630211931193401e+00 6.104605595150865149e-03 9.883742326226465646e-01
2.010632087956091940e+00 6.107337904137671858e-03 9.886105128856697011e-01
2.010695463994306209e+00 6.213379791656543916e-03 9.978726227386656156e-01
2.010692949725868761e+00 6.215712486751581722e-03 9.981076592972462080e-01
2.010735473587953237e+00 6.297564062582056144e-03 1.006637712487219005e+00
2.010774310444426227e+00 6.369434558375464128e-03 1.014240901807744510e+00
2.010816739841573053e+00 6.447640809685378782e-03 1.023663416143699045e+00
2.010840392400800258e+00 6.506109043633474809e-03 1.033951166026423563e+00
2.010879955195669311e+00 6.576531640172036952e-03 1.042136465166490167e+00
2.010949815737817836e+00 6.684504395811988187e-03 1.051479228632572260e+00
2.011014445304575293e+00 6.780587339196425534e-03 1.059718048707690929e+00
2.011044025496579568e+00 6.851903584717579376e-03 1.068266066826301097e+00
2.011092135163691896e+00 6.934511073049987040e-03 1.076173871624689804e+00
2.011129738888652874e+00 7.032544112770419686e-03 1.085025932791333414e+00
2.011183891270975632e+00 7.149459720744891222e-03 1.094407437180253906e+00
2.011219991021977016e+00 7.234381809293206900e-03 1.102237138695230989e+00
2.011270389392664448e+00 7.331772662971677845e-03 1.111161056829390370e+00
2.011306473291220698e+00 7.432263101448975673e-03 1.121212822557931421e+00
2.011336945996483383e+00 7.511674166999250668e-03 1.130260403939111535e+00
2.011338771996680208e+00 7.512378680082594518e-03 1.130496101388074770e+00
2.011370842782839841e+00 7.622574103847687410e-03 1.140140652718108383e+00
2.011371148743807513e+00 7.624141377777976514e-03 1.140371927897301463e+00
2.011414733340667116e+00 7.738174418410258271e-03 1.150219566310143327e+00
2.011454764805767237e+00 7.838426112539362278e-03 1.158917063605733100e+00
2.011492015793580279e+00 7.958994383072612311e-03 1.169018048924185926e+00
2.011516790957184497e+00 8.051385372713999733e-03 1.178959596295994006e+00
2.011542597605600502e+00 8.142824148197419509e-03 1.187784874623856624e+00
2.011584978382353395e+00 8.256797221955512744e-03 1.197665037556230327e+00
2.011611726460155847e+00 8.346019597630482956e-03 1.205635054010148366e+00
2.011648721181443555e+00 8.440954618421203648e-03 1.215362193448714434e+00
2.011648911628967529e+00 8.442312989803725520e-03 1.215597508991866027e+00
2.011669358839561550e+00 8.540658237863693603e-03 1.223123653170502756e+00
2.011700980008576778e+00 8.675306063335927464e-03 1.232324757468875820e+00
2.011734049652358358e+00 8.799196653322044481e-03 1.240130914486121450e+00
2.011762482141759900e+00 8.943954313569035808e-03 1.248571407152432533e+00
2.011777485313649194e+00 9.036670476059383006e-03 1.257875874693278773e+00
2.011795830365566751e+00 9.130143801123660752e-03 1.265555040919980723e+00
2.011820107675131641e+00 9.236730188939480668e-03 1.273628603357255917e+00
2.011833973065349390e+00 9.359714274027486347e-03 1.282729566816208422e+00
2.011867269023582594e+00 9.491457644841161390e-03 1.291952726886939518e+00
2.011892627537341216e+00 9.611266845293578442e-03 1.301257328116676826e+00
2.011907456166043495e+00 9.700557332833710522e-03 1.310978306934810211e+00
2.011935092088640520e+00 9.823539388122845550e-03 1.318825274849887208e+00
2.011955959445057118e+00 9.940926449547103638e-03 1.327570752666388687e+00
2.011977730643568663e+00 1.010331934911395946e-02 1.336936965716196690e+00
2.011994092406209411e+00 1.022039100540821088e-02 1.345447358513911507e+00
2.012011387272708784e+00 1.034874210262903133e-02 1.355533442360591367e+00
2.012019000325410811e+00 1.046173285342633097e-02 1.364465666323274373e+00
2.012019745628519374e+00 1.046449295609226671e-02 1.364697084655292825e+00
2.012033750784244734e+00 1.056626555250515798e-02 1.373461786522887751e+00
2.012039766859914813e+00 1.069447831820043160e-02 1.382731606901150601e+00
2.012043212132760495e+00 1.076492605414910986e-02 1.391449218701248158e+00
2.012053067935915429e+00 1.087623041103223664e-02 1.400931234797456737e+00
2.012058813664801438e+00 1.099109229568608764e-02 1.408943505779914895e+00
2.012059200952898586e+00 1.109842628785150109e-02 1.418257623419453939e+00
2.012064870357368918e+00 1.124568327314122429e-02 1.427298951817334238e+00
2.012072300115721468e+00 1.138187177731438821e-02 1.435727354697497571e+00
2.012074504316264889e+00 1.149979883634717759e-02 1.444568201750081160e+00
2.012074020813018116e+00 1.150348836201699199e-02 1.444795466987501387e+00
2.012063144812180848e+00 1.162022858121884716e-02 1.452869975502397049e+00
2.012061105657801718e+00 1.172374678505191253e-02 1.461538897599587106e+00
2.012060756922842586e+00 1.201608211872318144e-02 1.486534453645288023e+00
2.012059510970012344e+00 1.207962781975063793e-02 1.495526749329900040e+00
2.012056583727314774e+00 1.215477300575185104e-02 1.503843043024176263e+00
2.012064012474188868e+00 1.225177043469383165e-02 1.511657279588344949e+00
2.012061465981994424e+00 1.232495083122078783e-02 1.519708893129158689e+00
2.012054216813781160e+00 1.244803759138057853e-02 1.528924903227677934e+00
2.012049466541066423e+00 1.253593330652505444e-02 1.538023445579260740e+00
2.012047356697083345e+00 1.263492564696023363e-02 1.546610006964594941e+00
2.012040344744924436e+00 1.273379105928205968e-02 1.555426256279350827e+00
2.012027449774006715e+00 1.285372196469983935e-02 1.564556339231297999e+00
2.012015208825483015e+00 1.295211256808075084e-02 1.573532511857025362e+00
2.012017180471950439e+00 1.295439348787932876e-02 1.573753581733788209e+00
2.012005209560411068e+00 1.307072688710150810e-02 1.582662910507008913e+00
2.011989341999285141e+00 1.319108802763349630e-02 1.591052640654698092e+00
2.011974628946544108e+00 1.332298445817104576e-02 1.599616057828689097e+00
2.011963459184516356e+00 1.343713354031553231e-02 1.608134915451998825e+00
2.011956378869541595e+00 1.354868897305853970e-02 1.617175660241109370e+00
2.011939429409500324e+00 1.366528995776750133e-02 1.626750901029459184e+00
2.011942671784078929e+00 1.379545198465245703e-02 1.635415366633387935e+00
2.011916262603449468e+00 1.388426309908256939e-02 1.645489183144751566e+00
2.011889801658977017e+00 1.401212471600672693e-02 1.654406810803283223e+00
2.011888750902201650e+00 1.401539769422213005e-02 1.654634861208294616e+00
2.011881176771663782e+00 1.411803223808603264e-02 1.663167193133503696e+00
2.011859697913909617e+00 1.421760716962015836e-02 1.672167611264323783e+00
2.011840470649448154e+00 1.435472055334203328e-02 1.681104479120189676e+00
2.011822254089504991e+00 1.446872459353639589e-02 1.690044989431080946e+00
2.011779003249374753e+00 1.459772939563040717e-02 1.698204041618668336e+00
2.011745668789209684e+00 1.474037270774838926e-02 1.707319565626063129e+00
2.011746828188540004e+00 1.473849901513706040e-02 1.707556157497310378e+00
2.011736147234154615e+00 1.483864987198281471e-02 1.715994089018277879e+00
2.011708022445946931e+00 1.497107128084119304e-02 1.725901261224381367e+00
2.011672639122071615e+00 1.509933392733337626e-02 1.734554375846499630e+00
2.011639120151820226e+00 1.521557348519921027e-02 1.743176211503882911e+00
2.011604743312433108e+00 1.534437096836736847e-02 1.752414334584096567e+00
2.011580741934192673e+00 1.544666869079300286e-02 1.760518761408441657e+00
2.011548772232295335e+00 1.557713885667770526e-02 1.769808542497736337e+00
2.011548611448706669e+00 1.557873440448865471e-02 1.770039473640206751e+00
2.011514514820493815e+00 1.572071387596397918e-02 1.779045633040184704e+00
2.011482057910239263e+00 1.581841513605063837e-02 1.786946574825200473e+00
2.011446007123676605e+00 1.593538935670650580e-02 1.795612738418171483e+00
2.011445409678467744e+00 1.594033385522839602e-02 1.795843498949470041e+00
2.011410263480927441e+00 1.604860308101266342e-02 1.803607997933612817e+00
2.011370913307482411e+00 1.614965481497379618e-02 1.811838923023230130e+00
2.011347091410991439e+00 1.622834888341281867e-02 1.819404569108713288e+00
2.011312024983689550e+00 1.632853743980186567e-02 1.827104088330908649e+00
2.011249880944694368e+00 1.649052026538390392e-02 1.835366035458337208e+00
2.011210134274944217e+00 1.659865444444234145e-02 1.843654509905789940e+00
2.011175829476977928e+00 1.669500427845412027e-02 1.852622129958646058e+00
2.011153505875004299e+00 1.681485302775698881e-02 1.860775406571408830e+00
2.011107930475859007e+00 1.692791436159447882e-02 1.870124954598094247e+00
2.011046343521666113e+00 1.705448665481794357e-02 1.879190493108581661e+00
2.011015111074136108e+00 1.713863481416911388e-02 1.887583179038047287e+00
2.010954613991012163e+00 1.726672624952138579e-02 1.895684588160748474e+00
2.010915004979544563e+00 1.735539723692353098e-02 1.903421673308128614e+00
2.010875548289023484e+00 1.746470889054776293e-02 1.912982905008952406e+00
2.010873618213992131e+00 1.746812582198232350e-02 1.913213230528720610e+00
2.010350370564596645e+00 1.884704739231560233e-02 1.922185968038133463e+00
2.010318701466755620e+00 1.891750705352432393e-02 1.922415410058136098e+00
2.008919137932933197e+00 2.266945259276528096e-02 1.930467545568777199e+00
2.006405623495158608e+00 2.926457151518312150e-02 1.939098901735209157e+00
2.002936467480589400e+00 3.803609060286224086e-02 1.947250478436283405e+00
1.998118307465451604e+00 4.986057060273433456e-02 1.954114082774709216e+00
1.993623329075159045e+00 6.066455451181701486e-02 1.958852490963069570e+00
1.993513680691155754e+00 6.092877254350304722e-02 1.959010685044109801e+00
1.989225660019940056e+00 7.067730432724841916e-02 1.962643599686757945e+00
1.985580344094032279e+00 7.896457134819988288e-02 1.964778823504135685e+00
1.982337776324279766e+00 8.644067753516218588e-02 1.966772381445058837e+00
1.978604456453536331e+00 9.489382046828845341e-02 1.966088403408335905e+00
1.974555862499097536e+00 1.038563437103164483e-01 1.964183151925827486e+00
1.971841718866866655e+00 1.094145034028596447e-01 1.963216007387619033e+00
1.970141812419472505e+00 1.127807086855494578e-01 1.962714161748070119e+00
1.969871210095603731e+00 1.133576834425379515e-01 1.961961847027842598e+00
1.970236361414009041e+00 1.123406016889745007e-01 1.960311071600386867e+00
1.970397456165947636e+00 1.117691592480593576e-01 1.955227903509510368e+00
1.970526248982438666e+00 1.114967461166949947e-01 1.946298850032233574e+00
1.970525872218474417e+00 1.114885818297570302e-01 1.946094200837241939e+00
1.970659895402605555e+00 1.110770558735607871e-01 1.939390377398553689e+00
1.970684900061600020e+00 1.108700662512801249e-01 1.932551975225766050e+00
1.970374000114911262e+00 1.116896189531511457e-01 1.923959837718943300e+00
1.969240003647823256e+00 1.147238086977365179e-01 1.916268858904262684e+00
1.961008900847012626e+00 1.379914364731198162e-01 1.892235106833103808e+00
1.957678197924790364e+00 1.478320579411783187e-01 1.883964105491121144e+00
1.957587325233582476e+00 1.480894041260898963e-01 1.883751391901273609e+00
1.954147274870138506e+00 1.585623029974968512e-01 1.875126378986335496e+00
1.954071466884460540e+00 1.588061492897562821e-01 1.874933028593941842e+00
1.951233645057310895e+00 1.677606679069197915e-01 1.867996173128536608e+00
1.948258760260799027e+00 1.773250886022048611e-01 1.860794985254333511e+00
1.945487168516779608e+00 1.864785194398361212e-01 1.853606701540996715e+00
1.942665773807101592e+00 1.960263558800108274e-01 1.845654256806297688e+00
1.940343472029671279e+00 2.041419602287003476e-01 1.838199619720165989e+00
1.940081476711863928e+00 2.050219673584551816e-01 1.837380789333496356e+00
1.937717089170054585e+00 2.135379973688990018e-01 1.829151660949396074e+00
1.935566947456265785e+00 2.215712353622716346e-01 1.821030831466047273e+00
1.933606059667507315e+00 2.291685088478877530e-01 1.812995644873340639e+00
1.931775926325479231e+00 2.363661575877597509e-01 1.805493146358807532e+00
1.930025889179062926e+00 2.435514587920461493e-01 1.797976106373834648e+00
1.928157049197082085e+00 2.516022461052953574e-01 1.789343685369870762e+00
1.926394294366059468e+00 2.594265920052306607e-01 1.780584809189341922e+00
1.924964475444651990e+00 2.659877774486874014e-01 1.772946905163746090e+00
1.923305833081460303e+00 2.739145799451593311e-01 1.763521942234689499e+00
1.923265145196857651e+00 2.741060700718538357e-01 1.763303566418620960e+00
1.921782062354859599e+00 2.814218208718716197e-01 1.754506450984197885e+00
1.921745882443715470e+00 2.816018546883850004e-01 1.754280566040345546e+00
1.920538654546510182e+00 2.880186836417201190e-01 1.745618710812243624e+00
1.919902512950341311e+00 2.916358010933837175e-01 1.737227720293069710e+00
1.919834188898837279e+00 2.924051574101756978e-01 1.729862514827969600e+00
1.919878681313645030e+00 2.921858310073761067e-01 1.722459710063547700e+00
1.919619419062699617e+00 2.935814298048491922e-01 1.712997332852526533e+00
1.919111136425559749e+00 2.970204163040269241e-01 1.705445815539715193e+00
1.918255935514177501e+00 3.035954337502351219e-01 1.696231811946951940e+00
1.917444580928980402e+00 3.101619083083901884e-01 1.687235014928123888e+00
1.916742610005374381e+00 3.162621587491650788e-01 1.678679810211520573e+00
1.916106002577546485e+00 3.222155324361208328e-01 1.670112991189103280e+00
1.915555681325155968e+00 3.277449020622421605e-01 1.662192323666484839e+00
1.914903288535849235e+00 3.348522182419174098e-01 1.651917879461254346e+00
1.914411022249698391e+00 3.408330409512940751e-01 1.643110644638930307e+00
1.913970459826968673e+00 3.468203163879309825e-01 1.634253325056090889e+00
1.913573524532161896e+00 3.529636401622723851e-01 1.625004726437156544e+00
1.913262872804387449e+00 3.584129441958724405e-01 1.616666508393691082e+00
1.913035945229462742e+00 3.630904301068681450e-01 1.607471798331961743e+00
1.913032867224925715e+00 3.631720359703704548e-01 1.607230333248023779e+00
1.912978247393587461e+00 3.648173080057750539e-01 1.597575233217099822e+00
1.912965167162353541e+00 3.646944736039264279e-01 1.589467820287191469e+00
1.912905272500698972e+00 3.645847630413527884e-01 1.580207820673702912e+00
1.912902256876852780e+00 3.645777131374991487e-01 1.579987771899091120e+00
1.912862678422191376e+00 3.657788972453701604e-01 1.571534240848671216e+00
1.912863107235124094e+00 3.695484399395827513e-01 1.563272100068789028e+00
1.912929740851213367e+00 3.749753175767229219e-01 1.554332397325117521e+00
1.913052847082539420e+00 3.808805294507417449e-01 1.544436762486820935e+00
1.913056809380611956e+00 3.810293183716000343e-01 1.544186602862914093e+00
1.913235938409726611e+00 3.869903377749637774e-01 1.533969898246920760e+00
1.913442723432771775e+00 3.923074935040928302e-01 1.524706133767893990e+00
1.913711714702870381e+00 3.979814752633147323e-01 1.514753979034887399e+00
1.914015374433326144e+00 4.034586326400637080e-01 1.505070544239503372e+00
1.914025072397511407e+00 4.035942039348121013e-01 1.504829980440573145e+00
1.914306658474817402e+00 4.083318625580676930e-01 1.494758994491674375e+00
1.914420036254241841e+00 4.101039617078509614e-01 1.485927284113269575e+00
1.914412321710861731e+00 4.103506766022066987e-01 1.475117263293565184e+00
1.914346538969688094e+00 4.104001724927995309e-01 1.466130460650376222e+00
1.914435915538105437e+00 4.115018133136481571e-01 1.457700398940488418e+00
1.914944152675308375e+00 4.158321637998249609e-01 1.447984964532835761e+00
1.914961185648756281e+00 4.159584805372460448e-01 1.447740009012339124e+00
1.915589019997530951e+00 4.209918843585437886e-01 1.438134517395014633e+00
1.916205857102160071e+00 4.254724367210773184e-01 1.429532957222344969e+00
1.916846528948854989e+00 4.298185589803475981e-01 1.421102237214676878e+00
1.917409845956175030e+00 4.339437154771570992e-01 1.410550470214740226e+00
1.917554288452876232e+00 4.353641685056991451e-01 1.399008474450971873e+00
1.917553336591669266e+00 4.355786957228170997e-01 1.389606773179249855e+00
1.917743182147462422e+00 4.367245439155335029e-01 1.380916737001248729e+00
1.918398119743522923e+00 4.400765429446276689e-01 1.372856539488414018e+00
1.919291632776453538e+00 4.444978679240776387e-01 1.364016650226866911e+00
1.920183027774700069e+00 4.486827700383851369e-01 1.355882429581141579e+00
1.921172761513491700e+00 4.531735765184916609e-01 1.347530776411112186e+00
1.922324913048228723e+00 4.581537523532224210e-01 1.338235363681985923e+00
1.923406064562683371e+00 4.626747363477125008e-01 1.328946717040245806e+00
1.924444176736592516e+00 4.668606662327935974e-01 1.319972171358028135e+00
1.925466893976001570e+00 4.707860576041885126e-01 1.311562982054586657e+00
1.926492018979530929e+00 4.746746764374038530e-01 1.303167549242620682e+00
1.927669881635628579e+00 4.788909116686530520e-01 1.295011768281285613e+00
1.928888453409210113e+00 4.831493481948840318e-01 1.288078791082690744e+00
1.930117207618072817e+00 4.873027712086266394e-01 1.280919709217477331e+00
1.930148577342917671e+00 4.874073305382413124e-01 1.280704868844084077e+00
1.931170817991122890e+00 4.908995310618994301e-01 1.273265260432184354e+00
1.932350081984769208e+00 4.948423034546687305e-01 1.264611144165667778e+00
1.935957335959558323e+00 5.062591301035737068e-01 1.239577143533845849e+00
1.937216026034956906e+00 5.099846546989114104e-01 1.231247396209168121e+00
1.938168544389921033e+00 5.129132965117486620e-01 1.222450596868723816e+00
1.938301725430986666e+00 5.138610846485487382e-01 1.214197387088609803e+00
1.938265885857378246e+00 5.138377578035893123e-01 1.206212253941929324e+00
1.938698359291758155e+00 5.150248562552376397e-01 1.197270133797017078e+00
1.940037795353380279e+00 5.184408370139592659e-01 1.188503457060638535e+00
1.941490939230776425e+00 5.220356614215750923e-01 1.179782605717879296e+00
1.942859937427024120e+00 5.253187757107277145e-01 1.171810041138700909e+00
1.944278796496206052e+00 5.286717086646631758e-01 1.163672475157181196e+00
1.945509643950388279e+00 5.317322150266466929e-01 1.153151306381734909e+00
1.945634010235907319e+00 5.322777230456425812e-01 1.143052663071974839e+00
1.945635276858239671e+00 5.322778735651939597e-01 1.142805175599025613e+00
1.946165191520093929e+00 5.334684495624532063e-01 1.134149286491006103e+00
1.947857173704702349e+00 5.370957766778775566e-01 1.124494565069384500e+00
1.947901968901519121e+00 5.371873024930750029e-01 1.124258233970888199e+00
1.949534783313085606e+00 5.405712528824010432e-01 1.115684402945676279e+00
1.951230231665218584e+00 5.440252045940443537e-01 1.106910857032766149e+00
1.951456894703635703e+00 5.444944728004305068e-01 1.105719896658622803e+00
1.953346350870698966e+00 5.482236948978820301e-01 1.096639381973702809e+00
1.955090924428417143e+00 5.515978482015133633e-01 1.090718094395867421e+00
1.957149952617699196e+00 5.555663740246564730e-01 1.086723250940122343e+00
1.959196003362805971e+00 5.594665489991332841e-01 1.084283487517025524e+00
1.961056060742579099e+00 5.629524623642647718e-01 1.080017190234112689e+00
1.962672588709676758e+00 5.659820378590615375e-01 1.075355700762063549e+00
1.964503296553407274e+00 5.693524730567154357e-01 1.069919050552671447e+00
1.966398224547311724e+00 5.728076859066695281e-01 1.064568155505460245e+00
1.968441002095810965e+00 5.764722104944618453e-01 1.059395695613663424e+00
1.970455882272721837e+00 5.800424198327802650e-01 1.055071441680189848e+00
1.972245764050252648e+00 5.831903968014462425e-01 1.050739502951915760e+00
1.973964908451200762e+00 5.862148148386483459e-01 1.044332960202026594e+00
1.975857171062240791e+00 5.895864890992595919e-01 1.035823162909887962e+00
1.977623850566267771e+00 5.925922166763495369e-01 1.027620056332485543e+00
1.979421610568760537e+00 5.956193393599137353e-01 1.019780221442731838e+00
1.981354596312738137e+00 5.987679986673010157e-01 1.013777249182310936e+00
1.983255087875937850e+00 6.018130197237887558e-01 1.010139747176670655e+00
1.985423329459491626e+00 6.052550768669026082e-01 1.008826334093628319e+00
1.985657812369840514e+00 6.056272031551358515e-01 1.008864972822123285e+00
1.987768984242111125e+00 6.089828802233074878e-01 1.010038160021194509e+00
1.989623672263291843e+00 6.119380077978288091e-01 1.009900728255456404e+00
1.991407012394154741e+00 6.147871246837766090e-01 1.007242274480814492e+00
1.993256928441494269e+00 6.178283963524445754e-01 1.002143965265949843e+00
1.995053349644766660e+00 6.207042976335463980e-01 9.951756783888882074e-01
1.997025795218163369e+00 6.238137772416455507e-01 9.876452380952154275e-01
1.999099318662312941e+00 6.270327138021067892e-01 9.805865857595046364e-01
2.001526728202805305e+00 6.306765543500796323e-01 9.748893235516480349e-01
2.003448300642962643e+00 6.335252702140650172e-01 9.708650097536731804e-01
2.005866760952647265e+00 6.370470215202198583e-01 9.659138268047477993e-01
2.005923022668006261e+00 6.371320052907084586e-01 9.658297142334044683e-01
2.008406553158880836e+00 6.407046262559014105e-01 9.633707173753871533e-01
2.008464586065325186e+00 6.407896355326019311e-01 9.633406025118476101e-01
2.010736071226876032e+00 6.440666900799774108e-01 9.624793643678107857e-01
2.013050968042481514e+00 6.474040686543183210e-01 9.618560536362812385e-01
2.015432156684863862e+00 6.508047849993332523e-01 9.609472303847876873e-01
2.017574023395589666e+00 6.538760643866736721e-01 9.598013913395321284e-01
2.019927198698203696e+00 6.572473218146701601e-01 9.578691670899864841e-01
2.021979379311879654e+00 6.602293653758950498e-01 9.539291853030520407e-01
2.023691399652072676e+00 6.626623944465852567e-01 9.487202285961228165e-01
2.025630712068435813e+00 6.653896152926517260e-01 9.412715310332412377e-01
2.027793264900813686e+00 6.684269268876217307e-01 9.329668534801794921e-01
2.027849732579530162e+00 6.685092230473503871e-01 9.327565568058825418e-01
2.030143449637207276e+00 6.716494690560773639e-01 9.252387232710199694e-01
2.032631383776747569e+00 6.749809886981595897e-01 9.205827579231048441e-01
2.034836428893492144e+00 6.778800856948001829e-01 9.194266814297582524e-01
2.037132870477090574e+00 6.809010262706304273e-01 9.209730538268015021e-01
2.039353408417926339e+00 6.838330361326535600e-01 9.237359296685272447e-01
2.041483819596654037e+00 6.866768001278806821e-01 9.243188410452374271e-01
2.043653865404621683e+00 6.895727855312465682e-01 9.222439695282264038e-01
2.046001950411241221e+00 6.927320286220158829e-01 9.190173891594167754e-01
2.046060581991405503e+00 6.928099556477163024e-01 9.189271503693708931e-01
2.048126855689024861e+00 6.955445271641917948e-01 9.161624879621951267e-01
2.050451862605446429e+00 6.985973903829555409e-01 9.134676960061766104e-01
2.052984451266663957e+00 7.018994040572801296e-01 9.110218051488075952e-01
2.055530990975366734e+00 7.051688750845019893e-01 9.097878469328050111e-01
2.061984809852536404e+00 7.134407573018309856e-01 9.073415662661343806e-01
2.064339729067489859e+00 7.164664270682123970e-01 9.058562804243205369e-01
2.066665031106614148e+00 7.194156390147353752e-01 9.045929099933455175e-01
2.069116492111404249e+00 7.225313393417537311e-01 9.034136201609087591e-01
2.069180423201014030e+00 7.226103145213171874e-01 9.033904410144355523e-01
2.071807391255604980e+00 7.259353311573882861e-01 9.027944972067756257e-01
2.074119647657002297e+00 7.288665942905241391e-01 9.023811832679329292e-01
2.076314581329171460e+00 7.316828149638674450e-01 9.012362190101925741e-01
2.078326538923325639e+00 7.343100922354981464e-01 8.983023129699158060e-01
2.080400155135649243e+00 7.369399907275121508e-01 8.944511376189675511e-01
2.082988110206995369e+00 7.401930695449276953e-01 8.919772650166234440e-01
2.085243761894349568e+00 7.430025157858926033e-01 8.922640317782740693e-01
2.087917601362800024e+00 7.463239002989433546e-01 8.939279448553354435e-01
2.090005468882517814e+00 7.489077885433572668e-01 8.956076647117610090e-01
2.092395479326015106e+00 7.518900794834526558e-01 8.969203990163470142e-01
2.094770979820343104e+00 7.548689013921716651e-01 8.975194349105324321e-01
2.097207178557679796e+00 7.579361552374994648e-01 8.974282085147859966e-01
2.099225592863712020e+00 7.605378743154097565e-01 8.956885207699272211e-01
2.101093731825278699e+00 7.629432283785663182e-01 8.920786912415057390e-01
2.103125204736261633e+00 7.654745860150653503e-01 8.867128285156270495e-01
2.105524197160147271e+00 7.684709209585239842e-01 8.810752201703323516e-01
2.107921239845926387e+00 7.714222812270261631e-01 8.783959480131089403e-01
2.110699248556349605e+00 7.747923119645675483e-01 8.780617047769111450e-01
2.113357053576723654e+00 7.780049609232424501e-01 8.811557047524282149e-01
2.115905503885078698e+00 7.811063752516791414e-01 8.861653675939394903e-01
2.115968977549128827e+00 7.811843869666752482e-01 8.863039687410265710e-01
2.118233139452970537e+00 7.839807240805493072e-01 8.902277236702698104e-01
2.120654342143525994e+00 7.869996870643393150e-01 8.914465906768532788e-01
2.122607786105002337e+00 7.894869645782049972e-01 8.903976067982442011e-01
2.124648004948770375e+00 7.920540151374684257e-01 8.877041792748541216e-01
2.126912865120348162e+00 7.948624758956570613e-01 8.829870110102699954e-01
2.129476097428758763e+00 7.980707844851301358e-01 8.783503578552137592e-01
2.131691442399195058e+00 8.008451852978536456e-01 8.750456092961012011e-01
2.133986150673675475e+00 8.036096367113728656e-01 8.736212708251879233e-01
2.136416379745515570e+00 8.065130249034271337e-01 8.732593101742668340e-01
2.139105726482804393e+00 8.097028382482280850e-01 8.730135006331237735e-01
2.141503493543337022e+00 8.125754428482492298e-01 8.732576586660858453e-01
2.144132366342416773e+00 8.157025445173222700e-01 8.735602839188401081e-01
2.146608494225670682e+00 8.186617244545594252e-01 8.740111237621013274e-01
2.148948269308264436e+00 8.214550163704366081e-01 8.744369192437185800e-01
2.149210267264015428e+00 8.217690921089805256e-01 8.744822555486507776e-01
2.151733619634610850e+00 8.247982354354803647e-01 8.749580222337741686e-01
2.154250558898110235e+00 8.278060025199031058e-01 8.754452143531222807e-01
2.154313918713360643e+00 8.278847059885218185e-01 8.754586060995955821e-01
2.156709842032841884e+00 8.307600374255960096e-01 8.757990896936022063e-01
2.159429202182127305e+00 8.340235362179260203e-01 8.761476302186247400e-01
2.161817738154327095e+00 8.369038348307313857e-01 8.764577311648653613e-01
2.164006436112651421e+00 8.395300306547842650e-01 8.768382092425073271e-01
2.166131851315055812e+00 8.420757075460589824e-01 8.771747786487941179e-01
2.168516967497487347e+00 8.449673363934382397e-01 8.774975222238730055e-01
2.170829786330328748e+00 8.477513274268214660e-01 8.778435048742709856e-01
2.173473670294316484e+00 8.509475474271290807e-01 8.781935245730291273e-01
2.175915788682751373e+00 8.539134360371248844e-01 8.784440559048251052e-01
2.175983266532430349e+00 8.539894037544688565e-01 8.784508500680543452e-01
2.178244202602706459e+00 8.567274795100565665e-01 8.787526906991106612e-01
2.180688349825822936e+00 8.596984788783605946e-01 8.791204210001427599e-01
2.182940929198569968e+00 8.624287642660978248e-01 8.794950972712211046e-01
2.185342695819613823e+00 8.653482089107329411e-01 8.798440320222373767e-01
2.187801543479181987e+00 8.682937759115685328e-01 8.803189417577429454e-01
2.190167292762897677e+00 8.711613757524638846e-01 8.808364567368113240e-01
2.192610196087351859e+00 8.741221241581169643e-01 8.812983722362829342e-01
2.194860911141234716e+00 8.768421359700462325e-01 8.817393267525990286e-01
2.197624646063429665e+00 8.801819523466062334e-01 8.822617988199991101e-01
2.200091025339624196e+00 8.832184634549613556e-01 8.823092127123521866e-01
2.200152036491195062e+00 8.832892295673917538e-01 8.822892840430707206e-01
2.202727462964997329e+00 8.864667844455808021e-01 8.810825193337882277e-01
2.205258118166400827e+00 8.895370636195667480e-01 8.813892911583169898e-01
2.205322358837577656e+00 8.896131165960742271e-01 8.814031128692096928e-01
2.208028515731982999e+00 8.928921789190809033e-01 8.824693045234828226e-01
2.215295601519859492e+00 9.017666751296982142e-01 8.860132208024196210e-01
2.218164555566485507e+00 9.052983086017672987e-01 8.873972293920464605e-01
2.220422909149533552e+00 9.081129599376743800e-01 8.876612544474856703e-01
2.222541116188299970e+00 9.108271245966070850e-01 8.863016914097048282e-01
2.225022785047424012e+00 9.138702384294372649e-01 8.828911203013108944e-01
2.227306338209246839e+00 9.167324048212852627e-01 8.797914803643827053e-01
2.229852406029613210e+00 9.198760821304576840e-01 8.774900659603689368e-01
2.229922403579674750e+00 9.199565605370849664e-01 8.774583270803196777e-01
2.232379705951065052e+00 9.229130409578053529e-01 8.779331373280299111e-01
2.234927344229351576e+00 9.260144950124971075e-01 8.804285142214193227e-01
2.237482947353608864e+00 9.291079585558964515e-01 8.847710464751237236e-01
2.239834746815801303e+00 9.319845135407854864e-01 8.883773830940040472e-01
2.242107160525648624e+00 9.347982509254018080e-01 8.892423618862121959e-01
2.244334072053879137e+00 9.376042745532547906e-01 8.884519782152008327e-01
2.246992330009836003e+00 9.409782220441850198e-01 8.867645694005165113e-01
2.249618447502057972e+00 9.443006954416476306e-01 8.851277168431329612e-01
2.249681162561711467e+00 9.443766471974561760e-01 8.850913983337764801e-01
2.251994840042547352e+00 9.472521625149263880e-01 8.841931219861136615e-01
2.254452286802379746e+00 9.502818461149578066e-01 8.841622381833001976e-01
2.256719116981983575e+00 9.530458506061442181e-01 8.847726982416935781e-01
2.259044637217332951e+00 9.559007619127817268e-01 8.861470559131119362e-01
2.261667014501399287e+00 9.591007545940661849e-01 8.872172208346069677e-01
2.263964506884938999e+00 9.619481158914204855e-01 8.880182491148091994e-01
2.266057385424030457e+00 9.645371814391451304e-01 8.886998463294815132e-01
2.268228279093439603e+00 9.671983534187735820e-01 8.893428918929553451e-01
2.270764627618620857e+00 9.703272956869296584e-01 8.901708224803247527e-01
2.273112755213191338e+00 9.732538307420839363e-01 8.908935864032075935e-01
2.275395653953649511e+00 9.760749084429175548e-01 8.916450529434626349e-01
2.277685332774858740e+00 9.789147272671191446e-01 8.923992703390351000e-01
2.280176876228082072e+00 9.819808511389509498e-01 8.935255636775691901e-01
2.282532792341837258e+00 9.849142442299954059e-01 8.947294955105540293e-01
2.285004249919022179e+00 9.880117273275559331e-01 8.959173816379720767e-01
2.287274727041640254e+00 9.908449992014195518e-01 8.969729489073294815e-01
2.289666487760327218e+00 9.938662128081090508e-01 8.979962863098501780e-01
2.292257389157714709e+00 9.970981639837760424e-01 8.990133281915847485e-01
2.294596129998765832e+00 1.000027980732542510e+00 8.998871537526568209e-01
2.296971118230886511e+00 1.003056729452724394e+00 9.007062927401086050e-01
2.299259866680703812e+00 1.005977197751218633e+00 9.011988564878594676e-01
2.301778454970930810e+00 1.009199104321972795e+00 8.997021516275105490e-01
2.304076955669347448e+00 1.012139024019018230e+00 8.977196739730626263e-01
2.306206743906919598e+00 1.014857073308168545e+00 8.962537548768352291e-01
2.308557839044721227e+00 1.017814734717435776e+00 8.966517317711393265e-01
2.310772338642037127e+00 1.020591077841939809e+00 8.991648239831103728e-01
2.312957266385367916e+00 1.023343079441757952e+00 9.025162234646836312e-01
2.315048087817071831e+00 1.026018946667127674e+00 9.056131608507917985e-01
2.317140701192272889e+00 1.028687542196055071e+00 9.080508644346079183e-01
2.319412276531893635e+00 1.031624032852949124e+00 9.097543473684285287e-01
2.321571374786843833e+00 1.034458967531600049e+00 9.094668541314282484e-01
2.323765108601681284e+00 1.037344842622532237e+00 9.083409923846501588e-01
2.325858906477098476e+00 1.040108135204932394e+00 9.071721191856161326e-01
2.328041292300823351e+00 1.042944595558299437e+00 9.065168312674054540e-01
2.330239497930698178e+00 1.045816499741756278e+00 9.063487363002307173e-01
2.332555003882776479e+00 1.048766850249397864e+00 9.079103430286263876e-01
2.334920075663351469e+00 1.051804078240623719e+00 9.114719520109400008e-01
2.337240928686603159e+00 1.054804570370392547e+00 9.154019328595585092e-01
2.339337176923086403e+00 1.057544038056351221e+00 9.187968257858056820e-01
2.341752321616231036e+00 1.060728402085225675e+00 9.202993007249107293e-01
2.343797786107462144e+00 1.063499315081345875e+00 9.199779901827440654e-01
2.345919233436552620e+00 1.066345308028143757e+00 9.190504950956822627e-01
2.348277519806581282e+00 1.069518175935530335e+00 9.180415140249015282e-01
2.350733120047244551e+00 1.072800025160768556e+00 9.176013381319187978e-01
2.352891752554980620e+00 1.075692296415941662e+00 9.175297702908659092e-01
2.355553133378390562e+00 1.079195183179227246e+00 9.182351721361253771e-01
2.358011393474112705e+00 1.082419273816048966e+00 9.199594065875549287e-01
2.360230675033024639e+00 1.085355086902909605e+00 9.213304333881250363e-01
2.362618176954480287e+00 1.088500566185704566e+00 9.229611520001060887e-01
2.365075601521991366e+00 1.091724646439121038e+00 9.244531881001141205e-01
2.367148294133298414e+00 1.094487617254940037e+00 9.255921834974057960e-01
2.369394886043336257e+00 1.097471191643387911e+00 9.268062839148636378e-01
2.371391297228476081e+00 1.100150164351723303e+00 9.278221404695059515e-01
2.373889692862806822e+00 1.103486932078850069e+00 9.290199351506356340e-01
2.379321506443140333e+00 1.110883371722554580e+00 9.281812087744084616e-01
2.381391269577821213e+00 1.113732388657895367e+00 9.273298917070482705e-01
2.383760128358329844e+00 1.116948005826556178e+00 9.266417799214655693e-01
2.385811893891974567e+00 1.119673924014435551e+00 9.276446523880811368e-01
2.388383467346951949e+00 1.123134656097682482e+00 9.312160487414627985e-01
2.388439406764192974e+00 1.123216792794369923e+00 9.313200543747253146e-01
2.390783919701524596e+00 1.126344815564242152e+00 9.349836752839729703e-01
2.393242674153726490e+00 1.129682385824585023e+00 9.388002574221608887e-01
2.395484756618044386e+00 1.132768959049340385e+00 9.418133659943382918e-01
2.397792312904980072e+00 1.135982266688483122e+00 9.426187548708263586e-01
2.399782235461550339e+00 1.138781034441805229e+00 9.424966177884558372e-01
2.401756210063641372e+00 1.141567751115512452e+00 9.421182739243518789e-01
2.403819400258729644e+00 1.144487198174469977e+00 9.418433682780744665e-01
2.406106649719946589e+00 1.147673373745070391e+00 9.424820139993043133e-01
2.408267222405745756e+00 1.150656433474180673e+00 9.451033331793513570e-01
2.410223060710788623e+00 1.153367648488360153e+00 9.481585528752727310e-01
2.412395219751669817e+00 1.156403583102139088e+00 9.507151632773754857e-01
2.414572686411469604e+00 1.159522146448014768e+00 9.515412136437666479e-01
2.416775015906139856e+00 1.162699401407371935e+00 9.518981286789768292e-01
2.419108727957765659e+00 1.166059560158801967e+00 9.521750702357928420e-01
2.419167731609184635e+00 1.166136494027417259e+00 9.521810788139375425e-01
2.421282697914702631e+00 1.169173311171797680e+00 9.526265423915745156e-01
2.423794985465293816e+00 1.172775657594481213e+00 9.534732103783439827e-01
2.425991228230334418e+00 1.175894342555103389e+00 9.543772593292627615e-01
2.428134265541991521e+00 1.178933173712844118e+00 9.553431047311486957e-01
2.430300691669348812e+00 1.181987488460700897e+00 9.567923879320627822e-01
2.432515098005431753e+00 1.185137583867595046e+00 9.585950314372143621e-01
2.434902119016546074e+00 1.188542793209872661e+00 9.605413945993518388e-01
2.436993609630400126e+00 1.191515275243894001e+00 9.622190058473948371e-01
2.439541857454771367e+00 1.195163436310967775e+00 9.640997253686593993e-01
2.441719838147320409e+00 1.198337137252199147e+00 9.655673428223683352e-01
2.443997800670276721e+00 1.201658776178941679e+00 9.670789648169666464e-01
2.446007085588615126e+00 1.204587783201981788e+00 9.683092969820940032e-01
2.448030793893293033e+00 1.207609291674289764e+00 9.691133177634669860e-01
2.450290687102328668e+00 1.210998297883174812e+00 9.686648332839958853e-01
2.452118168814156896e+00 1.213780477838898531e+00 9.684242598052397177e-01
2.454027278650490640e+00 1.216586949853959432e+00 9.687847341465786188e-01
2.456012791707547382e+00 1.219457171728538736e+00 9.708312765273098277e-01
2.456245387682280068e+00 1.219806705825210891e+00 9.711255510543990166e-01
2.458456442800128094e+00 1.223050313391061517e+00 9.740890257368968186e-01
2.460387898995642253e+00 1.225910867169250462e+00 9.769546556839158180e-01
2.462658995991628519e+00 1.229289769941337429e+00 9.798106151308673128e-01
2.462718604330428107e+00 1.229374292522478651e+00 9.798748645262949086e-01
2.464745527377735002e+00 1.232441585049548705e+00 9.818004829293482949e-01
2.466577560425895488e+00 1.235263015546727017e+00 9.823840246398647391e-01
2.468418395653507957e+00 1.238102272330940501e+00 9.823530310640107288e-01
2.470312154461509202e+00 1.241035516770449654e+00 9.823428351916168033e-01
2.472558848862638659e+00 1.244468200245683720e+00 9.826352755207327094e-01
2.472614227278937094e+00 1.244551357865424812e+00 9.826422423808550688e-01
2.474714725105514823e+00 1.247732977257943077e+00 9.833327684604491470e-01
2.476694848128893067e+00 1.250743742523655833e+00 9.842860892247735638e-01
2.478630706330842148e+00 1.253681739355619884e+00 9.853228346104405677e-01
2.480713544912797719e+00 1.256809562921924917e+00 9.869111167804800466e-01
2.482823038340876032e+00 1.260007181260309306e+00 9.889500244682193353e-01
2.484932839177548480e+00 1.263229356951728999e+00 9.909870343911384438e-01
2.487038582306500878e+00 1.266453764306574747e+00 9.929214999749803594e-01
2.489035150844667310e+00 1.269506497178298998e+00 9.946051701466402939e-01
2.491114584572706736e+00 1.272733963162010928e+00 9.962187604800498697e-01
2.493028019172915943e+00 1.275719686106347783e+00 9.976163217399435235e-01
2.495157177543098737e+00 1.279045243000483056e+00 9.991372504757469741e-01
2.497001845876436477e+00 1.281976570813311289e+00 9.999322204830490834e-01
2.499113183850228737e+00 1.285333470302681746e+00 9.999602090010022426e-01
2.500958198725331538e+00 1.288291139899251592e+00 1.000008907375908862e+00
2.502987339730504246e+00 1.291509324166022710e+00 1.000341461484543615e+00
2.503040758262533139e+00 1.291595145772820752e+00 1.000350367663508822e+00
2.505167817308147971e+00 1.294938548953026736e+00 1.001744272369491595e+00
2.507265732541530845e+00 1.298210051377702179e+00 1.005131484879610682e+00
2.509403149116965270e+00 1.301590927638863748e+00 1.008802594471812197e+00
2.511509136745659454e+00 1.304952505485646785e+00 1.012145453322332189e+00
2.513426585884141140e+00 1.308047701578842981e+00 1.014695048317887816e+00
2.515344233224190429e+00 1.311177841518936349e+00 1.015735458354326548e+00
2.517095632758631574e+00 1.314070930431626927e+00 1.016106743235646981e+00
2.519047977254392556e+00 1.317314822216421266e+00 1.016414587580555251e+00
2.524899152150320791e+00 1.326982130898186840e+00 1.017867368535082084e+00
2.526671906132116341e+00 1.329903546895965905e+00 1.018373869521066011e+00
2.528467183202196544e+00 1.332880310290297743e+00 1.018813609546367127e+00
2.530602079627192857e+00 1.336333778462114541e+00 1.019836404262417284e+00
2.530654667737980645e+00 1.336419854152855802e+00 1.019898116240066654e+00
2.532758471722931226e+00 1.339851966801753003e+00 1.022577071049341813e+00
2.532810249288824700e+00 1.339940921282699815e+00 1.022656589630434931e+00
2.535036984992060205e+00 1.343575866223303272e+00 1.025823812239862409e+00
2.536962837563341289e+00 1.346745233038661338e+00 1.028299779173205364e+00
2.539004424265028259e+00 1.350164130707168120e+00 1.030861295496095176e+00
2.539058107942778530e+00 1.350253933415881402e+00 1.030915270715329957e+00
2.541107349173834073e+00 1.353736952249376291e+00 1.032815544763018289e+00
2.543170610062256198e+00 1.357267346752427883e+00 1.033432410070745044e+00
2.545022571546184498e+00 1.360474653443650483e+00 1.033847755433447313e+00
2.547246685870092620e+00 1.364278395935525579e+00 1.034466120774853115e+00
2.549017510937005682e+00 1.367306331769530647e+00 1.035245597953390995e+00
2.550902952168372373e+00 1.370527596245582069e+00 1.036330404533714944e+00
2.552784089954825752e+00 1.373751864267105827e+00 1.037575031274087012e+00
2.554577707722534452e+00 1.376752574304608734e+00 1.039419711492442833e+00
2.556561767746969416e+00 1.380143441950386629e+00 1.043041078514491682e+00
2.558305629984789498e+00 1.383140444172360706e+00 1.046245633229383909e+00
2.560208455412358752e+00 1.386464906600539226e+00 1.048264145967807925e+00
2.562311917162652275e+00 1.390152343716331229e+00 1.050034310026055850e+00
2.564141828067739937e+00 1.393391821836145628e+00 1.051336208435197594e+00
2.566048030131150348e+00 1.396727451911024653e+00 1.052601061291312590e+00
2.567678708219373718e+00 1.399635690069499727e+00 1.053691245697043311e+00
2.569915322534472413e+00 1.403588263306546846e+00 1.055321235159083049e+00
2.571787046910782415e+00 1.406931195938357249e+00 1.056728272095365684e+00
2.573386160849180815e+00 1.409830344080541531e+00 1.057781859461080831e+00
2.575077927209926454e+00 1.412873760726282457e+00 1.058225879005016079e+00
2.576752964531443979e+00 1.415948807169315593e+00 1.058620739162499103e+00
2.578486142431319905e+00 1.419062852333362601e+00 1.059589133902683944e+00
2.580413015127618781e+00 1.422491142219242333e+00 1.062133411424059259e+00
2.582319503481950829e+00 1.425933540498724783e+00 1.064916910982679932e+00
2.584188570341942714e+00 1.429325889440539843e+00 1.067881307265722279e+00
2.586147064307152021e+00 1.432910003915732533e+00 1.070312225662984673e+00
2.588053651961598867e+00 1.436468465613755852e+00 1.071540628384805904e+00
2.589746176899962560e+00 1.439662625818040054e+00 1.072439032486637522e+00
2.589794639127106279e+00 1.439751965043275961e+00 1.072460659761429014e+00
2.591690649728497942e+00 1.443298509525098527e+00 1.073590165046909517e+00
2.593295562073359761e+00 1.446334138219382393e+00 1.074572399484002627e+00
2.595122104319152356e+00 1.449720367904497209e+00 1.075689620069808283e+00
2.596994171182982925e+00 1.453212763276385600e+00 1.076970296396215332e+00
2.597040872019575453e+00 1.453301951300261186e+00 1.077001810833527529e+00
2.598808540850138904e+00 1.456672952878824479e+00 1.078059893959059101e+00
2.600440407194449577e+00 1.459781093493496495e+00 1.078611129640860700e+00
2.602211137863421175e+00 1.463163508808995150e+00 1.079256412954622268e+00
2.603796105546975159e+00 1.466147850229252647e+00 1.080352547431497667e+00
2.605604820772169816e+00 1.469532540349271610e+00 1.082941107066306197e+00
2.607407729947483155e+00 1.472905299354765329e+00 1.085779294643764992e+00
2.609292519387185649e+00 1.476518413253572470e+00 1.088928509379030407e+00
2.611101047918981788e+00 1.479991338067502271e+00 1.091331766401896886e+00
2.612958371375541766e+00 1.483601806759802022e+00 1.093400215825492960e+00
2.614638326379277178e+00 1.486933705264734007e+00 1.094461520398745114e+00
2.616563024188840902e+00 1.490710014499489144e+00 1.095471123485873166e+00
2.616604835869192680e+00 1.490801069507729393e+00 1.095497066589286250e+00
2.618329315863109574e+00 1.494217217081754479e+00 1.096520584571070156e+00
2.620190831344306304e+00 1.497924494169576626e+00 1.097755742441198556e+00
2.621739107763096932e+00 1.500999458531144581e+00 1.098807777806765307e+00
2.623335836483406958e+00 1.504171185578904391e+00 1.100082797278329805e+00
2.625051405246143776e+00 1.507616173420469385e+00 1.100980773804525192e+00
2.626580815600614738e+00 1.510689370504915363e+00 1.101591599229777563e+00
2.628391388486378322e+00 1.514276211178264164e+00 1.102991344425702458e+00
2.628437356238912059e+00 1.514370194408876547e+00 1.103047733580740930e+00
2.630324056412471911e+00 1.518109895549536681e+00 1.105489933315325857e+00
2.631978442481974767e+00 1.521408183597247943e+00 1.108106545077431004e+00
2.632161473685281639e+00 1.521785688800916470e+00 1.108370826227328854e+00
2.633805894746730658e+00 1.525096946379946194e+00 1.110583095729787750e+00
2.635434573015762005e+00 1.528396372434275063e+00 1.112702636288222857e+00
2.637085192120328436e+00 1.531782204029050298e+00 1.114317867061913381e+00
2.638719497463951402e+00 1.535188087366932130e+00 1.115442115839790915e+00
2.640330538271294269e+00 1.538476630706579362e+00 1.116482327143696329e+00
2.642060574919389282e+00 1.542047150295689173e+00 1.117744336889602064e+00
2.643920115476033228e+00 1.545894712664430459e+00 1.119190727257908025e+00
2.643965900719017714e+00 1.545985084287377465e+00 1.119224673064750597e+00
2.645615616699605432e+00 1.549387050179168446e+00 1.120652086812444104e+00
2.650559605416363596e+00 1.559728368679613730e+00 1.125064800513955410e+00
2.650598458530187163e+00 1.559821367513119172e+00 1.125109424775504463e+00
2.652149363790035963e+00 1.563070971573673029e+00 1.126734951251251227e+00
2.653751195538304852e+00 1.566435216000841457e+00 1.128867522092225961e+00
2.655394563943993091e+00 1.569901512848800751e+00 1.130994328723342157e+00
2.656926201207529203e+00 1.573164160529570754e+00 1.132973496048343742e+00
2.658570087625294232e+00 1.576730740555999821e+00 1.134904687375594357e+00
2.660261426536079554e+00 1.580399484269049859e+00 1.136730272046475143e+00
2.661701152178162832e+00 1.583550837288070445e+00 1.137953288315370459e+00
2.663349273531730343e+00 1.587166540403738280e+00 1.139163243092558453e+00
2.664914596869640384e+00 1.590602006719715744e+00 1.140286412844956576e+00
2.666340189696115637e+00 1.593767224724807363e+00 1.141389574670732099e+00
2.667874553362316270e+00 1.597115097473010170e+00 1.142689690816636849e+00
2.669490506349147640e+00 1.600661354296567307e+00 1.144110020278749529e+00
2.671079104409677996e+00 1.604224559544535245e+00 1.145567918157111897e+00
2.672594764011042123e+00 1.607585744051188925e+00 1.146797372438130846e+00
2.674103451800005082e+00 1.610946498185350295e+00 1.147791637677558318e+00
2.675784873626866123e+00 1.614761666758725234e+00 1.148986760383451378e+00
2.677350408970069928e+00 1.618317249267400060e+00 1.150136238128063537e+00
2.678859393481293871e+00 1.621710833695182208e+00 1.151641168841315066e+00
2.680523170236053687e+00 1.625442113824135282e+00 1.154091946168384730e+00
2.681958969349351740e+00 1.628696501454026224e+00 1.156252689423833413e+00
2.683557803743312320e+00 1.632355743761393363e+00 1.158404900814769212e+00
2.685111023032389799e+00 1.635958685027830262e+00 1.160070808199605619e+00
2.686652991588273309e+00 1.639547266150520377e+00 1.161637481418107853e+00
2.688153221205690446e+00 1.643043586464906669e+00 1.163124009882842591e+00
2.689726320752749977e+00 1.646727648787571496e+00 1.164697526839066910e+00
2.689767293321244424e+00 1.646821162938268301e+00 1.164735881581425936e+00
2.691449172240409027e+00 1.650818659708026770e+00 1.166378682828987268e+00
2.693134543367760259e+00 1.654795824359004630e+00 1.168055912676347452e+00
2.694629510147180440e+00 1.658373917245601792e+00 1.169317385235840945e+00
2.696265559567302184e+00 1.662258387777001412e+00 1.170525173708859112e+00
2.697877381659301577e+00 1.666165443558714321e+00 1.171766007416628064e+00
2.699173824926100806e+00 1.669288469737409075e+00 1.172814964505021873e+00
2.700596713246861125e+00 1.672727170998979496e+00 1.174089186179918309e+00
2.702050448567933305e+00 1.676269256730630985e+00 1.175447733579302323e+00
2.703503135554629289e+00 1.679734921943103476e+00 1.177252270687853875e+00
2.705031806063604716e+00 1.683413037366327636e+00 1.179342826247117282e+00
2.706646367085119742e+00 1.687361872108534167e+00 1.181341369934262975e+00
2.707969045786053019e+00 1.690602536216184060e+00 1.182967650058742715e+00
2.709260988655674662e+00 1.693779977553860228e+00 1.184439060475149130e+00
2.710618638451883555e+00 1.697152488213517829e+00 1.185908675701352388e+00
2.712014681644510539e+00 1.700610216804168129e+00 1.187432481589322464e+00
2.713548714253446015e+00 1.704459529392906791e+00 1.189103253715949604e+00
2.714980716041162978e+00 1.708111026562418422e+00 1.190409199307604027e+00
2.716357435080715810e+00 1.711559078277648416e+00 1.191625982655170501e+00
2.717697413121186401e+00 1.714912055341656361e+00 1.192875149215931296e+00
2.718978654082540469e+00 1.718180290942479704e+00 1.194063977066578852e+00
2.720584673695664701e+00 1.722313100967903576e+00 1.195612504407608245e+00
2.721977564435290819e+00 1.725890796969751895e+00 1.196955478346267476e+00
2.723289049676436591e+00 1.729271901172869219e+00 1.198265579662363800e+00
2.724730477653388050e+00 1.733040614786476308e+00 1.199564906184994229e+00
2.726266739771320058e+00 1.737008237911298991e+00 1.200900448279544896e+00
2.727512958004925103e+00 1.740194075776952509e+00 1.202025039001509032e+00
2.728869645994650206e+00 1.743714949015721771e+00 1.203575116072888029e+00
2.730220958900309025e+00 1.747240098666376529e+00 1.205319923328967757e+00
2.731716811060286521e+00 1.751120010504368052e+00 1.207386888945320091e+00
2.733147489334724956e+00 1.754908275534125428e+00 1.209297812178462106e+00
2.734565010654960826e+00 1.758715282217456322e+00 1.210991578395042234e+00
2.735894779173982272e+00 1.762312937547001912e+00 1.212388489333372510e+00
2.737052049947952703e+00 1.765432717190468681e+00 1.213552528537890751e+00
2.738374818679213618e+00 1.769038255105533031e+00 1.214856102378410130e+00
2.739709329795871007e+00 1.772643805512654769e+00 1.216172281090163176e+00
2.741105486522357637e+00 1.776477482961670518e+00 1.217528106515081365e+00
2.741140202630939715e+00 1.776572912287427641e+00 1.217562681346828768e+00
2.742494481660070704e+00 1.780274836503316527e+00 1.218877862061707118e+00
2.743695544812140952e+00 1.783586987080290065e+00 1.219988384757905386e+00
2.744888972030492091e+00 1.786924644594400924e+00 1.221113621992486298e+00
2.746164612487010714e+00 1.790434840628807533e+00 1.222332484340156178e+00
2.747687011321644945e+00 1.794663936264105475e+00 1.223797208044004270e+00
2.747722186880474204e+00 1.794760806243213214e+00 1.223832348842996742e+00
2.751520727480879724e+00 1.805370369040544265e+00 1.227781775825780741e+00
2.752737693563747534e+00 1.808804467211294620e+00 1.229068575546970576e+00
2.753886639999849617e+00 1.812063800974804684e+00 1.230354274329996667e+00
2.755130532370194896e+00 1.815639494834887513e+00 1.231748845114545299e+00
2.756579238928047459e+00 1.819772639581525686e+00 1.233464624562987000e+00
2.757980624298475014e+00 1.823826737539019582e+00 1.235030575410728471e+00
2.758013467248435546e+00 1.823925324784239077e+00 1.235071284762863097e+00
2.759454686859882155e+00 1.828096274466233240e+00 1.236617411959195723e+00
2.760809128419514202e+00 1.832045849581197983e+00 1.238100738731254369e+00
2.762006062363765668e+00 1.835508693425226268e+00 1.239402605520628864e+00
2.763392905607090277e+00 1.839556779255670182e+00 1.240813359434282503e+00
2.763426618855542749e+00 1.839655597596355108e+00 1.240850704190457954e+00
2.764658501513970634e+00 1.843219434103600118e+00 1.242097889150058920e+00
2.765858382930852954e+00 1.846788997629721374e+00 1.243340508709499748e+00
2.767013156401442853e+00 1.850259811168020185e+00 1.244503349752565491e+00
2.768350543831396671e+00 1.854228737603104804e+00 1.245872801931033669e+00
2.768384908979328429e+00 1.854328636492393434e+00 1.245903299512766793e+00
2.769563613824842729e+00 1.857909137107389697e+00 1.247101250005044459e+00
2.770811386318811298e+00 1.861687623528042845e+00 1.248330859579646290e+00
2.771928030476384475e+00 1.865066825511564330e+00 1.249425269010479012e+00
2.773076155370523654e+00 1.868552891478029387e+00 1.250601417696921569e+00
2.774221519375363432e+00 1.872035196464604700e+00 1.251779790155550298e+00
2.774255955891013592e+00 1.872135206142621744e+00 1.251810806611348692e+00
2.775457468944416917e+00 1.875823861201206366e+00 1.253066635725649247e+00
2.776740447550867685e+00 1.879704894642244994e+00 1.254432557734471043e+00
2.777971758398931179e+00 1.883487574008950283e+00 1.255807947836683924e+00
2.778006188484940076e+00 1.883586746900323794e+00 1.255839264077141859e+00
2.779258290578595414e+00 1.887473505670808516e+00 1.257218501646406361e+00
2.779289925409412554e+00 1.887573838853550345e+00 1.257250402948631329e+00
2.780473298311954444e+00 1.891270908199794043e+00 1.258513749500596690e+00
2.781773737603703278e+00 1.895371472409679514e+00 1.259912521163182308e+00
2.783032970912786563e+00 1.899366161676357523e+00 1.261199683034456953e+00
2.783066076701592007e+00 1.899465750099258221e+00 1.261230078822795697e+00
2.784201591266215026e+00 1.903060727700241817e+00 1.262437552957313081e+00
2.785484427059586654e+00 1.907164294036186813e+00 1.263783274229229869e+00
2.786562387659429429e+00 1.910659634531255424e+00 1.264922613237362103e+00
2.787681164337488582e+00 1.914256477269656198e+00 1.266077713063301413e+00
2.788727360285392365e+00 1.917665457912037796e+00 1.267139770469987381e+00
2.789836170951213390e+00 1.921272470843132130e+00 1.268264568338074660e+00
2.791035271482618541e+00 1.925188846957796018e+00 1.269474775667585043e+00
2.792294261018530399e+00 1.929298849892988166e+00 1.270758057291748067e+00
2.792325230006694969e+00 1.929398607756487971e+00 1.270790570237649630e+00
2.793437722639729337e+00 1.933003451588024335e+00 1.271896614622030075e+00
2.794543243441828473e+00 1.936628545535453494e+00 1.272995461407750994e+00
2.795792927316078202e+00 1.940736271922016920e+00 1.274214687058788931e+00
2.796902915776815934e+00 1.944459372118148899e+00 1.275277276197191334e+00
2.797950340996830931e+00 1.947970674344879027e+00 1.276337386652120376e+00
2.799147936925263647e+00 1.951989788114893321e+00 1.277541699114369989e+00
2.800231044198455699e+00 1.955600369656926851e+00 1.278643998433118156e+00
2.801500119876332295e+00 1.959934464257807596e+00 1.279825112549903388e+00
2.801527220870787982e+00 1.960033996580775817e+00 1.279852991197014456e+00
2.802566485169832866e+00 1.963551114750302196e+00 1.280983210095017810e+00
2.803695188164069485e+00 1.967393778710107233e+00 1.282198788947320311e+00
2.803725520737717858e+00 1.967495490356754750e+00 1.282229399587814678e+00
2.804943270524660193e+00 1.971619086437437662e+00 1.283571910890055179e+00
2.806112180394978228e+00 1.975660620935473233e+00 1.284836874999937484e+00
2.807217860123196296e+00 1.979490144491094172e+00 1.286006912937148972e+00
2.808285770467197295e+00 1.983231724874586988e+00 1.287035450143012349e+00
2.808313974919824929e+00 1.983334938175031370e+00 1.287059943071915180e+00
2.809369230638544490e+00 1.987059107608762032e+00 1.288056930386642485e+00
2.810488772357238041e+00 1.990993525181287804e+00 1.289098760922285480e+00
2.811539259053928319e+00 1.994720884632133373e+00 1.290072557284762667e+00
2.812629193327991661e+00 1.998563733482002114e+00 1.291071059109219821e+00
2.813676630101857423e+00 2.002310121752616467e+00 1.292017869046747203e+00
2.814813012479929100e+00 2.006363766616363176e+00 1.293033583360611471e+00
2.815794131953071044e+00 2.009904978094345651e+00 1.293896261421712657e+00
2.816855348832475237e+00 2.013740930616375824e+00 1.294790464458273505e+00
2.816884836626720734e+00 2.013841210355599376e+00 1.294812942090773022e+00
2.817889440072795182e+00 2.017480659442945523e+00 1.295667961099419063e+00
2.818896119355184471e+00 2.021118270978498277e+00 1.296546941318227564e+00
2.819980624909275591e+00 2.025070089271168605e+00 1.297473260761977665e+00
2.820009883506330972e+00 2.025172041317123028e+00 1.297495516867068988e+00
2.821183527855941620e+00 2.029419340578274333e+00 1.298447410194578211e+00
2.822183623593930157e+00 2.033068625584119715e+00 1.299230788205712139e+00
2.823089614456930185e+00 2.036404418571118313e+00 1.299931489875581381e+00
2.824283647750833737e+00 2.040756043993200208e+00 1.300930957354428763e+00
2.825440744923751968e+00 2.045016425410372207e+00 1.301873300586980031e+00
2.826386766900900405e+00 2.048562393923619496e+00 1.302670223776374536e+00
2.827491514939726613e+00 2.052629862399860450e+00 1.303876275177377364e+00
2.828515534550343435e+00 2.056397845994997198e+00 1.305155389038039404e+00
2.829584367185774774e+00 2.060360755702622004e+00 1.306340732673126670e+00
2.829614229532364522e+00 2.060465515297239314e+00 1.306370725480457740e+00
2.830514717251675805e+00 2.063812022001420221e+00 1.307248514049053068e+00
2.831620880550114627e+00 2.067974159804736534e+00 1.308297379972765073e+00
2.832667152844407177e+00 2.071938827495626523e+00 1.309271005143209043e+00
2.833634847704757931e+00 2.075588524716637018e+00 1.310133056216692404e+00
2.834695481173247433e+00 2.079556788491895958e+00 1.311053919240332100e+00
2.837478840035424721e+00 2.090412610391869652e+00 1.313108590630198247e+00
2.838447005611872243e+00 2.094163389310928380e+00 1.313802266308279787e+00
2.839394968656251184e+00 2.097914560990647548e+00 1.314557314733733939e+00
2.840443128145319740e+00 2.101970705035989706e+00 1.315373454503775408e+00
2.841450078350402197e+00 2.105929354219528538e+00 1.316162291680114338e+00
2.842297347902309035e+00 2.109275908194834237e+00 1.316733699828219972e+00
2.843230896306725874e+00 2.112933189978721593e+00 1.317311917346095207e+00
2.844304043016648631e+00 2.117185930122104764e+00 1.318028259775722244e+00
2.845258824705564571e+00 2.121042235221535677e+00 1.318654687676074078e+00
2.846108210764283886e+00 2.124391407950807054e+00 1.319232502099299875e+00
2.847137306618162889e+00 2.128559779696054477e+00 1.319949993175607794e+00
2.848002629088672855e+00 2.132001271421928301e+00 1.320568677743530150e+00
2.848962895031512232e+00 2.135755716130573134e+00 1.321209705739407658e+00
2.850072778674364926e+00 2.140107434305921874e+00 1.321928097327251583e+00
2.850982118571358637e+00 2.143758837168733944e+00 1.322488667240628191e+00
2.851964010310845232e+00 2.147630375637115119e+00 1.323466610570710689e+00
2.852979238126414074e+00 2.151640730465238072e+00 1.324531932989783112e+00
2.853006203590348733e+00 2.151744681993150277e+00 1.324560979996883825e+00
2.853964639846757745e+00 2.155597221908159611e+00 1.325585973532011019e+00
2.854936183343089517e+00 2.159456137258599639e+00 1.326515157528583178e+00
2.856015467671274344e+00 2.163821464595195643e+00 1.327507838147002239e+00
2.856041811402645791e+00 2.163923661988534253e+00 1.327527583520640375e+00
2.856923122775176793e+00 2.167580425734101812e+00 1.328190221074055710e+00
2.857750943461914162e+00 2.171019767942235834e+00 1.328842077666121391e+00
2.858723938356309002e+00 2.175081673993584541e+00 1.329549618405110101e+00
2.859519335184377731e+00 2.178426401694418590e+00 1.330126784663473671e+00
2.860384558105339092e+00 2.182080329078524894e+00 1.330641340251164539e+00
2.861345237619923765e+00 2.186115389265588682e+00 1.331180252279627219e+00
2.862178754828269778e+00 2.189561634814019886e+00 1.331656727478266689e+00
2.863157688561543512e+00 2.193702756944073240e+00 1.332220717016692424e+00
2.864154136015495844e+00 2.197860247565231795e+00 1.332803368838819891e+00
2.864951711382980548e+00 2.201291815594860868e+00 1.333287788881637459e+00
2.865797918174355363e+00 2.204825221359181686e+00 1.333806414821779862e+00
2.866806555177065174e+00 2.209069532854075479e+00 1.334345557323525444e+00
2.867840401066918510e+00 2.213521550802551641e+00 1.334796324418294544e+00
2.868758768140835524e+00 2.217443817487813273e+00 1.335244673947651117e+00
2.869743357245460480e+00 2.221592869365615286e+00 1.335733977093072733e+00
2.869767377825581889e+00 2.221691228538098084e+00 1.335743386171152514e+00
2.870668064503250516e+00 2.225548708083906924e+00 1.336187010536454167e+00
2.871563300616287950e+00 2.229279045426096673e+00 1.336670765845983322e+00
2.872545834927575203e+00 2.233535166092574187e+00 1.337130303493048178e+00
2.873399817113038601e+00 2.237255533776914440e+00 1.337544696770703201e+00
2.874218652198574198e+00 2.240792911682851773e+00 1.337940176223252564e+00
2.875061319662484127e+00 2.244417723534419817e+00 1.338390142292099405e+00
2.875913887665670909e+00 2.248036170252385446e+00 1.338865537562985653e+00
2.876739420470537212e+00 2.251573782299301829e+00 1.339578681480698696e+00
2.877718089171039217e+00 2.255689763335049669e+00 1.340681768472348878e+00
2.878644201047108275e+00 2.259737582940506417e+00 1.341570329123955130e+00
2.878665897487916681e+00 2.259837277068903916e+00 1.341592527499857468e+00
2.879492364121422732e+00 2.263457150320841382e+00 1.342192253625381415e+00
2.880396183929627263e+00 2.267389417255246897e+00 1.342761158945846356e+00
2.881231342467592160e+00 2.271008473944506445e+00 1.343307330685663992e+00
2.881991149059791812e+00 2.274310684296894092e+00 1.343770653431259454e+00
2.882735890268696810e+00 2.277626751950283079e+00 1.344176282556849067e+00
2.883651748799253678e+00 2.281742394833740306e+00 1.344631825105126799e+00
2.884448810019714760e+00 2.285354818016019252e+00 1.344997346841126706e+00
2.885333868411990910e+00 2.289252653120272818e+00 1.345347864668079207e+00
2.886307869829138895e+00 2.293651138359406261e+00 1.345728931509651893e+00
2.887082642275042410e+00 2.297152576962811388e+00 1.346028842392175351e+00
2.887879719752962870e+00 2.300731541053022688e+00 1.346356015501899428e+00
2.888608563954198516e+00 2.304029047578904699e+00 1.346640026913743737e+00
2.889476722430018185e+00 2.307917026989436682e+00 1.346954789417752929e+00
2.890324105890234474e+00 2.311708615688011115e+00 1.347208136908722764e+00
2.891100883976791991e+00 2.315199545298491923e+00 1.347472321490069902e+00
2.891863422143348572e+00 2.318682775976228072e+00 1.347718899034585638e+00
2.892751108754954004e+00 2.322560950701785476e+00 1.348031308066804046e+00
2.892773887343401462e+00 2.322659265548874252e+00 1.348038152061129979e+00
2.893534669826940853e+00 2.326040975009998402e+00 1.348324797671196729e+00
2.894384145361130756e+00 2.329808659191052289e+00 1.348635681616340953e+00
2.894405493371278393e+00 2.329909309920792371e+00 1.348640788965144610e+00
2.895168206579810555e+00 2.333393157274650687e+00 1.348863388965277688e+00
2.895898436976647616e+00 2.336664337717611506e+00 1.349092667423636760e+00
2.896632778117132379e+00 2.340033038622497230e+00 1.349304225269199131e+00
2.897478263233810303e+00 2.343909170699663314e+00 1.349560063992471415e+00
2.898313422644402948e+00 2.347684008271571088e+00 1.349778600222540703e+00
2.900494788977153959e+00 2.357595056046945636e+00 1.350396102108040841e+00
2.901244272347983433e+00 2.361082660380428244e+00 1.350597376121995596e+00
2.902100698324368455e+00 2.364941636201138841e+00 1.351115193967033168e+00
2.902839111345761225e+00 2.368322062550312079e+00 1.351629857624997877e+00
2.903601513347227048e+00 2.371771111762291717e+00 1.352132172339703509e+00
2.904388247703527881e+00 2.375432265302001245e+00 1.352575011615382516e+00
2.904411546291405521e+00 2.375531498488227200e+00 1.352587699911809160e+00
2.905132806516087740e+00 2.378873511693469833e+00 1.352906460770014085e+00
2.905910294961239426e+00 2.382401794252294813e+00 1.353216653619076393e+00
2.906725872094218843e+00 2.386131275782993555e+00 1.353508585665083253e+00
2.907584792505875537e+00 2.390152508451067082e+00 1.353763670348131720e+00
2.908400837853147181e+00 2.393978465167465597e+00 1.353979615313184004e+00
2.909202526688446255e+00 2.397695187387215654e+00 1.354157163186822554e+00
2.909965558307179734e+00 2.401315601283846135e+00 1.354285421124693078e+00
2.910751564221112364e+00 2.405018519845727010e+00 1.354411707402060738e+00
2.911517349106198527e+00 2.408630085359775741e+00 1.354510356689625272e+00
2.912328446408383176e+00 2.412436445979014632e+00 1.354653655462904061e+00
2.912351623134473044e+00 2.412531807006596640e+00 1.354655481355234725e+00
2.913097807353428159e+00 2.416042628924897073e+00 1.354736125714446349e+00
2.913968649626964780e+00 2.420129247411156204e+00 1.354852921419863465e+00
2.914820088335825510e+00 2.424203099104300652e+00 1.354956566649479610e+00
2.915628592319994272e+00 2.427991581589708847e+00 1.355024130029035989e+00
2.916360302482061684e+00 2.431482290197568119e+00 1.355075098829034097e+00
2.917080514127998292e+00 2.434875097020969381e+00 1.355115116844241463e+00
2.917869769392741564e+00 2.438636144907728287e+00 1.355150792256030634e+00
2.918626939281027344e+00 2.442206007340342655e+00 1.355201228933367918e+00
2.919380925824189177e+00 2.445778478280860924e+00 1.355223694560283354e+00
2.920154820155366426e+00 2.449348176998128679e+00 1.355295145822345670e+00
2.920937678113028291e+00 2.452910573925608517e+00 1.355333116861284770e+00
2.921756995721390471e+00 2.456666288425649824e+00 1.355406869761502486e+00
2.921778239975067137e+00 2.456762636687121582e+00 1.355407779443720262e+00
2.922540920050924473e+00 2.460228156341954353e+00 1.355449515616673706e+00
2.923246050209489688e+00 2.463494358460251998e+00 1.355510233717731161e+00
2.924049058887188579e+00 2.467136086222346147e+00 1.355576243155770522e+00
2.924860349565155282e+00 2.470874723535363415e+00 1.355625666833893961e+00
2.925690831435033168e+00 2.474704115391730852e+00 1.355673472773341048e+00
2.926389686680137991e+00 2.478060334067266446e+00 1.355679712183926355e+00
2.927187671078547382e+00 2.481783642869098916e+00 1.355798816171716936e+00
2.927916369137331998e+00 2.485140909115830965e+00 1.355892540241778077e+00
2.928809435095726776e+00 2.489232047493038724e+00 1.355994604225383648e+00
2.929605528387256186e+00 2.492966500465302548e+00 1.356023692943109982e+00
2.930348623743757486e+00 2.496480993156032557e+00 1.356049048589765604e+00
2.931026695134594462e+00 2.499614595809883877e+00 1.356026330913487676e+00
2.931800470038262052e+00 2.503323754985803618e+00 1.355983187637300302e+00
2.931816307918081677e+00 2.503417321233476489e+00 1.355986892876023031e+00
2.932580829316866478e+00 2.507012149729259232e+00 1.355951105923560718e+00
2.932600384627788159e+00 2.507105840153473153e+00 1.355947518859964784e+00
2.933390076401443558e+00 2.510900588584255910e+00 1.355873062551399277e+00
2.934266408773081203e+00 2.514970116656393362e+00 1.355809541371324256e+00
2.935027735789896397e+00 2.518561930222006140e+00 1.355767162185216312e+00
2.935855282437872305e+00 2.522433416028761144e+00 1.355747412061130364e+00
2.936607181983593051e+00 2.525931937424356288e+00 1.355806434205522049e+00
2.937303395862393085e+00 2.529137795298601166e+00 1.355888619503979209e+00
2.938050670822388799e+00 2.532555993518658344e+00 1.356009112355957003e+00
2.938753667592042262e+00 2.535853591496592951e+00 1.356146155492433003e+00
2.939575672940973661e+00 2.539605696891875208e+00 1.356319802296501509e+00
2.939596910506693028e+00 2.539700400037945283e+00 1.356322620787576261e+00
2.940435586784917010e+00 2.543547840393520332e+00 1.356524107348993313e+00
2.941138225438289844e+00 2.546818651825514923e+00 1.356692797337049727e+00
2.941872380280134980e+00 2.550203367448591329e+00 1.356859250527697958e+00
2.942631926605960402e+00 2.553745050908418524e+00 1.357035768821996724e+00
2.943381690269383455e+00 2.557201988696139239e+00 1.357268163254413684e+00
2.944136979144400978e+00 2.560752188639905391e+00 1.357484072705829492e+00
2.944859112913166488e+00 2.564193656714825131e+00 1.357699978527491691e+00
2.945609726409034845e+00 2.567737890987763727e+00 1.357908733564518577e+00
2.946312090307600773e+00 2.571071415202281329e+00 1.358015534086600917e+00
2.947024166272266932e+00 2.574487355453824122e+00 1.358172904847584128e+00
2.947809464173154481e+00 2.578178758713515428e+00 1.358319252903552377e+00
2.947828178802797350e+00 2.578273156887726181e+00 1.358319418422229141e+00
2.948509990827365090e+00 2.581489978247109462e+00 1.358495867938582791e+00
2.949303423226468990e+00 2.585161612794859121e+00 1.358703825194650827e+00
2.949323436050381719e+00 2.585254661875741267e+00 1.358705847263335986e+00
2.949987862053967902e+00 2.588371060125224332e+00 1.358837575634474382e+00
2.950733287367842905e+00 2.591940371562542200e+00 1.358987357545190511e+00
