1.500350957997428347e+00 1.874972185274693892e+00 -1.438524570273994638e-04
1.500463054052170175e+00 1.874959335469191579e+00 -1.806047482110870888e-04
1.500477992867923938e+00 1.874954307403704057e+00 -1.553390253202000090e-04
1.500484291568975781e+00 1.874954177699704960e+00 -1.314787034794301216e-04
1.500522745044433615e+00 1.874940059292209638e+00 1.159368388699957072e-04
1.500559945101287651e+00 1.874936690315747834e+00 4.929190874778006937e-04
1.500602767323663489e+00 1.874932616366396410e+00 1.104154031595881063e-03
1.500648237021299458e+00 1.874928886194081379e+00 1.858271056181584656e-03
1.500707228522924597e+00 1.874934924964174243e+00 2.791433196849593765e-03
1.500777831854171351e+00 1.874931850668099642e+00 3.922164271914089020e-03
1.501004688554685496e+00 1.874923191598545591e+00 7.026566303624843732e-03
1.501056816602255761e+00 1.874928630691842235e+00 8.807497944644604795e-03
1.501096687092733806e+00 1.874931106238637346e+00 1.091533618688642418e-02
1.501187778630622027e+00 1.874933638739408659e+00 1.325986148430737324e-02
1.501188295099223247e+00 1.874932322368719539e+00 1.332105153532844519e-02
1.501294995030893809e+00 1.874932601166846791e+00 1.562307231286442881e-02
1.501368774960341490e+00 1.874935678641570513e+00 1.839787052851465932e-02
1.501412457866018402e+00 1.874936782436690930e+00 2.178747054223984306e-02
1.501460629961120841e+00 1.874927445382451596e+00 2.551265564325743557e-02
1.501505392539280281e+00 1.874925526921759733e+00 2.902021532395918785e-02
1.501589159285187103e+00 1.874933956675252311e+00 3.311047412820584956e-02
1.501662993564828241e+00 1.874938022553217509e+00 3.725949122729929619e-02
1.501702943447100536e+00 1.874938132328063611e+00 4.230125174872238075e-02
1.501704935423143983e+00 1.874936946327093734e+00 4.242467145255279098e-02
1.501741902698058295e+00 1.874935936490251809e+00 4.714941271809645201e-02
1.501779885014183691e+00 1.874937426497726545e+00 5.238435842368296957e-02
1.501875998812514545e+00 1.874943393233475586e+00 5.736985986001243848e-02
1.501908238860807154e+00 1.874942540713894434e+00 6.251310739596648014e-02
1.501951110502535602e+00 1.874941374255259197e+00 6.774532856432718964e-02
1.501999892604269249e+00 1.874945828273417936e+00 7.352856762425584447e-02
1.502050573824595503e+00 1.874945771403773165e+00 8.010083692525832300e-02
1.502117503187693215e+00 1.874947516021914229e+00 8.633079436273669027e-02
1.502176596982053747e+00 1.874951211374627613e+00 9.265837777452230750e-02
1.502226365178833456e+00 1.874947908191006096e+00 9.947463645586525349e-02
1.502261687460529238e+00 1.874956353041165036e+00 1.057442174671724827e-01
1.502263953009360442e+00 1.874954381955700855e+00 1.059399530277912310e-01
1.502355055365670378e+00 1.874970153718278576e+00 1.141677641353345957e-01
1.502436752563431233e+00 1.874974623770446325e+00 1.218579409004906522e-01
1.502494528243223826e+00 1.874976619021846647e+00 1.303228318153503429e-01
1.502550339984235928e+00 1.874983478150452854e+00 1.388159089677597213e-01
1.502614004158495664e+00 1.874994394530725694e+00 1.476015222386689862e-01
1.502614357379619126e+00 1.874995603969874081e+00 1.478279574494939241e-01
1.502693398855556195e+00 1.875004565129070766e+00 1.570285276792974527e-01
1.502760642068659669e+00 1.875010931045193674e+00 1.662963209227052708e-01
1.502827691362894180e+00 1.875018936190123719e+00 1.744595522607608196e-01
1.502871340314894333e+00 1.875028363067652970e+00 1.828690487666748132e-01
1.502926446665586946e+00 1.875037420910498076e+00 1.913006185323408714e-01
1.502988195495870816e+00 1.875051412352196190e+00 2.006400092143156566e-01
1.503041518226520434e+00 1.875059110383262562e+00 2.083982917313726146e-01
1.503083119301834358e+00 1.875063969323367497e+00 2.159640210829988360e-01
1.503125280471953040e+00 1.875078427468430453e+00 2.235222888849817402e-01
1.503195609078411099e+00 1.875099619568635134e+00 2.333409864282186830e-01
1.503291742492049998e+00 1.875125509799957957e+00 2.423939867525707614e-01
1.503292973604918092e+00 1.875129681165806028e+00 2.426238920863336701e-01
1.503367159683869358e+00 1.875146996400768984e+00 2.514965788223365029e-01
1.503367863061131793e+00 1.875147546060637271e+00 2.517281118046427735e-01
1.503458588621200853e+00 1.875166412074216415e+00 2.610986802651090732e-01
1.503524802914827818e+00 1.875188380895256524e+00 2.686333392178898993e-01
1.503627010590631308e+00 1.875229474577856159e+00 2.770353587266403128e-01
1.503761099221723629e+00 1.875274800443887946e+00 2.848833851421719854e-01
1.503847976742343606e+00 1.875301455642208293e+00 2.928660387443111079e-01
1.503950554052908339e+00 1.875341153341677947e+00 3.018805889813491183e-01
1.504051831872435407e+00 1.875382553754569415e+00 3.101133472768670130e-01
1.504142601226840403e+00 1.875427429355923437e+00 3.184394030333048131e-01
1.504241607497120992e+00 1.875467859451106722e+00 3.275640201326701639e-01
1.504389027568121540e+00 1.875527046768014960e+00 3.363884495354779181e-01
1.504539053219654976e+00 1.875589826175131591e+00 3.458330879437337413e-01
1.504646910116172576e+00 1.875628292457263369e+00 3.540882721554420298e-01
1.504767923678182573e+00 1.875686046879210034e+00 3.625846422201980390e-01
1.504899608370769304e+00 1.875751959624012422e+00 3.702244599668806924e-01
1.505042677728166911e+00 1.875824182025570996e+00 3.795518055966295434e-01
1.505212647593483277e+00 1.875891183322461631e+00 3.884318835836830797e-01
1.505322551810473586e+00 1.875945078905642882e+00 3.964179610486818772e-01
1.505424303999209901e+00 1.875989511896064110e+00 4.049015225400076079e-01
1.505730462608116937e+00 1.876156619380731083e+00 4.266306192023130439e-01
1.505888262357253593e+00 1.876235082531253040e+00 4.360507041900303360e-01
1.505980840329669057e+00 1.876287872623009889e+00 4.448397333670527920e-01
1.506125892250336440e+00 1.876392866603064924e+00 4.529273045966697997e-01
1.506268688414853507e+00 1.876477933788580188e+00 4.610340265927347914e-01
1.506396507356074110e+00 1.876552853361661111e+00 4.687465229659759647e-01
1.506488943338626152e+00 1.876611578249084200e+00 4.767186016095953938e-01
1.506630700367442177e+00 1.876684984234491260e+00 4.854759654249251599e-01
1.506714773263766460e+00 1.876741984144964182e+00 4.941019466539818827e-01
1.506849587042913052e+00 1.876832649503552330e+00 5.033110771338816791e-01
1.506980964285973501e+00 1.876925771215163685e+00 5.122187002526207289e-01
1.507096190067290120e+00 1.876995407099801616e+00 5.204772593764868116e-01
1.507198010111188147e+00 1.877074118248925672e+00 5.295681560139309241e-01
1.507346557763080686e+00 1.877177937653449646e+00 5.385802736131046764e-01
1.507353079431404508e+00 1.877178335320099256e+00 5.388078525361492677e-01
1.507456172892786883e+00 1.877252254703359657e+00 5.478684389408491340e-01
1.507564549261644293e+00 1.877341296507677004e+00 5.557582060210717323e-01
1.507620534696609615e+00 1.877375292069475288e+00 5.633290411302688261e-01
1.507702314268962285e+00 1.877432908493108288e+00 5.720944846591524691e-01
1.507790575026473512e+00 1.877505052771274663e+00 5.814784534479242595e-01
1.507867441853742774e+00 1.877554125950906538e+00 5.890517535192324461e-01
1.507964649353709996e+00 1.877616630952895882e+00 5.978526174168218299e-01
1.508054044585495745e+00 1.877680030644962805e+00 6.063602091770412539e-01
1.508128739208931757e+00 1.877739593669538909e+00 6.155998985251179834e-01
1.508243425969498785e+00 1.877811901105532755e+00 6.243703990186383335e-01
1.508334768932924952e+00 1.877890073678315730e+00 6.332668885109110635e-01
1.508339059370074731e+00 1.877892292824515419e+00 6.334861732515210120e-01
1.508402619025295044e+00 1.877950840192515569e+00 6.410317555618920693e-01
1.508467691815639222e+00 1.878009136410249802e+00 6.493934913398810016e-01
1.508559482440311683e+00 1.878077041791476054e+00 6.582131195581023553e-01
1.508639884803005815e+00 1.878153115998353551e+00 6.670341491728146721e-01
1.508724352836058547e+00 1.878234589305463498e+00 6.746904338128874024e-01
1.509667209759281148e+00 1.879007188366855319e+00 6.836887752714245758e-01
1.509721643206969111e+00 1.879051284825953072e+00 6.839136441939162037e-01
1.512877891945250353e+00 1.881666209470851392e+00 6.933854728919284227e-01
1.516454804746435681e+00 1.884715837446905295e+00 7.041872719726258723e-01
1.519614552236212335e+00 1.887463852456114921e+00 7.138688871462206542e-01
1.522385751457224323e+00 1.889926257893529637e+00 7.223617466246544661e-01
1.522458669695796241e+00 1.889996751731810143e+00 7.225985196769546537e-01
1.525302230610291021e+00 1.892589934880067215e+00 7.302472855546945363e-01
1.527927060504982393e+00 1.895037427718114342e+00 7.353865742485383716e-01
1.530647589513608464e+00 1.897589410351047556e+00 7.381823380988336014e-01
1.530727797270946322e+00 1.897658549987534249e+00 7.382226239157041459e-01
1.533652507107778895e+00 1.900375303850555309e+00 7.390699273178756856e-01
1.536802680666770726e+00 1.903322801609678372e+00 7.391122565609550277e-01
1.539677497629877712e+00 1.905990987657822489e+00 7.393566343574943245e-01
1.539752628429765124e+00 1.906062731811141386e+00 7.393808243141415382e-01
1.542298035922117450e+00 1.908435201849383756e+00 7.408324812209644561e-01
1.545138846025976287e+00 1.911097379511095928e+00 7.435107523760040582e-01
1.548061270338289219e+00 1.913865721650986007e+00 7.463986873184893511e-01
1.550804318905618873e+00 1.916479094449663023e+00 7.493351137719466148e-01
1.553485174741903618e+00 1.919033113763698672e+00 7.520454347595713074e-01
1.556003175565755514e+00 1.921445507322830482e+00 7.542932022653898727e-01
1.558548705277673196e+00 1.923919968713569517e+00 7.564967007718593761e-01
1.561562530839594176e+00 1.926853695269075795e+00 7.589026710509851892e-01
1.564102552095881116e+00 1.929333632261135856e+00 7.610119891678024384e-01
1.566860467342082286e+00 1.932044274617230828e+00 7.634636201044175952e-01
1.569705033461734844e+00 1.934843892794558595e+00 7.659977567986482327e-01
1.576382723147337073e+00 1.941470978602396258e+00 7.718084966559175530e-01
1.579045150519252427e+00 1.944129306989926809e+00 7.740602541535824832e-01
1.582046651569704032e+00 1.947157274960318318e+00 7.764302240487974682e-01
1.582120597505484616e+00 1.947228287586390882e+00 7.764808877242401763e-01
1.584919931663126391e+00 1.950053784369060184e+00 7.782884351646490728e-01
1.587792668266510665e+00 1.952956382675757663e+00 7.801030667478128233e-01
1.590514919928173398e+00 1.955703893557392714e+00 7.820383984977881120e-01
1.593161351943265691e+00 1.958366744160489947e+00 7.840686730111385838e-01
1.595679331873026241e+00 1.960907655463183907e+00 7.860001857392191482e-01
1.598383710942960168e+00 1.963687723141634534e+00 7.880450970256289711e-01
1.601026910776260026e+00 1.966398329731463335e+00 7.899637376498268582e-01
1.603531478545169975e+00 1.968968994012610274e+00 7.917287437261473215e-01
1.606370895152178901e+00 1.971914721875589471e+00 7.937016567540764456e-01
1.609357222804048249e+00 1.975001095972088505e+00 7.957257949406610908e-01
1.612409727893487910e+00 1.978174162771288991e+00 7.977115945884339920e-01
1.615102557222671376e+00 1.980977504948202128e+00 7.995105808752398513e-01
1.617504818484520879e+00 1.983486659688588283e+00 8.011981719537490942e-01
1.620266303480181191e+00 1.986354956110242709e+00 8.031368858866826388e-01
1.620340098497436987e+00 1.986430549139521107e+00 8.031836547355494238e-01
1.623016419398548349e+00 1.989246635491657367e+00 8.050245741260070309e-01
1.625592104125695103e+00 1.991975564679188349e+00 8.068085657014043566e-01
1.628245972239435790e+00 1.994792517386356767e+00 8.085852072023780313e-01
1.630982085460898956e+00 1.997700596414207164e+00 8.103571984038133724e-01
1.633702952664510821e+00 2.000596359983137340e+00 8.120482030891782443e-01
1.633774918702516121e+00 2.000672386349233278e+00 8.120912320365346604e-01
1.636422539895580508e+00 2.003498592708921944e+00 8.137072171296222400e-01
1.639352287826635113e+00 2.006627307920262115e+00 8.156013641612622767e-01
1.641824624861775828e+00 2.009299015623978946e+00 8.172111282575578173e-01
1.644426697660400727e+00 2.012134797498171590e+00 8.188323425576126136e-01
1.647162538380962049e+00 2.015115714788844770e+00 8.205140914292792242e-01
1.650135743075386241e+00 2.018338647611473302e+00 8.222545323931210737e-01
1.652937300619012451e+00 2.021411932106245146e+00 8.238784107187766548e-01
1.653006701460282057e+00 2.021487386173025591e+00 8.239166860337129306e-01
1.655514546515098662e+00 2.024249363146206626e+00 8.253133946556309164e-01
1.658165333586299361e+00 2.027165868252972292e+00 8.267141772805489675e-01
1.660961498176821038e+00 2.030246331166434270e+00 8.281382671468217049e-01
1.663803787489452457e+00 2.033397277599088504e+00 8.297028801043364599e-01
1.666166219609853449e+00 2.036015916955611349e+00 8.309962120411320541e-01
1.666231634879777879e+00 2.036095130875968273e+00 8.310390734201956731e-01
1.669157363960534823e+00 2.039337563243819318e+00 8.325618430714901708e-01
1.671671081870690578e+00 2.042134392348300853e+00 8.338471271283315334e-01
1.674095512815964026e+00 2.044839275645566001e+00 8.350567967931240565e-01
1.676859941909907059e+00 2.047945130067047259e+00 8.363818342121241978e-01
1.679611876031062101e+00 2.051059104675964306e+00 8.376725096592151365e-01
1.682038542697597450e+00 2.053764201306954806e+00 8.387599063588654369e-01
1.684654357394916424e+00 2.056706147014652597e+00 8.399984868714528430e-01
1.687478947802256490e+00 2.059882716591465268e+00 8.413494196631170485e-01
1.690242740504341867e+00 2.062982008631899067e+00 8.426394972230689673e-01
1.692936305767811289e+00 2.066006016544002843e+00 8.438434100103486823e-01
1.695691654414738014e+00 2.069112259042756641e+00 8.450755025843095236e-01
1.698277212074210896e+00 2.072063704545088036e+00 8.461670310748747870e-01
1.700998380221513173e+00 2.075182293724174176e+00 8.472386153587272428e-01
1.703321483872934028e+00 2.077826159008331786e+00 8.481492153258124445e-01
1.705982227891942760e+00 2.080857342150993272e+00 8.492270903935654758e-01
1.706052374245185854e+00 2.080935265960511593e+00 8.492578814471261062e-01
1.708778502720320835e+00 2.084042847628465367e+00 8.503364668134967275e-01
1.708847141121348834e+00 2.084119831158265601e+00 8.503607430612057927e-01
1.711430076626505148e+00 2.087081771578158218e+00 8.513522844625422970e-01
1.713722344516323881e+00 2.089740428437598663e+00 8.522027886630965110e-01
1.716070224209070183e+00 2.092473684541219736e+00 8.530267547797824035e-01
1.718552961803569090e+00 2.095364909627308592e+00 8.538569831499654983e-01
1.720924403055931640e+00 2.098098248999318294e+00 8.546369124952294394e-01
1.723352755929199454e+00 2.100912874963779320e+00 8.554117987330287498e-01
1.725904326205967010e+00 2.103870245275325512e+00 8.561822382209991478e-01
1.728305878169092979e+00 2.106701945166947088e+00 8.569271142542522757e-01
1.730786825775725069e+00 2.109589720119671608e+00 8.577077721821795286e-01
1.733355296611252205e+00 2.112567972245991132e+00 8.585286183848681585e-01
1.736035985030959683e+00 2.115692685235289083e+00 8.593182879757098602e-01
1.738582903419030989e+00 2.118666116212957196e+00 8.600222941766306750e-01
1.741436915762283766e+00 2.122038214565681091e+00 8.607580314434604141e-01
1.747286292695225729e+00 2.128929226735523983e+00 8.621285487745677933e-01
1.747355367213575983e+00 2.129007773407500359e+00 8.621456467996956308e-01
1.749826250155475549e+00 2.131899560426508522e+00 8.626784265252466222e-01
1.752355765964038747e+00 2.134894796934042827e+00 8.632024236878409473e-01
1.752422673153179122e+00 2.134972731589179773e+00 8.632164023723939428e-01
1.755142333548126210e+00 2.138185236675981482e+00 8.637415889496956600e-01
1.757682643621726326e+00 2.141154988558275907e+00 8.642689711340136860e-01
1.757745369769518229e+00 2.141233960762744637e+00 8.642831066142506735e-01
1.760327258476654944e+00 2.144300379414236346e+00 8.647711619036528852e-01
1.762761700233515194e+00 2.147193084624134940e+00 8.652131688433971624e-01
1.765141377600650374e+00 2.150030072787392221e+00 8.656000956697752491e-01
1.767838660476535484e+00 2.153238559898688731e+00 8.660482639284889927e-01
1.770274530912912425e+00 2.156144269926348667e+00 8.664416333485405186e-01
1.772905570228062722e+00 2.159284951015890464e+00 8.668644981033445385e-01
1.772971735356072998e+00 2.159362971123433006e+00 8.668738617871619700e-01
1.775286521079657120e+00 2.162113324342247456e+00 8.671710436337929373e-01
1.777386200972878250e+00 2.164627145922059182e+00 8.673849945184317622e-01
1.779693200525014563e+00 2.167372868612859271e+00 8.676424983208268493e-01
1.782062743680871364e+00 2.170201615137404172e+00 8.679017628681816587e-01
1.784411687578052241e+00 2.173028304025176993e+00 8.681448076273863279e-01
1.786640352042181856e+00 2.175696426270605777e+00 8.683407715850609554e-01
1.789058222872307535e+00 2.178598425879760825e+00 8.685122976997756705e-01
1.791351235451242641e+00 2.181355728269526395e+00 8.686352488953812401e-01
1.793832685669650928e+00 2.184352271371797549e+00 8.687957361331063444e-01
1.796382630082153264e+00 2.187421110637841615e+00 8.689066105229119596e-01
1.798815019829421491e+00 2.190325521852217516e+00 8.689935057282619502e-01
1.801359286144502914e+00 2.193390938028906501e+00 8.689958362507185230e-01
1.803787848553551676e+00 2.196303847632506301e+00 8.689835490569720600e-01
1.806164126350010113e+00 2.199133585875874708e+00 8.690252181403741449e-01
1.808399771788479438e+00 2.201794645870783551e+00 8.691223727820071021e-01
1.811106193985619450e+00 2.205008615057443500e+00 8.691707289649455159e-01
1.813389822507053495e+00 2.207755955347676213e+00 8.692049048396158772e-01
1.815561034436997900e+00 2.210348716221350873e+00 8.692063154909683842e-01
1.817994960445970198e+00 2.213243468119468815e+00 8.691776198872980252e-01
1.820363047552758795e+00 2.216064014239577329e+00 8.691008587892644632e-01
1.822852245243427927e+00 2.219035846545544199e+00 8.689600999296986927e-01
1.825819850073205686e+00 2.222559468718030118e+00 8.687558308155772790e-01
1.828449536124954200e+00 2.225698632488044559e+00 8.685543761222815906e-01
1.830948765544789580e+00 2.228674475903448915e+00 8.684115147911879440e-01
1.833168175861572768e+00 2.231337140172218181e+00 8.683350503806753773e-01
1.835588060241536867e+00 2.234230303133981188e+00 8.682349567533300672e-01
1.838095840818345650e+00 2.237200137441722525e+00 8.680528970595765559e-01
1.840906906869317794e+00 2.240566027947699101e+00 8.677655400528538898e-01
1.843373871494548677e+00 2.243546220938523295e+00 8.674789753273371984e-01
1.845809561690280542e+00 2.246429638434313425e+00 8.671338242014519082e-01
1.848615020654323260e+00 2.249793670746291330e+00 8.667296916958991959e-01
1.851240084871814906e+00 2.252923493523271148e+00 8.663078278316015401e-01
1.851304058756099380e+00 2.252999906939483488e+00 8.662977203767902035e-01
1.853860368476309084e+00 2.256047722124871591e+00 8.659216582736456447e-01
1.856567001247135806e+00 2.259250616396227596e+00 8.656256235974181257e-01
1.858814436654011359e+00 2.261892069653713921e+00 8.653382417585202546e-01
1.861289126435093921e+00 2.264850643099428851e+00 8.649848652685769856e-01
1.863896146673855725e+00 2.267967234803780485e+00 8.645223390489693571e-01
1.863961765378032487e+00 2.268041466410332330e+00 8.645086227482612351e-01
1.866530357510786775e+00 2.271086486166843166e+00 8.639578404823711200e-01
1.869031542503572840e+00 2.274036596178531600e+00 8.633850481286655665e-01
1.871711531181434962e+00 2.277236856085683492e+00 8.627574572612985992e-01
1.874145141578790641e+00 2.280115310933610306e+00 8.621788699498561526e-01
1.877032303349443820e+00 2.283528851014929639e+00 8.615137369719959581e-01
1.879534330560262756e+00 2.286473320839754741e+00 8.609235869012931142e-01
1.881991775630776242e+00 2.289349636300627377e+00 8.604230812481851176e-01
1.884476321500315077e+00 2.292297226585689796e+00 8.599172696053833942e-01
1.887113798521996122e+00 2.295417725828666100e+00 8.593065573789357980e-01
1.889804046286903461e+00 2.298587782409803992e+00 8.585953747718657603e-01
1.892228937079975637e+00 2.301455278589255915e+00 8.579347523454867730e-01
1.894944456852618586e+00 2.304621750661957957e+00 8.571158867569920181e-01
1.897310206722504722e+00 2.307410440481903358e+00 8.563924169498017269e-01
1.903378976384724863e+00 2.314526447218677063e+00 8.545252517683357141e-01
1.905951550131363081e+00 2.317547691251622410e+00 8.536938041992258031e-01
1.908345856881035640e+00 2.320320970201902977e+00 8.529667675837546703e-01
1.910776669339195211e+00 2.323171052178822915e+00 8.522225275433342739e-01
1.912953052488225891e+00 2.325704449673829721e+00 8.515446665029152706e-01
1.915542883603426727e+00 2.328696437745352732e+00 8.506502457370767045e-01
1.917916355296706010e+00 2.331466723176440770e+00 8.497831896106979865e-01
1.920237993280055289e+00 2.334155517123433388e+00 8.489311640254297853e-01
1.922700409960474754e+00 2.336983871462312568e+00 8.480035635241481851e-01
1.925209975505424387e+00 2.339898580361227776e+00 8.470463104228149742e-01
1.927809627741333465e+00 2.342893414458090184e+00 8.459604511234538604e-01
1.930210066331866425e+00 2.345643094270397189e+00 8.450604920765600880e-01
1.932685336913156249e+00 2.348468654927041932e+00 8.442085991947235746e-01
1.935360698869682983e+00 2.351515020046698989e+00 8.432608078505554605e-01
1.937771680778332284e+00 2.354252815373009788e+00 8.423589816800516328e-01
1.940178048790030862e+00 2.356995526024894261e+00 8.413988512639408723e-01
1.942587521012716589e+00 2.359733815413887825e+00 8.403364671551820653e-01
1.944921824186506720e+00 2.362397355751495454e+00 8.392826650786950893e-01
1.944985805143708113e+00 2.362473991557412667e+00 8.392557234057224091e-01
1.947193270890529071e+00 2.364970778079168667e+00 8.382605493497998772e-01
1.949794637109846462e+00 2.367930491150711525e+00 8.370228724658711483e-01
1.952290906476572108e+00 2.370739005730993387e+00 8.358366008864298591e-01
1.954857443112399729e+00 2.373615418384663833e+00 8.346061249068184029e-01
1.957556886706805166e+00 2.376654128548457479e+00 8.334250645386090950e-01
1.960077532622030105e+00 2.379449371700735671e+00 8.324237896500085165e-01
1.962506028692136750e+00 2.382169913350239199e+00 8.313889741266913269e-01
1.965271772259882477e+00 2.385267836562884103e+00 8.300913916230938661e-01
1.967582373722191802e+00 2.387817843744308277e+00 8.289675689559884431e-01
1.969816113199721386e+00 2.390315377963042387e+00 8.278142347834301917e-01
1.972402583100209661e+00 2.393170713759163348e+00 8.264758946824521946e-01
1.972472707464710817e+00 2.393246082564187471e+00 8.264433595775133590e-01
1.974777937937353123e+00 2.395776600344756702e+00 8.252879671366182279e-01
1.974913986874097471e+00 2.395925448375167743e+00 8.252155140562902336e-01
1.977502903662464506e+00 2.398760754180797150e+00 8.238514363552816855e-01
1.980108322991607439e+00 2.401604262420435010e+00 8.224897797728146775e-01
1.982444523278582116e+00 2.404146853267734585e+00 8.214068093179225372e-01
1.984963202447713515e+00 2.406903431283253791e+00 8.202128910650779980e-01
1.987579244857603955e+00 2.409733289658482214e+00 8.189476366472898672e-01
1.987648757898410112e+00 2.409805436811661483e+00 8.189124789648304370e-01
1.990094007827679867e+00 2.412479707901717063e+00 8.176142630701126457e-01
1.992776235133912444e+00 2.415409471502752758e+00 8.160766129074654707e-01
1.995669812066159343e+00 2.418515866988993235e+00 8.144552220543227472e-01
1.995738811721222028e+00 2.418590749166770415e+00 8.144176071961358732e-01
1.998345061705251391e+00 2.421393803549755752e+00 8.129679760611880912e-01
2.000909529624343097e+00 2.424140289668522463e+00 8.114837418819811354e-01
2.003401574836807697e+00 2.426809420350851010e+00 8.099733392498250639e-01
2.006330397366747675e+00 2.429909724464300425e+00 8.086074268572602808e-01
2.006402347018680921e+00 2.429983751472033937e+00 8.085779245951437710e-01
2.009124980176603792e+00 2.432880788538278605e+00 8.070487126837501135e-01
2.011687933617042123e+00 2.435606868442836248e+00 8.055327434594590219e-01
2.014503061741264034e+00 2.438619997644975168e+00 8.038713420555075873e-01
2.017132864004474779e+00 2.441411378046645098e+00 8.022671928273401587e-01
2.019906041976201383e+00 2.444344794264645682e+00 8.005732560913562113e-01
2.022346409568398506e+00 2.446903297392636567e+00 7.990297103375976207e-01
2.024769055496425274e+00 2.449450043315248848e+00 7.975102601005275016e-01
2.027287780198007816e+00 2.452064877585431013e+00 7.959133999128450432e-01
2.029942153938212090e+00 2.454810965581739168e+00 7.942407307396183169e-01
2.032957887106285888e+00 2.457930863190993964e+00 7.923864645708810217e-01
2.035579177691947184e+00 2.460600374707837990e+00 7.908356129138501833e-01
2.038418897913337524e+00 2.463481837602317093e+00 7.890422901858690219e-01
2.041105800574127382e+00 2.466237205699578716e+00 7.872912513853451699e-01
2.043930185855122872e+00 2.469132194712013284e+00 7.854699552544857077e-01
2.044002966196264204e+00 2.469205125787475197e+00 7.854256200261409138e-01
2.046631975538242720e+00 2.471860171284414598e+00 7.836759287909339511e-01
2.053361144847313025e+00 2.478687797620958477e+00 7.791971649524359611e-01
2.055361026291684379e+00 2.480696943198398507e+00 7.778309859160331685e-01
2.056497454072793829e+00 2.481840016926401216e+00 7.770648792369376778e-01
2.059063934485874103e+00 2.484417757318996500e+00 7.753452223603982674e-01
2.061420493494250383e+00 2.486767874873400785e+00 7.737765381355229399e-01
2.064507356234697610e+00 2.489840616644809490e+00 7.716406824977823931e-01
2.067374040293664006e+00 2.492692350457368811e+00 7.696605782005149221e-01
2.069735776295126506e+00 2.495023067423685070e+00 7.680416309364892502e-01
2.072405798889628947e+00 2.497651703612305596e+00 7.661391116943673252e-01
2.075347382431321108e+00 2.500545749830295428e+00 7.639988902667710358e-01
2.077872956153711481e+00 2.503019077998677400e+00 7.621526680025578759e-01
2.080613247681474487e+00 2.505686013351205332e+00 7.602797732541487497e-01
2.083158321091021836e+00 2.508131256307878143e+00 7.585341893256151158e-01
2.085755207314968551e+00 2.510657774818551680e+00 7.566910707125406033e-01
2.088562581346709912e+00 2.513392161127427471e+00 7.546652930210834276e-01
2.091263945641286259e+00 2.515962142555549619e+00 7.526771297714536235e-01
2.093973289420234085e+00 2.518534990592272926e+00 7.506069762333198447e-01
2.096756065841150374e+00 2.521162100988182164e+00 7.484957784837464878e-01
2.099597991886567261e+00 2.523865205952461110e+00 7.463286252111973607e-01
2.099671772518412194e+00 2.523934032832879204e+00 7.462693204834921490e-01
2.102083562818716000e+00 2.526216885908548981e+00 7.443786666189039503e-01
2.104593069314406151e+00 2.528544265578542394e+00 7.424083053067956905e-01
2.107162689130184674e+00 2.530959522457135069e+00 7.404724439237767575e-01
2.109888459922049542e+00 2.533504658001203058e+00 7.384432623771562954e-01
2.112688429856530270e+00 2.536129202876735711e+00 7.362915891336759833e-01
2.115437219301872673e+00 2.538673781877356372e+00 7.340983014130186834e-01
2.118262245439449298e+00 2.541285229282487901e+00 7.318070942660955813e-01
2.121247071202216006e+00 2.543996294373338518e+00 7.294002088392285144e-01
2.121322725398823827e+00 2.544065552359650262e+00 7.293411413599706350e-01
2.123831437134668931e+00 2.546369309880730736e+00 7.273215423575186689e-01
2.126451445507636429e+00 2.548733801246144459e+00 7.252156066682411417e-01
2.129248774817912526e+00 2.551226101248781575e+00 7.229746772407003030e-01
2.132075225267361596e+00 2.553702858356261540e+00 7.214165345918984729e-01
2.134958398715911088e+00 2.556246554578499364e+00 7.199242276110605632e-01
2.137814561774883604e+00 2.558789844269016456e+00 7.176464704187003329e-01
2.140433333835650043e+00 2.561121615998973589e+00 7.153075820289301889e-01
2.143057182452983156e+00 2.563438357276937030e+00 7.129205862725610521e-01
2.145558036205825303e+00 2.565624570474113408e+00 7.106403561310047357e-01
2.148356021263790439e+00 2.568074218134999143e+00 7.081525553508708493e-01
2.150997961789399948e+00 2.570393898435038516e+00 7.058535249109291199e-01
2.153781876529043071e+00 2.572833481134972455e+00 7.034462204699543086e-01
2.156468445740949313e+00 2.575128125639620347e+00 7.014189670522662512e-01
2.159419497719283765e+00 2.577619614410020965e+00 7.000853729551659299e-01
2.162315918254955172e+00 2.580099747248815412e+00 6.985078409395388821e-01
2.165205369061546037e+00 2.582584475795409507e+00 6.959961917057471137e-01
2.168238977233667431e+00 2.585174922623528992e+00 6.928564733987797597e-01
2.171067343783038339e+00 2.587569315290279448e+00 6.898108684481042419e-01
2.173614679328088162e+00 2.589697902936052287e+00 6.871184339715361578e-01
2.176303362386463824e+00 2.591952614960927548e+00 6.845026593872062248e-01
2.179403598297230182e+00 2.594532433130075866e+00 6.816549310777904047e-01
2.182532863778753995e+00 2.597078552790669015e+00 6.794196045711877741e-01
2.185270369698134818e+00 2.599307349774256259e+00 6.777700861814671685e-01
2.187941358010276893e+00 2.601480062006681138e+00 6.760860624599513979e-01
2.191386770987370891e+00 2.604263854598123373e+00 6.737063643412521952e-01
2.194514206229539965e+00 2.606805509066006721e+00 6.708005859329919662e-01
2.197373789606201555e+00 2.609090605661278151e+00 6.676680232307353746e-01
2.200160706934864763e+00 2.611342685954098908e+00 6.646915820413117348e-01
2.202876428871102021e+00 2.613521787122963680e+00 6.618255983367840045e-01
2.205806107454278742e+00 2.615826416786256381e+00 6.592243264462219754e-01
2.208434339895881671e+00 2.617872855636244278e+00 6.571265303085555010e-01
2.211384340856208830e+00 2.620180540356438215e+00 6.547827550771712080e-01
2.214562108899957860e+00 2.622647180043192083e+00 6.522520829743732040e-01
2.217739589184230198e+00 2.625117712845796980e+00 6.496396223085664223e-01
2.220596660105266462e+00 2.627314683172137677e+00 6.472095235081130049e-01
2.223823321589229352e+00 2.629836807109096952e+00 6.440437720773474206e-01
2.226607596220541829e+00 2.631985745230845719e+00 6.411071672136847699e-01
2.229878413116892499e+00 2.634455110918718646e+00 6.375928521003896288e-01
2.237165321326619605e+00 2.639952130766646032e+00 6.305194561042567480e-01
2.237245842120929584e+00 2.640011019800253322e+00 6.304386120505731661e-01
2.240498747381366673e+00 2.642412704224774256e+00 6.274980140061823253e-01
2.243346967330052344e+00 2.644508390952480248e+00 6.250242011072106862e-01
2.246518929118384467e+00 2.646820288326070525e+00 6.223000182435589611e-01
2.249543810337505612e+00 2.649011466209437504e+00 6.196003804130307824e-01
2.252401313276983341e+00 2.651092205295347171e+00 6.169961678852984299e-01
2.255431992927082963e+00 2.653262949946339599e+00 6.142204860080514583e-01
2.258363649564592457e+00 2.655363848293176954e+00 6.114605925481463311e-01
2.261553698895864883e+00 2.657648387787277855e+00 6.084484757131770616e-01
2.264413741834954141e+00 2.659697332102509471e+00 6.057156450823014682e-01
2.267364666743560520e+00 2.661783608657693367e+00 6.029179926044447857e-01
2.270831388166306031e+00 2.664215157444456583e+00 5.995578365590986669e-01
2.274094797937572299e+00 2.666496961031715074e+00 5.964846358855672159e-01
2.277407458319516742e+00 2.668765288391621748e+00 5.933436631604707134e-01
2.280377183954227505e+00 2.670811681913081159e+00 5.904828131712661632e-01
2.283469737385616760e+00 2.672897570651150634e+00 5.879167282239892156e-01
2.286411956849059290e+00 2.674845617395730013e+00 5.865651131378694094e-01
2.289592095142210848e+00 2.676964566164444559e+00 5.850311995426646927e-01
2.292445971052970322e+00 2.678862094681158545e+00 5.834695700605713187e-01
2.295218474730487124e+00 2.680739763987176616e+00 5.812981603750640991e-01
2.298297154375334550e+00 2.682799388347111513e+00 5.771621780397614421e-01
2.301585196414143830e+00 2.685009528620310171e+00 5.723852490853875707e-01
2.304491473856224992e+00 2.686907627891203187e+00 5.682802107885828180e-01
2.307595523205698829e+00 2.688917701282720785e+00 5.643906679608056143e-01
2.310997980978175992e+00 2.691086778432198123e+00 5.609600924726984017e-01
2.314132627294935407e+00 2.693085818072381787e+00 5.581876342512309686e-01
2.317646865351322027e+00 2.695275019619919554e+00 5.551726254592940224e-01
2.321330333448922811e+00 2.697560162086126923e+00 5.519156834451582894e-01
2.324500905682798102e+00 2.699554443018615579e+00 5.490524623759533984e-01
2.327312303628911394e+00 2.701307706235400730e+00 5.464747784514983886e-01
2.330811904150572822e+00 2.703485162802511610e+00 5.431365611398707438e-01
2.333647899809732973e+00 2.705218760970581116e+00 5.403550575975163417e-01
2.336729918909093762e+00 2.707126512831552922e+00 5.370939896319915086e-01
2.339728604453964245e+00 2.708933232121061074e+00 5.339206787323369507e-01
2.342799695536995852e+00 2.710804011812006475e+00 5.307101121705734004e-01
2.346567013673806823e+00 2.713085573771596426e+00 5.267941297013312152e-01
2.349673719384316684e+00 2.714919304033976299e+00 5.236990438513829949e-01
2.352623632483036076e+00 2.716659161501564057e+00 5.207513329330196727e-01
2.355840588318686368e+00 2.718536467144495816e+00 5.175533823763559527e-01
2.359192771712486536e+00 2.720448781187741361e+00 5.148365802597049123e-01
2.362707740017063518e+00 2.722444704194398657e+00 5.126495880155650386e-01
2.366212725199273059e+00 2.724427156194025645e+00 5.103690568342207357e-01
2.366300813943470693e+00 2.724477823998373793e+00 5.103141541531839298e-01
2.369195632266521745e+00 2.726102748742137649e+00 5.081692876499211975e-01
2.372061636893409542e+00 2.727731225672920257e+00 5.057332842456222499e-01
2.374897548838387884e+00 2.729335741945644767e+00 5.028249673964814148e-01
2.377916899251982574e+00 2.731034235320851877e+00 4.988598378613902651e-01
2.381003947004508348e+00 2.732768823480205000e+00 4.945775079513618500e-01
2.384141179691202872e+00 2.734503540798709054e+00 4.905257967383493956e-01
2.387671579192098825e+00 2.736420706270442427e+00 4.864448091369940608e-01
2.387756874187936251e+00 2.736469607219643052e+00 4.863476516343004930e-01
2.390761342498571640e+00 2.738098158256891956e+00 4.831676477981836637e-01
2.393781774848154242e+00 2.739698005524213276e+00 4.801484458385973930e-01
2.396723554936337042e+00 2.741248114964198734e+00 4.772523815152877047e-01
2.400203557630128159e+00 2.743072262493985392e+00 4.738500320009815803e-01
2.403444135627834655e+00 2.744742795412090430e+00 4.706312202583325388e-01
2.406771864280704332e+00 2.746434139255823581e+00 4.681218097579043502e-01
2.410202925570475330e+00 2.748172822765099887e+00 4.667078433346107391e-01
2.413893972765749574e+00 2.750016704524954836e+00 4.650021912664434875e-01
2.417360718904584260e+00 2.751759820517670985e+00 4.631993955321211387e-01
2.420481683265555350e+00 2.753359056985057229e+00 4.606119728494220689e-01
2.423704155291103390e+00 2.754958737446427275e+00 4.558829441748707967e-01
2.431710494210858720e+00 2.758974764280058611e+00 4.424376622114515878e-01
2.435158041996450251e+00 2.760654814852067318e+00 4.369109339497639355e-01
2.438155371202992416e+00 2.762081610981772073e+00 4.329858218873918196e-01
2.441602312515901652e+00 2.763679614967078813e+00 4.297464151818643496e-01
2.445220424489376043e+00 2.765335970475867100e+00 4.267703738870523011e-01
2.448531055507487508e+00 2.766837729134170587e+00 4.242908410571924471e-01
2.451965635222466133e+00 2.768396443779776117e+00 4.215188396318358954e-01
2.455475753264670935e+00 2.769975701540668744e+00 4.185666240972060748e-01
2.459186199804905826e+00 2.771619588222553610e+00 4.158758125943554651e-01
2.462700660980907674e+00 2.773174790484894903e+00 4.144567231376750094e-01
2.466494148509233320e+00 2.774842446398347207e+00 4.125226738437794971e-01
2.466584515163564362e+00 2.774883014436343664e+00 4.124782311048298400e-01
2.469959734901398640e+00 2.776366264424374286e+00 4.104414348908054788e-01
2.473348438427954932e+00 2.777856553639686865e+00 4.076577770265739642e-01
2.476678941849590920e+00 2.779340923709506583e+00 4.046772269211844630e-01
2.479742577851705931e+00 2.780689899899514650e+00 4.004305103970923208e-01
2.483260954794407560e+00 2.782231984698037230e+00 3.947322512022581886e-01
2.486370483152077426e+00 2.783563287381386253e+00 3.896825992577934161e-01
2.489881621980551518e+00 2.785021124041087148e+00 3.847669504649719463e-01
2.493024564066347981e+00 2.786338373867950580e+00 3.808713490633618970e-01
2.496675004959633348e+00 2.787812553408497873e+00 3.770496322399003453e-01
2.500521801975012615e+00 2.789334164297416763e+00 3.732513177417036698e-01
2.503811384638505722e+00 2.790625069590612295e+00 3.701217217712295393e-01
2.507110128097021384e+00 2.791895288903285532e+00 3.676022141560659207e-01
2.510393552526092087e+00 2.793157261180934547e+00 3.654806766457680545e-01
2.513765703874049073e+00 2.794445328785208016e+00 3.631526666922931801e-01
2.517329334681202901e+00 2.795814439771287407e+00 3.604532185845794046e-01
2.521079456066309454e+00 2.797244227747453849e+00 3.573076544564482981e-01
2.521171701556897293e+00 2.797279756818108698e+00 3.572259117898390346e-01
2.525368917996161144e+00 2.798882494644535868e+00 3.533811934246910424e-01
2.528709826744688804e+00 2.800139862994663886e+00 3.501532153661652824e-01
2.532668267525751027e+00 2.801595647876278239e+00 3.469324459914489567e-01
2.536716836071507331e+00 2.803097289705705819e+00 3.442833458798403856e-01
2.540145238745453504e+00 2.804355160115100887e+00 3.400033928613363510e-01
2.543442745031496699e+00 2.805559586972260711e+00 3.351763135802252047e-01
2.546980267869039416e+00 2.806838781756764600e+00 3.298876703901952867e-01
2.550096952929689742e+00 2.807952626291973175e+00 3.257064434565877797e-01
2.553607433535600268e+00 2.809173182239374622e+00 3.214575077472674458e-01
2.557234938745290176e+00 2.810395345604675743e+00 3.174998650825452962e-01
2.560489927496042206e+00 2.811492080657432169e+00 3.143618273864842716e-01
2.564140636308216425e+00 2.812704311063486173e+00 3.110037236981463837e-01
2.567408874492967286e+00 2.813770441469296557e+00 3.080585527954700642e-01
2.570671038170488476e+00 2.814823028144040951e+00 3.050741925447013614e-01
2.574427488704241096e+00 2.816022644891384541e+00 3.015844101300792501e-01
2.578183306057724167e+00 2.817204570600401858e+00 2.980401685944574774e-01
2.582133128407427147e+00 2.818414729455966938e+00 2.942695084045070519e-01
2.582229780704269118e+00 2.818444629862516315e+00 2.941795930008929139e-01
2.585799736481886768e+00 2.819524355151558304e+00 2.911885349222668729e-01
2.589890704721552694e+00 2.820740016608688450e+00 2.884350041567241840e-01
2.593360598096537295e+00 2.821777051602943232e+00 2.860978597685093772e-01
2.596929075590639791e+00 2.822839363696391324e+00 2.834285435109407669e-01
2.600684049501190032e+00 2.823956226722585949e+00 2.803325028929204432e-01
2.600781605884737946e+00 2.823983870795514051e+00 2.802525538782203451e-01
2.604499141142588847e+00 2.825030773599467970e+00 2.775302973665281225e-01
2.608245420368403344e+00 2.826095178110031192e+00 2.768624132690250539e-01
2.611707458492025680e+00 2.827087024425602557e+00 2.759873355378774651e-01
2.615383415795546007e+00 2.828186029633452225e+00 2.724632731637562921e-01
2.615466417741805216e+00 2.828209005802758469e+00 2.723538080407145179e-01
2.619126065126942571e+00 2.829234455912674306e+00 2.662714328127333552e-01
2.622269941743753385e+00 2.830109082649492347e+00 2.602969425830071182e-01
2.625979167635369205e+00 2.831132097949321302e+00 2.535329913840176919e-01
2.630301912553774990e+00 2.832271907070170514e+00 2.467217224784559737e-01
2.633836034565919526e+00 2.833186801968230473e+00 2.422309637826375039e-01
2.637491156929859581e+00 2.834080607424824372e+00 2.385257978198088713e-01
2.641353331118367898e+00 2.835000941699158616e+00 2.351254273100761849e-01
2.645416407113398982e+00 2.835970801646088724e+00 2.317904823952286475e-01
2.655269324032757616e+00 2.838280458039665000e+00 2.240132732531627258e-01
2.658618667948343894e+00 2.839044883655590823e+00 2.213052127534138880e-01
2.662466807751814990e+00 2.839920114673391893e+00 2.181691002409121005e-01
2.662566378759712027e+00 2.839944123322073910e+00 2.180900535149541408e-01
2.666685106889130630e+00 2.840873668318516287e+00 2.146721599405452263e-01
2.666885500662217190e+00 2.840917205878465523e+00 2.145069682739892403e-01
2.670220342517924728e+00 2.841643634765318893e+00 2.116262573548126358e-01
2.673475828174545654e+00 2.842354337379533913e+00 2.087267657533753151e-01
2.677113420514971587e+00 2.843151349511425785e+00 2.054700320670631575e-01
2.680750070339322999e+00 2.843929461477204601e+00 2.021791659528018037e-01
2.684341854176810926e+00 2.844678423398179223e+00 1.991983259365775749e-01
2.688779647644671922e+00 2.845564140919464968e+00 1.967180659619439109e-01
2.692561067042946732e+00 2.846322051866071678e+00 1.945104123666933915e-01
2.696229739443132267e+00 2.847037061536874525e+00 1.919735806492413321e-01
2.699952360564327414e+00 2.847784623734303189e+00 1.891044000545501480e-01
2.703872157849128488e+00 2.848562857446202301e+00 1.858202399210613920e-01
2.707197952926033491e+00 2.849193356191655813e+00 1.828913659473402620e-01
2.710896228046677514e+00 2.849871723931483025e+00 1.804322584768391913e-01
2.715106298801097218e+00 2.850639613088960633e+00 1.792112511151433274e-01
2.718778515600028811e+00 2.851298781639995283e+00 1.780416790671650873e-01
2.718878487556822598e+00 2.851318514503289325e+00 1.780076307280448189e-01
2.722797889049975772e+00 2.852047770968356044e+00 1.756110158613931604e-01
2.722894275036789935e+00 2.852067313912948876e+00 1.755255348421669581e-01
2.725903498658655444e+00 2.852637520462328879e+00 1.719746669153822127e-01
2.728947502775542322e+00 2.853170077578491615e+00 1.663093021237256885e-01
2.732446165673352745e+00 2.853806683570500269e+00 1.590876879899746910e-01
2.735788144953400725e+00 2.854353090900218604e+00 1.522551932151991749e-01
2.739243583265352111e+00 2.854934447939656561e+00 1.466310261463070475e-01
2.742830428444618995e+00 2.855494254160211298e+00 1.419776522180199452e-01
2.746448559815126700e+00 2.856023648790130487e+00 1.382856596625827994e-01
2.750062339962854985e+00 2.856525232436439410e+00 1.351572714145855558e-01
2.750461944019502170e+00 2.856579916443215517e+00 1.348282234548339453e-01
2.754189032900243639e+00 2.857073406605460164e+00 1.319100732184099178e-01
2.758284483385837316e+00 2.857606356964472738e+00 1.289619714394732164e-01
2.761889815292299932e+00 2.858062747193422126e+00 1.262647912310268794e-01
2.765590352683837239e+00 2.858540356135178317e+00 1.233738060315365259e-01
2.769705232413808282e+00 2.859036791797684884e+00 1.200061796109539725e-01
2.773296089293599387e+00 2.859479335374664810e+00 1.170707705399714749e-01
2.776696323515905451e+00 2.859876801864874807e+00 1.142341361630419827e-01
2.780488053311020558e+00 2.860301850006481850e+00 1.110589771650300622e-01
2.784294365033308516e+00 2.860720543619727163e+00 1.079973458359324984e-01
2.788193963270136688e+00 2.861135198016507175e+00 1.050636027818696860e-01
2.791699637795796551e+00 2.861492161699390913e+00 1.024174202197995348e-01
2.791801026227998417e+00 2.861503473603963066e+00 1.023386895466257412e-01
2.795296056185335942e+00 2.861860630887397505e+00 9.959010229183687390e-02
2.799386179887775050e+00 2.862278669116725016e+00 9.626515667067697679e-02
2.803664797552717580e+00 2.862712102102937806e+00 9.281144818506820160e-02
2.807553844138824140e+00 2.863108653035687290e+00 8.961613732709010349e-02
2.807653446219740445e+00 2.863117502845450080e+00 8.953183026920009946e-02
2.811657022656161686e+00 2.863486092370444158e+00 8.651233513491218829e-02
2.815545893890552875e+00 2.863831877614208654e+00 8.391164263175111826e-02
2.819247278485818242e+00 2.864148617437005218e+00 8.134733159595097796e-02
2.823327462916946473e+00 2.864495877198923068e+00 7.840746126942246819e-02
2.827408429837896975e+00 2.864826515474470092e+00 7.527619521907535916e-02
2.831383070500015364e+00 2.865128110604228784e+00 7.210089115130080550e-02
2.835302125831704156e+00 2.865413827927638657e+00 6.943059157630521172e-02
2.839010320683131638e+00 2.865666070614064864e+00 6.711910582154587135e-02
2.842806910656181962e+00 2.865916823829472992e+00 6.469849572847664876e-02
2.846798613652943288e+00 2.866169695418241847e+00 6.197311206113556570e-02
2.850374088974866993e+00 2.866410530442585536e+00 5.930648026409945234e-02
2.854040829513408539e+00 2.866663991019723134e+00 5.643693547672339050e-02
2.857840065747316416e+00 2.866901653573491693e+00 5.372728870540328244e-02
2.861449027019198788e+00 2.867097656366313529e+00 5.154318602140754019e-02
2.870620528245177105e+00 2.867575913588209513e+00 4.583951367635930724e-02
2.874188014492701448e+00 2.867744517308933094e+00 4.356329677233858333e-02
2.877438461454948637e+00 2.867904187456961296e+00 4.123309860796121190e-02
2.877535863093108937e+00 2.867904034485035503e+00 4.115018822708573637e-02
2.881189463065372713e+00 2.868084737887896196e+00 3.840239819935661186e-02
2.884660478386060767e+00 2.868229602971976711e+00 3.608449822233325555e-02
2.888137140481002341e+00 2.868366998524331635e+00 3.371459213918931441e-02
2.888235248150121670e+00 2.868374315568769983e+00 3.365192125257557981e-02
2.891488499367606657e+00 2.868507212934582107e+00 3.131571703163442411e-02
2.895340998370297569e+00 2.868663658788631388e+00 2.838869365139548573e-02
2.898885993962857732e+00 2.868789376797242330e+00 2.565124159486145347e-02
2.902547737273394546e+00 2.868897030020937766e+00 2.271592196390834206e-02
2.906273186007941156e+00 2.868993839033407323e+00 1.972611167141391508e-02
2.909836193811801586e+00 2.869096657057597533e+00 1.702171008312027695e-02
2.913719129294920052e+00 2.869189666434316610e+00 1.443196685582420757e-02
2.913819121325473827e+00 2.869190616063124644e+00 1.436392919957793154e-02
2.917573430857303585e+00 2.869266828621018561e+00 1.178492500778076553e-02
2.921520133960728849e+00 2.869347225559856440e+00 9.008675927444868142e-03
2.925356897366063968e+00 2.869408534531478150e+00 6.226660131895966552e-03
2.929093320620908436e+00 2.869444664207183138e+00 3.409350384235712052e-03
2.933041247981383215e+00 2.869482778052676153e+00 5.690002833046625599e-04
2.936501886371628345e+00 2.869504959919247700e+00 -1.796737885738128098e-03
2.940168908205133658e+00 2.869511348180898036e+00 -4.385983670594110172e-03
2.943814706584694907e+00 2.869520345890963942e+00 -7.013527176890450507e-03
2.947150779187700742e+00 2.869517141764564627e+00 -9.449099126327947101e-03
2.950676849462639861e+00 2.869501794849000476e+00 -1.212731787216548077e-02
2.954417952130218517e+00 2.869488478586828872e+00 -1.506762798969307586e-02
2.957759359468937532e+00 2.869456474102103360e+00 -1.760092735955722659e-02
2.961506431293924546e+00 2.869420734443887788e+00 -2.027280578422489474e-02
2.965324874665415500e+00 2.869373530734506961e+00 -2.296396434846661658e-02
2.968955826643865592e+00 2.869318100457173060e+00 -2.560933598270084474e-02
2.972192184985424923e+00 2.869261506407543738e+00 -2.804251270424199666e-02
