1.875332599584116577e+00 1.874995553010171179e+00 -1.672195218581449129e-04
1.875462890295808371e+00 1.874982130706460026e+00 -2.100074245929716863e-04
1.875486283993690328e+00 1.874974455409248675e+00 -1.162164149268847481e-04
1.875516286068777516e+00 1.874967380098978564e+00 1.171319509418672973e-04
1.875552356442186541e+00 1.874964262505384394e+00 5.475664159285329163e-04
1.875553467733257929e+00 1.874965122313537291e+00 5.611913466649733669e-04
1.875599673486613828e+00 1.874957761137283629e+00 1.226188881736692358e-03
1.875657878358498065e+00 1.874958039774691221e+00 2.063677990609969794e-03
1.875692186409160467e+00 1.874961818230815203e+00 3.348435053013157098e-03
1.875774674288323673e+00 1.874949007259543166e+00 7.036798741170244460e-03
1.875818573276861745e+00 1.874953422489696653e+00 8.541384177291819202e-03
1.875872647492404122e+00 1.874950641959942210e+00 9.922598023343451659e-03
1.875871607828188292e+00 1.874951654368353093e+00 1.033718591242861577e-02
1.875874923187912602e+00 1.874951730056392707e+00 1.266580635674564338e-02
1.875961027021731953e+00 1.874960681333870616e+00 1.515627678410271482e-02
1.876085123959714940e+00 1.874968048213359273e+00 1.752470395307186360e-02
1.876139300237273044e+00 1.874963027654328762e+00 2.042041346917755976e-02
1.876212811361015920e+00 1.874960982955487188e+00 2.347357337317189027e-02
1.876277543399823111e+00 1.874957303427595701e+00 2.731026311500709888e-02
1.876328268681912936e+00 1.874962056950138845e+00 3.068224116336746785e-02
1.876481025665616142e+00 1.874984339550470835e+00 3.451103402807809833e-02
1.876567458591503756e+00 1.874982881771302790e+00 3.803552480823982340e-02
1.876598604842588003e+00 1.874987164748110668e+00 4.268269958021613658e-02
1.876659428913072025e+00 1.874982494528410371e+00 4.777720360097450353e-02
1.876661309954580137e+00 1.874982411258603543e+00 4.790816297337358726e-02
1.876692963738302966e+00 1.874985977072092025e+00 5.312068209689320419e-02
1.876695060370869639e+00 1.874986272413899036e+00 5.325731658795106876e-02
1.876732348760055125e+00 1.874984161087635659e+00 5.825696210044614687e-02
1.876764494812587225e+00 1.874985686132204954e+00 6.338940767730474879e-02
1.876824483471351668e+00 1.874982246855579016e+00 6.944723708734798495e-02
1.876872650517616536e+00 1.874985161075312989e+00 7.566030241609775220e-02
1.876929304013486455e+00 1.874985103524673624e+00 8.160086441518274447e-02
1.876951787277290729e+00 1.874983427968522909e+00 8.751323244120862155e-02
1.877007806377274823e+00 1.874984878398034516e+00 9.413130166863455106e-02
1.877048383641584550e+00 1.874985719310949150e+00 1.010681100249210818e-01
1.877092454413279432e+00 1.874988331705184308e+00 1.088550515489941223e-01
1.877142375156309884e+00 1.874990447918259751e+00 1.166582884028828787e-01
1.877221380019121311e+00 1.875001756769047345e+00 1.240179287430383803e-01
1.877277315907526445e+00 1.875008438104435404e+00 1.328117404747401475e-01
1.877384438113481213e+00 1.875033843070001538e+00 1.409928257011260899e-01
1.877513315870793509e+00 1.875065172729610374e+00 1.495934795176495080e-01
1.877518131603049145e+00 1.875063190544589586e+00 1.498034164285190484e-01
1.877611979036125867e+00 1.875086760535017438e+00 1.575946340209548602e-01
1.877701452712329688e+00 1.875095846538508582e+00 1.668429411922503769e-01
1.877771051526096135e+00 1.875107061072932568e+00 1.745045932152538837e-01
1.877861030544061949e+00 1.875124180796278406e+00 1.834702104126339217e-01
1.877937091789882107e+00 1.875137515639279551e+00 1.925053174161439895e-01
1.877939018654777970e+00 1.875136980643306250e+00 1.927284805179731997e-01
1.877982550801173156e+00 1.875143522907916971e+00 2.007115051667069383e-01
1.878054586904335910e+00 1.875160995547712872e+00 2.079413658043702262e-01
1.878153455245698433e+00 1.875176782106517059e+00 2.164859551589372599e-01
1.878255017474083077e+00 1.875200380690299040e+00 2.245975702327463464e-01
1.878372386882082745e+00 1.875219097809740942e+00 2.319888359442473791e-01
1.878471220751577020e+00 1.875244111992575791e+00 2.398541538802842488e-01
1.878558415144759630e+00 1.875258928523612312e+00 2.475795602514798133e-01
1.878606809950109424e+00 1.875270651132034283e+00 2.558399857695131674e-01
1.878684194601937918e+00 1.875297905956695210e+00 2.654476004788328125e-01
1.878687095837396237e+00 1.875298540368033784e+00 2.656789217239196033e-01
1.878806733562583986e+00 1.875333954196447994e+00 2.744684250545345594e-01
1.878807362890733579e+00 1.875339050468072477e+00 2.746960489368927560e-01
1.878897856569603730e+00 1.875380490608877126e+00 2.830838673820330609e-01
1.878998905196061830e+00 1.875414648613923152e+00 2.905503561376114319e-01
1.879097034327391169e+00 1.875449039386397176e+00 2.992473007615315539e-01
1.879187351686839813e+00 1.875484819953295412e+00 3.074678782805977950e-01
1.879286827309806007e+00 1.875519956389966048e+00 3.157090852466958864e-01
1.879392972991387856e+00 1.875560590318837262e+00 3.241600546341062983e-01
1.879504197713951941e+00 1.875602245050991490e+00 3.333070397453112843e-01
1.879622862048688781e+00 1.875645743117405395e+00 3.432444841335305918e-01
1.879901474130803773e+00 1.875774082316631786e+00 3.638058518604809777e-01
1.880028526423389579e+00 1.875832708537291893e+00 3.720207083252383695e-01
1.880168793586007858e+00 1.875900347982029981e+00 3.804447906583646732e-01
1.880314398999618941e+00 1.875979930049869404e+00 3.887941634054381534e-01
1.880434977963425514e+00 1.876023270521027575e+00 3.963147068332021350e-01
1.880589292066100926e+00 1.876111554696204164e+00 4.052369491234926735e-01
1.880701936039639310e+00 1.876168447309885412e+00 4.131398065393447339e-01
1.880828988323626216e+00 1.876224531332544299e+00 4.223130601722897559e-01
1.880955646573037487e+00 1.876288313381124118e+00 4.314968427235698623e-01
1.880955676035727997e+00 1.876289410669770286e+00 4.317301650281603620e-01
1.881068860415721522e+00 1.876357919316715250e+00 4.416889627208514524e-01
1.881176450603402550e+00 1.876420641997539551e+00 4.510082553493667268e-01
1.881275445328745022e+00 1.876488250248578904e+00 4.599853705014750882e-01
1.881280463253905744e+00 1.876488895069310381e+00 4.602172024588239152e-01
1.881386545798275023e+00 1.876534242048691459e+00 4.684884570948450455e-01
1.881499760233242169e+00 1.876590455469210772e+00 4.767832335164636226e-01
1.881638566117781242e+00 1.876684574051844301e+00 4.856999447735741993e-01
1.881752464249320411e+00 1.876762579096147299e+00 4.934570144433371164e-01
1.881865608174969173e+00 1.876838323264253816e+00 5.028082307084794644e-01
1.882013027659914961e+00 1.876909810369275400e+00 5.129547251176148626e-01
1.882110477636857127e+00 1.876974739430613104e+00 5.209242610575237631e-01
1.882193800220423485e+00 1.877017220958328680e+00 5.288110137550008361e-01
1.882298415970749428e+00 1.877079546118743281e+00 5.378801831066464256e-01
1.882411957858489027e+00 1.877137221606449469e+00 5.462162523322079410e-01
1.882513169600160463e+00 1.877208132172967892e+00 5.547594067499600490e-01
1.882515262813882595e+00 1.877210811760113396e+00 5.549877775566965932e-01
1.882594124991114892e+00 1.877287274009874274e+00 5.635303235927998644e-01
1.882673374475817951e+00 1.877342312197056717e+00 5.729505338966869310e-01
1.882766106317560251e+00 1.877421000836447584e+00 5.811711248881097358e-01
1.882857579415579741e+00 1.877483326362882066e+00 5.908420899277215810e-01
1.882959954876522346e+00 1.877554351801975718e+00 6.008025767734528344e-01
1.883046990467510229e+00 1.877631568630068415e+00 6.092398275698770460e-01
1.883137862309455901e+00 1.877708878884127852e+00 6.181804239903512244e-01
1.883240891832881569e+00 1.877811070297783713e+00 6.273528482847593457e-01
1.883328477594946149e+00 1.877892473099101567e+00 6.358263507679209336e-01
1.883418883750573425e+00 1.877966900741217193e+00 6.452566244495320236e-01
1.883479427114460369e+00 1.878021296000435658e+00 6.538069734422949919e-01
1.883569140283744447e+00 1.878110116459181356e+00 6.627949522785893111e-01
1.883669182278088439e+00 1.878184237405507773e+00 6.720070551320032060e-01
1.883735792196232772e+00 1.878233257280363500e+00 6.807841938139462812e-01
1.883814155893612341e+00 1.878306559975721601e+00 6.893043604805185742e-01
1.883910859173016483e+00 1.878403644467884215e+00 6.986576558147631344e-01
1.883974940931121056e+00 1.878468704862852112e+00 7.070850108595035932e-01
1.884067027642831738e+00 1.878563247159545702e+00 7.165213746677554507e-01
1.884068791856628566e+00 1.878564853294173886e+00 7.167525988366721945e-01
1.884159476131361810e+00 1.878668283261533123e+00 7.260919672838748173e-01
1.884242378102249704e+00 1.878750612778788742e+00 7.355898580346416082e-01
1.884305812373242128e+00 1.878821829628095186e+00 7.433927182188511118e-01
1.884371790312844741e+00 1.878906162441085437e+00 7.516411344373264969e-01
1.884458040772319931e+00 1.878980685148185170e+00 7.601866076239303105e-01
1.884543718142388302e+00 1.879067917816802824e+00 7.678331500778529106e-01
1.884632889882206674e+00 1.879145841881224133e+00 7.764805128892178221e-01
1.884708792361308172e+00 1.879238650717284465e+00 7.858917585252938043e-01
1.884771059481106459e+00 1.879304375802704596e+00 7.953757518367829960e-01
1.884773825497250810e+00 1.879306953872168728e+00 7.956090777106252787e-01
1.884881660141023652e+00 1.879416804503591720e+00 8.051911798802607878e-01
1.884884421772681895e+00 1.879418947486425573e+00 8.054269746299053123e-01
1.884954585575707497e+00 1.879497662176507378e+00 8.141330583551473765e-01
1.885040613288506473e+00 1.879584770102648683e+00 8.223446727842559367e-01
1.885101139253343661e+00 1.879665269773782565e+00 8.307164505061168658e-01
1.885199126848786211e+00 1.879754298225755349e+00 8.390768690534157193e-01
1.885279608750187519e+00 1.879840258156229238e+00 8.488974362030657916e-01
1.885282986935400418e+00 1.879844111735904599e+00 8.491344452012568045e-01
1.885374526267385109e+00 1.879959395701854552e+00 8.577024732742466462e-01
1.885457901012606241e+00 1.880059813503923261e+00 8.671405393559683539e-01
1.885525135893118653e+00 1.880174725848645201e+00 8.753082744627487255e-01
1.885605226185537608e+00 1.880273271934752355e+00 8.840206114283839511e-01
1.885700508740850490e+00 1.880379996988153390e+00 8.925659101072777046e-01
1.885858654174871862e+00 1.880613005412243632e+00 9.144624291242483549e-01
1.885929247825625099e+00 1.880706317204337230e+00 9.241148316048871658e-01
1.885987910192995276e+00 1.880790107475954986e+00 9.327388455583280891e-01
1.885998542684045987e+00 1.880827389982520970e+00 9.419206550184667792e-01
1.886045938580947379e+00 1.880907855002276641e+00 9.510439868421983745e-01
1.886094369074966970e+00 1.880998510144336722e+00 9.601802443851973345e-01
1.886145830676902779e+00 1.881066034887107996e+00 9.687535147164381133e-01
1.886186579540420682e+00 1.881158058465418170e+00 9.774530845029637538e-01
1.886238913774115789e+00 1.881263357541047343e+00 9.870596905845161473e-01
1.886243335451953662e+00 1.881265988909844644e+00 9.872839644884063848e-01
1.886301746169294358e+00 1.881354171428091027e+00 9.969754131409426234e-01
1.886354063041261853e+00 1.881435675282155273e+00 1.005314845445088867e+00
1.886421432149153254e+00 1.881543656727733715e+00 1.015177559149190500e+00
1.886455858656536533e+00 1.881622903493297860e+00 1.024078339530884563e+00
1.886492566910548563e+00 1.881677073260618061e+00 1.032924616132192330e+00
1.886509856692368370e+00 1.881747475804667946e+00 1.041762042000032418e+00
1.886547611807920521e+00 1.881828565266238318e+00 1.050579774238356912e+00
1.886588230025176616e+00 1.881903947765581897e+00 1.059334507814087001e+00
1.886634885462635358e+00 1.881974492041734948e+00 1.067940902038059692e+00
1.886687258572991022e+00 1.882086541650909384e+00 1.077245051960271649e+00
1.886711763485334314e+00 1.882149008792677991e+00 1.085924453320614269e+00
1.886747122091781748e+00 1.882237022840305141e+00 1.094744806270113280e+00
1.886784671543322967e+00 1.882337582585069446e+00 1.103924510572005468e+00
1.886804433750168597e+00 1.882402077774869120e+00 1.113089115151006725e+00
1.886856012617282863e+00 1.882517140637283370e+00 1.122586516461276496e+00
1.886871402556392852e+00 1.882570103696709740e+00 1.130575316927001417e+00
1.886893948417169842e+00 1.882641318978410583e+00 1.138491690442257953e+00
1.886926019733442761e+00 1.882724301926717914e+00 1.146204046989171665e+00
1.886973037248008689e+00 1.882839620691977744e+00 1.154791386387133523e+00
1.886987734149463858e+00 1.882909368220012869e+00 1.163847174586844835e+00
1.886986441308953433e+00 1.882912680236463521e+00 1.164083001652797433e+00
1.887016584063076374e+00 1.883035589190076964e+00 1.173197162497404245e+00
1.887038713371025578e+00 1.883114730746970000e+00 1.182154276209961274e+00
1.887066777939289119e+00 1.883204329963337420e+00 1.190715948691997594e+00
1.887086601060624202e+00 1.883317256998271016e+00 1.200368088514976117e+00
1.887103654291856003e+00 1.883391803167726586e+00 1.209002271004147477e+00
1.887139970972649072e+00 1.883477367089291699e+00 1.216524960328437599e+00
1.887149007388026822e+00 1.883549552802972205e+00 1.224354756711025116e+00
1.887171087160561811e+00 1.883658815892879534e+00 1.232745744602223192e+00
1.887204074577203183e+00 1.883787035995181158e+00 1.241517994329371488e+00
1.887243678700478933e+00 1.883907046271326990e+00 1.250224280676953015e+00
1.887258712708732133e+00 1.883976768282609182e+00 1.259175325713731697e+00
1.887266203375811635e+00 1.884059022434624087e+00 1.268478559278700235e+00
1.887266850059502676e+00 1.884063113247179455e+00 1.268938536802202810e+00
1.887287636903617116e+00 1.884206643698554728e+00 1.277348911436134715e+00
1.887311552108152046e+00 1.884313786325235274e+00 1.287364282734407395e+00
1.887336529516689287e+00 1.884418224878566361e+00 1.296781393911851543e+00
1.887328217776249817e+00 1.884510465726806139e+00 1.305974533564175921e+00
1.887330445975599513e+00 1.884511339173331912e+00 1.306213341641463854e+00
1.887356777614927594e+00 1.884614639379459833e+00 1.313939015604013827e+00
1.887384303377591666e+00 1.884742982694160851e+00 1.323415021098734323e+00
1.887377102773913906e+00 1.884779370972719414e+00 1.333331610175654713e+00
1.887391006968263563e+00 1.884891177603519097e+00 1.342257917584548155e+00
1.887405072665983230e+00 1.884997671399496921e+00 1.350651631001051456e+00
1.887427322214901615e+00 1.885131011356812492e+00 1.358923752132363827e+00
1.887445897149711005e+00 1.885240520007251286e+00 1.368024119474341660e+00
1.887631066981599215e+00 1.886254742988661581e+00 1.375886284521137704e+00
1.888311775030981021e+00 1.889909226734582948e+00 1.385322971718939256e+00
1.889080880355695546e+00 1.894326378424845858e+00 1.395774330186013490e+00
1.890482511215068939e+00 1.903229717325264359e+00 1.413873666076241875e+00
1.890993265560344749e+00 1.906767670247883517e+00 1.419509622843845742e+00
1.891476539640022159e+00 1.910187793187903660e+00 1.422474723741959712e+00
1.891941400029079068e+00 1.913502849226891067e+00 1.422563098105075197e+00
1.892457335501508631e+00 1.917072214195487456e+00 1.419893678811187776e+00
1.893007618834523953e+00 1.920954535766901561e+00 1.413332257778407319e+00
1.893567766164546473e+00 1.924527186137610757e+00 1.405157036135108450e+00
1.894148913185927929e+00 1.928143349418373287e+00 1.396969353989186757e+00
1.894738236090623973e+00 1.931594154417848985e+00 1.389090713769282059e+00
1.895356259496609574e+00 1.935079596879668129e+00 1.381063317638673738e+00
1.895946473074374250e+00 1.938424182436997434e+00 1.373639277424825611e+00
1.896580418075172192e+00 1.941669410104299054e+00 1.366719867897099983e+00
1.897239432449626007e+00 1.945062841741062476e+00 1.360693941623477565e+00
1.898095055032390954e+00 1.949226325553434780e+00 1.354940832502504966e+00
1.898112494838766651e+00 1.949327835817504129e+00 1.354826090925292936e+00
1.898858062194383800e+00 1.952964278894470773e+00 1.351112033684440661e+00
1.899587468982008920e+00 1.956444021708655390e+00 1.348505226009536262e+00
1.900428082358487147e+00 1.960372584306982580e+00 1.345724606541225166e+00
1.901246647100863774e+00 1.964122702874450788e+00 1.342841337225633147e+00
1.902076907557321395e+00 1.967910496791092312e+00 1.339690507708843681e+00
1.902101075909203853e+00 1.968004813824404620e+00 1.339593251398712770e+00
1.902875485053483473e+00 1.971440415063040241e+00 1.335926266328486545e+00
1.903713092540791907e+00 1.975188092552841557e+00 1.331907292341412807e+00
1.904517634961396588e+00 1.978654143527226905e+00 1.328098971412703388e+00
1.905386882789868341e+00 1.982298316090664425e+00 1.324134940060831989e+00
1.906288113584067689e+00 1.986055738641978596e+00 1.320324410854970987e+00
1.907112561629847880e+00 1.989417788893963035e+00 1.317061475386447134e+00
1.908061748970553140e+00 1.993265526686426758e+00 1.313534471260901393e+00
1.908087454390195559e+00 1.993363094610114183e+00 1.313441924305344344e+00
1.908928808122758447e+00 1.996729663442460501e+00 1.310536147463281509e+00
1.909884144473222189e+00 2.000448387778354320e+00 1.307426448426346255e+00
1.910799724588948978e+00 2.004001080002020263e+00 1.304437718631871412e+00
1.911729911692188866e+00 2.007509627426388832e+00 1.301276144372429444e+00
1.912824524372790158e+00 2.011591328690871538e+00 1.297552774841868928e+00
1.913785373178613192e+00 2.015215799152642706e+00 1.294296334481521260e+00
1.914865392752122197e+00 2.019215801426520684e+00 1.290711036561099201e+00
1.915807574216636278e+00 2.022613319996168002e+00 1.287656402588707172e+00
1.915832188071080244e+00 2.022709197946445769e+00 1.287574044032752107e+00
1.916716578969823725e+00 2.025803075986780666e+00 1.284889055311478678e+00
1.917766083130175936e+00 2.029494007294373681e+00 1.281678913661536301e+00
1.918980613774716071e+00 2.033769683468286793e+00 1.277767382282315900e+00
1.919999119167278723e+00 2.037258422475923592e+00 1.274548805016789244e+00
1.921068017533088756e+00 2.040859221940155344e+00 1.271180325050260684e+00
1.921098308589905157e+00 2.040956309952495218e+00 1.271089271550740696e+00
1.922111597850308495e+00 2.044335835663559919e+00 1.268035328197496758e+00
1.923236464313445859e+00 2.048024160046156172e+00 1.264848156482673236e+00
1.924319477893659425e+00 2.051597094309802749e+00 1.261806861824748438e+00
1.925438504238031312e+00 2.055172227673526475e+00 1.258782434796172023e+00
1.925469393245261784e+00 2.055268111599787062e+00 1.258699232249211653e+00
1.926662350893236786e+00 2.059101029572981911e+00 1.255088765752926161e+00
1.928012152057786865e+00 2.063307796691297380e+00 1.250832734003844982e+00
1.929222094908081164e+00 2.067050105402203908e+00 1.247138862739694209e+00
1.930383559825944007e+00 2.070585495668046061e+00 1.243792635904713784e+00
1.931569611380935747e+00 2.074147994292947050e+00 1.240560984560084679e+00
1.932940613738113322e+00 2.078187683132200370e+00 1.237033140212131732e+00
1.934016356034500506e+00 2.081360432164738761e+00 1.234346714992968552e+00
1.935292192572943382e+00 2.085105341717585326e+00 1.231097529072084029e+00
1.936662923401050840e+00 2.089026850929129875e+00 1.227713156652739501e+00
1.937846065306431331e+00 2.092361190548182037e+00 1.224881101558459751e+00
1.939003964071054131e+00 2.095606479907734965e+00 1.222150118769329330e+00
1.940168293185230652e+00 2.098859093298359291e+00 1.219394222039295039e+00
1.941272470177502596e+00 2.101908207482435120e+00 1.216860725826801159e+00
1.942543685517846619e+00 2.105429072628225651e+00 1.213974857619364300e+00
1.943687271266361760e+00 2.108551461294601026e+00 1.211328205256285706e+00
1.946958164298713490e+00 2.117386531293536045e+00 1.203643401637137345e+00
1.946994647824709990e+00 2.117480987136280746e+00 1.203559477808452849e+00
1.948435135161941556e+00 2.121260923970482715e+00 1.200358632042954898e+00
1.948471125253896652e+00 2.121354133944571618e+00 1.200277888487875089e+00
1.949967766851800732e+00 2.125226416366478688e+00 1.197063407729528572e+00
1.950004776126431860e+00 2.125320924351834950e+00 1.196984987132193812e+00
1.951454041173974474e+00 2.129096556881239888e+00 1.193808300789533039e+00
1.952637746136865138e+00 2.132192626815252012e+00 1.190962832597066257e+00
1.954141090674269998e+00 2.136071918244399459e+00 1.187271419351407564e+00
1.954175689025045459e+00 2.136169066764084246e+00 1.187186862656480324e+00
1.955407276943159856e+00 2.139280766540708534e+00 1.184257243099213763e+00
1.956766916850153804e+00 2.142644598203010897e+00 1.181248183658403450e+00
1.958175546494907771e+00 2.146115730798678900e+00 1.178272649267407157e+00
1.959588402707920007e+00 2.149559105345146381e+00 1.175393052443774566e+00
1.960960938791078689e+00 2.152917949592755953e+00 1.172626506088627396e+00
1.962391497678761532e+00 2.156379450577880164e+00 1.169803641178758458e+00
1.963792834437731560e+00 2.159734196717246757e+00 1.166973154288958536e+00
1.965158141725571683e+00 2.162991098481035213e+00 1.164180508573156470e+00
1.966473472027064240e+00 2.166140655768507894e+00 1.161516589777579656e+00
1.968068390919408328e+00 2.169852342495274478e+00 1.158380140133924430e+00
1.969737860512804195e+00 2.173738811189779518e+00 1.155155544263179346e+00
1.971147744292107928e+00 2.176981434578551866e+00 1.152467480041492687e+00
1.972696550629996715e+00 2.180481556693600886e+00 1.149582860851303012e+00
1.974116279889454262e+00 2.183707251811464189e+00 1.146865896524974948e+00
1.975567211403925327e+00 2.186921949483293659e+00 1.144108621553620253e+00
1.977098197668371915e+00 2.190316950334324275e+00 1.141203333998595193e+00
1.978494291487208123e+00 2.193431779585365504e+00 1.138443384467875852e+00
1.979990639470759151e+00 2.196721713551037958e+00 1.135473277286833449e+00
1.981597243889924753e+00 2.200188459650602724e+00 1.132422557202963143e+00
1.981640064882794317e+00 2.200278785348428912e+00 1.132341426099091386e+00
1.983335198312249137e+00 2.203904618300243978e+00 1.129169962731339849e+00
1.983377693689936105e+00 2.203996399132299278e+00 1.129090488600266173e+00
1.985032434498269938e+00 2.207556694277302611e+00 1.125946427573587982e+00
1.985075254780969800e+00 2.207649768077565078e+00 1.125867292514199036e+00
1.986841108926719723e+00 2.211368719155516693e+00 1.122649752763211328e+00
1.988445390184177430e+00 2.214726035133795179e+00 1.119774092140435995e+00
1.989918853133422205e+00 2.217812444875406630e+00 1.117174184504872603e+00
1.991633222429752159e+00 2.221342271926674883e+00 1.114247063096542423e+00
1.993079553276776217e+00 2.224339905218383873e+00 1.111735847463189764e+00
1.994750532287330014e+00 2.227773074471154136e+00 1.108899085656240180e+00
1.996439849046222514e+00 2.231213425108168114e+00 1.106074793732510164e+00
1.998219818349899812e+00 2.234797148045033488e+00 1.103104397875250164e+00
1.999933835366957124e+00 2.238212118041966292e+00 1.100106362875783450e+00
2.001646751747860442e+00 2.241621263810999132e+00 1.097136280564138922e+00
2.003227855770089771e+00 2.244767837057373594e+00 1.094435273338725256e+00
2.005045626860914698e+00 2.248337951949517688e+00 1.091279937608051531e+00
2.005139234932084236e+00 2.248514066368420217e+00 1.091118929107745217e+00
2.006976858658966023e+00 2.252102769734370291e+00 1.087905568984903759e+00
2.008594395389816878e+00 2.255219118615569229e+00 1.085176432891701737e+00
2.010461758233939022e+00 2.258781485696523816e+00 1.081958912403439443e+00
2.012216562759988392e+00 2.262159113431148949e+00 1.078946069154546494e+00
2.014089523909492918e+00 2.265719208377346305e+00 1.075808589671746196e+00
2.015685225605460040e+00 2.268730217645740677e+00 1.073218695390965927e+00
2.017635265659481369e+00 2.272358095700259373e+00 1.070112553841505054e+00
2.019694806084892047e+00 2.276166368385335037e+00 1.066881417029497126e+00
2.021463166372836184e+00 2.279417724998225037e+00 1.064203504196887140e+00
2.023193494656124525e+00 2.282585065761792986e+00 1.061488455950898357e+00
2.024873114045915301e+00 2.285660148352137266e+00 1.058710739893110597e+00
2.026775651009342205e+00 2.289088071665828839e+00 1.055627332489611714e+00
2.028479102615102558e+00 2.292152920514571868e+00 1.052933206601404326e+00
2.030343527783727620e+00 2.295466488557392104e+00 1.049912878026432406e+00
2.032386850026222547e+00 2.299031887438593991e+00 1.046666342190521348e+00
2.034227567529859115e+00 2.302259196087184989e+00 1.043759375706994952e+00
2.035870677785901250e+00 2.305141229792525337e+00 1.041210818874441779e+00
2.037517440469350571e+00 2.308002958188597908e+00 1.038635855021921461e+00
2.039330642504964430e+00 2.311105884993863935e+00 1.035848321061516808e+00
2.044159438335606982e+00 2.319311036735335563e+00 1.028511752884747166e+00
2.046015736650687700e+00 2.322400612094354333e+00 1.025778185174723633e+00
2.047868713249300754e+00 2.325496278883128376e+00 1.023053025988774678e+00
2.049725628267198285e+00 2.328581902696261086e+00 1.020389192651545818e+00
2.049924576489371209e+00 2.328922647332195783e+00 1.020098366360684183e+00
2.051821870715320628e+00 2.332080805164479465e+00 1.017249723785469184e+00
2.051877063095659981e+00 2.332165241994960780e+00 1.017167671287888098e+00
2.054050514739221622e+00 2.335737735803047332e+00 1.013864297207279108e+00
2.054101462776429354e+00 2.335823639886269731e+00 1.013784952154747954e+00
2.056032352895665216e+00 2.338976311893011584e+00 1.010796294151695252e+00
2.058078710048444115e+00 2.342298128461747897e+00 1.007681610942218642e+00
2.060276325787163465e+00 2.345858432884075473e+00 1.004415696518870638e+00
2.062148345041334707e+00 2.348828419414966895e+00 1.001672960091356090e+00
2.064442853862932914e+00 2.352474035659097407e+00 9.983592799125060591e-01
2.066578233765747452e+00 2.355864079840171321e+00 9.952926305291768250e-01
2.068660259131041901e+00 2.359147010270028488e+00 9.922644841193678511e-01
2.070700321227801677e+00 2.362335472733093855e+00 9.892920601960718541e-01
2.072846737819059371e+00 2.365682336966423716e+00 9.861118367025425435e-01
2.074914569952132304e+00 2.368855601201238947e+00 9.831265270519350397e-01
2.076900674085572440e+00 2.371879152456277673e+00 9.802502344752864749e-01
2.079004225559065944e+00 2.375048084240567459e+00 9.772730182650379849e-01
2.080828522814605730e+00 2.377771368981236755e+00 9.747605081748186295e-01
2.082829934613482425e+00 2.380763958909335898e+00 9.717905719912413032e-01
2.084940845285645050e+00 2.383928385464460398e+00 9.686252051353286818e-01
2.087111242108351750e+00 2.387159759257913016e+00 9.654650718626982542e-01
2.089141958681337563e+00 2.390148689467125998e+00 9.625555014287439093e-01
2.091280963674370774e+00 2.393279411249688238e+00 9.595917173802568367e-01
2.093445073222370834e+00 2.396421499560246637e+00 9.565957815993590962e-01
2.093499507690959049e+00 2.396504694270761959e+00 9.565186152454367985e-01
2.095673148856904699e+00 2.399621508389862434e+00 9.535557773298091178e-01
2.097674345338585322e+00 2.402475552885045218e+00 9.508633445008294327e-01
2.099731470188350269e+00 2.405418533998197272e+00 9.480947103783191610e-01
2.101918029414155953e+00 2.408542272002572204e+00 9.449813589504774125e-01
2.104062520929391056e+00 2.411543863643217378e+00 9.417791594022387747e-01
2.106194185975759137e+00 2.414538189504891186e+00 9.386831726092432771e-01
2.106251937795085016e+00 2.414623210191430669e+00 9.386015438402977029e-01
2.108406894614138771e+00 2.417620432093142036e+00 9.356629567057636043e-01
2.110829111380835066e+00 2.420930486584244701e+00 9.324169442845963163e-01
2.112951819679726562e+00 2.423838611369348861e+00 9.295541097172946854e-01
2.115080564635576366e+00 2.426724174566381009e+00 9.267414089404283351e-01
2.117509912094576841e+00 2.430022577913854676e+00 9.234863790087185498e-01
2.117566650880148060e+00 2.430105210381620751e+00 9.234098559921258831e-01
2.119582140927215530e+00 2.432823971030235732e+00 9.206552338363267474e-01
2.121772211224127069e+00 2.435765784501410014e+00 9.175420758707772961e-01
2.121830911533644226e+00 2.435842965340896171e+00 9.174546432325816347e-01
2.124156333155718279e+00 2.438935351893296577e+00 9.142020559926972156e-01
2.126501294621747196e+00 2.442023530750248028e+00 9.109569170960530871e-01
2.128689416947139534e+00 2.444858294152923328e+00 9.079937378625678734e-01
2.131256353863005604e+00 2.448183477948106201e+00 9.045299927129495376e-01
2.133533759074424552e+00 2.451099828967257199e+00 9.015557891003714852e-01
2.135799850487027030e+00 2.454019454108169462e+00 8.986478960690515994e-01
2.138305026442746559e+00 2.457215018052453459e+00 8.953092758291344433e-01
2.140915737236795291e+00 2.460505268746095098e+00 8.917022357722673709e-01
2.143406570731069660e+00 2.463628297811081502e+00 8.882970389900491925e-01
2.145776999682257102e+00 2.466590851115066485e+00 8.850958068037000359e-01
2.148038727693368788e+00 2.469382462991605465e+00 8.821075818517304379e-01
2.148099516014645438e+00 2.469461823386134292e+00 8.820236145671078720e-01
2.150741798123626314e+00 2.472718820835023923e+00 8.785997271205596704e-01
2.153403311391905106e+00 2.475947004703240140e+00 8.751997117363866652e-01
2.153468377661561739e+00 2.476028257309954572e+00 8.751188753490755090e-01
2.155504855859232904e+00 2.478511608780030961e+00 8.724079046129766812e-01
2.157997311732095191e+00 2.481502010390800983e+00 8.690613195253855672e-01
2.160283596327969846e+00 2.484264176447176009e+00 8.659863803877561050e-01
2.162517489345687327e+00 2.486948094023577305e+00 8.630104308486157283e-01
2.164950020717067769e+00 2.489856650225473977e+00 8.597921585322593208e-01
2.167207735343437136e+00 2.492527020834299556e+00 8.568717277720599990e-01
2.173104268663548666e+00 2.499391393613189294e+00 8.493653623828284482e-01
2.175722741240355251e+00 2.502402270833257614e+00 8.460577224928381712e-01
2.177951823699276979e+00 2.504958588319529333e+00 8.432002808933710680e-01
2.180656718274374573e+00 2.508040232098162736e+00 8.396075400583188353e-01
2.180721763185725415e+00 2.508115081037197491e+00 8.395168520407262358e-01
2.183362182318640432e+00 2.511095605562405630e+00 8.360489212182294905e-01
2.185713615579836233e+00 2.513745598780193991e+00 8.330144234788275925e-01
2.188227751084349748e+00 2.516549955876478339e+00 8.297806900091431181e-01
2.190775909351672102e+00 2.519371335201101125e+00 8.264839426409252843e-01
2.193525693301639823e+00 2.522387311640032159e+00 8.229059754336296439e-01
2.193589525344364688e+00 2.522461998745283207e+00 8.228194141802781525e-01
2.196136131723312346e+00 2.525254709818239629e+00 8.195892930455149772e-01
2.198845307438869412e+00 2.528167688338339492e+00 8.161990472825993992e-01
2.201213132427033869e+00 2.530749989929266697e+00 8.125974502679895739e-01
2.203357636457372148e+00 2.533019685728685744e+00 8.078419625585077091e-01
2.205871645318222996e+00 2.535656566407490153e+00 8.027805887454723122e-01
2.208458647369725636e+00 2.538345327361179571e+00 7.997000255692562343e-01
2.211133253754416828e+00 2.541110347561650329e+00 7.970348185887904391e-01
2.213526461853022376e+00 2.543552170768110354e+00 7.950122507239965053e-01
2.215847803996096932e+00 2.545922561816969854e+00 7.929328626460976359e-01
2.218304489571234495e+00 2.548440791752125456e+00 7.904632891593228461e-01
2.220895340210718327e+00 2.551083295953710195e+00 7.877275539360593104e-01
2.223278215953090609e+00 2.553503332477033094e+00 7.850944780693634995e-01
2.225744488070993565e+00 2.556026311311968335e+00 7.815384307871942049e-01
2.228257378105649167e+00 2.558542851937670726e+00 7.754899859924861971e-01
2.230819560027153869e+00 2.561106305385745685e+00 7.692692647329780753e-01
2.233518469409999874e+00 2.563743361198305593e+00 7.652155539334014600e-01
2.236184959341809719e+00 2.566296773973853806e+00 7.630005260012403534e-01
2.238600846444361636e+00 2.568587837557888776e+00 7.616731714276671061e-01
2.241278898089548388e+00 2.571145681634627422e+00 7.601145031705726085e-01
2.243966341021820021e+00 2.573706359539576383e+00 7.582701043535713392e-01
2.246670961410656364e+00 2.576256462997467800e+00 7.557970945779893812e-01
2.249557942699737634e+00 2.579001930315602209e+00 7.528319858210857918e-01
2.252033373252102955e+00 2.581388473642969750e+00 7.493683905486300256e-01
2.254354395231097818e+00 2.583605643964390630e+00 7.438875502421086194e-01
2.256784976328811254e+00 2.585815717054518181e+00 7.371274357413549749e-01
2.259456632230514739e+00 2.588302172342282326e+00 7.318007420943309915e-01
2.262215807910112453e+00 2.590756274614725463e+00 7.288987660649268729e-01
2.265038426818243522e+00 2.593274985548902567e+00 7.273904645640008049e-01
2.267063306443203530e+00 2.595079513287926076e+00 7.265582974469979582e-01
2.268115009783751024e+00 2.596021955457434416e+00 7.261033516215792405e-01
2.270801293378845731e+00 2.598400104728152638e+00 7.242328178050093657e-01
2.273572979584745468e+00 2.600851423728970602e+00 7.218909324316834519e-01
2.276704172717326724e+00 2.603632105307275957e+00 7.189282142155053457e-01
2.279373924787199801e+00 2.605984816773502910e+00 7.157842688601750991e-01
2.282135552925284472e+00 2.608388291957036031e+00 7.113546559785124401e-01
2.282211380588587968e+00 2.608449445985971060e+00 7.112413044888334923e-01
2.285153326250256356e+00 2.611014952529897570e+00 7.073431192080156249e-01
2.285228839026863135e+00 2.611078692458900008e+00 7.072491552653947799e-01
2.287944674280177004e+00 2.613428422112880511e+00 7.040028640073329180e-01
2.288242041270495353e+00 2.613692545580772020e+00 7.036507481602291003e-01
2.291266489794312022e+00 2.616277010872030573e+00 7.000726551646133666e-01
2.294075410577869789e+00 2.618654752080810777e+00 6.967606326452311372e-01
2.294380922927012456e+00 2.618913473820173365e+00 6.964087871126539708e-01
2.297047576379125822e+00 2.621168567018893558e+00 6.932102224564077320e-01
2.299870539058842311e+00 2.623530878568113955e+00 6.898225444341633539e-01
2.302625694823728697e+00 2.625837287762391448e+00 6.864695982067090529e-01
2.305143318649949702e+00 2.627934976516565158e+00 6.834304814779008641e-01
2.307919579010444977e+00 2.630262921960449418e+00 6.796680656811082688e-01
2.311070629177468749e+00 2.632842659250221651e+00 6.749497593600944922e-01
2.318233585063040891e+00 2.638623380695257481e+00 6.642874488997004834e-01
2.321245194888893248e+00 2.641031978674902803e+00 6.599421179658903069e-01
2.321632138558763714e+00 2.641336261495529136e+00 6.594044540300105783e-01
2.324282966445540222e+00 2.643422823898160079e+00 6.559799070177794178e-01
2.326881510839850176e+00 2.645449467753883344e+00 6.530411747074429396e-01
2.330046707634821246e+00 2.647871462951885135e+00 6.495375277786610280e-01
2.332766756868282609e+00 2.649928790873852691e+00 6.468039309742263931e-01
2.335742151255519428e+00 2.652162723757688578e+00 6.442994346114833126e-01
2.338556115615226361e+00 2.654273435997766217e+00 6.418773135685248432e-01
2.341424607394469781e+00 2.656459890412433911e+00 6.385391162088533967e-01
2.344127873712882337e+00 2.658479720551552017e+00 6.330874432949509245e-01
2.346878714398326515e+00 2.660522421047599284e+00 6.265840608132638989e-01
2.349925093619212202e+00 2.662799924719572608e+00 6.197716210159205374e-01
2.352939366917921493e+00 2.664969564331149066e+00 6.138338331819794824e-01
2.356168504422762933e+00 2.667272872391458272e+00 6.087018333436630124e-01
2.359199995827607754e+00 2.669353866825531441e+00 6.053489219912162600e-01
2.362739455772283836e+00 2.671814500778427082e+00 6.041711632240671648e-01
2.362825266135192948e+00 2.671874932910752065e+00 6.041688356611808475e-01
2.366111451123728671e+00 2.674145194642129741e+00 6.037746746227802275e-01
2.369272017652042539e+00 2.676333791237603510e+00 6.029703586380111835e-01
2.372852272534482498e+00 2.678800966399716987e+00 6.015893238059086823e-01
2.375732268216037557e+00 2.680809693229057711e+00 5.990998376448398721e-01
2.378364830829009513e+00 2.682646282940184257e+00 5.948409576313802294e-01
2.381269054013009256e+00 2.684606865346366167e+00 5.892365333291229579e-01
2.384873733061821266e+00 2.687075842365102218e+00 5.838130373255630001e-01
2.388606044267492123e+00 2.689572647256782023e+00 5.789755900166165814e-01
2.391533614879105318e+00 2.691514559433649811e+00 5.756673890863109877e-01
2.394711001870971856e+00 2.693594483567225861e+00 5.722851862089584074e-01
2.397727245196138224e+00 2.695554748787569288e+00 5.690399392740147499e-01
2.400488959229285513e+00 2.697354232455064782e+00 5.660401257145654119e-01
2.403590635056839897e+00 2.699347774012418988e+00 5.625862231253511148e-01
2.406568936406238812e+00 2.701216052188409211e+00 5.596873404523512452e-01
2.409903949683008584e+00 2.703296075266645282e+00 5.565880082098932924e-01
2.409985958594194955e+00 2.703351886629192791e+00 5.565156844555347870e-01
2.413151674349666820e+00 2.705358071077983872e+00 5.526637999449478533e-01
2.416040250252740940e+00 2.707193359298652346e+00 5.465418519699289934e-01
2.418809606147601876e+00 2.708867689469466988e+00 5.393950664872230183e-01
2.421559445205644145e+00 2.710556748574665331e+00 5.328507377180529136e-01
2.425019731818396362e+00 2.712622242657248162e+00 5.259650023589633738e-01
2.428017093585530972e+00 2.714386127496886125e+00 5.212379431795447493e-01
2.431085683884232296e+00 2.716142910872019200e+00 5.176611310428245183e-01
2.434631713297104483e+00 2.718157371359750218e+00 5.162076887261628499e-01
2.438079452640537603e+00 2.720121548568608105e+00 5.167448304583651675e-01
2.441724296257998361e+00 2.722206434904508754e+00 5.171021367905782595e-01
2.445287100654182311e+00 2.724224752646088543e+00 5.164762703994855153e-01
2.448479837543450444e+00 2.726063521047006333e+00 5.146100804029929421e-01
2.451601301485695661e+00 2.727858005475833458e+00 5.116868634787765657e-01
2.454640230102293152e+00 2.729619953735900495e+00 5.078594832874990805e-01
2.457683859963894157e+00 2.731346370061717099e+00 5.015700649231462638e-01
2.457766550845332354e+00 2.731393247490097487e+00 5.013599232132517347e-01
2.460883294100464358e+00 2.733088240266450697e+00 4.937292584245720484e-01
2.461055017726998528e+00 2.733184910102694598e+00 4.933488932731687204e-01
2.464577274120213879e+00 2.735106893754077895e+00 4.861583866898780415e-01
2.467998102283728290e+00 2.736949298462951763e+00 4.801244741765302027e-01
2.470940195544469642e+00 2.738497590991932906e+00 4.752878350121695905e-01
2.474043322784844179e+00 2.740117982930454499e+00 4.712135163819016759e-01
2.482182394703518202e+00 2.744282806045776901e+00 4.620506028465783954e-01
2.485674659872403325e+00 2.746040136716097368e+00 4.583097983046091617e-01
2.489266884129072377e+00 2.747799126743166731e+00 4.556594857707442769e-01
2.492720836908142612e+00 2.749491197481424010e+00 4.549019298033882830e-01
2.496186546321591759e+00 2.751189229883435949e+00 4.540341582883716254e-01
2.496279676711548490e+00 2.751235491590552140e+00 4.539981230028095616e-01
2.499472162973187306e+00 2.752796630682682988e+00 4.519945846213159757e-01
2.502870594000228266e+00 2.754524397854912099e+00 4.472559922617361239e-01
2.505638609025907293e+00 2.755873206767279981e+00 4.409324643047880521e-01
2.509183133534712784e+00 2.757546122589528359e+00 4.327123981657906571e-01
2.512695787663739022e+00 2.759213496299125268e+00 4.263096359247509071e-01
2.512784037439155682e+00 2.759253164966635641e+00 4.261556587575014987e-01
2.515939600173145774e+00 2.760684290968883570e+00 4.213900402766265207e-01
2.518994944520418500e+00 2.762044230722616955e+00 4.180602214426974439e-01
2.522702813255763843e+00 2.763685283380829638e+00 4.144141821289297756e-01
2.526404656629247736e+00 2.765297170146833849e+00 4.109301825495031979e-01
2.529909647222436497e+00 2.766830055982619996e+00 4.076164518966060579e-01
2.533251406202853495e+00 2.768258132386507420e+00 4.049682153522746741e-01
2.537286803574244853e+00 2.769979382116460886e+00 4.039680502229484604e-01
2.541172294084304006e+00 2.771657511812045449e+00 4.031292555147029111e-01
2.544442969682529920e+00 2.773046942377374258e+00 4.018365010695925110e-01
2.547936017167975020e+00 2.774547736969580125e+00 3.991924435349884503e-01
2.551303034985717311e+00 2.775995279220417000e+00 3.961092499218236695e-01
2.555006001265433646e+00 2.777610867097778602e+00 3.921352778274499462e-01
2.555097773600213173e+00 2.777649902835593654e+00 3.920356090668783988e-01
2.558564567958462987e+00 2.779184224787502711e+00 3.876604442409427032e-01
2.561985535621275734e+00 2.780587196101858449e+00 3.802400862649046864e-01
2.565143633767874576e+00 2.781880659772982156e+00 3.724548180889186710e-01
2.568809623940387254e+00 2.783325868521365543e+00 3.639509898951947542e-01
2.572079534153432157e+00 2.784589109721500755e+00 3.570009549023638318e-01
2.575537996136362917e+00 2.785924269440454459e+00 3.512091933363183371e-01
2.575917346815058018e+00 2.786070941490654818e+00 3.506861083100215604e-01
2.579235851842747174e+00 2.787283009945326295e+00 3.467369490294981982e-01
2.579332597246636993e+00 2.787315376993360516e+00 3.466494485864172193e-01
2.583163267000415875e+00 2.788685188247388425e+00 3.447665047785085646e-01
2.586439752120911262e+00 2.789869724893766723e+00 3.447378896752436028e-01
2.589665397142631331e+00 2.791028905583904152e+00 3.445196372217451120e-01
2.593519100423381740e+00 2.792416615108455957e+00 3.432675165919354399e-01
2.597396069254383377e+00 2.793791327147577164e+00 3.406995880075314731e-01
2.597491249297859461e+00 2.793825148448957574e+00 3.406258990814048926e-01
2.600689176739916952e+00 2.794969006923111454e+00 3.379625582677314166e-01
2.604623872505044346e+00 2.796385160504339495e+00 3.337534181351878293e-01
2.604717000994982268e+00 2.796415982803706068e+00 3.336512133080281606e-01
2.608031268389794377e+00 2.797580090333860792e+00 3.304138705239437201e-01
2.611557082870261670e+00 2.798812184572140982e+00 3.275008949440234018e-01
2.615453804136737670e+00 2.800145304316838057e+00 3.242715407906871516e-01
2.618949320277692117e+00 2.801354219026914727e+00 3.211819977601135245e-01
2.622394543991122706e+00 2.802551795307199889e+00 3.173545061487090813e-01
2.625408408933360693e+00 2.803532454183981670e+00 3.116451905834179414e-01
2.628791249834164567e+00 2.804627070531283906e+00 3.036054772655097933e-01
2.628884940953857274e+00 2.804656043786687647e+00 3.033630256980748285e-01
2.632836102045931437e+00 2.805904870827860442e+00 2.939288653072323343e-01
2.636482841416314393e+00 2.807035903698127832e+00 2.881943077586713864e-01
2.640592770733001693e+00 2.808257053496905797e+00 2.828667355424927532e-01
2.644553760335321080e+00 2.809401995112765338e+00 2.793453724938361193e-01
2.644649059686408066e+00 2.809428950337379938e+00 2.792657315650994843e-01
2.648297531518524206e+00 2.810469225477280730e+00 2.764429004681904223e-01
2.652417284288468124e+00 2.811634274795824950e+00 2.734163299185873863e-01
2.655965773906227234e+00 2.812620987066877909e+00 2.705652905393673979e-01
2.659756528768373762e+00 2.813665522540705233e+00 2.679071052998340807e-01
2.663141478989264677e+00 2.814599373576591290e+00 2.665050793903391280e-01
2.672236961789152154e+00 2.817051429775546900e+00 2.616022687339255026e-01
2.676195790294278343e+00 2.818121063264291237e+00 2.592064278703317126e-01
2.679547127085444291e+00 2.819043141253244400e+00 2.562393897139755850e-01
2.682923762793423705e+00 2.819936059343652879e+00 2.532007770560673054e-01
2.686712515400616397e+00 2.820935342095427512e+00 2.498114587223721206e-01
2.689894614533762329e+00 2.821761429113303965e+00 2.468949905129418920e-01
2.693291246661154492e+00 2.822632986858332860e+00 2.436571063990422559e-01
2.696655003369226478e+00 2.823508363888775463e+00 2.403624898318363901e-01
2.700598903173156540e+00 2.824536971417419995e+00 2.364607994367574628e-01
2.704160985428549768e+00 2.825429323996513808e+00 2.328443144718310986e-01
2.707643852233082349e+00 2.826280715543779465e+00 2.293872077218561678e-01
2.711056829062191920e+00 2.827113110003363516e+00 2.254534127387916864e-01
2.714081343672495983e+00 2.827859737170883569e+00 2.198620297877035556e-01
2.717330210155401549e+00 2.828597479726896680e+00 2.131788703689376230e-01
2.721077567951538434e+00 2.829452443071553525e+00 2.054063058448413193e-01
2.724554548264777054e+00 2.830211875541286393e+00 1.989659342444232981e-01
2.727871713532896703e+00 2.830925348853688295e+00 1.939467759653598078e-01
2.731856404558984153e+00 2.831720214087122045e+00 1.895875597706852822e-01
2.735176093523787433e+00 2.832330838672642237e+00 1.869678955570589773e-01
2.738852423360810473e+00 2.833017384756814749e+00 1.851488759524917704e-01
2.742998572771981003e+00 2.833809823987260668e+00 1.831443519084525184e-01
2.746346083487754886e+00 2.834425154502089317e+00 1.811323139137391292e-01
2.746749160900578524e+00 2.834502780567365487e+00 1.808756457336758439e-01
2.750175316494536393e+00 2.835143768394553732e+00 1.781142274806166159e-01
2.753624748403066480e+00 2.835768101707895283e+00 1.750472277064678284e-01
2.757311886242768573e+00 2.836422071249476762e+00 1.721499634577824400e-01
2.757413973615013170e+00 2.836441569878556557e+00 1.720752281390661165e-01
2.760977116885150462e+00 2.837056068452218138e+00 1.694192194411432428e-01
2.764759821584436672e+00 2.837692167820866196e+00 1.665009807144422482e-01
2.768136297255463063e+00 2.838251380108104627e+00 1.637634159787449695e-01
2.771592993442447916e+00 2.838811283362509652e+00 1.608254277148058464e-01
2.775136210589693064e+00 2.839407153928891869e+00 1.577166364072083160e-01
2.779276213425132980e+00 2.840093310674478566e+00 1.540346268010548414e-01
2.782966608765146788e+00 2.840674233343650101e+00 1.510902207782447715e-01
2.786552222600517936e+00 2.841222362144951941e+00 1.482984798878162758e-01
2.790616321144695267e+00 2.841824788860624285e+00 1.451223504367874784e-01
2.790715245336630179e+00 2.841838478377966659e+00 1.450432358723403592e-01
2.794562814331309930e+00 2.842424783727516946e+00 1.417949853079694955e-01
2.794659751687898819e+00 2.842438696760664296e+00 1.417098113439139440e-01
2.798596451785612338e+00 2.843033336961870994e+00 1.382617541621866397e-01
2.802346504258281357e+00 2.843573198262550950e+00 1.349336357681643062e-01
2.805989184783252988e+00 2.844099308643317503e+00 1.316397841358950827e-01
2.809846904898602116e+00 2.844643065413122951e+00 1.282979604267667495e-01
2.813507309463140871e+00 2.845137683432838571e+00 1.252617769378244206e-01
2.817274319774544455e+00 2.845616004222907058e+00 1.221163226716830835e-01
2.821416572815634183e+00 2.846130257377388784e+00 1.185865268531385436e-01
2.825577973367682461e+00 2.846642903953036541e+00 1.148717070569219706e-01
2.829828060350261687e+00 2.847155013569520499e+00 1.110441613652232151e-01
2.833390056311835714e+00 2.847564056453888881e+00 1.079319448037700108e-01
2.836839603199662996e+00 2.847951208523551880e+00 1.048973793813999245e-01
2.840392567193540607e+00 2.848340851250953154e+00 1.018231567851420605e-01
2.843942841542997702e+00 2.848720366279779981e+00 9.873658492840504952e-02
2.847484623657138947e+00 2.849093784162191501e+00 9.563893032193630794e-02
2.851408323827073321e+00 2.849505239703894244e+00 9.212137080778692866e-02
2.854855395557819531e+00 2.849845506632836312e+00 8.904267112887005731e-02
2.858907854593682796e+00 2.850249241210162765e+00 8.538786278839625987e-02
2.862259212297154409e+00 2.850553797843499382e+00 8.237610263390836296e-02
2.866051337293639811e+00 2.850910800969084224e+00 7.816093878179131149e-02
2.869605431195199507e+00 2.851237336463727345e+00 7.279666141569733628e-02
2.872918088204105214e+00 2.851525351322710122e+00 6.796522957984495183e-02
2.876335737565209438e+00 2.851801346655067793e+00 6.347454724273374205e-02
2.880158965776973723e+00 2.852065155620878922e+00 5.931877520604662141e-02
2.883426787746837139e+00 2.852275115532206584e+00 5.626345508573118992e-02
2.886989890459260355e+00 2.852467160419952297e+00 5.336776592939006247e-02
2.895723628045709930e+00 2.852922065338010071e+00 4.651704621166987547e-02
2.899394670802631246e+00 2.853110186676420135e+00 4.362192247247963228e-02
2.903534745296291852e+00 2.853289501016669227e+00 4.039842215826309341e-02
2.906810791800279237e+00 2.853424168233023472e+00 3.773965376474195527e-02
2.910367517242097524e+00 2.853569187940839580e+00 3.493030741940997275e-02
2.914125351350937088e+00 2.853702397327091855e+00 3.198738844022760985e-02
2.917883128832496897e+00 2.853814478548224898e+00 2.899331652055602351e-02
2.921827088399210126e+00 2.853930184868698205e+00 2.586698994015715000e-02
2.925658767762620904e+00 2.854049869844553555e+00 2.281768797798730194e-02
2.929299677274262770e+00 2.854151724839753879e+00 1.992204133389629747e-02
2.933056892180483821e+00 2.854226178821058113e+00 1.695670040241859661e-02
2.937108468696773222e+00 2.854313309182400449e+00 1.373383995114895936e-02
2.937206078562678790e+00 2.854316446953178321e+00 1.365547353884292298e-02
2.940838032301032356e+00 2.854382840231766583e+00 1.080271782008998538e-02
2.941331695379783895e+00 2.854392453993588763e+00 1.041371061116933006e-02
2.945057780963140637e+00 2.854454368010017173e+00 7.500048288738727850e-03
2.948788333636545023e+00 2.854509381235041943e+00 4.576711531238820095e-03
2.952412603558708604e+00 2.854545893071179563e+00 1.731385234639782212e-03
2.955938155829472613e+00 2.854574684772975601e+00 -1.046289578755641011e-03
2.959266410801914660e+00 2.854587537118877361e+00 -3.626160159176178115e-03
2.963187180867225656e+00 2.854573330005876652e+00 -6.672332195642343040e-03
2.967005344228336394e+00 2.854560380977531509e+00 -9.624808458724850094e-03
2.970812312585239479e+00 2.854548107896020426e+00 -1.260752640695994228e-02
2.974325804292207387e+00 2.854525348787924521e+00 -1.534839523350985981e-02
