2.000338064390141390e+00 9.999731618333735916e-01 -1.362085684055838524e-04
2.000464349131914510e+00 9.999587395328090045e-01 -1.757245072383576399e-04
2.000490989459808411e+00 9.999493777773778014e-01 -8.709957951006713154e-05
2.000520866839968104e+00 9.999417480222327903e-01 1.200210148547705796e-04
2.000560367649049986e+00 9.999399405005140462e-01 5.879331418107084772e-04
2.000605335746647118e+00 9.999356847110506541e-01 1.239739459767017979e-03
2.000659636310259781e+00 9.999343580962287703e-01 2.082196930490829486e-03
2.000712183471327066e+00 9.999387979092333456e-01 3.217484482676349032e-03
2.000805358581483784e+00 9.999382649711536786e-01 4.283218418857251929e-03
2.000848369597400644e+00 9.999258774353191326e-01 5.700707619873944011e-03
2.000890757886056637e+00 9.999265797469280015e-01 7.344987191633838008e-03
2.000945749547788033e+00 9.999309686166094613e-01 9.213375244386113119e-03
2.000974923794400340e+00 9.999329561246629305e-01 1.141232565480707409e-02
2.000979590031783939e+00 9.999340227429200922e-01 1.394537719786481493e-02
2.000994725254860107e+00 9.999328818405064379e-01 1.693922728901541691e-02
2.001022705444006622e+00 9.999296855731625300e-01 2.024055508185018323e-02
2.001080821389694009e+00 9.999325123470267362e-01 2.354489879474139583e-02
2.001143311884018949e+00 9.999198540171123639e-01 2.702552931937447431e-02
2.001389157673199914e+00 9.999405440322064464e-01 3.655895221111330612e-02
2.001437320493256511e+00 9.999408516037154859e-01 4.087355752118478069e-02
2.001483637270231597e+00 9.999448785228250980e-01 4.565032700391128545e-02
2.001483058589622388e+00 9.999447453062986213e-01 4.577761687856636563e-02
2.001513813645949824e+00 9.999412065963891871e-01 5.075414702536113626e-02
2.001610488582992176e+00 9.999569926996838554e-01 5.559783612874197312e-02
2.001660982633811425e+00 9.999547268549608958e-01 6.082131189615815753e-02
2.001699649166505779e+00 9.999560868335705122e-01 6.669040494321673562e-02
2.001743286169946234e+00 9.999540010370687737e-01 7.249137799268406956e-02
2.001779590305071466e+00 9.999522545551960961e-01 7.806434383654745068e-02
2.001813326461702847e+00 9.999556376933521618e-01 8.371751378913018515e-02
2.001857497061685809e+00 9.999543429015890217e-01 8.992133962809155390e-02
2.001895693794079278e+00 9.999523285115712312e-01 9.774573238153953791e-02
2.001925512908560911e+00 9.999599542730536195e-01 1.061058286938711681e-01
2.002004940159899604e+00 9.999675096889324433e-01 1.135851147327037736e-01
2.002173230349344912e+00 1.000008760518908524e+00 1.209369296734567611e-01
2.002238769140690433e+00 1.000014487759234960e+00 1.278518096632116907e-01
2.002323482538256982e+00 1.000035513752628225e+00 1.356395281008839770e-01
2.002424729689690430e+00 1.000042968467667492e+00 1.443044961944322246e-01
2.002473040586134623e+00 1.000046870793697806e+00 1.529076033278750357e-01
2.002518709684549147e+00 1.000055644012051603e+00 1.613445986305824531e-01
2.002562227916271809e+00 1.000065959249510250e+00 1.691062628872717633e-01
2.002652194027852772e+00 1.000079488302570985e+00 1.787750617175224710e-01
2.002722252749863596e+00 1.000091191249929512e+00 1.866814058522942577e-01
2.002826327048793154e+00 1.000110679146476445e+00 1.954748241047606916e-01
2.002880978392922007e+00 1.000116547584057214e+00 2.036829355388987683e-01
2.002936112055466289e+00 1.000126494264340193e+00 2.130346981942743134e-01
2.002978327729519670e+00 1.000135889616778684e+00 2.205740295150089014e-01
2.003076969547294972e+00 1.000162697027073611e+00 2.293552010533878860e-01
2.003199165004943882e+00 1.000206079661791536e+00 2.369156811311218525e-01
2.003254991780607952e+00 1.000210678426726396e+00 2.446166135193191260e-01
2.003332708005427953e+00 1.000241719870941459e+00 2.535501320774325995e-01
2.003377357989593488e+00 1.000251616110718667e+00 2.634380958752008395e-01
2.003441073566245123e+00 1.000277893184445377e+00 2.716509133318533720e-01
2.003552492227433035e+00 1.000317452921788641e+00 2.811698044382019424e-01
2.003658837543157212e+00 1.000352164309668890e+00 2.893887787683332991e-01
2.003763477538867743e+00 1.000391445911950949e+00 2.979383854573458001e-01
2.003879410496658853e+00 1.000432917537207977e+00 3.072975090465382420e-01
2.003991115359565978e+00 1.000477375002700953e+00 3.166363321983946544e-01
2.004090567416692004e+00 1.000519743423952113e+00 3.253414113931276663e-01
2.004184183485491211e+00 1.000560331644193779e+00 3.336199202011957410e-01
2.004280538510223586e+00 1.000607653644286721e+00 3.425195175272621184e-01
2.004357599504917431e+00 1.000655236486619915e+00 3.503372031055748126e-01
2.004463965091206834e+00 1.000703460285206514e+00 3.592390455834435503e-01
2.004545810452136312e+00 1.000742157098234220e+00 3.672220485576436766e-01
2.004633892815497642e+00 1.000787458851535083e+00 3.766282944137431810e-01
2.004747368639392402e+00 1.000848032081402827e+00 3.859630142034372047e-01
2.004875012064566864e+00 1.000914795401156354e+00 3.948820633720335760e-01
2.004972348283325712e+00 1.000961658821565514e+00 4.033797865247256698e-01
2.005072870509302163e+00 1.001015342140599840e+00 4.117009689204470524e-01
2.005171317534345299e+00 1.001066058130608560e+00 4.205051879408029936e-01
2.005260624597785757e+00 1.001119885524623276e+00 4.277319929012342037e-01
2.005370012345511377e+00 1.001182617403175268e+00 4.360628286827145650e-01
2.005466316741029154e+00 1.001231121719225792e+00 4.450379528734864087e-01
2.005467566258524847e+00 1.001233928231932024e+00 4.452657634715302959e-01
2.005774822269883906e+00 1.001399599774634108e+00 4.676774598558364748e-01
2.005892408901562618e+00 1.001466418874243036e+00 4.763712847155467944e-01
2.006014935522436815e+00 1.001547229680497475e+00 4.842748886128064312e-01
2.006100051856462674e+00 1.001601783623772945e+00 4.933389884759464272e-01
2.006099037434946997e+00 1.001601216004288197e+00 4.935685338219426010e-01
2.006196329066107786e+00 1.001672836186753734e+00 5.019997695272486737e-01
2.006304926032049796e+00 1.001736813467448028e+00 5.104931434592204775e-01
2.006434589034121974e+00 1.001826363144832310e+00 5.198854483621915268e-01
2.006530473434987361e+00 1.001898823320148901e+00 5.276141774618247071e-01
2.006636987027306862e+00 1.001960105589390748e+00 5.352204409643853689e-01
2.006743863096824843e+00 1.002030329037950196e+00 5.437799295566999591e-01
2.006871151054529179e+00 1.002108377029110153e+00 5.519568690589159443e-01
2.006995517781910099e+00 1.002182998828900162e+00 5.602666551787653937e-01
2.007098028324782568e+00 1.002236111041994615e+00 5.688567604105335684e-01
2.007212209128452329e+00 1.002292499437981155e+00 5.784439960221968713e-01
2.007212386755572009e+00 1.002293858363114243e+00 5.786765999377510017e-01
2.007297501569427212e+00 1.002361069743054500e+00 5.867949815274119407e-01
2.007389066660429044e+00 1.002438245146304974e+00 5.951234821842015243e-01
2.007469654500703360e+00 1.002493742459470649e+00 6.037961234210617034e-01
2.007552121055637073e+00 1.002553502175039357e+00 6.113974747622572536e-01
2.007655147481005375e+00 1.002631380737754485e+00 6.206164970846481665e-01
2.007659212037252505e+00 1.002633393109159998e+00 6.208478662599722364e-01
2.007710526697660036e+00 1.002679265639293771e+00 6.293889665453322735e-01
2.007802515406678090e+00 1.002742403966238038e+00 6.379468477075445065e-01
2.007864124137191730e+00 1.002803815664067510e+00 6.472202926005721224e-01
2.007920723782945061e+00 1.002870223607936317e+00 6.550112429431902417e-01
2.007997201845116653e+00 1.002927669682365464e+00 6.628968874900416086e-01
2.008088696920951044e+00 1.002997848258196711e+00 6.711943983356958299e-01
2.008167988409706783e+00 1.003077315853137863e+00 6.801283927666891271e-01
2.008229619442698066e+00 1.003147215946993853e+00 6.882717656218165780e-01
2.008278086189339007e+00 1.003194361426215320e+00 6.959160310383540882e-01
2.008377085181527022e+00 1.003274361149358196e+00 7.054180007747085090e-01
2.008441095021032297e+00 1.003338668532870903e+00 7.131959635842525236e-01
2.008498285390518223e+00 1.003408111257997115e+00 7.210829664557433238e-01
2.008547191925219799e+00 1.003483798686695572e+00 7.288712448994538740e-01
2.008640016699559272e+00 1.003578414720334822e+00 7.381693839898368914e-01
2.008716031922396450e+00 1.003629484811971340e+00 7.464460417633224099e-01
2.008781586973151345e+00 1.003703661642991296e+00 7.543390036932891007e-01
2.008861555992933035e+00 1.003786456760870305e+00 7.619463988504978635e-01
2.008909423142250184e+00 1.003837451582490603e+00 7.695902428465363210e-01
2.009000642575932805e+00 1.003917575884848201e+00 7.777349444367368525e-01
2.009054363013336175e+00 1.003985794578347690e+00 7.855736289659993599e-01
2.009133597260220672e+00 1.004070585042070585e+00 7.931672265865493676e-01
2.009196656010613591e+00 1.004146865052110371e+00 8.022932925260269910e-01
2.009252682821115243e+00 1.004209131080714412e+00 8.110358031541795576e-01
2.009334713393529537e+00 1.004293328574928257e+00 8.199394046991602680e-01
2.009374672315691335e+00 1.004358732048277636e+00 8.291421049371174856e-01
2.009413547164988767e+00 1.004411599765729024e+00 8.369047231711762569e-01
2.009458605002102605e+00 1.004472195676377133e+00 8.454856328463126180e-01
2.009524883882566559e+00 1.004552311471533788e+00 8.538180579818088756e-01
2.009568748101761670e+00 1.004630381847995579e+00 8.619663879733372447e-01
2.009655601991431784e+00 1.004737618173836555e+00 8.700779251937987846e-01
2.009746712358369436e+00 1.004842407241087754e+00 8.795884821993819047e-01
2.009839788090378221e+00 1.004960875837929590e+00 8.885963022528197142e-01
2.009842966309581591e+00 1.004961624622535021e+00 8.888279678269815909e-01
2.009916332381489035e+00 1.005060315495851508e+00 8.965069669043211897e-01
2.009988213654052558e+00 1.005153732146018886e+00 9.051833798071868831e-01
2.010167036541703478e+00 1.005376262591271441e+00 9.269752736287349970e-01
2.010167998337283102e+00 1.005378884412665430e+00 9.272118578173934589e-01
2.010230474167264081e+00 1.005463455952944285e+00 9.353201226142014990e-01
2.010268286481065925e+00 1.005522670634532378e+00 9.436579289916374735e-01
2.010341250875616659e+00 1.005628138805290783e+00 9.527236475174737373e-01
2.010401764365358446e+00 1.005749571920410368e+00 9.614891692632185904e-01
2.010487039743360516e+00 1.005865398962262569e+00 9.695739015460164145e-01
2.010559111175164393e+00 1.005977169574701957e+00 9.786004877201678331e-01
2.010559151592008487e+00 1.005979714150893045e+00 9.788301401430855586e-01
2.010625465935271361e+00 1.006099541434203104e+00 9.875985119057578698e-01
2.010660144507571356e+00 1.006169656221019393e+00 9.961859399317318786e-01
2.010709114983289858e+00 1.006245382169439262e+00 1.005376824921756729e+00
2.010711658079852970e+00 1.006249315511270837e+00 1.005617653096627429e+00
2.010760736982251995e+00 1.006318936086513904e+00 1.014221214545839134e+00
2.010800019601816313e+00 1.006399842691804603e+00 1.022738500978176424e+00
2.010822550206543990e+00 1.006450217487693921e+00 1.031601391791741706e+00
2.010874001882854589e+00 1.006539256644024771e+00 1.040267036121634625e+00
2.010912134822659958e+00 1.006620311640421095e+00 1.048625772825186431e+00
2.010950533285718045e+00 1.006698660194828010e+00 1.057157851100905210e+00
2.010997769487236742e+00 1.006794203685262845e+00 1.066642616894722284e+00
2.011029252967539538e+00 1.006891661826925910e+00 1.075565951803922227e+00
2.011067568266169836e+00 1.006969491999679001e+00 1.083575219051867267e+00
2.011097322654248121e+00 1.007013726844298684e+00 1.091595668143795939e+00
2.011147246968921110e+00 1.007110228032240151e+00 1.100598265086330851e+00
2.011180526584390726e+00 1.007189610603298258e+00 1.108523367848536445e+00
2.011223011017779339e+00 1.007284353550196077e+00 1.116407208438271903e+00
2.011261157148990009e+00 1.007379666450610056e+00 1.125054199146336975e+00
2.011311758614787060e+00 1.007477481997784752e+00 1.134224919361726425e+00
2.011313261352405846e+00 1.007480692639121322e+00 1.134460008479239557e+00
2.011320530437975318e+00 1.007521989657230943e+00 1.142624318359207081e+00
2.011324710938896754e+00 1.007596528479581810e+00 1.152378516855760981e+00
2.011365550955689585e+00 1.007701522990741783e+00 1.160126364732386950e+00
2.011386786824634232e+00 1.007775417703046905e+00 1.168902938277426973e+00
2.011415637918939847e+00 1.007875929553935679e+00 1.177636987017219639e+00
2.011431590974061656e+00 1.007932233655796983e+00 1.186987834266106878e+00
2.011451940358814472e+00 1.008022773725856025e+00 1.196896001076410032e+00
2.011472001993408032e+00 1.008098946441039256e+00 1.205602765768690077e+00
2.011517725781373667e+00 1.008209193977170681e+00 1.215640424866091696e+00
2.011534258036265399e+00 1.008285873443249381e+00 1.224016215740049374e+00
2.011539131646011391e+00 1.008292454756544609e+00 1.224476312613296702e+00
2.011568993938324112e+00 1.008397187623339519e+00 1.233296947342924277e+00
2.011592941557026837e+00 1.008470077912560159e+00 1.241874994965401990e+00
2.011588896461694365e+00 1.008472097260227907e+00 1.242113089718341445e+00
2.011612531378368818e+00 1.008568283197358362e+00 1.250645664553409420e+00
2.011628880026393507e+00 1.008675889660712421e+00 1.258424275728340147e+00
2.011643225012745617e+00 1.008764141359470567e+00 1.267541479178292629e+00
2.011640357721941719e+00 1.008769183641682332e+00 1.268500540177404101e+00
2.011656921446229429e+00 1.008847505728009741e+00 1.276252384968820763e+00
2.011690086867853999e+00 1.008968896273332749e+00 1.285994881633508724e+00
2.011690652549884106e+00 1.008971165739429354e+00 1.286226613470070390e+00
2.011715124540240929e+00 1.009108276675973137e+00 1.295438269767975381e+00
2.011747956096363588e+00 1.009245620233001350e+00 1.304833829032083337e+00
2.011776309692713482e+00 1.009359708361187380e+00 1.314324980692260558e+00
2.011800117153526912e+00 1.009476791714992938e+00 1.322773796436014226e+00
2.011786853739877756e+00 1.009501583083429521e+00 1.331085750862476269e+00
2.011802017843860479e+00 1.009605500494182850e+00 1.340241124590361377e+00
2.011803380473813796e+00 1.009605384566746755e+00 1.340469618115865069e+00
2.011809326242440132e+00 1.009712363507793365e+00 1.348612816160482231e+00
2.011822644820460138e+00 1.009836216335758818e+00 1.357416118550779149e+00
2.011830229612348475e+00 1.009947722225824407e+00 1.366347932876068594e+00
2.011830510587235832e+00 1.009949703636415785e+00 1.366578079003325952e+00
2.011841125206360381e+00 1.010098085092903997e+00 1.375975394331106605e+00
2.011833294423139851e+00 1.010169818035575373e+00 1.384539362927138750e+00
2.011825029800173859e+00 1.010223373469435026e+00 1.392624409372586358e+00
2.011825304926812219e+00 1.010307190933623867e+00 1.401906173517602161e+00
2.011810499239781613e+00 1.010447799676184477e+00 1.420511163983286806e+00
2.011812637066755283e+00 1.010532473259613928e+00 1.428842459922383901e+00
2.011815270254979193e+00 1.010651286422819650e+00 1.438135929651048972e+00
2.011815674040160928e+00 1.010656661684349533e+00 1.438360122854130729e+00
2.011817128503965879e+00 1.010769002760606883e+00 1.446335026188067863e+00
2.011824506056687945e+00 1.010877150563811000e+00 1.455346061495364163e+00
2.011821330166999822e+00 1.010880660724347679e+00 1.455581066607291030e+00
2.011816848242267142e+00 1.011001397832523407e+00 1.465778032303931777e+00
2.011810831965516577e+00 1.011061831657937171e+00 1.474591557736091962e+00
2.011802867966568265e+00 1.011154231009375515e+00 1.483061693462427222e+00
2.011801231179341620e+00 1.011275886239617172e+00 1.492195555185118927e+00
2.011794166034359232e+00 1.011353568218508858e+00 1.500935007573367619e+00
2.011791785909863961e+00 1.011476420862608139e+00 1.509952225090464673e+00
2.011790238185044100e+00 1.011479232278527984e+00 1.510182636013802204e+00
2.011789537589921739e+00 1.011581296488835546e+00 1.518391432171681821e+00
2.011785892663558339e+00 1.011669280399830617e+00 1.527456235780447757e+00
2.011778797140438169e+00 1.011776357098656876e+00 1.535969315006617597e+00
2.011769406170379693e+00 1.011874865965621151e+00 1.545071115936359041e+00
2.011763589419587994e+00 1.011956454824197493e+00 1.554309286941217616e+00
2.011763382985609638e+00 1.011959711333697776e+00 1.554545523217882863e+00
2.011759325583464264e+00 1.012078646762295975e+00 1.563120205515938776e+00
2.011747133619453010e+00 1.012183917895420171e+00 1.571847241779321447e+00
2.011735547894958565e+00 1.012306614844784569e+00 1.581066461715785021e+00
2.011726866080311815e+00 1.012383692078298481e+00 1.589553292618818725e+00
2.011705834581625663e+00 1.012490433941981349e+00 1.598098319837311543e+00
2.011693793968950761e+00 1.012609011362672007e+00 1.606870311255123696e+00
2.011687133361997226e+00 1.012714867495288606e+00 1.615168960923242247e+00
2.011688360165326372e+00 1.012825864402977727e+00 1.623008598422337911e+00
2.011671054703831896e+00 1.012934194051552828e+00 1.631089280192778324e+00
2.011653865377679651e+00 1.013038603602145482e+00 1.639331301721450140e+00
2.011640033297245722e+00 1.013162937109073347e+00 1.648765785903694159e+00
2.011642815809650653e+00 1.013166237264376157e+00 1.648987201447762230e+00
2.011613053131944717e+00 1.013291849465053351e+00 1.658093944641655382e+00
2.011584014233750661e+00 1.013417825313664089e+00 1.667028473445187453e+00
2.011575767641267110e+00 1.013520372659636237e+00 1.675129795901010521e+00
2.011550260148488256e+00 1.013642206546350621e+00 1.683932269674449422e+00
2.011538536498680863e+00 1.013764901499943472e+00 1.692995539149978690e+00
2.011538392481093229e+00 1.013766001303277653e+00 1.693226361683987324e+00
2.011518007994123280e+00 1.013868283606395915e+00 1.702373004320394401e+00
2.011489003636385053e+00 1.013982019445528016e+00 1.711996868284580309e+00
2.011468300868921588e+00 1.014056965775123720e+00 1.720883750203563434e+00
2.011434101660294349e+00 1.014189176602772857e+00 1.730020849073314881e+00
2.011422243821987976e+00 1.014290153818944829e+00 1.739626583597008169e+00
2.011392863169515710e+00 1.014392091684420905e+00 1.748232876662086710e+00
2.011338094254831343e+00 1.014547554195164514e+00 1.757094046517119645e+00
2.011307898042775211e+00 1.014656110963955582e+00 1.765821150152897978e+00
2.011279228392510721e+00 1.014757544985658955e+00 1.774065040307415408e+00
2.011258662993253399e+00 1.014898665042915038e+00 1.783374754392501815e+00
2.011235870692472893e+00 1.015030324070765655e+00 1.792827365340714962e+00
2.011198831260809783e+00 1.015140552566869303e+00 1.801776146655873267e+00
2.011146992199611461e+00 1.015272369875037661e+00 1.810094622716218016e+00
2.011112450126799622e+00 1.015382680601382148e+00 1.819072865913878401e+00
2.011057960826741375e+00 1.015528190109503903e+00 1.827480053100910773e+00
2.010949180726999241e+00 1.015853464371601955e+00 1.849900113564345805e+00
2.010947077998785915e+00 1.015858863869646633e+00 1.850124772167133891e+00
2.010903536874249387e+00 1.015969701577988271e+00 1.857922260505645573e+00
2.010861945096265035e+00 1.016065101700205586e+00 1.866781993749992541e+00
2.010822319071691844e+00 1.016175001121345511e+00 1.875377326581427972e+00
2.010783758628665652e+00 1.016269156658480277e+00 1.884109707658227828e+00
2.010726789229869471e+00 1.016387152939654648e+00 1.892287480336174443e+00
2.010688986308871939e+00 1.016470875127031048e+00 1.900433344587169504e+00
2.010670750167997234e+00 1.016568106238178615e+00 1.908443235918971581e+00
2.010626947756571692e+00 1.016653282514973666e+00 1.916476294604861907e+00
2.010574289924873526e+00 1.016753941507116732e+00 1.924462803122843679e+00
2.010532157210588533e+00 1.016878638051126327e+00 1.933019029001409761e+00
2.010497127883096979e+00 1.016991391006591527e+00 1.942094608460684269e+00
2.010460015504729636e+00 1.017099163989502841e+00 1.950415256654620899e+00
2.010424264465926036e+00 1.017232629431112034e+00 1.959105713275297367e+00
2.010362513584973421e+00 1.017329738281951279e+00 1.967745466963799483e+00
2.010297748961685116e+00 1.017456211928538856e+00 1.977613749321733616e+00
2.010297274384853505e+00 1.017460555191157523e+00 1.977838970835071652e+00
2.010231023276678908e+00 1.017585798388404239e+00 1.987226418393842620e+00
2.010185211033345354e+00 1.017683780628330537e+00 1.995563860390746846e+00
2.010142042087386116e+00 1.017791780105233412e+00 2.004370879614636003e+00
2.010078339512922696e+00 1.017902492459695774e+00 2.012323561266827099e+00
2.010015313441190443e+00 1.018014303304128898e+00 2.021250844275136238e+00
2.010013005560843169e+00 1.018015220609041593e+00 2.021481463561981329e+00
2.009956417006681484e+00 1.018116316822832879e+00 2.029073903380901100e+00
2.009889887441777212e+00 1.018231264946157566e+00 2.037553216118646038e+00
2.009847237604677872e+00 1.018312799987454831e+00 2.046649020383247919e+00
2.009764840184092627e+00 1.018475954516094184e+00 2.057242996133303414e+00
2.009712204174159744e+00 1.018560458131246627e+00 2.065361702411663725e+00
2.009644533624397322e+00 1.018652879738718653e+00 2.074951067090451851e+00
2.009577079451030368e+00 1.018758940355589893e+00 2.084604752849045450e+00
2.009494134411295541e+00 1.018863806721916232e+00 2.093755103966334019e+00
2.009403507851407422e+00 1.018993105957367584e+00 2.102267457608012258e+00
2.009403638493572508e+00 1.018996124318291008e+00 2.102485736971114072e+00
2.009331576340554371e+00 1.019107843136076719e+00 2.110911031635600565e+00
2.009278032963455196e+00 1.019228156576081679e+00 2.118876059285993207e+00
2.009225789598072964e+00 1.019351817598386445e+00 2.128056632355757039e+00
2.009168502131271961e+00 1.019445552301096347e+00 2.136855791050352948e+00
2.009121249877292570e+00 1.019513689934468781e+00 2.145162314605893794e+00
2.009074901635818922e+00 1.019571035494437172e+00 2.153666085100120586e+00
2.008992454089660651e+00 1.019673942149973866e+00 2.162285903258523323e+00
2.008915069193795588e+00 1.019771491046918221e+00 2.170711078808790440e+00
2.008835199499220181e+00 1.019872052807121898e+00 2.178672747649543773e+00
2.008757833017338346e+00 1.019973878948470691e+00 2.186902195153671347e+00
2.008673497832882404e+00 1.020073413199070300e+00 2.196407841494301127e+00
2.008610522632329420e+00 1.020170124479707230e+00 2.204786824000854573e+00
2.008533972233541132e+00 1.020258481069333811e+00 2.213523382994533328e+00
2.008458821601481592e+00 1.020366632859990297e+00 2.222769873735053636e+00
2.008355221759522635e+00 1.020473078693549418e+00 2.231732347871292710e+00
2.008354398814642394e+00 1.020478872026875594e+00 2.231961894966128401e+00
2.008269096113995289e+00 1.020579537707801965e+00 2.240427072901472361e+00
2.008201913709531272e+00 1.020655852410775166e+00 2.249000581122105213e+00
2.008114738231422169e+00 1.020777938665264450e+00 2.258275325202623307e+00
2.008024386865524313e+00 1.020864462925183735e+00 2.267064347386038570e+00
2.007945644257906004e+00 1.020967951830770160e+00 2.276410698453353199e+00
2.007858183345717418e+00 1.021064632402982397e+00 2.285446620393284167e+00
2.007792130464443492e+00 1.021128862645561020e+00 2.293131534692964824e+00
2.007728606064605348e+00 1.021184908498805832e+00 2.300671820051304994e+00
2.007658409844851111e+00 1.021255039301650180e+00 2.308691480984571776e+00
2.007558077770386085e+00 1.021352371683430516e+00 2.317885661985492618e+00
2.007555466365896102e+00 1.021356575910142173e+00 2.318117548848721565e+00
2.007463526586504177e+00 1.021439693906101231e+00 2.327504646308970582e+00
2.007397761012794213e+00 1.021507340364784078e+00 2.335533570128198733e+00
2.007313983492004628e+00 1.021579622469242166e+00 2.344682680926620133e+00
2.007106357931691232e+00 1.021772570522584855e+00 2.365092350521383668e+00
2.007017435178117370e+00 1.021838571051934208e+00 2.373379236863605524e+00
2.006947870380219268e+00 1.021902599238788900e+00 2.381011612027344349e+00
2.006867717726598332e+00 1.021969609661337097e+00 2.390338443300081828e+00
2.006490501760828771e+00 1.022311672219839762e+00 2.398710411842140289e+00
2.004646304364587017e+00 1.023961326188532528e+00 2.406282660663694450e+00
2.000757078046679904e+00 1.027426393826470941e+00 2.414563587700589764e+00
2.000619273415893851e+00 1.027545527217625265e+00 2.414793328748569223e+00
1.995006420609499731e+00 1.032462833783699185e+00 2.422302025710547646e+00
1.988337374391211165e+00 1.038210800392959987e+00 2.427542545347197933e+00
1.978238878966743997e+00 1.046791096567048829e+00 2.432695048239504221e+00
1.969621889029875783e+00 1.053982230471416370e+00 2.434718326533815258e+00
1.969417998995021568e+00 1.054155575712786730e+00 2.434796348782690689e+00
1.961238954194475026e+00 1.060772245265368507e+00 2.435426851562801698e+00
1.952532917009024427e+00 1.067902891223555084e+00 2.433946046043771183e+00
1.943679286949834717e+00 1.075328091973336786e+00 2.429638376721709125e+00
1.935797340885544005e+00 1.081928423416811169e+00 2.425436282562170920e+00
1.935572214289085879e+00 1.082110687763206514e+00 2.425292723063452449e+00
1.927329601512803192e+00 1.089133364129699633e+00 2.419019943605213996e+00
1.919825820872449240e+00 1.095647518713937174e+00 2.412586422464053193e+00
1.911792919693923176e+00 1.102652196073874658e+00 2.405660016571408377e+00
1.904059308375249726e+00 1.109520313065391228e+00 2.398686049929260822e+00
1.896319474773434210e+00 1.116546037909253553e+00 2.391489429919994247e+00
1.889763726690772083e+00 1.122533980521299934e+00 2.385449377689890404e+00
1.881744155949931940e+00 1.129979557660005351e+00 2.377431474015925694e+00
1.874660523120996292e+00 1.136701693138669755e+00 2.370185602251666523e+00
1.866665006606407218e+00 1.144333698422844492e+00 2.361548907192033031e+00
1.859606689311305683e+00 1.151223742798020533e+00 2.353595349422173744e+00
1.859428439429843261e+00 1.151399962471724825e+00 2.353386230084447028e+00
1.853670575272624355e+00 1.157121442555783863e+00 2.346613815508238332e+00
1.847263959265487587e+00 1.163586567643302816e+00 2.339240679784189147e+00
1.847095196351981938e+00 1.163756883006889842e+00 2.339062209161171690e+00
1.840751348657199138e+00 1.170232098645459962e+00 2.331387257773387844e+00
1.834841654283315915e+00 1.176369143495624048e+00 2.324059143211898437e+00
1.829052371559162671e+00 1.182476492876596952e+00 2.316529785819345655e+00
1.823103626048854453e+00 1.188891883787354775e+00 2.308545679773516657e+00
1.816428954996141210e+00 1.196113026705870386e+00 2.299399844385843217e+00
1.810884705788143201e+00 1.202289968847656265e+00 2.291663499687512040e+00
1.805539894554384572e+00 1.208321616973577983e+00 2.284105655967209714e+00
1.800191458729768268e+00 1.214431444948014027e+00 2.276152683748794203e+00
1.795136262561368046e+00 1.220297604405671477e+00 2.268403182206893298e+00
1.794993667191883802e+00 1.220462080642723102e+00 2.268192703798848076e+00
1.789941239615497004e+00 1.226415562006183402e+00 2.260222208171984271e+00
1.784997926418553149e+00 1.232343602494029078e+00 2.252266753953964251e+00
1.779741139681884965e+00 1.238737382955010347e+00 2.243660653977327613e+00
1.774998724949552020e+00 1.244574186185260389e+00 2.235705160169775940e+00
1.770294127972491083e+00 1.250517363371351109e+00 2.227534016190952482e+00
1.765207629032679026e+00 1.257047807692434960e+00 2.218390433163516029e+00
1.761145207744888808e+00 1.262335541452696885e+00 2.210766280225318958e+00
1.756958187897798673e+00 1.267877791340434879e+00 2.202860786494922340e+00
1.752804639074273974e+00 1.273449500043110527e+00 2.195021057725299318e+00
1.748515480512000231e+00 1.279398647725370708e+00 2.186406331129876257e+00
1.744787608955856939e+00 1.284600445309501238e+00 2.178799677178927308e+00
1.741407371120641923e+00 1.289338996252518132e+00 2.171925808715324813e+00
1.737956018271743952e+00 1.294331420121812570e+00 2.164401720063055201e+00
1.734345186617109125e+00 1.299612488498730567e+00 2.156291416666084260e+00
1.730423252072989637e+00 1.305444089416931686e+00 2.147422228172745751e+00
1.730323106489771279e+00 1.305590677460867877e+00 2.147200849641097697e+00
1.726721168614782531e+00 1.311036132528820675e+00 2.138753968552318252e+00
1.718506003518844194e+00 1.324002361023614238e+00 2.118276465886682391e+00
1.715387980346267494e+00 1.329116878787930833e+00 2.110198040090469185e+00
1.712547260158583162e+00 1.333800533281581213e+00 2.102671866743541340e+00
1.709439268171874193e+00 1.339009808631402620e+00 2.094174903581698111e+00
1.706840145956888932e+00 1.343292792036072880e+00 2.085659065539228862e+00
1.705716709722686852e+00 1.345225897241659752e+00 2.075988683163982440e+00
1.705674368875993441e+00 1.345276074034816638e+00 2.067612850334039187e+00
1.705044606789335004e+00 1.346335979315061993e+00 2.058654662818781400e+00
1.704973242227856289e+00 1.346458329097051543e+00 2.058197149501543421e+00
1.702948606796797604e+00 1.350305902365793509e+00 2.049298860382813281e+00
1.700443447177813816e+00 1.355168588300036836e+00 2.040924062329874111e+00
1.697544361724097506e+00 1.360912466647356212e+00 2.030864849557959761e+00
1.695130191578150258e+00 1.365790941412295734e+00 2.022243916608649883e+00
1.692403073283667236e+00 1.371403305721599075e+00 2.012273692032400252e+00
1.689781533269609781e+00 1.376973124630841205e+00 2.002538664361864118e+00
1.687493554646647409e+00 1.381949478365641637e+00 1.993789485665784067e+00
1.685210135436798984e+00 1.387013204248943143e+00 1.984861589052669295e+00
1.683228004958053914e+00 1.391466506466244812e+00 1.976939351417637436e+00
1.681051981650598881e+00 1.396438568414890113e+00 1.967995507794653820e+00
1.680998315338482207e+00 1.396568386022408070e+00 1.967760709085348614e+00
1.678973440942610695e+00 1.401313505573230422e+00 1.959156849031870484e+00
1.676899756108377604e+00 1.406326722798830975e+00 1.950102146952459758e+00
1.674957875070066660e+00 1.411133825453193325e+00 1.941199440885080341e+00
1.674910380548581434e+00 1.411258482681990944e+00 1.940957152349459092e+00
1.673425821226592669e+00 1.414945188514828978e+00 1.931678752573815938e+00
1.672968879421973920e+00 1.416086844575801695e+00 1.922729018171882354e+00
1.672925330549501322e+00 1.416083281048531983e+00 1.914294025012225786e+00
1.672510939397727769e+00 1.417124101757158972e+00 1.905396295870805501e+00
1.671240241652413916e+00 1.420749958961502024e+00 1.896896307165358841e+00
1.669656463103537103e+00 1.425521196750387132e+00 1.887733001599457561e+00
1.669616900334074394e+00 1.425648467205998582e+00 1.887482630689846896e+00
1.668050455981917590e+00 1.430480747487865578e+00 1.878109338683312313e+00
1.666576964393407634e+00 1.435173419050342680e+00 1.869052621438349160e+00
1.664970368931952827e+00 1.440453788434628679e+00 1.858942557749201363e+00
1.664930438778447153e+00 1.440575260408569314e+00 1.858706251045328273e+00
1.663429818508721958e+00 1.445640188367873114e+00 1.848843498273228247e+00
1.663393209844360676e+00 1.445764266109458962e+00 1.848604811305620599e+00
1.662034018787972967e+00 1.450570880898635506e+00 1.839062474654039159e+00
1.661999827338107805e+00 1.450695077915314268e+00 1.838817852307232492e+00
1.660687488364630537e+00 1.455452893068363229e+00 1.829461955154851660e+00
1.659413023421446809e+00 1.460196148345198175e+00 1.820246005752285567e+00
1.658258447316760531e+00 1.464518279107808851e+00 1.811721947367709529e+00
1.657142453050363340e+00 1.468953101402278971e+00 1.803046627039632144e+00
1.656005011015241779e+00 1.473736351673828882e+00 1.793552309201020378e+00
1.655977388629729319e+00 1.473856345158778502e+00 1.793310126724865450e+00
1.655216539231744610e+00 1.477130371049353297e+00 1.784541863012636842e+00
1.655107898145426359e+00 1.477991408848261745e+00 1.774359841732395804e+00
1.655051058323151025e+00 1.477998500135391247e+00 1.765531254211443857e+00
1.654792730451501548e+00 1.479249149700356591e+00 1.756413188686920757e+00
1.654115678697253289e+00 1.482944078157278023e+00 1.747864967224805000e+00
1.653318640443872445e+00 1.487480683178386442e+00 1.738602966441528341e+00
1.653296589673908246e+00 1.487601182233173169e+00 1.738362173548514633e+00
1.652579984469962682e+00 1.491977124183418546e+00 1.729360726237051393e+00
1.651826911882540827e+00 1.496789074084801552e+00 1.719451183742746414e+00
1.651142305706224445e+00 1.501362027344300909e+00 1.709972551428021514e+00
1.650551880812805017e+00 1.505672095844222014e+00 1.701003153319268657e+00
1.650019889897288206e+00 1.509739681410607659e+00 1.692584620910621895e+00
1.649507559074380625e+00 1.513890695175538870e+00 1.683931501860491009e+00
1.649001584387113528e+00 1.518361674927795057e+00 1.674624383825850771e+00
1.648494049615983226e+00 1.522906195045953925e+00 1.665177165405519855e+00
1.648480383434673513e+00 1.523019202032228181e+00 1.664940929269975944e+00
1.648059788219199628e+00 1.527197918693889989e+00 1.656147080534384086e+00
1.647698442665880503e+00 1.531166503488030406e+00 1.647807542364257971e+00
1.646946345967297054e+00 1.541132476408804575e+00 1.626850183949535733e+00
1.646664678491991829e+00 1.545711982285830288e+00 1.617248845834239557e+00
1.646457601485694866e+00 1.549680246152440377e+00 1.608846011850638025e+00
1.646450556685840505e+00 1.549791437280828355e+00 1.608616718983200133e+00
1.646254672968678223e+00 1.554405328269354181e+00 1.598730748302978011e+00
1.646129190785599272e+00 1.558386474248700138e+00 1.590055719282531532e+00
1.646020705030359910e+00 1.562106866642011926e+00 1.582140183085113838e+00
1.645941821738241995e+00 1.566426250549745713e+00 1.572847472894528087e+00
1.645936647747728410e+00 1.566533870738917367e+00 1.572617688850934892e+00
1.645916927527019791e+00 1.570499331253984776e+00 1.563947544300716475e+00
1.645915692907823136e+00 1.574363879104299091e+00 1.555571034122954499e+00
1.645940026572025872e+00 1.578325115291825842e+00 1.546982653836417088e+00
1.646011776714632946e+00 1.582051474283093784e+00 1.538871824795958521e+00
1.646111960276542607e+00 1.586148580765677440e+00 1.529948708264630808e+00
1.646251661553855161e+00 1.589956901310122239e+00 1.521590792280836713e+00
1.646383909338142049e+00 1.593538682826754815e+00 1.513825396659162603e+00
1.646568085126984382e+00 1.597407442044410653e+00 1.505296042348942764e+00
1.646818784831108662e+00 1.601713458129987222e+00 1.495873646319421546e+00
1.647082045049229171e+00 1.605585942999130378e+00 1.487303667671409979e+00
1.647363952412515431e+00 1.609473099066800694e+00 1.478664318803317057e+00
1.647669290261073005e+00 1.613108136798644399e+00 1.470490340117146522e+00
1.648047161592432364e+00 1.617158851205543257e+00 1.461400777197564116e+00
1.648474897940055417e+00 1.621220330294774525e+00 1.452510310934453042e+00
1.648488566769961139e+00 1.621322353054550192e+00 1.452285245553111448e+00
1.648964912607573385e+00 1.625211128293841956e+00 1.444603871506023873e+00
1.649403792363061783e+00 1.628652746291387565e+00 1.438284142236517349e+00
1.649937128347097604e+00 1.632612159814538000e+00 1.431193391593937436e+00
1.650548742254252854e+00 1.636851111474003417e+00 1.423794410711082259e+00
1.651093556486436409e+00 1.640562135679734634e+00 1.417568849486068316e+00
1.651660853966405940e+00 1.644271262624473984e+00 1.411470909861835654e+00
1.652259404274618815e+00 1.648003668214548467e+00 1.405492217762407847e+00
1.652893569792743378e+00 1.651788729429665814e+00 1.399598229054346499e+00
1.653586776327987451e+00 1.655779550352981966e+00 1.393422115142783246e+00
1.654320172311781967e+00 1.659883138222828514e+00 1.387107206038844076e+00
1.654995728870644278e+00 1.663478510194792870e+00 1.381516103747674418e+00
1.655777273025195173e+00 1.667477764434833976e+00 1.375425929336494324e+00
1.656465741900876587e+00 1.670937634934767102e+00 1.370428090411635935e+00
1.657198347325169241e+00 1.674493962044890649e+00 1.365424862031062059e+00
1.657980372154687521e+00 1.678241053955053630e+00 1.360324021496471802e+00
1.658848108562873458e+00 1.682278833415478125e+00 1.354842211096299653e+00
1.659575699230672940e+00 1.685594496619122529e+00 1.350304770257428677e+00
1.660387787172468599e+00 1.689208126733999560e+00 1.345411832635169391e+00
1.661321862223509971e+00 1.693201812520982230e+00 1.340050665018472920e+00
1.662176245793473006e+00 1.696888642312620599e+00 1.335202619298224924e+00
1.663007730782399163e+00 1.700405269408141962e+00 1.330572490760127069e+00
1.663977616753685496e+00 1.704294596448631793e+00 1.325527908109595643e+00
1.664975123568611659e+00 1.708258917214360739e+00 1.320251799530692605e+00
1.665022639941852622e+00 1.708457504856928821e+00 1.319990080165869939e+00
1.665991663726393179e+00 1.712245848379359447e+00 1.315126728122434141e+00
1.666947173089280199e+00 1.715916542416146884e+00 1.310554147853556284e+00
1.667886849527234761e+00 1.719383024621718548e+00 1.306261690927614572e+00
1.668888781903002938e+00 1.723063928277871693e+00 1.301841911317761280e+00
1.669908679825561792e+00 1.726719670855349165e+00 1.297603493429370980e+00
1.670945442518066759e+00 1.730382496222688138e+00 1.293466350896423256e+00
1.671950260454887927e+00 1.733978176821392436e+00 1.289235886452941626e+00
1.672061510212879298e+00 1.734367357971493995e+00 1.288742944873492613e+00
1.673124403801002247e+00 1.738067244445126835e+00 1.284116867772024495e+00
1.674111338470753774e+00 1.741460081672818294e+00 1.279928168698007296e+00
1.675241326465373159e+00 1.745256209764929789e+00 1.275494506592435462e+00
1.676445551428678016e+00 1.749162131897629147e+00 1.271023617342737388e+00
1.677538739721397887e+00 1.752698192508900688e+00 1.267624281535438158e+00
1.678716199135372511e+00 1.756401039137231113e+00 1.264713328514412982e+00
1.678748668968967461e+00 1.756499926903543729e+00 1.264631769769313907e+00
1.679872571217246646e+00 1.760071771978178212e+00 1.261692119010898061e+00
1.679904914416397776e+00 1.760169204723986303e+00 1.261604533020505681e+00
1.681085043897607934e+00 1.763848941222295963e+00 1.258309065090938095e+00
1.682132379260423916e+00 1.767109792827564529e+00 1.255412583827281825e+00
1.683435821768452412e+00 1.771063234212754356e+00 1.251859619903211485e+00
1.684621617011756278e+00 1.774619770483558012e+00 1.248558580424468101e+00
1.685757310012949706e+00 1.777986274594447247e+00 1.245412412731293328e+00
1.685821090612314777e+00 1.778178582715515432e+00 1.245234255264324519e+00
1.686997259154803919e+00 1.781716574271664300e+00 1.241711864931771769e+00
1.688245657025942315e+00 1.785445230453841292e+00 1.237764865030415828e+00
1.691253776529874742e+00 1.794100066307941610e+00 1.228842783096599334e+00
1.692655550117395657e+00 1.798089485772697671e+00 1.224915606354441966e+00
1.693778322026421312e+00 1.801247724534466021e+00 1.222089697321758317e+00
1.695062077348190366e+00 1.804770166427773548e+00 1.219285041449895246e+00
1.695131540105214718e+00 1.804957543905157502e+00 1.219142687658685276e+00
1.696345634075143938e+00 1.808307908583691281e+00 1.216218654065594817e+00
1.697454315910303713e+00 1.811413906239503602e+00 1.211621885123957076e+00
1.698617310056431462e+00 1.814565781832788049e+00 1.204308164712156737e+00
1.699794068524727919e+00 1.817827511464074508e+00 1.197003507409191592e+00
1.701039534872595071e+00 1.821012844659174457e+00 1.190258867108308527e+00
1.702387132720891927e+00 1.824447645905218129e+00 1.184601656213633225e+00
1.703916596129159799e+00 1.828182435344206436e+00 1.180241816665037691e+00
1.703957861306402588e+00 1.828278062564477224e+00 1.180162280779308626e+00
1.705479715506285299e+00 1.831970658639340943e+00 1.178612969499507113e+00
1.707191172697938963e+00 1.836114740952410784e+00 1.180452340811563250e+00
1.708783637172928582e+00 1.839999981354303760e+00 1.184656074864678610e+00
1.710110287488516789e+00 1.843277521133830810e+00 1.188125102574262071e+00
1.711652388714322459e+00 1.847118251683836254e+00 1.190197157656422089e+00
1.712947339955476656e+00 1.850359707077533944e+00 1.190091527213504641e+00
1.714362224364200493e+00 1.853970130387789350e+00 1.188320514823850482e+00
1.714397659197790080e+00 1.854066867159578358e+00 1.188265836515354890e+00
1.715494099367193437e+00 1.856946767644278129e+00 1.185899812186294255e+00
1.716757116889666035e+00 1.860234181153554989e+00 1.180509078773202214e+00
1.716785801170257253e+00 1.860308049922263507e+00 1.180350654210569061e+00
1.717996473492672926e+00 1.863227700789254593e+00 1.173676756278086097e+00
1.719388296698423968e+00 1.866658406947695026e+00 1.166048271849668527e+00
1.719424646867869555e+00 1.866743792626811782e+00 1.165852762771786510e+00
1.720736262912873737e+00 1.869880507973275874e+00 1.159278698555592957e+00
1.722140265266477233e+00 1.873132305672448261e+00 1.154754058591602295e+00
1.723543468960466729e+00 1.876301407554104905e+00 1.151843418686067322e+00
1.725211689230544021e+00 1.880034870214408294e+00 1.149863902165502605e+00
1.725253545355495577e+00 1.880123990884132068e+00 1.149825425161096870e+00
1.726644883888376558e+00 1.883239020158807620e+00 1.148537656430373310e+00
1.728195549679103937e+00 1.886706556654130562e+00 1.148903180105526056e+00
1.729675675600373719e+00 1.890065689676594607e+00 1.151003534132851502e+00
1.731127900220027493e+00 1.893332002755453214e+00 1.153761321744880997e+00
1.732626960539531691e+00 1.896737026556941652e+00 1.155950906751086693e+00
1.734216209771434425e+00 1.900311866497863988e+00 1.157172939228082731e+00
1.735734047240263811e+00 1.903792961950776519e+00 1.156941276764094528e+00
1.737131004751002017e+00 1.907070661756971042e+00 1.155171167639804430e+00
1.738372004749812127e+00 1.909934401883787380e+00 1.151590775495849206e+00
1.739778469447816223e+00 1.913085764664761435e+00 1.145217437437297647e+00
1.739848777130712065e+00 1.913265663846351217e+00 1.144846388664794157e+00
1.741302420019732455e+00 1.916540536552326035e+00 1.138102209680745158e+00
1.742888283411878181e+00 1.920048791248590847e+00 1.132868332762350327e+00
1.742964924773248159e+00 1.920221001942220118e+00 1.132626119263944631e+00
1.744415724195495621e+00 1.923408994585630083e+00 1.128490719217425386e+00
1.745987269102649231e+00 1.926729012206863434e+00 1.125929479223138463e+00
1.747747754590557534e+00 1.930425724734923465e+00 1.123829550139935129e+00
1.749308452347924758e+00 1.933709885709922194e+00 1.122049596708182273e+00
1.750784490410317584e+00 1.936915123929069393e+00 1.118278687082909117e+00
1.752157565524835370e+00 1.939832034252084059e+00 1.112297680371481023e+00
1.753619539466392485e+00 1.942829478170380764e+00 1.105117042409328842e+00
1.755198165418544010e+00 1.946060603576020620e+00 1.099722557128103961e+00
1.757139080591743507e+00 1.949867987878629583e+00 1.096473544438224090e+00
1.759149973597590844e+00 1.953840368079560186e+00 1.096574994605000741e+00
1.759199746922655239e+00 1.953936712882336169e+00 1.096622608185556791e+00
1.761087112092108997e+00 1.957653124345883233e+00 1.099663075824205860e+00
1.762867828696191408e+00 1.961158578510075357e+00 1.104096084672892886e+00
1.764534944349009704e+00 1.964496793228263538e+00 1.108436409156553060e+00
1.766212150356919475e+00 1.967847203690621827e+00 1.110667121246109001e+00
1.767873168476446377e+00 1.971237425849258873e+00 1.111253568730255159e+00
1.769379338336856122e+00 1.974328213291388634e+00 1.110490532475189474e+00
1.770776901697720174e+00 1.977189652305409107e+00 1.108991572258873903e+00
1.772373361130634040e+00 1.980500503326271922e+00 1.106884299100874269e+00
1.773796125161356763e+00 1.983442725640011117e+00 1.104384567162941533e+00
1.775328930748736544e+00 1.986536418592621533e+00 1.099079581661139171e+00
1.776810962485784184e+00 1.989509002863599108e+00 1.091582607270241256e+00
1.778254964915009229e+00 1.992346451535102148e+00 1.084569937916627591e+00
1.779771434905909500e+00 1.995331135845082482e+00 1.079168331457186492e+00
1.781702087967820258e+00 1.998972229847782334e+00 1.075669094240538026e+00
1.783703691515869938e+00 2.002654585092648709e+00 1.074919053395269275e+00
1.788451167564627076e+00 2.011583292710533932e+00 1.086072776645411686e+00
1.790301308330825458e+00 2.015110960127866946e+00 1.093726915467978733e+00
1.792091421482779001e+00 2.018595368321036254e+00 1.098964991947783520e+00
1.793779196751994931e+00 2.021915292522216578e+00 1.100493598665067907e+00
1.795355538651674188e+00 2.025116951781019026e+00 1.099469541072158885e+00
1.796868358535333554e+00 2.028274152391929874e+00 1.095916553820866390e+00
1.798225673821346904e+00 2.030921237588859007e+00 1.090519799646755494e+00
1.799664704802501181e+00 2.033705236598500665e+00 1.083638064642701959e+00
1.801044160711002595e+00 2.036355563505511057e+00 1.076582189986384774e+00
1.802719252475354361e+00 2.039557230221276996e+00 1.068241373397495364e+00
1.804386428295540412e+00 2.042633892555751451e+00 1.060972571529106956e+00
1.806337596994204819e+00 2.046183910704280517e+00 1.055970977278294143e+00
1.806386707016836457e+00 2.046274872217700658e+00 1.055889686871535726e+00
1.808552569467450688e+00 2.050088438496535659e+00 1.054069298922254205e+00
1.810747626474272787e+00 2.053964010053853428e+00 1.055312373847603569e+00
1.812919648127467198e+00 2.057834248498589425e+00 1.058517873312385449e+00
1.814553208759498659e+00 2.060724175608291020e+00 1.061382608576490583e+00
1.816500294896518986e+00 2.064218260038959585e+00 1.063336266830638976e+00
1.816547139510802378e+00 2.064304102330483559e+00 1.063365593098328121e+00
1.818318656532702526e+00 2.067516777604977207e+00 1.064131049433197473e+00
1.820269060352275980e+00 2.071071751030358676e+00 1.063261524036460237e+00
1.822206046300835824e+00 2.074611659270827246e+00 1.061912043794960958e+00
1.823807575063503439e+00 2.077544437749980766e+00 1.060596851374323801e+00
1.825568250087123534e+00 2.080744495898968260e+00 1.059046402922372287e+00
1.827315641047969841e+00 2.083930135457658928e+00 1.056893380602039745e+00
1.829026659599514382e+00 2.087044703052741479e+00 1.052885786724074846e+00
1.831000731187638175e+00 2.090563385070898672e+00 1.050219098743240931e+00
1.832971676615750889e+00 2.093983176567308924e+00 1.050390566824965122e+00
1.835043301466347643e+00 2.097607298444923885e+00 1.052848307565517727e+00
1.837094109522332985e+00 2.101210685876944595e+00 1.055383358205888022e+00
1.838908327523738118e+00 2.104418605346855209e+00 1.056861447944040577e+00
1.840887616927879389e+00 2.107963070689482077e+00 1.056633782287011991e+00
1.840935357786854132e+00 2.108048510149764798e+00 1.056590422129838336e+00
1.842539944410720887e+00 2.110933521630223630e+00 1.054353532096960366e+00
1.842624064624986513e+00 2.111091613190161365e+00 1.054147009447469419e+00
1.844507726993779961e+00 2.114444582937654360e+00 1.049118959127923967e+00
1.846240335903552188e+00 2.117570012879064212e+00 1.043814993062111673e+00
1.848175753059004833e+00 2.120977609782380924e+00 1.038761205384830744e+00
1.850155215626905658e+00 2.124389983048614816e+00 1.035020661104852913e+00
1.851902133975732001e+00 2.127384544609163708e+00 1.032681774760043192e+00
1.853847117778393949e+00 2.130648298801281371e+00 1.031498415918373546e+00
1.856114126188706859e+00 2.134435923999348006e+00 1.032425815394381274e+00
1.858161868911515580e+00 2.137882587778444865e+00 1.033864053495562096e+00
1.860156814395345748e+00 2.141222224480857861e+00 1.035153820792456436e+00
1.862346202010675800e+00 2.144930112827298174e+00 1.035512452356441848e+00
1.864272075592305677e+00 2.148203479447684749e+00 1.035202499559263911e+00
1.864324456393486429e+00 2.148288924217015783e+00 1.035180889723216646e+00
1.866256252558998074e+00 2.151622755381598751e+00 1.033874532390427925e+00
1.868064470741220839e+00 2.154704487451167161e+00 1.032374503815680411e+00
1.869849720100912105e+00 2.157762403267002860e+00 1.030397021095734722e+00
1.871454286682716184e+00 2.160493361975948545e+00 1.026659281462291462e+00
1.873265381139106012e+00 2.163556752582919351e+00 1.021826003666781224e+00
1.875313872882362398e+00 2.166909905838774186e+00 1.016789387768268105e+00
1.879998592802565760e+00 2.174640708861283578e+00 1.008164472213775031e+00
1.881907160840500248e+00 2.177702017487626485e+00 1.005406955403959079e+00
1.884064413837866603e+00 2.181083729801426951e+00 1.004673384571302064e+00
1.886420091937931254e+00 2.184799099182770377e+00 1.006689920532581217e+00
1.888417932320422210e+00 2.187966464341966955e+00 1.008395213854525796e+00
1.890345367492623385e+00 2.191021082815426180e+00 1.009662144075342383e+00
1.892445475099057361e+00 2.194353110363971737e+00 1.009764754979526558e+00
1.892500333338323459e+00 2.194436000876343495e+00 1.009755130144473600e+00
1.894539524107160311e+00 2.197718722728348340e+00 1.009014322576901712e+00
1.896634382910358907e+00 2.201104536880811313e+00 1.007435936771664320e+00
1.898517165817812158e+00 2.204124966526907148e+00 1.005844929296020540e+00
1.900527726934750028e+00 2.207408285291671213e+00 1.003225553998831288e+00
1.902335038695007308e+00 2.210287951657652794e+00 9.992360482945691347e-01
1.904203879688306955e+00 2.213234072966174359e+00 9.947930198832781734e-01
1.904257869368875200e+00 2.213317113590775875e+00 9.946904669025049550e-01
1.906342268623035352e+00 2.216573620868111938e+00 9.921774556294995495e-01
1.906622132342350673e+00 2.216996603773118579e+00 9.920906604077154300e-01
1.909067213366991478e+00 2.220734598055792652e+00 9.927021192367487812e-01
1.911324307440001702e+00 2.224182529310779088e+00 9.945117566141730148e-01
1.913355974382537239e+00 2.227304479343303001e+00 9.958354087189117410e-01
1.915164535718645977e+00 2.230108377308151368e+00 9.962705217222229681e-01
1.917174200692588926e+00 2.233274829979789100e+00 9.952188854943103680e-01
1.917222022327502939e+00 2.233358105004687566e+00 9.951654026398691899e-01
1.919057632212200160e+00 2.236234898678469030e+00 9.923195905110537840e-01
1.920782172154921419e+00 2.238939312941309545e+00 9.886115244154486392e-01
1.922587830553011079e+00 2.241742445931789618e+00 9.849767757964503767e-01
1.924457885430068904e+00 2.244632831496191194e+00 9.818847396014345197e-01
1.926473399865697544e+00 2.247691105638709885e+00 9.793228051036426685e-01
1.928524020673520800e+00 2.250779281992867809e+00 9.771313956159771719e-01
1.930444537250679549e+00 2.253640680577105648e+00 9.755932483065808958e-01
1.932720418568411036e+00 2.257008011783128154e+00 9.748777818224358960e-01
1.932775868050166990e+00 2.257090340612728507e+00 9.748629135923767564e-01
1.934739202582101747e+00 2.259980770797616501e+00 9.742947495530120960e-01
1.936959275089681132e+00 2.263235111331934668e+00 9.734417918754637578e-01
1.937013890941658101e+00 2.263317385256073511e+00 9.734237412471510309e-01
1.939050172705132136e+00 2.266298674073896180e+00 9.723626770219222504e-01
1.940932474668197960e+00 2.269051801788572575e+00 9.712245193530431031e-01
1.942800024496595945e+00 2.271796706518230291e+00 9.699316214696016569e-01
1.944998925494075603e+00 2.275017710957512040e+00 9.683802977530803213e-01
1.945054229278901481e+00 2.275103659549952528e+00 9.683421456874499178e-01
1.947006241329983123e+00 2.278007040654964399e+00 9.665863986106338901e-01
1.948762450439982974e+00 2.280632127910384277e+00 9.639953876648525988e-01
1.950712284035189148e+00 2.283493472614749109e+00 9.607015580005902056e-01
1.952895988187116183e+00 2.286684007093650273e+00 9.573972311627239051e-01
1.955098774037671738e+00 2.289808841212203738e+00 9.552616968663274477e-01
1.957042569168045532e+00 2.292560901427266984e+00 9.549324726046160006e-01
1.959085956711090759e+00 2.295473808520847925e+00 9.550813553816190904e-01
1.959144454001990665e+00 2.295556436434247338e+00 9.550913997696575120e-01
1.961067510912842371e+00 2.298259769208314651e+00 9.548970304445634216e-01
1.963208596860666733e+00 2.301295845104620597e+00 9.543128999869625595e-01
1.965303609620645986e+00 2.304251255480860294e+00 9.533561630252204155e-01
1.965362412809580350e+00 2.304331240888178201e+00 9.533243092366229243e-01
1.967220086390981226e+00 2.306959252489816592e+00 9.518772632136403011e-01
1.969053816981772398e+00 2.309584200462081682e+00 9.495497601836301316e-01
1.970610938297790105e+00 2.311783306272327199e+00 9.474377255787215235e-01
1.971281258029291772e+00 2.312736251682963928e+00 9.465205403038606802e-01
1.973206956710269466e+00 2.315481427838862238e+00 9.440998067470464106e-01
1.975116323751758829e+00 2.318156393615889321e+00 9.419373049152525157e-01
1.977421633067999229e+00 2.321417510464540257e+00 9.395469449368670789e-01
1.979464191976037624e+00 2.324215317435127215e+00 9.381103210476833265e-01
1.981616949879849043e+00 2.327154091489648469e+00 9.374730812009255398e-01
1.983600992574257704e+00 2.329865308192326623e+00 9.368237524128414373e-01
1.985603022713109622e+00 2.332625415142953962e+00 9.356293923838484572e-01
1.987639568824958625e+00 2.335456542920802292e+00 9.337479449387450225e-01
1.989577680537025328e+00 2.338113200534405856e+00 9.318683200817992063e-01
1.991694518068484188e+00 2.341010394814180717e+00 9.297815613327892192e-01
1.993817546048003875e+00 2.343903052951621824e+00 9.277446143704509707e-01
1.996124180649332613e+00 2.347048980782957539e+00 9.255709776000071720e-01
1.998138624652173290e+00 2.349786168290775024e+00 9.237082289096494314e-01
2.000263450331095427e+00 2.352677632380819173e+00 9.218117319927889852e-01
2.002237323055434448e+00 2.355323092482906056e+00 9.200915424225910577e-01
2.004233741255106338e+00 2.357964267592608465e+00 9.185267016168727761e-01
2.010266549153410409e+00 2.365854916702842203e+00 9.136523678798099679e-01
2.012581088050446443e+00 2.368889711744806448e+00 9.118539301563092225e-01
2.012642598987974374e+00 2.368968438181403791e+00 9.118080607001685101e-01
2.015069073994465221e+00 2.372137444298573872e+00 9.098241426215072369e-01
2.017203904098388012e+00 2.374915968240294717e+00 9.079177693516015113e-01
2.019675994160994303e+00 2.378170244459362870e+00 9.056967759109827432e-01
2.021863669188830759e+00 2.381035590595169005e+00 9.037244823911223524e-01
2.024044700136027775e+00 2.383891121036151084e+00 9.016498671855097680e-01
2.026401540658526734e+00 2.386929974481768468e+00 8.989223771378250794e-01
2.026522947984145340e+00 2.387085030170037925e+00 8.987809458660646067e-01
2.028859895860432250e+00 2.390063938374349384e+00 8.962952445432151860e-01
2.030946543369351875e+00 2.392678176284100733e+00 8.948468088481061899e-01
2.033140729060063379e+00 2.395423220434965028e+00 8.932368463641430223e-01
2.035565070062323123e+00 2.398435077963017026e+00 8.915878300733540707e-01
2.038071437128726071e+00 2.401577386776291068e+00 8.897867663785165027e-01
2.038130804792831707e+00 2.401657856598357732e+00 8.897377764371099396e-01
2.040538187196268893e+00 2.404688023572777666e+00 8.873954057653107297e-01
2.042871502247952886e+00 2.407634642648894818e+00 8.848185308792748671e-01
2.045359570269527971e+00 2.410738490036520076e+00 8.820590411630370165e-01
2.047417690888451602e+00 2.413299284403233713e+00 8.797396217349836567e-01
2.047477313728783610e+00 2.413378360756572860e+00 8.796734418798973776e-01
2.049674567256579927e+00 2.416074704576280485e+00 8.773492226783796699e-01
2.052059384623918348e+00 2.419004600052744536e+00 8.748681193224897568e-01
2.054583523333529005e+00 2.422088536225300182e+00 8.723323246893232019e-01
2.057045099821347645e+00 2.425044174120701612e+00 8.703361024718466732e-01
2.059444347860134972e+00 2.427896352572627592e+00 8.691275105869078477e-01
2.061695636221323458e+00 2.430572441444734277e+00 8.677381845376280767e-01
2.064050378783896633e+00 2.433372107252750105e+00 8.656106317014689022e-01
2.066141116948772005e+00 2.435900770691069805e+00 8.634810828031118657e-01
2.068676671895076868e+00 2.438943833921807247e+00 8.608720332467976188e-01
2.068739312903569605e+00 2.439018711092729497e+00 8.608070019034015363e-01
2.071307154595438682e+00 2.442043057213541424e+00 8.581656707069095225e-01
2.073889817125321500e+00 2.445059867403398535e+00 8.555804586912653109e-01
2.076228802345452706e+00 2.447799137656671675e+00 8.531629509340882267e-01
2.079010554971976621e+00 2.451048034238954898e+00 8.502795298146034186e-01
2.081410749169686270e+00 2.453798557313889184e+00 8.480989647226198080e-01
2.083860091498419997e+00 2.456600461939840052e+00 8.462117087630280921e-01
2.086357526564484477e+00 2.459458549452669729e+00 8.439586702605843538e-01
2.089047689187852885e+00 2.462544421111185322e+00 8.414783342722949033e-01
2.089112412241018291e+00 2.462618876021736902e+00 8.414156061386919294e-01
2.091347115004070112e+00 2.465180146246571447e+00 8.392750433158653323e-01
2.093802920167979753e+00 2.467963462709180433e+00 8.368283217042689071e-01
2.096182360067043060e+00 2.470660400121205136e+00 8.344789388970544897e-01
2.098642010914714806e+00 2.473421678957627101e+00 8.320735379361430262e-01
2.101112099297732350e+00 2.476176131255947155e+00 8.296808197877372226e-01
2.103704830360063838e+00 2.479063364295305938e+00 8.271953350908358704e-01
2.103772407935255551e+00 2.479136050678458325e+00 8.271273771704450439e-01
2.106469933892744173e+00 2.482098867005704257e+00 8.246695313597330879e-01
2.108887157410354263e+00 2.484759971467616069e+00 8.224860238102699173e-01
2.111386710615529072e+00 2.487465173231615090e+00 8.202350037055301524e-01
2.114172356579067547e+00 2.490465083830288862e+00 8.176763711768708642e-01
2.116890943541512193e+00 2.493380832079678644e+00 8.151300220606132463e-01
2.119264021171774370e+00 2.495932314127872864e+00 8.128507511240349315e-01
2.119331302390471627e+00 2.496002225028398414e+00 8.127861372803683038e-01
2.121710092470764586e+00 2.498534545530029849e+00 8.105151413370491609e-01
2.124221391473243070e+00 2.501210143719464707e+00 8.080524398732897851e-01
2.124290013321624038e+00 2.501283287334663097e+00 8.079844011658700031e-01
2.126751591926308471e+00 2.503945449430015735e+00 8.052742389754202756e-01
2.129195352430647059e+00 2.506515855106322022e+00 8.011047967105637824e-01
2.135311747051538589e+00 2.512866107839489160e+00 7.933512361067065477e-01
2.137845215918090513e+00 2.515466818132729543e+00 7.911837057403006135e-01
2.140601673170652752e+00 2.518273814821250234e+00 7.891683890330136730e-01
2.140674329678873278e+00 2.518345580747414214e+00 7.891221378207325943e-01
2.143010009958489448e+00 2.520697452799590010e+00 7.875261368187840283e-01
2.145791133214915103e+00 2.523470287838331494e+00 7.854715467962311015e-01
2.148329397959781062e+00 2.526031908524439817e+00 7.835042071651133755e-01
2.151009829827556175e+00 2.528731461631997579e+00 7.812761319174704733e-01
2.153752343639612654e+00 2.531494819485421210e+00 7.781067276421079759e-01
2.156492146988226999e+00 2.534197461506823679e+00 7.736605434026562200e-01
2.156631976351087054e+00 2.534337795728522913e+00 7.734894890619767871e-01
2.159211088088651032e+00 2.536878059819594355e+00 7.710961191759412303e-01
2.161790500108900837e+00 2.539400384049538495e+00 7.691421331806961303e-01
2.164515603966004953e+00 2.542056852933658462e+00 7.670222025547743794e-01
2.167165611516542523e+00 2.544636388501752222e+00 7.648668053827823998e-01
2.169669140697850551e+00 2.547064413380446979e+00 7.627303250268321344e-01
2.172335823579601310e+00 2.549620854830608963e+00 7.602602199375954051e-01
2.174996501206598598e+00 2.552164814905133028e+00 7.576790832232478401e-01
2.177566943031282509e+00 2.554646584333966963e+00 7.551627584701722240e-01
2.180145686039118402e+00 2.557139059714776952e+00 7.520234403089579578e-01
2.182941869609304586e+00 2.559814300552599953e+00 7.478798264355828174e-01
2.185478527161913931e+00 2.562206232881859336e+00 7.450857711749507839e-01
2.188174989483911759e+00 2.564712541943306334e+00 7.424691016821756140e-01
2.188248942576092926e+00 2.564781337518637905e+00 7.424010481995234612e-01
2.191091939111321718e+00 2.567426522956495649e+00 7.397024922393953261e-01
2.193655820586932759e+00 2.569795185456021258e+00 7.372778919000918529e-01
2.196575768541800588e+00 2.572491122311518108e+00 7.344431302685578977e-01
2.199275771967806659e+00 2.574969833196353086e+00 7.318072019890843327e-01
2.202009570012766204e+00 2.577430587186872124e+00 7.291202255556353817e-01
2.204661343627701164e+00 2.579832639684858986e+00 7.264010187729467161e-01
2.207426719705683382e+00 2.582361214710729769e+00 7.233834817512110327e-01
2.210118929723896564e+00 2.584816367054590724e+00 7.202444426713047188e-01
2.212982591655936027e+00 2.587399267593100127e+00 7.168565869483163322e-01
2.213057225227712976e+00 2.587467627836089967e+00 7.167683537846437636e-01
2.215577597066528348e+00 2.589694728856673400e+00 7.138593088977173151e-01
2.218194266616075438e+00 2.591994056840006166e+00 7.108076713150285331e-01
2.221166396564679513e+00 2.594624556746345956e+00 7.074723365368501549e-01
2.224148862569283125e+00 2.597225671955835313e+00 7.041870357086638110e-01
2.227174295331802778e+00 2.599818129225446306e+00 7.009574300654995982e-01
2.227249612713107840e+00 2.599878936231476256e+00 7.008767858071777157e-01
2.230073950028453211e+00 2.602294747811936482e+00 6.982597993316852492e-01
2.233002581433033207e+00 2.604736407887780825e+00 6.977079778448667113e-01
2.235761875033204227e+00 2.607071906725325405e+00 6.976342975044854677e-01
2.238506246358947127e+00 2.609431997388264257e+00 6.952386013363339723e-01
2.241142023823973428e+00 2.611705915248185850e+00 6.911166356891493834e-01
2.243718580556362419e+00 2.613868053127368363e+00 6.862364409856051006e-01
2.246242025685629251e+00 2.615956062193208087e+00 6.812131994207590857e-01
2.249201739026346125e+00 2.618418645920766785e+00 6.759890948405885558e-01
2.252031593643198715e+00 2.620747818911856708e+00 6.717385103260851142e-01
2.254823598781501293e+00 2.623014423121374783e+00 6.681435740636236797e-01
2.257739353442679953e+00 2.625324742160848324e+00 6.654443048796987448e-01
2.261197712814474681e+00 2.628056648376396964e+00 6.650777033127853732e-01
2.263996058475506334e+00 2.630260978312238596e+00 6.651282429843442534e-01
2.264075956779512122e+00 2.630326328686414250e+00 6.651057502627298890e-01
2.267050539059490166e+00 2.632686165724021699e+00 6.628709497888845004e-01
2.269589491994355335e+00 2.634719154493868842e+00 6.586179457691817563e-01
2.272155134633728313e+00 2.636771793249808038e+00 6.531772588396422830e-01
2.274785486674786306e+00 2.638821210307190412e+00 6.476758294575813979e-01
2.282310903984240635e+00 2.644580259978394743e+00 6.343452450248450170e-01
2.285387375006147970e+00 2.646861639452935400e+00 6.295603607684964187e-01
2.288156551307209075e+00 2.648887807811583173e+00 6.261390652501992449e-01
2.291101735655302285e+00 2.650978314538209535e+00 6.246880812509943981e-01
2.294508407742689826e+00 2.653456556307165926e+00 6.256774285719172157e-01
2.294594814616430778e+00 2.653519892022391247e+00 6.257159912532381796e-01
2.297479035760336963e+00 2.655614607555812245e+00 6.265771584324272281e-01
2.300040913845617929e+00 2.657476524419660535e+00 6.255122545000365575e-01
2.300118468483305811e+00 2.657535279418246965e+00 6.254502468899790779e-01
2.303192439329372565e+00 2.659794565135797484e+00 6.223232955191094762e-01
2.305989716036079162e+00 2.661847256515462057e+00 6.193138911706398408e-01
2.308786963873925568e+00 2.663873122990574771e+00 6.163140243634362969e-01
2.311673367638185983e+00 2.665942814880598366e+00 6.131350782867563964e-01
2.314569186350262431e+00 2.668008455236080767e+00 6.099383190667601040e-01
2.317722230482054169e+00 2.670237272139388551e+00 6.064636010209190076e-01
2.320555415824971934e+00 2.672233062649843838e+00 6.033664923959772830e-01
2.323515789987926627e+00 2.674319348756176495e+00 6.001303888730821212e-01
2.326997688590156876e+00 2.676737784585194735e+00 5.963838416394446895e-01
2.329905643927459913e+00 2.678758124869254686e+00 5.931801318085982988e-01
2.332754768256998013e+00 2.680731649890085055e+00 5.894963284315494212e-01
2.335388066469783030e+00 2.682539221150086028e+00 5.851765516277254164e-01
2.338196640003220583e+00 2.684431570090624941e+00 5.803118058561275161e-01
2.341296813858868564e+00 2.686492408351304206e+00 5.752885591772296525e-01
2.344320022959375915e+00 2.688500207675169840e+00 5.708047334053341082e-01
2.347548460080837174e+00 2.690600799353608075e+00 5.666141811848433019e-01
2.350567497712019449e+00 2.692531272013916510e+00 5.631931682026373176e-01
2.353671594281486090e+00 2.694494433619539109e+00 5.598901816391880226e-01
2.356512957487760129e+00 2.696271242474121532e+00 5.575128811792290362e-01
2.359968425859270358e+00 2.698425637859433124e+00 5.571950365956274132e-01
2.360058421183847344e+00 2.698482815816135361e+00 5.572038183084283558e-01
2.363634896274073860e+00 2.700717270368174550e+00 5.577334306130969921e-01
2.367061205409027647e+00 2.702854869119710735e+00 5.575587318018300209e-01
2.370286844778704438e+00 2.704877109429012272e+00 5.569943656086999706e-01
2.373562512771189681e+00 2.706982781591882770e+00 5.540249558488545834e-01
2.373641425269889194e+00 2.707033162706576679e+00 5.539142615906159639e-01
2.376382167546545521e+00 2.708746371990581991e+00 5.489053963782972723e-01
2.379121516935338132e+00 2.710383091879119632e+00 5.415598723287470273e-01
2.379438660554791696e+00 2.710584564171963251e+00 5.407174423469023328e-01
2.382902383675479463e+00 2.712674689453715260e+00 5.326919606988136380e-01
2.386139395832137744e+00 2.714613387487708529e+00 5.276566734174472639e-01
2.389139232558306958e+00 2.716376740555356051e+00 5.240851264533471499e-01
2.392426093339308224e+00 2.718280614729850164e+00 5.209755949724909074e-01
2.395620693126747636e+00 2.720114640130671280e+00 5.181479851357653210e-01
2.398558714406478387e+00 2.721798911422250278e+00 5.155028710151824400e-01
2.401576121951370268e+00 2.723523388968569492e+00 5.126687963491602940e-01
2.404588441396955378e+00 2.725253796446943433e+00 5.096981829454875212e-01
2.407499225296600098e+00 2.726861694411453207e+00 5.074919714786823022e-01
2.410469467816177325e+00 2.728527712280443218e+00 5.061193527837958284e-01
2.413269818707243886e+00 2.730112193000000964e+00 5.029268362453845898e-01
2.416020107839451203e+00 2.731650163233659612e+00 4.979226922129584842e-01
2.418914250451899228e+00 2.733254334280456277e+00 4.917962449153938653e-01
2.422471281740513405e+00 2.735197779685369035e+00 4.848320548556501741e-01
2.425555377476884544e+00 2.736832094499614065e+00 4.793193868544607938e-01
2.428756862978688424e+00 2.738534910563001468e+00 4.746803572751203126e-01
2.432156600046959660e+00 2.740286003021093375e+00 4.710382458525366745e-01
2.435862831376907955e+00 2.742157928673780720e+00 4.697815108619886604e-01
2.439074143856157395e+00 2.743790653083204134e+00 4.699890849236317281e-01
2.442475975867074212e+00 2.745547692935729422e+00 4.695807742074927238e-01
2.445871666791060051e+00 2.747253547401196982e+00 4.681641106378664485e-01
2.449445261368250915e+00 2.749052787623091465e+00 4.655202519438876307e-01
2.453064445875470234e+00 2.750875601213591093e+00 4.621116301521941416e-01
2.453153468290198091e+00 2.750920925824479557e+00 4.620247746460416360e-01
2.456837182628444971e+00 2.752802004000878711e+00 4.575106242865524253e-01
2.459644640605130217e+00 2.754211052372090407e+00 4.520411787807671056e-01
2.467354113093647161e+00 2.757952413709218398e+00 4.352170583008098115e-01
2.470821432269342477e+00 2.759611889126830864e+00 4.281949805336485171e-01
2.474074371547754669e+00 2.761129883284503705e+00 4.223881079933217153e-01
2.477240764443816801e+00 2.762549447726434515e+00 4.186234637569345440e-01
2.477333402757594616e+00 2.762593792246752056e+00 4.185385689129761388e-01
2.480414888914121541e+00 2.763938858760765171e+00 4.166696443144106143e-01
2.484267509364805449e+00 2.765656144311861464e+00 4.171753659717865603e-01
2.487276720427323617e+00 2.766992058233439522e+00 4.183091514128594035e-01
2.490730928325343374e+00 2.768527548776977376e+00 4.186060905096740670e-01
2.494090757719283236e+00 2.770028287372381826e+00 4.174620607201882660e-01
2.497435158593223736e+00 2.771522948070956005e+00 4.150126806291019599e-01
2.500762934075675847e+00 2.773028254022153138e+00 4.119163017838714524e-01
2.504294823011969484e+00 2.774615795958911946e+00 4.080596999968845728e-01
2.504383790127065801e+00 2.774659629566196273e+00 4.079553395392693238e-01
2.507838344991517587e+00 2.776146225472058582e+00 4.049097501849162062e-01
2.511248963052024497e+00 2.777598156605125546e+00 4.040425924230661714e-01
2.514748215917395058e+00 2.779106909536992021e+00 4.034317652504355034e-01
2.514839657942546491e+00 2.779147000704250026e+00 4.033859020284830121e-01
2.518198349658055335e+00 2.780649840043783350e+00 4.005649631759961027e-01
2.521360474211186808e+00 2.782077860860792562e+00 3.954609383576197512e-01
2.521436760170837399e+00 2.782113145453141811e+00 3.953111644649040524e-01
2.524768270752771659e+00 2.783483073086680637e+00 3.872270471545030124e-01
2.528302230703134867e+00 2.784973379468334898e+00 3.783252288669423646e-01
2.528391428038406552e+00 2.785006288891537896e+00 3.780862033951772339e-01
2.531912794480500661e+00 2.786423922436097378e+00 3.695416674260603718e-01
2.535568140343658072e+00 2.787871482864468842e+00 3.638094283046335864e-01
2.539233931897371122e+00 2.789262919013574482e+00 3.597745249670915024e-01
2.542518625467300897e+00 2.790485853212833156e+00 3.571827809908850737e-01
2.545691781264416864e+00 2.791659964514994652e+00 3.549633368412996592e-01
2.548868075742093620e+00 2.792849950191013342e+00 3.525924462888277988e-01
2.552316560614703356e+00 2.794119661456661241e+00 3.497383289020050134e-01
2.555592474204983144e+00 2.795315891011483700e+00 3.468767537266250200e-01
2.559039397181256170e+00 2.796540820941604721e+00 3.445892809328252038e-01
2.562343885227829965e+00 2.797712088371492101e+00 3.442850827150995552e-01
2.565557828219647618e+00 2.798874234679046502e+00 3.442975915076418314e-01
2.569030889421074715e+00 2.800121997795233852e+00 3.436464639091422191e-01
2.572557411571370523e+00 2.801379930452941203e+00 3.417888000669049853e-01
2.576317944391555148e+00 2.802727213675134443e+00 3.390059919428226043e-01
2.576409731214146070e+00 2.802760706776575184e+00 3.389214872428337744e-01
2.579778624096474626e+00 2.803991015763926065e+00 3.342142071302732220e-01
2.583149323165849331e+00 2.805192462417736898e+00 3.267199173165384884e-01
2.586254859030940878e+00 2.806229963595488819e+00 3.188958502459495747e-01
2.589603577036804438e+00 2.807408386212089102e+00 3.107911684519433781e-01
2.592988857778215639e+00 2.808553599606556261e+00 3.035399103267812926e-01
2.596406497218393117e+00 2.809666948092102601e+00 2.977412386323182170e-01
2.599935455592564892e+00 2.810759681524117148e+00 2.930057196353311744e-01
2.600032491131395673e+00 2.810788216436091780e+00 2.928892466307885800e-01
2.603821188034321388e+00 2.811918942398618615e+00 2.888184909187992422e-01
2.607589658654883014e+00 2.813023814674633361e+00 2.861237850676426886e-01
2.607689248519891922e+00 2.813051115186516959e+00 2.860847593816946977e-01
2.611094467038729050e+00 2.814064350173697271e+00 2.852496260738331402e-01
2.614941556947680823e+00 2.815194708366164811e+00 2.844598940378491592e-01
2.618584132678704712e+00 2.816252906178187132e+00 2.831713438299398033e-01
2.622312640190147981e+00 2.817350160677156268e+00 2.808915514363127253e-01
2.622406614501220368e+00 2.817383206997262413e+00 2.808302980163940865e-01
2.625950840532714547e+00 2.818402608567023293e+00 2.779345196236043258e-01
2.630161012793088116e+00 2.819624573485903340e+00 2.737505703234156540e-01
2.633733615800570860e+00 2.820638442426554260e+00 2.705607523463349762e-01
2.637526198250505161e+00 2.821684697325538060e+00 2.690655151491734287e-01
2.637625181230116134e+00 2.821708534085894726e+00 2.690405792497311821e-01
2.641492340273736694e+00 2.822767868779541445e+00 2.677527288543555817e-01
2.651058710570091570e+00 2.825388075646185992e+00 2.636731561550676450e-01
2.654348443790664813e+00 2.826269151673300506e+00 2.620494328730191280e-01
2.658126476428658957e+00 2.827333072483478205e+00 2.589356123665887410e-01
2.660808799685546955e+00 2.828066642435152822e+00 2.551268101624495355e-01
2.664007315518765573e+00 2.828915463368279148e+00 2.478513568912449894e-01
2.667976781076950576e+00 2.829941258285816552e+00 2.383036603791320041e-01
2.671701538024367828e+00 2.830867640142159303e+00 2.293817635999934601e-01
2.675551044991477667e+00 2.831805468400315107e+00 2.206830081629551077e-01
2.679075648546108468e+00 2.832632669052251195e+00 2.133492048815966990e-01
2.682484063464021684e+00 2.833388660825101546e+00 2.077348418275885567e-01
2.686193177272965471e+00 2.834153049720520734e+00 2.042144369867143205e-01
2.689879063723194186e+00 2.834905962484748798e+00 2.024978947242259131e-01
2.693608353365474883e+00 2.835673173770464572e+00 2.013239595182649277e-01
2.697039925196206944e+00 2.836369599330538449e+00 1.998992844680772540e-01
2.700871225550911969e+00 2.837148497442279815e+00 1.975455325681134688e-01
2.700969833376035911e+00 2.837169789934991471e+00 1.974793963317935941e-01
2.704457580360633884e+00 2.837867225933276227e+00 1.950927400119590316e-01
2.708640302865179095e+00 2.838678670273050209e+00 1.935522930298892441e-01
2.712787196853921667e+00 2.839499578557735937e+00 1.918691168730592145e-01
2.716525151158509566e+00 2.840237246255606696e+00 1.898183186050515781e-01
2.720154456751588956e+00 2.840945256475669201e+00 1.871956142360602926e-01
2.723651169236953606e+00 2.841637233679700447e+00 1.842578171560962097e-01
2.727425199897187014e+00 2.842370592121347350e+00 1.807977524972258776e-01
2.727521665833474884e+00 2.842387599648377616e+00 1.807054464689890061e-01
2.731191621039641415e+00 2.843069019729423275e+00 1.776907469217176849e-01
2.734678281756006690e+00 2.843687437441305477e+00 1.760949999753823325e-01
2.738245468946881367e+00 2.844314881618205781e+00 1.744420230356961143e-01
2.741909953992077931e+00 2.844976427960274723e+00 1.724629405057824805e-01
2.745553177870062367e+00 2.845627308712395553e+00 1.700714804288513682e-01
2.748887763313893728e+00 2.846231923910628403e+00 1.674288248541494772e-01
2.752501205969109854e+00 2.846878057978418308e+00 1.643122786941973446e-01
2.756011373406948906e+00 2.847485944885566500e+00 1.610421258298759817e-01
2.759582105259137386e+00 2.848064411106104643e+00 1.584469388797292155e-01
2.763211624253039123e+00 2.848647075001931483e+00 1.565894484303250178e-01
2.766906802785695341e+00 2.849216430827719471e+00 1.546902253257787241e-01
2.770369681933464001e+00 2.849754209009952355e+00 1.526048874159000035e-01
2.774108982881694274e+00 2.850362901381253700e+00 1.499882924276871587e-01
2.778043920210118145e+00 2.850969574918432947e+00 1.469845493811167969e-01
2.778142937994812378e+00 2.850985206286405393e+00 1.469074155169553808e-01
2.781599687863212544e+00 2.851535867689673598e+00 1.431115796874504742e-01
2.784731906612973873e+00 2.851999132352328825e+00 1.375329244443685706e-01
2.788006102047609680e+00 2.852474075396864706e+00 1.302490554402928324e-01
2.791395376650880333e+00 2.852943609264826819e+00 1.222540784155714128e-01
2.794947744703601966e+00 2.853411688711697813e+00 1.136898664066753190e-01
2.798695087818932059e+00 2.853838831839698109e+00 1.051917182234038822e-01
2.798792286347129288e+00 2.853851430171888470e+00 1.049840940959383961e-01
2.802437389317582017e+00 2.854251149576243041e+00 9.838878615702591202e-02
2.806266801154356116e+00 2.854629098708909574e+00 9.366316946384356523e-02
2.810478642719879794e+00 2.855008293831404309e+00 8.941294163494467595e-02
2.814677012247956078e+00 2.855376578088318240e+00 8.697228594685635361e-02
2.818155755895332071e+00 2.855674998383789465e+00 8.542284497821486799e-02
2.822143811962440907e+00 2.856032281464912170e+00 8.345639214908213976e-02
2.822244122589988358e+00 2.856037673952595224e+00 8.340366390823387988e-02
2.825914636953585468e+00 2.856345477499105279e+00 8.100904097282406180e-02
2.829479977950406067e+00 2.856631299274435598e+00 7.842534114000832002e-02
2.833010948081621017e+00 2.856907914061668663e+00 7.620977256940963951e-02
2.836479507956186197e+00 2.857165826838826472e+00 7.433637042365827396e-02
2.839892336607838352e+00 2.857423653379515649e+00 7.223394297502669370e-02
2.844001295087509096e+00 2.857704159626522689e+00 6.935742769092603788e-02
2.848103563083457690e+00 2.857992836900763223e+00 6.624803661127401377e-02
2.848204580848855194e+00 2.857999802505171161e+00 6.616395543216667396e-02
2.852287249049039186e+00 2.858271658793270831e+00 6.296145225816876523e-02
2.856076229036874192e+00 2.858505001923438371e+00 5.995728297054263300e-02
2.860162864960158924e+00 2.858738892877212834e+00 5.737243731468100877e-02
2.863760259134719988e+00 2.858946770453226094e+00 5.525759733893935433e-02
2.872936814144515072e+00 2.859423214713426198e+00 4.945730173385810141e-02
2.873034688006792070e+00 2.859428637962422748e+00 4.939779433626022287e-02
2.876706947472807752e+00 2.859621380868943241e+00 4.679339510823832260e-02
2.880660206533149026e+00 2.859811186242022352e+00 4.357553980839324465e-02
2.884659399698489501e+00 2.860009113731720731e+00 4.054258711540938143e-02
2.888446610380174917e+00 2.860181841834156025e+00 3.796618015967765519e-02
2.892338245896791005e+00 2.860334340217976834e+00 3.527893862142550407e-02
2.896011231870283531e+00 2.860458100967615103e+00 3.260117511783009597e-02
2.899268910779032815e+00 2.860592179882747832e+00 3.020645754243117195e-02
2.902630837832666177e+00 2.860703319030124092e+00 2.764771664954590591e-02
2.906182368964238538e+00 2.860825507029612247e+00 2.486215306484088408e-02
2.909668443925462089e+00 2.860927256747785918e+00 2.235815977756864734e-02
2.913031767220235935e+00 2.861018011861198751e+00 2.009112810475788616e-02
2.916690339994853165e+00 2.861107668869252940e+00 1.753714415699105314e-02
2.920153915979722292e+00 2.861176351319797639e+00 1.505341047615736325e-02
2.923494363711021116e+00 2.861260095629495126e+00 1.255181737044659511e-02
2.926847759087836565e+00 2.861329560102529257e+00 9.966647334526687954e-03
2.930482923205614654e+00 2.861400332773989863e+00 7.135897236258102912e-03
2.934329673274750583e+00 2.861465592515840761e+00 4.217565082703359294e-03
2.934428227026210756e+00 2.861464395196557486e+00 4.147249772424843259e-03
2.938177446758825084e+00 2.861508158437973570e+00 1.430682487785857673e-03
2.942109692541581278e+00 2.861536485505513649e+00 -1.445931739791434401e-03
2.945929711836919651e+00 2.861560263486938815e+00 -4.257075362296003883e-03
2.946028840327220788e+00 2.861561539039306989e+00 -4.330114444227605580e-03
2.949543372159178389e+00 2.861571197354902729e+00 -6.991336029088968985e-03
2.952967902409794121e+00 2.861574833789896743e+00 -9.650606348810998256e-03
2.956414327533530617e+00 2.861568282747863012e+00 -1.237037883544091395e-02
2.959833654930283053e+00 2.861545080525155882e+00 -1.488207502567661170e-02
2.963667566317757185e+00 2.861501851581830014e+00 -1.767732288391912765e-02
2.967492295932107282e+00 2.861466379457058284e+00 -2.051024240123006451e-02
2.971319199458045901e+00 2.861416189893660089e+00 -2.340562310650140879e-02
2.975221296889259293e+00 2.861349707887185900e+00 -2.636301702237316830e-02
