3.000312218352181315e+00 2.700484281914484986e-04 -7.085453420686988737e-04
3.000420606027465187e+00 4.048645613659820788e-04 -9.553055522389164228e-04
3.000451772823222285e+00 4.225877949518468471e-04 -9.322227558640609237e-04
3.000510050770350823e+00 4.379306399529213334e-04 -7.659053704800666482e-04
3.000584920354237628e+00 4.480941054538568652e-04 -4.925218697585700663e-04
3.000645915306264122e+00 4.494348137453773088e-04 -4.421242295083982048e-05
3.000690211273331354e+00 4.531904656437180990e-04 8.315528005277126374e-04
3.000708927890730848e+00 4.550742978325054305e-04 2.124197776752379408e-03
3.000805711896387784e+00 4.506436904547060250e-04 3.577441673323351716e-03
3.000905830969409216e+00 4.515904784884648649e-04 4.905355624191579632e-03
3.000983943367764084e+00 4.444249512648638218e-04 6.396916054806767518e-03
3.001032005338446940e+00 4.438552120196667412e-04 8.407913664151393102e-03
3.001080453453064401e+00 4.468987537291038053e-04 1.051831320381752671e-02
3.001154247877311665e+00 4.524671318594118610e-04 1.309821741534640711e-02
3.001286993442735085e+00 4.514592778035772091e-04 1.564648354287987569e-02
3.001396173593547267e+00 4.517178678487799529e-04 1.886991826956037691e-02
3.001472551662415444e+00 4.521782313757190599e-04 2.238158894330696813e-02
3.001551562256526307e+00 4.437533008258289467e-04 2.572695959275947408e-02
3.001666754589140229e+00 4.564162676278633000e-04 2.988128610272489105e-02
3.001740219301934243e+00 4.502433234795412409e-04 3.412250824496905477e-02
3.001775029058399991e+00 4.511568926503775265e-04 3.878603620797132362e-02
3.001830763314326855e+00 4.559278671359191272e-04 4.351648659094250332e-02
3.001832459461399871e+00 4.559394066830347279e-04 4.364516348765345305e-02
3.001892239116028094e+00 4.536281860835389597e-04 4.875409427811670804e-02
3.001891980276522709e+00 4.538371021823458216e-04 4.889489641185115754e-02
3.001935468661423911e+00 4.545537859025616800e-04 5.387552304218209270e-02
3.001976992146408119e+00 4.505161719921581265e-04 5.926266530485451572e-02
3.002014978968087000e+00 4.546665246518378709e-04 6.590388825338715229e-02
3.002079784654116956e+00 4.577171574484629676e-04 7.190534415038751792e-02
3.002133100786609443e+00 4.599948551165002064e-04 7.763932456145038186e-02
3.002226178116647048e+00 4.660741278823266054e-04 8.401294663114172723e-02
3.002305575289369255e+00 4.706933943580040441e-04 9.054501167476604329e-02
3.002369326988479692e+00 4.676124018756422016e-04 9.776772661441465728e-02
3.002418017502500369e+00 4.763893284537900133e-04 1.047031880041396218e-01
3.002515100066977194e+00 4.999079140194746460e-04 1.121519986727032014e-01
3.002704217628957117e+00 5.108184920176684837e-04 1.197307278779006640e-01
3.002763153998606604e+00 5.152092948110982562e-04 1.275876844786089648e-01
3.002860202105702925e+00 5.352777558394750113e-04 1.359848170671322798e-01
3.002866241593348473e+00 5.354654613607696262e-04 1.364269942535690505e-01
3.002966578214813609e+00 5.669465997487840858e-04 1.441585882600133761e-01
3.003118540009595439e+00 5.846650155967754448e-04 1.512779042164605625e-01
3.003231896420567981e+00 6.008522196238510332e-04 1.601536387826576757e-01
3.003287207702049599e+00 6.090266008338778014e-04 1.678356702210580809e-01
3.003343918408037716e+00 6.154145406896491949e-04 1.752730777796644712e-01
3.003394281572096425e+00 6.207853259614821984e-04 1.827713288454993201e-01
3.003436547601311624e+00 6.294972721734987120e-04 1.907689179241227606e-01
3.003474913362489840e+00 6.371435000984970731e-04 1.985392723107933521e-01
3.003513890818140020e+00 6.455924698535401435e-04 2.060845602034612756e-01
3.003737859618674122e+00 7.056340463835342885e-04 2.266052094587225063e-01
3.003868374474122138e+00 7.414688499079082756e-04 2.353340100408675972e-01
3.003873452636438124e+00 7.443507378128103730e-04 2.357830274047362229e-01
3.004051867050646862e+00 7.996889882895003715e-04 2.454730421801841478e-01
3.004097293842741934e+00 8.117795521071918818e-04 2.548555098181026768e-01
3.004167310493569776e+00 8.364356121463092930e-04 2.637649962306556906e-01
3.004270042859725098e+00 8.617301534594341839e-04 2.726534447043502674e-01
3.004315385765389923e+00 8.701585318784191281e-04 2.815982435793901173e-01
3.004364661300677586e+00 8.938947013164000310e-04 2.903358160769213825e-01
3.004367155517526644e+00 8.954135056214451716e-04 2.905610983743716069e-01
3.004494451276547462e+00 9.475824459933279709e-04 2.994132427445905797e-01
3.004608406501380280e+00 9.792455118134563152e-04 3.088645185576880392e-01
3.004713293614345915e+00 1.022447528793064137e-03 3.167213070090974525e-01
3.004866712223125624e+00 1.089528691663076837e-03 3.243342255536311725e-01
3.004973163120904456e+00 1.131660183885902643e-03 3.332088940172952540e-01
3.005103512466712701e+00 1.184448350664991240e-03 3.425826826962990457e-01
3.005106629898333992e+00 1.186002610424063963e-03 3.428103522296490624e-01
3.005228049625084275e+00 1.237067348179646253e-03 3.509718018005295592e-01
3.005319423532607281e+00 1.273115659419277873e-03 3.593177856974869577e-01
3.005425150003823376e+00 1.314898155322971607e-03 3.676888101309779833e-01
3.005499461559892893e+00 1.368287372239256061e-03 3.755914376538695421e-01
3.005610088838159388e+00 1.417389196034915533e-03 3.836216181165216232e-01
3.005723634645851128e+00 1.477304648858753650e-03 3.912795595046489328e-01
3.005813267164360703e+00 1.523101470045321038e-03 3.989564984678794501e-01
3.005905128931423587e+00 1.573760024720479572e-03 4.064815830201056746e-01
3.006006685266040979e+00 1.623810640897598717e-03 4.149507898908647574e-01
3.006117370724322058e+00 1.683562233422270654e-03 4.234921376801296100e-01
3.006229386054279473e+00 1.734060195805759569e-03 4.320666409153042231e-01
3.006331743798538181e+00 1.792582719462004759e-03 4.403059189373319526e-01
3.006390771242848370e+00 1.814387645859664999e-03 4.486361005046483053e-01
3.006468695305798633e+00 1.863414218049624232e-03 4.566678781862559267e-01
3.006569643268087066e+00 1.920509588325108180e-03 4.642344326687782852e-01
3.006682935305741378e+00 1.986282170085076904e-03 4.726362358611709835e-01
3.006802030422069727e+00 2.049276380009252413e-03 4.811237185991771304e-01
3.006915752869365299e+00 2.115287045668601262e-03 4.893572979106217691e-01
3.007010234765468581e+00 2.180495045467283760e-03 4.971552720577204765e-01
3.007123970631722099e+00 2.261701433403248696e-03 5.059621499739584971e-01
3.007127863995025407e+00 2.262762393128791433e-03 5.061895199919129729e-01
3.007188909807282595e+00 2.295685371817211134e-03 5.151670623941766447e-01
3.007190556483691601e+00 2.295535087967103677e-03 5.153936849389287866e-01
3.007285076284114123e+00 2.358536162486130072e-03 5.229455885874240151e-01
3.007409522447104688e+00 2.447764534179955320e-03 5.312043846905453170e-01
3.007482709275370425e+00 2.501170957261010519e-03 5.397395137395826215e-01
3.007603678376521206e+00 2.580879918814261986e-03 5.481882547167281627e-01
3.007682822625008523e+00 2.643264093139349735e-03 5.559012495428928835e-01
3.007726810114336846e+00 2.674797931426012298e-03 5.639597341446851431e-01
3.007806254907471555e+00 2.740793958530517160e-03 5.732000791885430990e-01
3.007883231068022578e+00 2.801824207390973820e-03 5.813333101015242255e-01
3.007981191081590122e+00 2.864250073939367258e-03 5.901173437111928433e-01
3.008111318556872860e+00 2.939266282244785977e-03 5.994139240022423598e-01
3.008188297603496153e+00 2.995987369385826049e-03 6.079213097347784256e-01
3.008233171422925345e+00 3.044204383690143900e-03 6.154833521000929730e-01
3.008333728916026129e+00 3.123663570479912055e-03 6.248372636263406221e-01
3.008395123873552013e+00 3.184381400020697139e-03 6.328603864235445853e-01
3.008503472814027191e+00 3.255037864447016260e-03 6.420834088389340000e-01
3.008586132142703651e+00 3.326802091170408260e-03 6.503792495481994784e-01
3.008664878057988101e+00 3.403760320582246979e-03 6.583184209112584728e-01
3.008782111075708254e+00 3.482347874152184886e-03 6.673452959397662143e-01
3.008865400521304689e+00 3.553002845085452555e-03 6.768647431914681656e-01
3.008931335565000253e+00 3.611259098523278421e-03 6.852198765617376619e-01
3.009011247758754060e+00 3.693515871002285567e-03 6.940382201239307935e-01
3.009082008993511081e+00 3.770047319232208705e-03 7.024852963123935368e-01
3.009149976079940281e+00 3.821305045289109803e-03 7.113938939199899725e-01
3.009234929017340576e+00 3.892305479860073969e-03 7.197788842021515254e-01
3.009297676646088160e+00 3.971461912970000729e-03 7.276105786691666744e-01
3.009484131305076193e+00 4.161787595809755824e-03 7.484214885129971684e-01
3.009558152606967685e+00 4.240628189939088521e-03 7.561006394979661316e-01
3.009583720752409430e+00 4.283907111431277392e-03 7.638830954490740677e-01
3.009657897885394728e+00 4.344759826579148998e-03 7.718255412690766537e-01
3.009741427167044847e+00 4.436385979344738273e-03 7.804775997294478573e-01
3.009799050848275481e+00 4.511753854533569197e-03 7.896882558643840699e-01
3.009855475516527878e+00 4.597052282374329557e-03 7.981602228967468182e-01
3.009910926895635441e+00 4.671105997706981316e-03 8.073912926856140482e-01
3.009914832612546665e+00 4.671208348636449181e-03 8.076273803918962990e-01
3.009982416600560207e+00 4.726896129473467933e-03 8.164253998985729899e-01
3.010027861273598226e+00 4.792581266400912365e-03 8.251677279611858706e-01
3.010082731307403670e+00 4.863350604490487838e-03 8.341815682178699287e-01
3.010159231608608099e+00 4.949655629630379805e-03 8.437666411604550776e-01
3.010241776174645612e+00 5.049042118942977109e-03 8.528610368252538265e-01
3.010331875481985442e+00 5.147446815525431874e-03 8.624052509497932562e-01
3.010420570202581469e+00 5.253417552192350681e-03 8.719156598956437909e-01
3.010479459148684089e+00 5.322764499680339434e-03 8.805685967227004918e-01
3.010546552114052421e+00 5.414283219585654117e-03 8.903847155747658393e-01
3.010591925441556072e+00 5.471399387771198886e-03 8.980349952139441427e-01
3.010652073691005626e+00 5.548749140200495700e-03 9.066309775597952703e-01
3.010720095478969682e+00 5.651493678812270771e-03 9.160765390215678261e-01
3.010779984340769655e+00 5.737879646325168281e-03 9.253722145928403586e-01
3.010779450560102877e+00 5.737103281830323309e-03 9.256105539627550449e-01
3.010831112149571442e+00 5.813773610635980527e-03 9.346355029952043703e-01
3.010899520892314829e+00 5.911774550150815377e-03 9.423648292035380347e-01
3.010954322150951601e+00 6.006419734757531548e-03 9.512152330213186069e-01
3.010997187141056131e+00 6.090354155100625999e-03 9.594815040640672921e-01
3.011079253174929971e+00 6.200293256466100911e-03 9.689721697787297972e-01
3.011081421314012019e+00 6.202987443725008210e-03 9.692061127485305239e-01
3.011134025631886146e+00 6.299940020026643939e-03 9.773570249969375512e-01
3.011185939199555683e+00 6.400413633675543224e-03 9.861289213284315514e-01
3.011250390219180950e+00 6.513865574047365825e-03 9.950702307342882413e-01
3.011293256847090927e+00 6.613507123984146974e-03 1.003441364789468881e+00
3.011333656075164011e+00 6.691537542236190850e-03 1.012191179302093680e+00
3.011390624498103019e+00 6.769405058222648097e-03 1.019915513522764661e+00
3.011431967327333759e+00 6.844891291659674359e-03 1.027848771023278429e+00
3.011480228198386566e+00 6.933244742014448014e-03 1.035691633771321341e+00
3.011536873989304919e+00 7.036911219667991990e-03 1.043477007717394933e+00
3.011575499285479740e+00 7.119755901167354462e-03 1.051542278206085257e+00
3.011606004901606237e+00 7.191991055079852146e-03 1.060356488733193991e+00
3.011639687279186628e+00 7.270338756242826495e-03 1.068493086525498237e+00
3.011647618857870690e+00 7.283813111758068171e-03 1.069665690516909740e+00
3.011674405772845287e+00 7.351265290554381826e-03 1.078125393814209909e+00
3.011726697170019840e+00 7.457822385793060060e-03 1.086736645597270456e+00
3.011782271718109971e+00 7.570487423580823938e-03 1.096240139840642946e+00
3.011784049848175382e+00 7.575182536727738392e-03 1.096472541939631951e+00
3.011820601161693922e+00 7.665917444003279846e-03 1.105124192586622422e+00
3.011842615915720334e+00 7.758797467131449410e-03 1.113335064717840606e+00
3.011883794227106392e+00 7.871374256557636673e-03 1.122843913489019796e+00
3.011936359405103403e+00 7.994173657308770164e-03 1.131493606134066354e+00
3.011963023363362968e+00 8.076246670870888822e-03 1.140688834750962055e+00
3.012011432098969266e+00 8.171646388619412116e-03 1.149346744922711716e+00
3.012041057170043779e+00 8.256246240657461044e-03 1.157033250336934493e+00
3.012089558117038379e+00 8.375214353237972476e-03 1.165667905611073252e+00
3.012110268392253154e+00 8.460358577708222694e-03 1.173914452387886387e+00
3.012138674541827488e+00 8.563616261687931330e-03 1.182362782546321434e+00
3.012176639493938435e+00 8.658126038019353654e-03 1.190462028007516437e+00
3.012207492038584178e+00 8.750454133142987478e-03 1.199435425687662482e+00
3.012227758257783439e+00 8.820860101394427388e-03 1.207324029992084879e+00
3.012267966346808823e+00 8.936925195504603903e-03 1.215155270339242977e+00
3.012292337223434036e+00 9.013155322221709509e-03 1.224130631000958536e+00
3.012312392393321048e+00 9.116908390400350892e-03 1.233325064197555720e+00
3.012313018537344789e+00 9.121668759760281908e-03 1.233556647218271740e+00
3.012334856757101331e+00 9.202541288524934693e-03 1.241712701021954413e+00
3.012359906922186248e+00 9.297646887527336035e-03 1.251231657458750979e+00
3.012361146604395579e+00 9.303236523546067060e-03 1.251458366477514961e+00
3.012411614842714247e+00 9.550299722141747383e-03 1.272359350312627146e+00
3.012424090726070869e+00 9.646379319438659616e-03 1.281114100367694242e+00
3.012441661862275577e+00 9.721292025311759066e-03 1.288892386886684394e+00
3.012465078269636276e+00 9.827217106885666187e-03 1.296738462577778694e+00
3.012477282632036069e+00 9.903243614361845193e-03 1.306474374424784424e+00
3.012494886888894552e+00 9.988433475303398756e-03 1.314905795449237358e+00
3.012508655217622788e+00 1.012615973772101885e-02 1.323369114553915038e+00
3.012510867495052480e+00 1.021841238374403271e-02 1.332061531638314200e+00
3.012526334249713056e+00 1.033360068163397677e-02 1.341109231258428514e+00
3.012540620727054197e+00 1.045698482860003831e-02 1.350267847017711409e+00
3.012542017715140741e+00 1.045823586804478511e-02 1.350499759218650508e+00
3.012550877590590925e+00 1.054670550362789977e-02 1.358366291816170079e+00
3.012557805423912161e+00 1.063712207942842103e-02 1.366394818869059335e+00
3.012563714890122313e+00 1.073408392575762871e-02 1.375414047079857260e+00
3.012570996251797695e+00 1.084258953656706825e-02 1.383742194246495139e+00
3.012594635267520804e+00 1.096447117330530407e-02 1.393028830467579970e+00
3.012605794080871480e+00 1.106767115409174745e-02 1.401818802642691431e+00
3.012607581899435338e+00 1.115562791927534464e-02 1.409565166920358381e+00
3.012615247479609515e+00 1.121340033786651091e-02 1.417456155469261070e+00
3.012614347899836176e+00 1.123160852866994519e-02 1.418862076861332921e+00
3.012624354089217249e+00 1.132895831380187346e-02 1.426912679074538781e+00
3.012620315135231763e+00 1.144679046920288323e-02 1.435628889999873259e+00
3.012620838056172978e+00 1.145054571729743620e-02 1.435856441140991979e+00
3.012625596190218413e+00 1.156869637385948141e-02 1.443852946785194380e+00
3.012633014533705467e+00 1.168485789819812687e-02 1.451598226024867877e+00
3.012639517204267481e+00 1.179417034174550655e-02 1.459623673881955241e+00
3.012644086990929448e+00 1.189882470700883571e-02 1.467439507335958737e+00
3.012638465017204670e+00 1.198790711726656355e-02 1.475987419692217806e+00
3.012641656055270456e+00 1.210143329569064730e-02 1.485442098921531784e+00
3.012637780128956333e+00 1.217503324821191113e-02 1.494162424156096236e+00
3.012630204054243421e+00 1.225466077371245577e-02 1.503676714057978758e+00
3.012627306001979033e+00 1.233407300509149762e-02 1.512638199939859041e+00
3.012614484880316024e+00 1.241664519792042704e-02 1.522552017479352759e+00
3.012612740748808804e+00 1.241866718001179148e-02 1.522789531061162105e+00
3.012607318587144256e+00 1.250355208245795824e-02 1.530551008732960350e+00
3.012599648653823792e+00 1.259026181209339790e-02 1.538720585982456202e+00
3.012593530474644066e+00 1.272419755472774250e-02 1.548207749889129792e+00
3.012592418251226256e+00 1.281989728725248245e-02 1.555861088018164251e+00
3.012585083254460727e+00 1.290489767774553181e-02 1.565137671588135104e+00
3.012573809512753886e+00 1.299990436587649539e-02 1.574737076791100865e+00
3.012558948336935494e+00 1.310862822733788180e-02 1.583531269273996900e+00
3.012552055052541533e+00 1.321161229257107605e-02 1.592168231388200184e+00
3.012536109206771950e+00 1.333316943429506407e-02 1.600918806090761759e+00
3.012536804135673929e+00 1.333277435654374454e-02 1.601148859159243543e+00
3.012509572537882985e+00 1.342845617717245560e-02 1.610924321825206507e+00
3.012496138027025872e+00 1.355174927473523638e-02 1.619411415287672851e+00
3.012484065826180668e+00 1.366214532838513906e-02 1.627208071861163452e+00
3.012465908308586293e+00 1.377952642101484826e-02 1.636380762324663340e+00
3.012461967277555885e+00 1.388222458135328352e-02 1.644735367921607461e+00
3.012436056015079355e+00 1.399227808642754256e-02 1.654057282023420061e+00
3.012438233296005574e+00 1.399439594619796001e-02 1.654287779404071568e+00
3.012408786712665876e+00 1.410484457414581949e-02 1.662908456832231430e+00
3.012395140521932468e+00 1.419184823061829526e-02 1.671810137372543581e+00
3.012368633721170141e+00 1.432087581102449436e-02 1.681016242540827488e+00
3.012344409318462368e+00 1.441183558104984497e-02 1.689054615231936785e+00
3.012318803446305093e+00 1.451243621137504602e-02 1.696604628719804220e+00
3.012291507114772227e+00 1.460589406376194138e-02 1.705076587227854157e+00
3.012258484691529681e+00 1.473632070576215425e-02 1.713740536967682360e+00
3.012234363987946306e+00 1.485515191208248986e-02 1.723157529474532046e+00
3.012196892332464238e+00 1.498761502137475887e-02 1.731737376229764758e+00
3.012195965549695931e+00 1.498978485359987733e-02 1.731964452628129258e+00
3.012158584438846542e+00 1.511587020866285436e-02 1.740924273021374535e+00
3.012127452370522818e+00 1.524548035590450601e-02 1.750376806842341759e+00
3.012108178359775401e+00 1.534492626426313400e-02 1.758984973986179146e+00
3.012078675286251173e+00 1.545592382961256950e-02 1.767286366584335022e+00
3.012003989354863354e+00 1.577776624416585283e-02 1.787822480696781957e+00
3.011955394917031903e+00 1.592004603219387970e-02 1.795619806776839855e+00
3.011954548761500039e+00 1.592237190638309818e-02 1.795844934224138933e+00
3.011931757678331767e+00 1.604345660318987760e-02 1.804615835117690414e+00
3.011897826977357084e+00 1.616586633298433551e-02 1.814069447781998967e+00
3.011894542179852863e+00 1.617110375676253375e-02 1.814293768630721448e+00
3.011844237339726060e+00 1.631132990668009153e-02 1.824089646630169259e+00
3.011803871752024353e+00 1.643862067369873670e-02 1.832488812936558631e+00
3.011766812383861680e+00 1.653954916829985383e-02 1.841187679501567809e+00
3.011706878857871583e+00 1.668527255645015084e-02 1.850225324982480490e+00
3.011659769834408973e+00 1.680611393381818697e-02 1.858222689669825067e+00
3.011620531834816816e+00 1.691162802148069022e-02 1.866256140911095596e+00
3.011569649385288816e+00 1.703064298516866748e-02 1.874203559200257496e+00
3.011527200413212757e+00 1.714969519093351852e-02 1.882935818205136558e+00
3.011485813319894511e+00 1.726195939684940783e-02 1.891460309635171866e+00
3.011435744365329459e+00 1.737087950807814085e-02 1.900132800633875352e+00
3.011386412009886104e+00 1.746802351946854376e-02 1.909039778751271621e+00
3.011386635731444272e+00 1.746784427734143774e-02 1.909270397137173836e+00
3.011349383250185419e+00 1.754947813748175545e-02 1.918911112217347004e+00
3.011297538698471943e+00 1.765406251307206908e-02 1.927556923937401745e+00
3.011231497405361779e+00 1.777569215161228788e-02 1.936351823054199617e+00
3.011226481270056432e+00 1.778357110882136660e-02 1.936577735797077260e+00
3.011165758041435048e+00 1.791665765307091929e-02 1.945860219714139250e+00
3.011108673555744630e+00 1.802389874670341091e-02 1.955074255335833566e+00
3.011106894678213575e+00 1.803028624562405535e-02 1.955306765929915036e+00
3.011074017658893709e+00 1.812935992353395531e-02 1.963163996554108559e+00
3.011011781719675096e+00 1.823562509045969365e-02 1.971095136505132128e+00
3.010958379004759156e+00 1.835095555491919606e-02 1.979994917086727924e+00
3.010958250317423701e+00 1.835497637664161574e-02 1.980230171102277392e+00
3.010913879481541322e+00 1.845457096719486934e-02 1.989435451540502386e+00
3.010850918937831633e+00 1.857112277014275753e-02 1.998528444961847894e+00
3.010771553546657486e+00 1.869638083331900957e-02 2.007353404342502312e+00
3.010771893535748589e+00 1.870266266771500319e-02 2.007582421325925015e+00
3.010733522780834281e+00 1.877625631308306453e-02 2.015823044721508861e+00
3.010659046107123871e+00 1.888897170268637182e-02 2.024399398447906506e+00
3.010594866893639754e+00 1.898572423227973260e-02 2.032627491195384994e+00
3.010545738630356016e+00 1.907428937363304933e-02 2.040767403626623899e+00
3.010491280756748544e+00 1.917388125724667214e-02 2.048373795195498115e+00
3.010429748020269081e+00 1.926790420802826365e-02 2.057167912131424359e+00
3.010372639244540682e+00 1.936790694427401038e-02 2.064802179997792919e+00
3.010308784617868660e+00 1.950027625155580091e-02 2.073381422911474203e+00
3.010267341449254452e+00 1.957066911946629684e-02 2.081975607923831184e+00
3.010223582457836944e+00 1.963930499975130584e-02 2.089607565262679323e+00
3.010154477040816623e+00 1.972694997276258633e-02 2.097886374633359363e+00
3.010080693828392384e+00 1.982881014761694177e-02 2.106994572408857014e+00
3.010023219181075405e+00 1.992124504780641570e-02 2.115255166540698450e+00
3.009948198055223845e+00 2.002043223072519362e-02 2.123508203393541738e+00
3.009867533850777210e+00 2.013277592543787076e-02 2.132621830307881883e+00
3.009786082177314803e+00 2.026196216782752413e-02 2.141867319141532722e+00
3.009707452618073376e+00 2.036164173325671900e-02 2.149850946501056903e+00
3.009650196042470416e+00 2.045442644540085286e-02 2.158662692353931600e+00
3.009562674633446733e+00 2.056962784847135572e-02 2.167870539689272125e+00
3.009558476938917426e+00 2.056813252320810470e-02 2.168101666801045546e+00
3.009457914964579039e+00 2.070335169843635220e-02 2.177869240754158220e+00
3.009399049468433507e+00 2.077437985172851664e-02 2.185650591119587816e+00
3.009313634599414922e+00 2.086491959348200920e-02 2.193150564739050790e+00
3.009254236193157350e+00 2.094079410562782462e-02 2.201601817917989923e+00
3.009204534513516549e+00 2.099575199033903994e-02 2.209611731716627947e+00
3.009200618888652645e+00 2.099783699251750457e-02 2.209843664036676980e+00
3.009128347480019450e+00 2.107890899841209642e-02 2.217383495710655517e+00
3.009050924132223415e+00 2.117592473113097395e-02 2.225900792630531200e+00
3.008986133624781178e+00 2.124549906103628122e-02 2.234234822569921342e+00
3.008905538267979463e+00 2.134960467080165847e-02 2.243266749316559672e+00
3.008856373035452059e+00 2.141124856747712857e-02 2.251101163373988356e+00
3.008791300477408281e+00 2.150226715885065337e-02 2.259023879290241954e+00
3.008712174411680262e+00 2.161631541774979015e-02 2.267659274395146252e+00
3.008634554035707342e+00 2.170113012403204061e-02 2.276274081524637616e+00
3.008543723900019451e+00 2.177734589637533857e-02 2.285539067804618796e+00
3.008333684384441042e+00 2.199744987641779476e-02 2.308234198432653095e+00
3.008258409334733319e+00 2.208426513161957511e-02 2.316506932760074466e+00
3.008158056114321077e+00 2.216846061064151052e-02 2.325779298088760161e+00
3.008081897173802144e+00 2.224004513416262541e-02 2.334329237543478985e+00
3.008015157425914854e+00 2.229346829070080749e-02 2.342197106510692795e+00
3.007914199033696168e+00 2.237404992858148950e-02 2.350425782597882041e+00
3.007812556577150964e+00 2.247967912044564198e-02 2.359147495393655092e+00
3.007738002925082643e+00 2.254513793328288829e-02 2.368136331879707512e+00
3.007660969136487505e+00 2.261308501570503948e-02 2.375828963266056970e+00
3.007577310423874994e+00 2.266985084246374293e-02 2.383710950234450898e+00
3.007506080272975169e+00 2.272943091381839087e-02 2.392083827950685748e+00
3.007425156405340694e+00 2.279173210476305445e-02 2.401327080209460618e+00
3.007423569741802361e+00 2.279327523392443017e-02 2.401559254709851654e+00
3.007336347774680618e+00 2.286262643328340616e-02 2.409317023225369336e+00
3.007320854208009653e+00 2.287676876595550607e-02 2.410477924020083318e+00
3.007230906039537466e+00 2.295742101410667285e-02 2.419558075084151216e+00
3.007152324569678736e+00 2.301049453306983766e-02 2.428609073311963407e+00
3.007055473746526264e+00 2.308031173554351417e-02 2.437404230622473911e+00
3.007054606650980677e+00 2.308258260590718980e-02 2.437630291461256871e+00
3.006988332707067002e+00 2.312668197595561109e-02 2.446198450191855667e+00
3.006893616016978577e+00 2.319888583538592952e-02 2.454814188453805279e+00
3.006788287864489817e+00 2.327421931634717639e-02 2.464179112720465969e+00
3.006785380112908523e+00 2.327717468662514333e-02 2.464408521090067250e+00
3.006713064438822247e+00 2.332095860593090542e-02 2.473103467651282195e+00
3.006633217249217616e+00 2.337991590509162082e-02 2.482551074174531802e+00
3.006576416574181287e+00 2.341095683399108118e-02 2.491087401914704902e+00
3.006477749745841699e+00 2.346363340861701979e-02 2.499665419849578463e+00
3.006422175188068202e+00 2.349692513647940600e-02 2.507993544846370604e+00
3.006323311679310883e+00 2.356495142392080883e-02 2.516132913305161090e+00
3.006237728390786845e+00 2.360761963617356851e-02 2.525560237050378021e+00
3.006120483682753530e+00 2.367361921721090889e-02 2.533730451766413427e+00
3.006049861358016440e+00 2.371334704485219408e-02 2.541401183241365658e+00
3.005940131340077315e+00 2.376842388318227417e-02 2.549916521627655364e+00
3.005863196859091424e+00 2.380451295847980930e-02 2.559366644808711122e+00
3.005767950038856107e+00 2.385154945702207957e-02 2.568153072230037637e+00
3.005690918408257417e+00 2.389795995999032668e-02 2.576861906052734241e+00
3.005162266629818557e+00 2.420397576463059752e-02 2.585499741677165897e+00
3.002546150364309607e+00 2.578065315128204305e-02 2.594077193245966306e+00
3.002441771630294021e+00 2.584331290779699752e-02 2.594311201462395911e+00
2.997891521769623591e+00 2.855460404917112630e-02 2.601805314204786779e+00
2.991164696942542722e+00 3.253326107945472140e-02 2.608412239524573462e+00
2.982633892472999371e+00 3.746676556019414017e-02 2.614243355715122785e+00
2.970890200115001267e+00 4.421594892326211057e-02 2.619640886896210663e+00
2.957354831802192940e+00 5.183554792765820984e-02 2.624863549228231285e+00
2.957008808429811619e+00 5.202656976235810193e-02 2.624949071256505118e+00
2.945272236286164524e+00 5.851624766979177106e-02 2.628748145067321129e+00
2.931277726406696260e+00 6.603778449664229888e-02 2.630728173221709376e+00
2.917172607812683172e+00 7.372735830558452275e-02 2.630456247186630847e+00
2.904251809789460292e+00 8.076520531020621452e-02 2.629591808189891911e+00
2.890880875102506131e+00 8.811211735331070383e-02 2.627454928863496963e+00
2.878498951835065878e+00 9.491884209293752206e-02 2.624921066955385740e+00
2.864031163222448662e+00 1.029618585854746582e-01 2.622060915040195450e+00
2.850768947681100229e+00 1.104289794895186860e-01 2.619168451624247940e+00
2.836829132786761853e+00 1.183464219759423897e-01 2.615998142224105649e+00
2.826778069099761037e+00 1.240818115305607622e-01 2.613683420198837037e+00
2.822826178217160198e+00 1.263432256151827138e-01 2.612738882047819899e+00
2.808067771865186746e+00 1.349015136560947070e-01 2.609723349829906169e+00
2.794516676730946614e+00 1.428340788469285028e-01 2.607747720575380068e+00
2.780498359979883816e+00 1.510938949355533634e-01 2.606188949195302307e+00
2.766794156181604958e+00 1.592172096280650984e-01 2.605137252026256789e+00
2.752346557199763843e+00 1.677980881563058413e-01 2.604169359189895783e+00
2.740086475115904641e+00 1.750957542407879375e-01 2.603357961592160930e+00
2.727482881330131725e+00 1.826086733836889131e-01 2.602616925982738749e+00
2.714350111757835915e+00 1.904441575340453663e-01 2.601854284986265142e+00
2.701280676637309419e+00 1.982466649665156067e-01 2.600974895711562151e+00
2.688892772531686237e+00 2.056737605825261772e-01 2.600291183017522378e+00
2.676569106556047295e+00 2.130556661072085800e-01 2.599599077398386804e+00
2.642546830129941515e+00 2.334928040180075104e-01 2.597702290981090734e+00
2.627873270176022125e+00 2.423139850808212481e-01 2.596749295411015179e+00
2.614204784638711310e+00 2.505851943930096914e-01 2.595958082844884274e+00
2.600552411724490476e+00 2.588293380996824489e-01 2.595036029359978347e+00
2.585754551122718681e+00 2.677900699312112387e-01 2.593932039500167708e+00
2.572487192885133833e+00 2.757895871379409947e-01 2.592701953335056153e+00
2.558810012777319898e+00 2.840981785304196872e-01 2.591401594503929928e+00
2.545738383752344181e+00 2.920866515701441291e-01 2.590500815033712989e+00
2.532757471867085997e+00 3.000328422042993215e-01 2.589438959930462580e+00
2.518526119461061530e+00 3.087506647893253908e-01 2.588194857128455428e+00
2.503555040514605867e+00 3.179341356757933723e-01 2.586702570455657657e+00
2.490521048352869027e+00 3.259649248612950800e-01 2.585342890547638994e+00
2.474181832383485435e+00 3.360709110401324251e-01 2.583442900781685037e+00
2.459198220693390446e+00 3.453697372254738718e-01 2.581708722003034584e+00
2.444935461225144824e+00 3.543014364573927044e-01 2.580308314305117534e+00
2.429674678653968911e+00 3.638320423538016768e-01 2.578643248517507036e+00
2.415568944757743530e+00 3.726824246576122546e-01 2.577119880741653546e+00
2.401848260957386572e+00 3.813401189558883742e-01 2.575532742448106038e+00
2.401467753963850260e+00 3.815798026758639994e-01 2.575481729765814798e+00
2.386324000012002511e+00 3.910901102227573034e-01 2.573206971822284750e+00
2.385945682097216469e+00 3.913292399801058252e-01 2.573147073387210160e+00
2.372393863078052334e+00 3.999259477907644023e-01 2.571148383247368496e+00
2.357299182507251789e+00 4.095449165958870430e-01 2.569005261249602601e+00
2.356922706544476220e+00 4.097894872996655224e-01 2.568947301896346236e+00
2.342988320378872391e+00 4.187059849099996622e-01 2.567008917680017266e+00
2.330634707597612376e+00 4.266399727397948705e-01 2.565212971173605805e+00
2.316022664197796566e+00 4.360866557938255506e-01 2.563141494249944863e+00
2.301119007110889125e+00 4.457536806042696753e-01 2.560898336497099415e+00
2.287376333028145137e+00 4.547054799862434438e-01 2.558806656096914267e+00
2.272663067283529070e+00 4.643278250558934839e-01 2.556460339546666294e+00
2.258731026549640308e+00 4.734762358592927711e-01 2.554017832172260860e+00
2.244076668518590445e+00 4.831869918023718458e-01 2.551635444988443524e+00
2.231072849662869562e+00 4.918116426550823705e-01 2.549386363087343010e+00
2.218794563372476603e+00 5.000332827428963789e-01 2.547236632313667926e+00
2.205578258932353819e+00 5.088865901578503159e-01 2.544701590486010190e+00
2.191271039986059321e+00 5.185345509134735575e-01 2.541874731582930202e+00
2.178218141136793573e+00 5.273728431623421198e-01 2.539155213838419467e+00
2.165943660791175951e+00 5.357418097446863259e-01 2.536522392098174095e+00
2.150665471233052184e+00 5.462021403328043423e-01 2.533081102666512319e+00
2.138588684998457001e+00 5.545655774646963687e-01 2.530506018632336040e+00
2.138243220440738668e+00 5.548026232922804724e-01 2.530434290477146408e+00
2.126972784805807315e+00 5.626481240645209159e-01 2.527993933965693607e+00
2.115435436491951648e+00 5.707070659640669508e-01 2.525346091415307637e+00
2.102390908083303422e+00 5.798517340557652888e-01 2.521951466455186086e+00
2.088760008383385713e+00 5.894969465639842143e-01 2.518442045893067860e+00
2.088427044911964625e+00 5.897294457935498002e-01 2.518357386173204926e+00
2.076299798331020519e+00 5.983629633557798755e-01 2.515013912374674643e+00
2.064573449286291495e+00 6.067753961170604393e-01 2.511715714487561257e+00
2.053722292607244260e+00 6.146083788141338822e-01 2.508545353816871160e+00
2.043208546717263374e+00 6.222836338024773095e-01 2.505487713101019143e+00
2.031889909727012444e+00 6.305532169515525309e-01 2.502127133593895714e+00
2.021261034608203389e+00 6.383856860003491729e-01 2.498813797846395790e+00
2.009865470435579837e+00 6.468378565982190187e-01 2.495205494927809298e+00
1.999146205920566244e+00 6.548736834595059175e-01 2.491682887908783339e+00
1.987121725197316557e+00 6.639336691953734437e-01 2.487653393167738702e+00
1.976375701220443926e+00 6.721111058725062204e-01 2.484022211054504048e+00
1.963948269220592291e+00 6.815991666164864515e-01 2.479824958859909501e+00
1.953250385799066180e+00 6.898336773970079605e-01 2.475785967166663326e+00
1.942425799338997949e+00 6.982592452740601363e-01 2.471324149095625256e+00
1.930721467624788579e+00 7.074251305645631316e-01 2.466309051550570786e+00
1.919459565230512199e+00 7.163664200754534805e-01 2.461381196633953827e+00
1.910545461093462682e+00 7.234878331666172446e-01 2.457452418712700037e+00
1.901741210221381984e+00 7.305974089311020325e-01 2.453466776345217593e+00
1.893035473281250658e+00 7.376653837867962471e-01 2.449205585378483541e+00
1.882228903200921399e+00 7.465427682215797223e-01 2.443846821427706040e+00
1.871236043471988131e+00 7.556740078354586831e-01 2.438354238166318133e+00
1.862204999855787024e+00 7.632443252471967643e-01 2.433760160682360674e+00
1.851830533043371085e+00 7.720090575983481473e-01 2.428257102157387326e+00
1.842914492797202763e+00 7.796237370890450880e-01 2.423396451447727529e+00
1.821204941981636960e+00 7.985210213082959418e-01 2.410206436623667514e+00
1.813595135399404201e+00 8.053070116485868679e-01 2.405441640818335447e+00
1.805990575377480756e+00 8.121113602974718848e-01 2.400438734364511717e+00
1.797893951860624062e+00 8.193713432824187848e-01 2.394988737164733816e+00
1.788739054799973971e+00 8.277416891412665567e-01 2.388448947441872861e+00
1.780593342730746986e+00 8.352646496067902548e-01 2.382298931723768831e+00
1.780387524616460215e+00 8.354597264925420763e-01 2.382135785724411647e+00
1.772317942449119554e+00 8.430122700380990874e-01 2.375893850137424046e+00
1.765260147862891760e+00 8.496948115153998282e-01 2.370420644330641036e+00
1.758044323068287396e+00 8.566105350544271912e-01 2.364457859016993346e+00
1.750747786294772457e+00 8.637118801450520689e-01 2.357728915776785339e+00
1.750566368564233199e+00 8.638952939819565247e-01 2.357562132357852391e+00
1.743704711477858993e+00 8.706800463333443929e-01 2.351267807491967510e+00
1.736854895027608148e+00 8.775521687620804201e-01 2.344427261592869627e+00
1.730545201242353004e+00 8.839268104213888755e-01 2.337930606993553262e+00
1.724415841916819181e+00 8.902367160277834257e-01 2.331672827307122997e+00
1.717696693492582583e+00 8.971615715651157785e-01 2.324460844376873059e+00
1.717532275690045518e+00 8.973445556456927097e-01 2.324266616551203590e+00
1.710873427894336496e+00 9.043508657447486554e-01 2.316681210232778731e+00
1.710707040476758145e+00 9.045265259734248664e-01 2.316484245466505332e+00
1.704585390353942964e+00 9.110965644181621137e-01 2.309293848278919814e+00
1.698571377207565014e+00 9.176588206436064876e-01 2.302335478801011526e+00
1.692937529240110539e+00 9.238381319498759625e-01 2.295586786366722087e+00
1.687073174462247360e+00 9.304355750081882981e-01 2.288102046527273892e+00
1.681885770582714823e+00 9.363114320399558155e-01 2.281298284463778803e+00
1.676449076699294549e+00 9.424896254968253562e-01 2.273930973307427994e+00
1.671081632010649631e+00 9.487381648907493581e-01 2.266438483391683079e+00
1.665514561941700444e+00 9.553398172640040764e-01 2.258012135269975573e+00
1.665381467391629844e+00 9.555056403978627877e-01 2.257799041609493962e+00
1.660530141719106512e+00 9.613076312053441264e-01 2.250415363969074711e+00
1.655048199045364932e+00 9.680393639486248869e-01 2.241811429151425727e+00
1.649886062665895992e+00 9.744287935932339773e-01 2.233495447944884749e+00
1.645226439809627461e+00 9.803328944785762999e-01 2.225539285223686825e+00
1.640805034527253570e+00 9.860520020345565628e-01 2.217554454349430770e+00
1.636395720286479394e+00 9.917124100647652929e-01 2.209896146473564471e+00
1.632115571511797203e+00 9.973927461688550933e-01 2.202160035683832007e+00
1.628003597419784843e+00 1.002905261439204221e+00 2.194575520038061001e+00
1.624069732113374132e+00 1.008377853019548631e+00 2.186702716058274376e+00
1.623959079137482497e+00 1.008532088361292933e+00 2.186480288223887847e+00
1.620051183694295460e+00 1.013993686930371396e+00 2.178504924417476563e+00
1.616131604395828925e+00 1.019598833840254626e+00 2.170211575297881890e+00
1.612189013535648030e+00 1.025325475002828446e+00 2.161654106177821610e+00
1.611975797352187101e+00 1.025628132107085033e+00 2.161209363161020303e+00
1.608057225177580429e+00 1.031448038729847250e+00 2.152386453217582929e+00
1.604322747736000698e+00 1.037013356586423019e+00 2.143990818345733018e+00
1.600642444105724094e+00 1.042626874975848050e+00 2.135494585496224840e+00
1.597020396996708946e+00 1.048273700904208461e+00 2.126911205494900425e+00
1.596930970991644827e+00 1.048420516354598542e+00 2.126682287917033953e+00
1.593534666083186391e+00 1.053808052536395312e+00 2.118305523002722790e+00
1.590278399965425749e+00 1.059040262327200610e+00 2.110157392246308383e+00
1.587011136683552204e+00 1.064428189083874488e+00 2.101669490324897360e+00
1.583477459072647475e+00 1.070383151913394837e+00 2.092231373755164547e+00
1.583396519432100025e+00 1.070523566530304116e+00 2.092000348176449975e+00
1.580444708642417373e+00 1.075466361852444042e+00 2.083043174279516130e+00
1.578670779866943041e+00 1.078185725614640100e+00 2.073460589582024838e+00
1.578509665512100257e+00 1.078271729157971315e+00 2.065077045555879121e+00
1.578519642101132270e+00 1.078264960692560503e+00 2.064866995176867004e+00
1.578018488331800695e+00 1.079131656102839454e+00 2.057249548514181292e+00
1.576275931049263557e+00 1.082392889993422758e+00 2.048945656949388461e+00
1.573730422155558806e+00 1.087339340265135457e+00 2.040403413277100952e+00
1.570961921684228102e+00 1.092800529707112833e+00 2.031033171429906581e+00
1.568609491379544751e+00 1.097513214147058269e+00 2.022828494408439148e+00
1.566398629812346677e+00 1.102074135483676720e+00 2.014814149721896985e+00
1.563979737880152099e+00 1.107126475855584768e+00 2.005995743030406064e+00
1.561424581607218975e+00 1.112533268599311453e+00 1.996522469785162901e+00
1.558857751063594588e+00 1.118125731565675629e+00 1.986681584582986160e+00
1.558796444743087539e+00 1.118256995304636181e+00 1.986449214734522739e+00
1.556324029903720430e+00 1.123814625422637103e+00 1.976687403953777178e+00
1.554392654712072996e+00 1.128229033120246250e+00 1.968876257499245774e+00
1.552502413909974344e+00 1.132647761426890609e+00 1.960897123225842531e+00
1.550759279722758510e+00 1.136858877280473523e+00 1.953218840171904391e+00
1.549150654549390271e+00 1.140519613871057825e+00 1.945269367160116447e+00
1.547953614420077173e+00 1.142643011890567273e+00 1.935538805485490954e+00
1.547715067623983920e+00 1.142778647258264835e+00 1.925168055292489244e+00
1.547492631450899436e+00 1.143293227778615861e+00 1.916678900034547439e+00
1.547475901693285527e+00 1.143337774616616009e+00 1.916453034297603386e+00
1.546381755646093925e+00 1.146300490453402876e+00 1.908118277979818700e+00
1.544869321900304682e+00 1.150657158102146083e+00 1.899936977689727691e+00
1.543339214170750706e+00 1.155178052417585421e+00 1.891338357713239215e+00
1.541767006876108015e+00 1.159959199118451689e+00 1.882196516565673328e+00
1.540180493997592936e+00 1.164927689765835161e+00 1.872714745009547155e+00
1.540144208289856653e+00 1.165053309328334619e+00 1.872471475496784832e+00
1.536587453058639641e+00 1.176753255655129893e+00 1.849816827520238016e+00
1.535283477200114710e+00 1.181279834955211827e+00 1.841162626746580377e+00
1.533902529611052890e+00 1.186251619444379291e+00 1.831540370376256721e+00
1.533871436393727139e+00 1.186372553031328492e+00 1.831299903221461411e+00
1.532706377176077384e+00 1.190745879612053804e+00 1.822769628688675425e+00
1.531598527002896448e+00 1.194982692600208729e+00 1.814563401568602963e+00
1.530570527820366067e+00 1.199059017329412002e+00 1.806620961295708483e+00
1.529460055597583690e+00 1.203538645063048307e+00 1.797725363344378824e+00
1.528383171781050764e+00 1.208128627839383684e+00 1.788682429774137495e+00
1.527660824747312907e+00 1.211397057429858704e+00 1.779640627131842567e+00
1.527500947196628545e+00 1.212376819290999386e+00 1.770451676297894350e+00
1.527447108659023556e+00 1.212377979193542510e+00 1.760273745776228305e+00
1.527300634595273987e+00 1.212920974841471988e+00 1.751674082858757808e+00
1.526720888214724292e+00 1.216111507016723436e+00 1.742984588217097119e+00
1.525972076044390668e+00 1.220501012756589176e+00 1.734105083956909432e+00
1.525219995329331280e+00 1.225158659075966883e+00 1.724539556324055090e+00
1.525202527369935224e+00 1.225277359440815061e+00 1.724296179249069416e+00
1.524599303577000242e+00 1.229277149683101644e+00 1.716003435455025761e+00
1.523984687720941311e+00 1.233482106364042874e+00 1.707304877279461897e+00
1.523392271682795451e+00 1.237790881285947497e+00 1.698388857323869461e+00
1.522884929770168094e+00 1.241753414562069224e+00 1.690119365149289177e+00
1.522379435261959069e+00 1.245917127264725366e+00 1.681382409170409931e+00
1.521889536330837567e+00 1.250316625834893669e+00 1.672189625735447827e+00
1.521475873855749894e+00 1.254415005633365832e+00 1.663616050852010142e+00
1.521048961385523812e+00 1.258936203190120562e+00 1.654114577706636169e+00
1.520730713010675084e+00 1.262782070420950919e+00 1.645981762800939219e+00
1.520375321294687998e+00 1.267090598367084153e+00 1.636901391899042491e+00
1.520117861543592186e+00 1.270795312000793764e+00 1.629036498524971011e+00
1.519812403756817032e+00 1.275597605791217948e+00 1.618829007614448479e+00
1.519603065333730463e+00 1.279481245374833875e+00 1.610489902628617909e+00
1.519365105848566877e+00 1.284310071506320039e+00 1.600204888410975856e+00
1.519206745725377727e+00 1.288597841271126532e+00 1.591128173069346952e+00
1.519101833849241689e+00 1.292867515800622646e+00 1.582050915779875666e+00
1.519101761519525251e+00 1.292975204665943068e+00 1.581814831034259017e+00
1.519023000668140666e+00 1.296674558684305811e+00 1.573848298048899252e+00
1.519019655693975901e+00 1.296784477201391672e+00 1.573617234640695361e+00
1.518975005842475134e+00 1.300589031846842714e+00 1.565301751787576912e+00
1.518987838471814067e+00 1.304648037462671439e+00 1.556371817541819080e+00
1.519009854554404182e+00 1.307645565015099098e+00 1.549883077165931544e+00
1.519023540749493195e+00 1.308718062668561055e+00 1.547564590228942993e+00
1.519095872768583710e+00 1.312612925246171791e+00 1.538931140939761466e+00
1.519202513802323296e+00 1.316987107543301949e+00 1.529414702274114690e+00
1.519343851744454410e+00 1.320778255985395555e+00 1.521030451570002828e+00
1.519528309278998179e+00 1.324969270151378220e+00 1.511784951060636040e+00
1.519735629852277281e+00 1.329117228926439020e+00 1.502886431243755094e+00
1.519744028911920619e+00 1.329221074201117458e+00 1.502660205926186654e+00
1.520014878393560309e+00 1.333686384891927812e+00 1.493599594629919203e+00
1.520318056609083035e+00 1.337715201007564803e+00 1.485639204981439532e+00
1.520659857525464176e+00 1.341844430222818962e+00 1.477645587048666442e+00
1.521030244808599718e+00 1.345873696994261071e+00 1.470242275069258531e+00
1.521449329097221748e+00 1.350109106195557906e+00 1.462685331771408359e+00
1.521861912867028099e+00 1.353894943254028815e+00 1.456132004719176587e+00
1.522322738852830426e+00 1.357883045937119837e+00 1.449403571522073442e+00
1.522823028067912920e+00 1.362060991313867708e+00 1.442597135819804643e+00
1.523265662757014027e+00 1.365484497574863898e+00 1.437124179237349253e+00
1.523732843253873481e+00 1.369014045909459076e+00 1.431491610726967290e+00
1.524302044538145662e+00 1.373157547558121028e+00 1.424907678350264550e+00
1.524910445353494515e+00 1.377289981547122455e+00 1.418503994072087160e+00
1.525507092520147490e+00 1.381207173533222976e+00 1.412494250116395511e+00
1.526153487321766367e+00 1.385325911189736914e+00 1.406079084543465418e+00
1.526832506383952293e+00 1.389462425121478217e+00 1.399875267126720280e+00
1.527570768701180359e+00 1.393786683914198354e+00 1.393600538707488345e+00
1.529332685307944750e+00 1.403407404641683565e+00 1.380256842817429996e+00
1.530101803940302707e+00 1.407394643615250018e+00 1.374821980278826405e+00
1.530798241438069418e+00 1.410942046406976846e+00 1.370134584446079495e+00
1.531556239833872235e+00 1.414666137815480118e+00 1.365299350901779230e+00
1.532292540070094411e+00 1.418179575512240165e+00 1.360816374552583863e+00
1.533164176229749653e+00 1.422286799673134761e+00 1.355640212064856298e+00
1.533187755273017538e+00 1.422385290447396811e+00 1.355514197250902608e+00
1.534030334083815283e+00 1.426198676250113540e+00 1.350739279958627970e+00
1.534050657771441450e+00 1.426297448641404175e+00 1.350618200901226640e+00
1.534834239451474902e+00 1.429805239680532303e+00 1.346291182457743485e+00
1.535630726226625997e+00 1.433313557366581836e+00 1.341980675487526531e+00
1.536496447840275614e+00 1.437017962840031693e+00 1.337393933330068174e+00
1.536520980856899143e+00 1.437117737939792583e+00 1.337269559797882978e+00
1.537364059611752154e+00 1.440608796558963123e+00 1.333132804861417053e+00
1.538203976938372408e+00 1.444100422646549475e+00 1.329110536270958320e+00
1.539171694888325392e+00 1.447979228206962565e+00 1.324762781683679558e+00
1.540074584772532562e+00 1.451577027818940824e+00 1.320742317609389094e+00
1.541002785030656907e+00 1.455146579285723885e+00 1.316873084236886537e+00
1.541971439215936490e+00 1.458799022763645148e+00 1.312697146261828873e+00
1.542870457458526801e+00 1.462160737420914680e+00 1.308910536860856899e+00
1.543774530068955375e+00 1.465517604736655599e+00 1.305253824617781166e+00
1.544803431548778416e+00 1.469280417830176377e+00 1.301344828966813472e+00
1.545813646631001737e+00 1.472921781524058726e+00 1.297738955309800879e+00
1.546803277221111772e+00 1.476468169733805125e+00 1.294299159922226439e+00
1.547866524265988364e+00 1.480212211852500959e+00 1.290762753539151486e+00
1.547895251567004804e+00 1.480309379576529860e+00 1.290668912605162699e+00
1.548761970824382495e+00 1.483405796594531090e+00 1.287110136537688465e+00
1.549728016981951617e+00 1.486813564132875243e+00 1.281771995699213740e+00
1.550834318581118865e+00 1.490758625231668022e+00 1.275618839373232616e+00
1.551945033463578705e+00 1.494479879998870331e+00 1.269900401261765399e+00
1.553095362787939138e+00 1.498206103249636323e+00 1.265649788424316080e+00
1.554178811212281186e+00 1.501639829887738697e+00 1.263886957607032624e+00
1.555404327309484858e+00 1.505492723548063294e+00 1.263698300479992653e+00
1.556542555304478714e+00 1.509075613099496893e+00 1.263661473571621396e+00
1.557716009900214083e+00 1.512761098142933802e+00 1.262977540530036302e+00
1.558849474971803373e+00 1.516324918157571755e+00 1.261548406489263474e+00
1.559938884795491809e+00 1.519786347691834960e+00 1.259507957339531137e+00
1.561167062395496297e+00 1.523650126216676393e+00 1.256558432310105111e+00
1.561197143122030617e+00 1.523748103357774664e+00 1.256483311971482664e+00
1.562331627212327323e+00 1.527324407721218469e+00 1.253460246928118860e+00
1.563470712160914378e+00 1.530878788237917121e+00 1.250429017577018964e+00
1.563502831705143814e+00 1.530972138505599878e+00 1.250345215161110080e+00
1.564647203867399528e+00 1.534618905045460613e+00 1.246538816147302331e+00
1.564677761776738008e+00 1.534710661723700964e+00 1.246430660647152022e+00
1.565926043612207552e+00 1.538537583054592872e+00 1.242081298940264977e+00
1.567023160726034092e+00 1.541814952444457987e+00 1.238457334401586118e+00
1.568300891431806621e+00 1.545671550530844929e+00 1.234559942282489553e+00
1.568365738020426114e+00 1.545861435591781685e+00 1.234370535218161757e+00
1.569556654847675148e+00 1.549260231334978144e+00 1.231518803098816006e+00
1.570649563961871609e+00 1.552375178988748772e+00 1.229148442245536321e+00
1.571884638618486152e+00 1.555874492950633625e+00 1.226677621420773079e+00
1.573158409261383284e+00 1.559550625709755334e+00 1.223133240500364316e+00
1.574274340433882369e+00 1.562778142902017997e+00 1.217360580727616437e+00
1.575457378526925689e+00 1.565976529731544886e+00 1.209362599392364679e+00
1.575484852704161609e+00 1.566064911605547172e+00 1.209138703798335657e+00
1.576888850490789196e+00 1.569883876806117629e+00 1.200482159115894065e+00
1.576925022048684344e+00 1.569977903804963271e+00 1.200306344553633275e+00
1.578235380563368206e+00 1.573429689009778532e+00 1.195346856335246510e+00
1.579861171291648381e+00 1.577545767170346780e+00 1.192753345712175284e+00
1.581485247661082338e+00 1.581646476073325092e+00 1.193491866079924746e+00
1.582904587167414112e+00 1.585290242611758993e+00 1.197175202999344101e+00
1.584463340873133008e+00 1.589301161013412678e+00 1.202918007013080715e+00
1.584501613641435158e+00 1.589392891756787884e+00 1.203056853619901556e+00
1.585971710535819312e+00 1.593223959075107610e+00 1.207355892478830572e+00
1.587361307686434353e+00 1.596882572296496994e+00 1.208551813340811298e+00
1.590817624763235516e+00 1.606104545301925146e+00 1.206686135612909272e+00
1.590853265686374751e+00 1.606198917698004935e+00 1.206659197857941734e+00
1.592049243661196378e+00 1.609406342000960111e+00 1.204997569363192689e+00
1.593129392767903774e+00 1.612326147537353371e+00 1.201726462852634070e+00
1.594215655092928285e+00 1.615457064751301797e+00 1.195318738621926613e+00
1.595410571042700898e+00 1.618538719814481608e+00 1.187412345403046521e+00
1.596649073923920970e+00 1.621712799944189598e+00 1.180391219759457488e+00
1.596684451835946872e+00 1.621798694880592917e+00 1.180209484810450515e+00
1.598176098499350273e+00 1.625504939534429649e+00 1.174378321675415560e+00
1.599559915115383202e+00 1.628788107398563945e+00 1.171689830836574187e+00
1.600904252669593131e+00 1.632005573626951200e+00 1.168732860306874732e+00
1.602172336910319572e+00 1.635178833647126462e+00 1.163727147839305864e+00
1.603371730356635938e+00 1.638011898855687543e+00 1.157314296824003774e+00
1.605044903499479592e+00 1.641932577857301290e+00 1.150941256563130066e+00
1.606433646955763184e+00 1.645043756388385292e+00 1.148456004228772587e+00
1.608008598607920447e+00 1.648536247716789971e+00 1.148009444999520179e+00
1.609629706728037180e+00 1.652206267076385737e+00 1.150356193431874896e+00
1.611220001810065305e+00 1.655923738647725907e+00 1.154994731487587911e+00
1.612826990067381727e+00 1.659616712211631429e+00 1.160948281022549544e+00
1.614140352992432970e+00 1.662694308421464040e+00 1.166118104659444210e+00
1.615417423851627232e+00 1.665665045472380257e+00 1.169072571834839813e+00
1.616867406737019008e+00 1.669092711891298597e+00 1.169839345721396917e+00
1.618467653969975162e+00 1.672979901464411112e+00 1.168961860672649289e+00
1.618506771551996959e+00 1.673068686343524236e+00 1.168930137182918383e+00
1.619770404690686005e+00 1.676113921538810780e+00 1.167749200844801605e+00
1.621088169508051013e+00 1.679342425284753748e+00 1.166143150360033465e+00
1.622541680112160156e+00 1.682970629281798303e+00 1.163570945013496116e+00
1.624021606961309594e+00 1.686618616760952483e+00 1.157194584055406095e+00
1.625533017527002855e+00 1.690036760498859314e+00 1.148707787535071745e+00
1.625570684931817667e+00 1.690123864001704890e+00 1.148484667347145827e+00
1.627171331942847354e+00 1.693801034290462137e+00 1.140111846711975518e+00
1.628820805063879051e+00 1.697461684011140282e+00 1.135016594600771755e+00
1.630349121144763602e+00 1.700744559209871332e+00 1.133094535484651777e+00
1.632066597720699841e+00 1.704431580516100997e+00 1.133464924712173083e+00
1.632113851516802994e+00 1.704525674928264678e+00 1.133516719429000785e+00
1.633796701640085169e+00 1.708189623452615713e+00 1.136643344521223842e+00
1.635528924789688698e+00 1.711979223575540887e+00 1.142232246720448430e+00
1.637135564043364466e+00 1.715554148343660046e+00 1.149081756774263940e+00
1.637178579294251701e+00 1.715649658218516560e+00 1.149236072250394702e+00
1.638649008946095220e+00 1.718920628780090665e+00 1.154403734511125323e+00
1.640083349420198955e+00 1.722190078990369466e+00 1.156933919560230395e+00
1.641599719264958734e+00 1.725643785755242465e+00 1.157637458878760128e+00
1.641638976827786145e+00 1.725734061807859820e+00 1.157626511261650615e+00
1.643498331691107373e+00 1.730178872938985091e+00 1.156075815874526569e+00
1.644861889405937694e+00 1.733349333672316916e+00 1.152019444373389989e+00
1.644894423962266261e+00 1.733437560001211963e+00 1.151861749007003777e+00
1.646271909475844231e+00 1.736692110354356222e+00 1.145038715426359710e+00
1.647675609301434418e+00 1.739879143309552401e+00 1.137237733647417759e+00
1.649037539446619460e+00 1.742858011178654243e+00 1.130295401491750118e+00
1.650618254961221831e+00 1.746285324881007295e+00 1.124873676223178132e+00
1.652309185776927647e+00 1.749892517708545370e+00 1.121581686077025131e+00
1.654176549543709962e+00 1.753745783907155076e+00 1.120325874884653183e+00
1.654222599906231661e+00 1.753838794255301980e+00 1.120327768876426155e+00
1.655842348336010517e+00 1.757216561215434458e+00 1.121828991400722675e+00
1.657851781259886081e+00 1.761393676822061938e+00 1.126838509798355537e+00
1.659342159037695330e+00 1.764585611099797058e+00 1.132115071510934490e+00
1.660912639733767682e+00 1.767951264826792546e+00 1.137893821248463944e+00
1.662577450085944486e+00 1.771569809815105589e+00 1.142602778364707028e+00
1.664088889055474585e+00 1.774923418699390076e+00 1.144458275526859969e+00
1.665659139270946332e+00 1.778423755742769563e+00 1.144925103135210565e+00
1.665736243418593610e+00 1.778599838560555702e+00 1.144922265179148191e+00
1.667348984690904423e+00 1.782322252092867876e+00 1.143804848474788916e+00
1.668533520212646559e+00 1.785078982286644189e+00 1.141043795569303354e+00
1.669727959950626062e+00 1.787829082973790840e+00 1.135937417481398759e+00
1.673344645203002967e+00 1.795797858519544876e+00 1.119096970306978855e+00
1.674783739088447465e+00 1.798861635922038849e+00 1.113007429904067314e+00
1.676606116650763978e+00 1.802634439948475276e+00 1.107904958524678962e+00
1.678307991459536019e+00 1.806038881636854443e+00 1.106167120847365570e+00
1.680040323144798231e+00 1.809501625010907278e+00 1.106994029394082091e+00
1.681784175404225312e+00 1.813022443242043646e+00 1.110551320061190061e+00
1.683592345177510108e+00 1.816721028172050501e+00 1.117017141410224124e+00
1.685320431446462264e+00 1.820317533464294701e+00 1.123823498996151082e+00
1.686959940601826302e+00 1.823751028506938487e+00 1.129211148762248706e+00
1.688657785060199368e+00 1.827354136311434951e+00 1.132417024665468785e+00
1.690393227897038386e+00 1.831110983949341131e+00 1.133077880544070659e+00
1.692025367818309922e+00 1.834733412377370421e+00 1.132007701376136488e+00
1.693491506812660363e+00 1.837987184147492181e+00 1.128395165478281559e+00
1.694730623789794555e+00 1.840642362166789781e+00 1.123158903032788203e+00
1.696329074529590475e+00 1.844102005673246225e+00 1.116546845922180120e+00
1.697891194436491835e+00 1.847392422983814564e+00 1.111044424874166214e+00
1.699515993806844927e+00 1.850780932798943068e+00 1.106651437362477841e+00
1.701136074239333107e+00 1.854122413303613159e+00 1.104127016297730357e+00
1.702672025107988985e+00 1.857161730990851689e+00 1.102594366428469641e+00
1.704237925908521856e+00 1.860255625858928008e+00 1.100944370769019631e+00
1.706012560234435371e+00 1.863744944565857597e+00 1.101270605381402978e+00
1.707965991730886923e+00 1.867621935794627097e+00 1.104457566369021038e+00
1.708009295825810181e+00 1.867710086585714357e+00 1.104574941813231792e+00
1.709673927532508575e+00 1.871024853251403108e+00 1.108415268033941858e+00
1.711250306558961043e+00 1.874172961258125047e+00 1.110909327181734740e+00
1.712985612740942853e+00 1.877675644771268137e+00 1.112717577978718841e+00
1.714445430844732554e+00 1.880659892204044281e+00 1.113092990425675666e+00
1.716116715375530566e+00 1.884114388964244435e+00 1.112377741809700060e+00
1.716160744712370123e+00 1.884203984475832705e+00 1.112313924246481678e+00
1.717923976450188572e+00 1.887899237805285235e+00 1.108877627246435127e+00
1.719683249537787395e+00 1.891545732511338285e+00 1.104537512335996396e+00
1.721265153285379768e+00 1.894790496068734287e+00 1.100834302960468802e+00
1.722967308780323226e+00 1.898269590232072312e+00 1.097787367462428776e+00
1.724659813057835223e+00 1.901669407709650095e+00 1.095843350065769384e+00
1.726495248324241949e+00 1.905256523625242560e+00 1.094683689856215114e+00
1.728092603670822403e+00 1.908446462780807540e+00 1.093345318738904837e+00
1.728138768357580402e+00 1.908527906927693030e+00 1.093292172028023979e+00
1.729786965832176504e+00 1.911775203153478486e+00 1.091233368961527894e+00
1.731552445402851026e+00 1.915176207672260489e+00 1.091034877047635909e+00
1.731602010423758164e+00 1.915268743836366472e+00 1.091057311886811654e+00
1.733440901021204184e+00 1.918784712968918837e+00 1.092966551704303013e+00
1.735219428348505621e+00 1.922238984105880899e+00 1.095402389667802900e+00
1.735261865700879369e+00 1.922329260145060115e+00 1.095473684191308417e+00
1.736894900918574791e+00 1.925525953372675847e+00 1.097104494604522973e+00
1.738730398644302566e+00 1.929100956660275035e+00 1.097597845224832502e+00
1.738775494882289996e+00 1.929189286299315631e+00 1.097609334993867813e+00
1.740410176041784496e+00 1.932446634693456122e+00 1.097266064517696593e+00
1.741944440359690871e+00 1.935589140975534361e+00 1.095116773143686828e+00
1.743531896238679879e+00 1.938789656545650386e+00 1.092381638544179800e+00
1.745332833675259598e+00 1.942396138249707471e+00 1.089254424807746036e+00
1.745375735612564094e+00 1.942489246868551067e+00 1.089187798872511381e+00
1.746898597190803759e+00 1.945506935840946472e+00 1.087074471846049661e+00
1.748534215639185874e+00 1.948695021196726440e+00 1.085650734594901801e+00
1.750340072359311216e+00 1.952142388993355349e+00 1.084405448192029109e+00
1.752202394505165017e+00 1.955702576450610630e+00 1.083328382201213858e+00
1.752246526525669257e+00 1.955791374396973481e+00 1.083306820018270944e+00
1.753808287736841054e+00 1.958723406247464105e+00 1.083170384319265267e+00
1.755667473239020060e+00 1.962241818330699106e+00 1.084024790748366884e+00
1.757500864255896689e+00 1.965695922905876358e+00 1.084813105414394130e+00
1.757549264798174748e+00 1.965784044709709022e+00 1.084831389674325797e+00
1.759506269994022265e+00 1.969507319830978487e+00 1.085070796667058968e+00
1.763923221050774703e+00 1.977940706299592843e+00 1.084058790233654257e+00
1.765726747842253808e+00 1.981390689412171779e+00 1.083533924576899787e+00
1.767333646691916726e+00 1.984539857420447584e+00 1.082228155123037272e+00
1.768950102226182430e+00 1.987651596695956702e+00 1.079536349052073296e+00
1.770703019101447229e+00 1.991074026385511342e+00 1.076544926960279813e+00
1.772387717026360665e+00 1.994283530076465194e+00 1.074131917392011415e+00
1.774140190914943904e+00 1.997611493205982747e+00 1.072061483347629851e+00
1.775971501870365898e+00 2.001044995827821360e+00 1.070397172197593338e+00
1.777604755953643867e+00 2.004053755921860080e+00 1.069320612949285154e+00
1.779352220088090464e+00 2.007256276164560926e+00 1.068959193257266405e+00
1.781105040470894796e+00 2.010468629270457441e+00 1.069174488406253953e+00
1.782948753171722966e+00 2.013815111614572828e+00 1.069430648004572992e+00
1.782995831735138648e+00 2.013901618109017466e+00 1.069439975508128082e+00
1.784833933406341666e+00 2.017259394318344778e+00 1.069355966936375912e+00
1.786749111612087049e+00 2.020787977526695922e+00 1.068925974873495610e+00
1.788510083918885663e+00 2.024046841298318355e+00 1.068274245774887499e+00
1.790243442103194971e+00 2.027200789455512631e+00 1.067441378300931110e+00
1.791915717176257861e+00 2.030278186398195128e+00 1.066529448876176289e+00
1.793602017835041362e+00 2.033402791172469026e+00 1.065023887485095910e+00
1.795496215390665729e+00 2.036904919606089326e+00 1.062665520224666649e+00
1.797091091484699588e+00 2.039850777060081999e+00 1.060700242409686300e+00
1.799003223100391846e+00 2.043337441706990720e+00 1.058655549945082486e+00
1.800601504439451883e+00 2.046231853083969376e+00 1.057275755941693429e+00
1.802306232658672069e+00 2.049299319424016552e+00 1.056008285438077454e+00
1.804361405113397376e+00 2.052926227524880964e+00 1.055427274430848383e+00
1.804411326057896892e+00 2.053014982452378234e+00 1.055435038507877898e+00
1.806435343571245689e+00 2.056612039638371137e+00 1.055237692010692063e+00
1.808467877126387791e+00 2.060212258366819427e+00 1.054610152091489228e+00
1.810238845118922635e+00 2.063372167233811449e+00 1.054038307765053251e+00
1.812132080544751167e+00 2.066698502687441152e+00 1.053274663549685242e+00
1.813969764886286695e+00 2.069924661143700551e+00 1.052368629517887788e+00
1.815751072351841078e+00 2.073086460978875056e+00 1.051376557907912401e+00
1.817761790685766821e+00 2.076655532178860675e+00 1.050131324921890430e+00
1.819776771018402295e+00 2.080226527267572401e+00 1.048994615846194023e+00
1.821855655512393035e+00 2.083881787529306973e+00 1.047234664612073374e+00
1.821904275902529458e+00 2.083967379227205985e+00 1.047181463533455981e+00
1.823571738585484603e+00 2.086898739902879996e+00 1.045483851442841505e+00
1.825373695719269218e+00 2.090097848294391270e+00 1.043666086663118664e+00
1.827254766734575986e+00 2.093400145881302521e+00 1.041954556315457303e+00
1.829082187132948123e+00 2.096550136383104945e+00 1.040794963566620934e+00
1.830868124699880584e+00 2.099636084338293074e+00 1.040386673795700601e+00
1.832778428050666708e+00 2.102886348752811774e+00 1.040084805860730155e+00
1.834686389584603283e+00 2.106145792723469246e+00 1.039643668908537322e+00
1.836445855484879486e+00 2.109169149205933902e+00 1.038822274800290213e+00
1.838561011740796669e+00 2.112784348116777622e+00 1.037397731859504679e+00
1.840561457267761325e+00 2.116252593637143686e+00 1.035921343483259260e+00
1.842590228432346544e+00 2.119708144814139938e+00 1.034411768366706896e+00
1.844575092270962946e+00 2.123076577867121895e+00 1.032947674085954004e+00
1.846364734757083514e+00 2.126097516138485410e+00 1.031726586684469593e+00
1.848419442644583022e+00 2.129537904538425952e+00 1.030371138037906587e+00
1.848469025975986835e+00 2.129623131020303539e+00 1.030335980914787175e+00
1.850622844680559709e+00 2.133324897236281714e+00 1.028332513550940686e+00
1.852846970801129034e+00 2.137124291243607033e+00 1.025882998948052460e+00
1.854760406183865618e+00 2.140309108852849640e+00 1.024159476087801890e+00
1.856977559032398917e+00 2.143923871068770026e+00 1.023114893151733096e+00
1.858989919835448923e+00 2.147203881608694687e+00 1.022524082622069841e+00
1.860925352836710900e+00 2.150386890387570471e+00 1.022238506743655462e+00
1.862971013066215820e+00 2.153741080773473815e+00 1.021417388049913777e+00
1.863023583793203652e+00 2.153825933129216441e+00 1.021393634180368215e+00
1.865197640892195752e+00 2.157418863046682844e+00 1.019925978388053656e+00
1.867098514088616490e+00 2.160583431845433111e+00 1.018484080044871343e+00
1.871921335702104949e+00 2.168529474866037976e+00 1.014638492858732866e+00
1.874010613563813044e+00 2.171930847070327353e+00 1.012962075795419858e+00
1.874062542642678242e+00 2.172019449857527817e+00 1.012922429247488765e+00
1.876009933936440666e+00 2.175171060539335954e+00 1.011468959187599825e+00
1.878043005471274451e+00 2.178499497667093276e+00 1.010046337230253721e+00
1.879855942701942118e+00 2.181408084682589621e+00 1.009022502148871014e+00
1.881879308682911534e+00 2.184662205598248974e+00 1.007958499415800402e+00
1.883881440194765000e+00 2.187814028181163550e+00 1.006953290475396612e+00
1.885815700240836668e+00 2.190862274927314779e+00 1.005948861702004704e+00
1.887969400835000977e+00 2.194283809233262161e+00 1.004778504388456062e+00
1.890039909403105067e+00 2.197581919190725763e+00 1.003508980050352717e+00
1.891856213736356818e+00 2.200477877069470622e+00 1.002363207212717988e+00
1.893937772235063211e+00 2.203779445009449667e+00 1.000971450244550143e+00
1.896385778082878337e+00 2.207678960607815988e+00 9.984895133309477089e-01
1.898262343454246270e+00 2.210692028027020584e+00 9.962549413383210428e-01
1.900243237446424871e+00 2.213785121264201905e+00 9.939836273794403487e-01
1.902389109527315769e+00 2.217119428218557342e+00 9.916903334802749104e-01
1.902438945821846916e+00 2.217205765080186630e+00 9.916378905347350559e-01
1.904449905924869846e+00 2.220330665883424093e+00 9.899423091400818553e-01
1.906647283843941443e+00 2.223671337414315108e+00 9.894539483459416918e-01
1.906703103754198603e+00 2.223758517895670028e+00 9.894428563700863322e-01
1.908870018082551079e+00 2.227073885210276938e+00 9.891432103820700927e-01
1.910887423475763569e+00 2.230123671786172324e+00 9.886535022467706213e-01
1.912921244015426625e+00 2.233225681102676052e+00 9.876003360053666746e-01
1.914751677524367146e+00 2.236053720680468704e+00 9.860721299180958965e-01
1.916957418328240292e+00 2.239488364277285815e+00 9.839286364609771685e-01
1.918855322348040460e+00 2.242391064047013494e+00 9.821544215234077058e-01
1.921000841799592296e+00 2.245639444590668887e+00 9.802129087782981420e-01
1.923324069011433934e+00 2.249125841627661604e+00 9.782290713240429092e-01
1.925424525130030595e+00 2.252281145574060339e+00 9.764864493570035719e-01
1.927428812713831263e+00 2.255278200590360882e+00 9.748478286420798611e-01
1.929442744386398179e+00 2.258278454668355195e+00 9.736299060830189145e-01
1.931317700541177240e+00 2.261055890366626020e+00 9.727071086540525213e-01
1.933565991479866630e+00 2.264400678838531356e+00 9.715436757267098544e-01
1.935839476344501930e+00 2.267716316503515905e+00 9.703589155577121428e-01
1.938271063711332065e+00 2.271275184432918870e+00 9.689807381497672623e-01
1.940397977935332863e+00 2.274416613874747473e+00 9.676040297057509898e-01
1.942610186512949033e+00 2.277652428905836857e+00 9.661165350167835175e-01
1.944994451355144038e+00 2.281121364673680318e+00 9.643373393693680518e-01
1.947045702134312606e+00 2.284152635971605783e+00 9.619617331017376038e-01
1.949371859468272294e+00 2.287571803017395489e+00 9.578036811326496869e-01
1.951488310390144809e+00 2.290661204098303649e+00 9.543281969617134486e-01
1.953533973571135673e+00 2.293599222531628623e+00 9.514045076030962500e-01
1.955747003566889575e+00 2.296724856693499905e+00 9.493992259565086078e-01
1.957939099808761796e+00 2.299773111734521258e+00 9.493022069856876799e-01
1.960411230622985057e+00 2.303238312625685680e+00 9.502844149298929066e-01
1.962566307583323955e+00 2.306249891879809333e+00 9.509830173637131567e-01
1.964653451676728668e+00 2.309174074004455068e+00 9.510893116709535633e-01
1.966501869471827479e+00 2.311811663488458457e+00 9.495615727406757633e-01
1.968644795471949482e+00 2.314860357073431629e+00 9.463825686155624695e-01
1.970886769870405786e+00 2.318074589362795646e+00 9.424771497157125033e-01
1.970943989107755145e+00 2.318153626656012545e+00 9.423770702795641885e-01
1.972964344880325127e+00 2.320950592628287623e+00 9.392034313323516237e-01
1.975110889057241526e+00 2.323926384769301023e+00 9.365843851474345838e-01
1.977076699492628764e+00 2.326669634527215536e+00 9.343619901949653528e-01
1.979427052661995479e+00 2.329873850472640839e+00 9.327648074285886937e-01
1.981459939316651431e+00 2.332619734608738060e+00 9.322312273923591963e-01
1.983609496146785389e+00 2.335510630456187897e+00 9.311838197233078818e-01
1.985939746936548955e+00 2.338643732811209741e+00 9.297676048235573587e-01
1.988025290132855893e+00 2.341451352970928212e+00 9.282964454967109758e-01
1.990146319711007195e+00 2.344336454403460390e+00 9.266751133042778754e-01
1.992882861897791180e+00 2.348024354431418104e+00 9.245014363060533036e-01
1.994965759106359648e+00 2.350826169043068070e+00 9.227742362171384993e-01
2.000373763442323316e+00 2.358074024887616194e+00 9.182157621139981352e-01
2.000433785260293806e+00 2.358151934886491219e+00 9.181628387336614461e-01
2.002856301713292098e+00 2.361345362318993502e+00 9.164320870336709612e-01
2.004913693068103075e+00 2.364065411874706424e+00 9.153298130364584395e-01
2.007292032731199161e+00 2.367182867466078644e+00 9.139182840867527968e-01
2.009543546546496806e+00 2.370112777605858145e+00 9.125904811153107143e-01
2.011602323168717454e+00 2.372810246941289503e+00 9.112378641524705447e-01
2.013597254153184579e+00 2.375409900347908554e+00 9.097513782402200100e-01
2.015837111375007762e+00 2.378326002827397812e+00 9.079648957365882289e-01
2.018118876496468150e+00 2.381312887996082317e+00 9.057254351681697235e-01
2.020015635102183182e+00 2.383782202744546996e+00 9.024234665300179259e-01
2.021895770564753114e+00 2.386169605602830313e+00 8.980250163930336704e-01
2.024372337743221451e+00 2.389352691740904699e+00 8.924341928212025099e-01
2.027058194761835352e+00 2.392765539576840794e+00 8.874247492156718264e-01
2.029599069625489971e+00 2.395979736654467729e+00 8.834551347305857893e-01
2.029662492594958234e+00 2.396055924432395123e+00 8.833699728842886456e-01
2.031891572555330150e+00 2.398795071829273873e+00 8.807204129101521284e-01
2.034249891649784647e+00 2.401645438460615178e+00 8.797495646381036094e-01
2.036847083560538341e+00 2.404792145452462115e+00 8.816090569476325856e-01
2.039137589241080128e+00 2.407584965410217492e+00 8.835922982215500543e-01
2.041571235418624397e+00 2.410571413482703651e+00 8.828115559297585735e-01
2.043742719697183130e+00 2.413314151481635417e+00 8.804077695285406069e-01
2.045886762200531894e+00 2.415933857819472674e+00 8.770227668336441074e-01
2.047999804407437452e+00 2.418579420433366600e+00 8.733979030764787987e-01
2.050124248728431908e+00 2.421189322246534825e+00 8.701631750041041169e-01
2.052193974652004371e+00 2.423676451888575389e+00 8.674705328017929817e-01
2.054476921833294334e+00 2.426371531991580177e+00 8.652815660721443480e-01
2.056768906178234602e+00 2.429054689510885101e+00 8.650610815272816723e-01
2.059302145108555582e+00 2.432025479821661396e+00 8.659743062025876403e-01
2.061647715402828318e+00 2.434823236339628050e+00 8.645878999417528910e-01
2.064311291089123035e+00 2.438047911710653270e+00 8.619824298290237330e-01
2.064373104439313877e+00 2.438122246948216887e+00 8.619071787342936775e-01
2.067152481401686170e+00 2.441412217310126476e+00 8.581783149494143226e-01
2.070123090114943221e+00 2.444938225999274461e+00 8.540446443539240207e-01
2.072392506422427783e+00 2.447588161031250653e+00 8.510772196168591153e-01
2.074779369246276595e+00 2.450362384021296691e+00 8.482330687276202763e-01
2.077396233057533959e+00 2.453369236529308495e+00 8.454319127621954255e-01
2.077463482671892958e+00 2.453445446219062465e+00 8.453686011766960995e-01
2.079861087064432290e+00 2.456220814882683623e+00 8.428050063207731535e-01
2.082712109588094052e+00 2.459434946153982615e+00 8.406935488181714877e-01
2.085186766464269592e+00 2.462216516048957526e+00 8.389218583693507370e-01
2.087843554934097678e+00 2.465191481575556676e+00 8.369821655727610610e-01
2.090507566717563659e+00 2.468156667280523742e+00 8.348931755766274554e-01
2.093024356359205917e+00 2.470973754156719160e+00 8.327798183801582432e-01
2.093158646071058282e+00 2.471116148383311728e+00 8.326590911872990830e-01
2.095603195443362488e+00 2.473853866481941832e+00 8.304314220742678998e-01
2.098109115784915879e+00 2.476663675650120133e+00 8.280691258675324518e-01
2.098176041587496599e+00 2.476741956978066206e+00 8.280112372441501556e-01
2.100423067559151313e+00 2.479244770302813095e+00 8.255966704184952709e-01
2.102805215215419743e+00 2.481846186925256603e+00 8.212200548646684251e-01
2.102867593378465294e+00 2.481923364524495135e+00 8.210684503315378580e-01
2.105540867712201614e+00 2.484820997162776379e+00 8.153512134871008232e-01
2.108246096999504715e+00 2.487701070616736843e+00 8.125090008351182336e-01
2.110898370084454356e+00 2.490499977764420780e+00 8.111420725035494161e-01
2.113230360341380454e+00 2.492952271406601028e+00 8.107775297801409486e-01
2.116041022350922063e+00 2.495911749880525665e+00 8.100725485055236819e-01
2.116108832029953035e+00 2.495982608556864157e+00 8.100556218422797494e-01
2.118986764033529369e+00 2.499018340423273088e+00 8.086349815307224409e-01
2.121741125579221787e+00 2.501891721006641589e+00 8.066028547565727846e-01
2.124543084509438629e+00 2.504847391053230954e+00 8.042092104963959320e-01
2.126986535378368792e+00 2.507422186928661034e+00 8.018522912884504805e-01
2.129307977361358795e+00 2.509877514644079710e+00 7.979807314042475230e-01
2.131661839739789954e+00 2.512338636146024928e+00 7.924289249477878272e-01
2.134271797204120524e+00 2.515020000438477066e+00 7.888051792092297676e-01
2.136763717899613724e+00 2.517510752150468711e+00 7.869311064009032464e-01
2.136835221959944242e+00 2.517582795222394143e+00 7.868915305682561145e-01
2.139466091252244073e+00 2.520224901689349650e+00 7.857164134823465540e-01
2.145995730675638757e+00 2.526751249312551906e+00 7.830465448467929246e-01
2.148699984184941236e+00 2.529425322321617653e+00 7.817601316496737285e-01
2.151374567211605804e+00 2.532107905717028817e+00 7.799555068725023688e-01
2.153840005765004673e+00 2.534603665355921187e+00 7.763239288114689440e-01
2.156122392135207733e+00 2.536859576768520697e+00 7.714377750184212568e-01
2.158820968760098324e+00 2.539513368168452079e+00 7.668833797817190545e-01
2.158890839879036960e+00 2.539581928617494100e+00 7.667986491930730564e-01
2.161570500137637296e+00 2.542172616297687426e+00 7.644557821113512341e-01
2.164462679338481355e+00 2.544944015547195626e+00 7.624615878300506910e-01
2.164534637789906402e+00 2.545013127570637135e+00 7.624161325132129408e-01
2.167549805509755068e+00 2.547908129884504103e+00 7.602174592445201107e-01
2.170570365803651924e+00 2.550801932996353383e+00 7.578354945352161476e-01
2.173246489869406606e+00 2.553343597627364403e+00 7.556345531235755253e-01
2.175905260037338085e+00 2.555878243823261009e+00 7.530684726022807141e-01
2.178274737933053373e+00 2.558145039887093741e+00 7.492270452217869581e-01
2.180502688333264327e+00 2.560265808397301335e+00 7.437673151808856797e-01
2.183472794352949720e+00 2.563058795770875697e+00 7.387526156998379667e-01
2.186584102192758561e+00 2.565897788695430393e+00 7.359803570558347552e-01
2.189338781136850098e+00 2.568388985397638713e+00 7.344900304273253022e-01
2.192323465233095181e+00 2.571071545144069770e+00 7.329714281422201605e-01
2.194987437388534524e+00 2.573479792287495016e+00 7.313195086387048738e-01
2.197709654953100333e+00 2.575927047897409672e+00 7.294757102845336183e-01
2.200432955508558663e+00 2.578390648233259252e+00 7.272380538965512731e-01
2.203377745156736456e+00 2.581128357156714959e+00 7.237968868630898500e-01
2.205989580969071717e+00 2.583470379153941288e+00 7.197572308095739890e-01
2.208478977627567730e+00 2.585713447944353760e+00 7.166944887591856217e-01
2.211220251412389981e+00 2.588133291354467680e+00 7.136470915742143539e-01
2.214039342276813649e+00 2.590613575560193560e+00 7.106258742590375599e-01
2.216514753331536358e+00 2.592747369857092643e+00 7.080625940901926763e-01
2.219118970164978055e+00 2.595007683200317494e+00 7.053852982605106625e-01
2.221670850359177329e+00 2.597205646750377461e+00 7.027799732860654514e-01
2.224218727568776366e+00 2.599387728057029889e+00 7.001518915020890077e-01
2.227000834507880889e+00 2.601755812141558710e+00 6.973192375270166332e-01
2.230084170405906008e+00 2.604385336324995137e+00 6.941602728100570996e-01
2.233161002970726727e+00 2.607010825498754514e+00 6.905011809447110238e-01
2.236291181400942740e+00 2.609670987759942662e+00 6.862975944697190522e-01
2.239006450757461408e+00 2.611939430653474670e+00 6.826389314820600074e-01
2.241959402999146533e+00 2.614399776682104992e+00 6.788366227093496352e-01
2.245179954275612122e+00 2.617025704841770217e+00 6.749983003867799924e-01
2.248105255654981427e+00 2.619389419553275200e+00 6.716753263864063683e-01
2.250792226010179586e+00 2.621573726583787511e+00 6.687183950262164389e-01
2.253643700788972914e+00 2.623880972451425375e+00 6.656788076319383185e-01
2.256544857454766628e+00 2.626181136740873612e+00 6.630605854546434141e-01
2.259453569822909458e+00 2.628430277635150247e+00 6.627452926927546173e-01
2.262278664150301211e+00 2.630653328088564002e+00 6.635342141491610279e-01
2.265602999364881853e+00 2.633263011429087364e+00 6.613963962320538181e-01
2.268182404569255350e+00 2.635340973905252238e+00 6.575434835199305272e-01
2.270961965315226649e+00 2.637535691624673717e+00 6.515529030117908071e-01
2.273728154471633900e+00 2.639656639485570722e+00 6.448680298371124442e-01
2.276711785590787684e+00 2.641944800479078204e+00 6.383742647425461048e-01
2.279647520354459722e+00 2.644181665674998793e+00 6.332925215947282638e-01
2.282625744631198383e+00 2.646380731465051372e+00 6.296850825025179788e-01
2.285707041810000284e+00 2.648611521373946509e+00 6.284307257054275730e-01
2.288656550508624044e+00 2.650761883424780141e+00 6.297422676772967964e-01
2.291848928666070151e+00 2.653097249308541183e+00 6.319803314997517463e-01
2.299023898778127073e+00 2.658433490704170676e+00 6.302274156661683557e-01
2.301851951776929806e+00 2.660541462448582362e+00 6.249951751389807297e-01
2.301920912861454394e+00 2.660593617969483127e+00 6.248299394165115483e-01
2.304729701188354518e+00 2.662668077167883229e+00 6.180621921953314279e-01
2.307616769945282531e+00 2.664765456778033670e+00 6.130199483749971812e-01
2.310667941679787507e+00 2.666956269894916964e+00 6.089719390925535381e-01
2.310748108211114982e+00 2.667014373009259920e+00 6.088817136122469664e-01
2.313506290003662258e+00 2.668957244602442547e+00 6.061059500930757737e-01
2.316443630704278167e+00 2.671007661755713691e+00 6.033793546645909167e-01
2.319469732429051412e+00 2.673106531014392218e+00 6.005018308210510192e-01
2.322958059423134269e+00 2.675527654560908797e+00 5.971570863615837110e-01
2.326052537759426553e+00 2.677670161755818068e+00 5.941040420960294055e-01
2.328995589259733379e+00 2.679729675782501097e+00 5.905438333883091806e-01
2.331908559399564762e+00 2.681689373045188951e+00 5.847027485179971951e-01
2.334984859958567860e+00 2.683784536374182572e+00 5.788196716348156246e-01
2.338256457563331114e+00 2.685961986911883592e+00 5.731062311194857761e-01
2.338338897190885834e+00 2.686016060514510251e+00 5.729792007723971681e-01
2.341325432963335729e+00 2.687970382133520353e+00 5.691142740527384003e-01
2.341406975589396477e+00 2.688023469386005448e+00 5.690237395500735706e-01
2.344506424255639487e+00 2.690009390659030331e+00 5.656870476949814597e-01
2.347615334083082317e+00 2.692002429281415754e+00 5.623853769280409143e-01
2.350546051079043686e+00 2.693867547556535680e+00 5.593373383652637809e-01
2.353902663602716494e+00 2.696000854000690339e+00 5.558285069794511868e-01
2.356893519768133771e+00 2.697856758939212618e+00 5.530683414204007331e-01
2.359913170547593086e+00 2.699712838423817818e+00 5.521464735662031664e-01
2.363580088570273574e+00 2.701977468319019415e+00 5.535201146401792505e-01
2.367079061496394132e+00 2.704147714214570897e+00 5.554965528183248846e-01
2.370373707754978021e+00 2.706200625419918460e+00 5.559204030984168377e-01
2.373832903257125260e+00 2.708388247546550609e+00 5.532105355134100400e-01
2.376451464009044390e+00 2.710032639682701916e+00 5.488763978584441094e-01
2.378879769803290412e+00 2.711517539682130717e+00 5.430885290055262882e-01
2.381868437665072946e+00 2.713344951502527636e+00 5.356413542220412882e-01
2.384688018685197530e+00 2.715093178735022761e+00 5.295301067718202193e-01
2.387551193356786339e+00 2.716786174459833170e+00 5.246073886459561297e-01
2.390618848872329671e+00 2.718598601713021701e+00 5.206600597710073774e-01
2.393901577616118992e+00 2.720504796306759676e+00 5.171129630719027981e-01
2.397108692550448339e+00 2.722332636088495406e+00 5.138667543576421748e-01
2.400038052555947488e+00 2.724000409286795765e+00 5.110275393030717650e-01
2.403239558815692511e+00 2.725805893473236985e+00 5.078599552270515183e-01
2.406843721470756314e+00 2.727785889316224566e+00 5.052472294354345417e-01
2.410343303788724967e+00 2.729739238488793074e+00 5.038554446228656891e-01
2.413468012541037488e+00 2.731509227938204276e+00 5.004034095005708282e-01
2.416651717827977830e+00 2.733319073779025388e+00 4.940126478929024456e-01
2.419699529660807258e+00 2.734961705619965766e+00 4.866748955704823798e-01
2.422702605430161249e+00 2.736582431025798900e+00 4.797830294209483037e-01
2.426042852801461258e+00 2.738371766942960583e+00 4.736055616445224437e-01
2.429306127250605130e+00 2.740091621405541300e+00 4.686845907366810615e-01
2.432390398469133963e+00 2.741630849554300475e+00 4.652306067745431983e-01
2.435694656702708905e+00 2.743283879864489627e+00 4.636982270685939822e-01
2.439092643276035144e+00 2.744983992194355960e+00 4.645083146177067523e-01
2.442671131509615456e+00 2.746776153690858813e+00 4.656452253688924126e-01
2.442761050882210405e+00 2.746819956262973150e+00 4.656661242683254875e-01
2.446099599383947609e+00 2.748510682893981372e+00 4.660110061536149595e-01
2.449372592973481311e+00 2.750144344056359547e+00 4.641624646000629961e-01
2.452601111114712129e+00 2.751799914462011554e+00 4.613974387630197516e-01
2.455444716158395657e+00 2.753253193616346461e+00 4.579650908843815316e-01
2.458087863142728313e+00 2.754563488365590285e+00 4.525071890569427602e-01
2.461119079944344090e+00 2.756061992128118199e+00 4.452076023044570507e-01
2.469121553700131422e+00 2.759865318443128768e+00 4.261426517597691199e-01
2.472431924478255105e+00 2.761413866477633317e+00 4.189738505027089666e-01
2.475883013970599400e+00 2.762986020839869550e+00 4.130796405040715324e-01
2.479635154340464887e+00 2.764599245309051323e+00 4.096598753733092790e-01
2.483390320612420155e+00 2.766231934655089209e+00 4.081949752841906309e-01
2.483577360843084669e+00 2.766311995157351156e+00 4.082023514783615914e-01
2.486983368959736040e+00 2.767778452362297248e+00 4.094537560507370277e-01
2.490840590852765324e+00 2.769472451563314674e+00 4.119314246087675824e-01
2.494195742412032679e+00 2.770957171601520663e+00 4.138203482047660420e-01
2.497381963237904845e+00 2.772352541720711994e+00 4.140857787004921797e-01
2.500786183152140296e+00 2.773884709528056547e+00 4.119970561517716234e-01
2.500874019966764283e+00 2.773927781975179752e+00 4.119198665221842082e-01
2.504698556388059050e+00 2.775629163546498912e+00 4.092548658406496842e-01
2.507801515164843398e+00 2.776967968575785761e+00 4.086815281741513206e-01
2.511644343926594303e+00 2.778653959751911096e+00 4.071710646539964396e-01
2.514937620174336086e+00 2.780125333353783201e+00 4.035683857642206052e-01
2.517638486928135855e+00 2.781293947025884172e+00 3.983658905671993433e-01
2.520776114113704391e+00 2.782628556020314559e+00 3.905971094044610736e-01
2.524108787212871796e+00 2.784011812496220539e+00 3.818253754046854742e-01
2.527402150819280546e+00 2.785370881816209732e+00 3.733643584473780308e-01
2.530878738436767250e+00 2.786734805115786084e+00 3.648504662294498879e-01
2.534290319829327842e+00 2.788042109608681152e+00 3.579967518404918447e-01
2.537763614007696678e+00 2.789332143394819052e+00 3.539297418717811672e-01
2.541787077699368069e+00 2.790809260251661428e+00 3.518287018403668531e-01
2.544454664378511310e+00 2.791799909383737344e+00 3.511231214734742978e-01
2.545794621129922941e+00 2.792300345023503105e+00 3.508098765380169848e-01
2.549235268902551699e+00 2.793557283259191060e+00 3.496441066873139936e-01
2.552905314720416818e+00 2.794889740879085149e+00 3.473673391448982573e-01
2.556110078558802901e+00 2.796058174889156867e+00 3.449883586080073061e-01
2.559654460034241907e+00 2.797315653947876513e+00 3.430127174184757211e-01
2.559752720245934920e+00 2.797351030073527145e+00 3.429924741530165910e-01
2.563757058083574236e+00 2.798786463547470404e+00 3.427185391993684549e-01
2.563853217133583939e+00 2.798819842548542436e+00 3.427142591265324723e-01
2.567320760794412404e+00 2.800058580314756629e+00 3.423450512034191817e-01
2.570723733761774987e+00 2.801264602699710782e+00 3.411342784802515737e-01
2.574117893124997725e+00 2.802482369846303722e+00 3.394865198676220719e-01
2.577795516803023546e+00 2.803842447900102286e+00 3.355221947402903249e-01
2.580739609783283761e+00 2.804899122460239980e+00 3.295713176934235711e-01
2.584163089909371713e+00 2.806068118251311638e+00 3.210694038445188192e-01
2.587477460634109327e+00 2.807195063856200434e+00 3.127060214406394145e-01
2.591069616601211489e+00 2.808350134916541396e+00 3.039982734258372954e-01
2.594576903138653634e+00 2.809470505007834351e+00 2.972699176105920160e-01
2.598106132517835398e+00 2.810576405497670294e+00 2.917823821920912386e-01
2.601686977795169220e+00 2.811637508813875197e+00 2.880037658259117506e-01
2.605067830550670482e+00 2.812640657727264681e+00 2.850996188504018036e-01
2.608557547473891347e+00 2.813645724756013600e+00 2.835136703849107098e-01
2.612298576315653875e+00 2.814739301571286489e+00 2.836391884492691084e-01
2.612394775861241136e+00 2.814767985350823398e+00 2.836459617396678845e-01
2.616375597357568417e+00 2.815943202099503218e+00 2.827633763865206595e-01
2.616470938492284404e+00 2.815970867219960372e+00 2.827212844962306848e-01
2.619925063137830357e+00 2.816979379329129785e+00 2.806204755031438403e-01
2.623008690987182590e+00 2.817880536482622489e+00 2.782091228548493334e-01
2.626165685647753989e+00 2.818802303398142417e+00 2.755950927377541770e-01
2.629519164295994749e+00 2.819772107221317992e+00 2.725900022438140780e-01
2.633239329719031296e+00 2.820786556310806770e+00 2.701319787267871253e-01
2.633334502405475508e+00 2.820811913176668018e+00 2.701122621740858487e-01
2.642716978836670449e+00 2.823419633902496173e+00 2.683610020465344581e-01
2.646323485449482149e+00 2.824402664392188456e+00 2.676364830774704551e-01
2.649975357013476529e+00 2.825418669112006675e+00 2.665145057038161847e-01
2.653349978090585370e+00 2.826373121219154960e+00 2.637236753009414847e-01
2.657163112044196751e+00 2.827471524081605292e+00 2.595699415978371949e-01
2.657242244338571702e+00 2.827491248619188990e+00 2.594702838524822752e-01
2.660891614104061720e+00 2.828494000001374076e+00 2.523301000865626476e-01
2.664929915731252930e+00 2.829519976364917699e+00 2.420762221342898646e-01
2.665023251722744568e+00 2.829540535045624861e+00 2.418318433945139401e-01
2.668587446250692441e+00 2.830428660379586958e+00 2.328603367015397718e-01
2.672172298829763371e+00 2.831310048269298107e+00 2.241892183424446239e-01
2.676068913853526077e+00 2.832223250328069319e+00 2.154315985686685031e-01
2.679884288950209914e+00 2.833089249285446254e+00 2.087559746661548921e-01
2.679985031148965025e+00 2.833111018015728177e+00 2.086066641780304487e-01
2.684179218572694481e+00 2.833981005294686106e+00 2.034027045445747917e-01
2.688094396633593952e+00 2.834773924136455570e+00 2.013692468916649103e-01
2.691637904138429072e+00 2.835507425531114567e+00 2.005292584801304789e-01
2.695261727251835993e+00 2.836253108408607115e+00 1.997791567465836138e-01
2.699033636417118132e+00 2.837010674913718500e+00 1.982209450376345994e-01
2.702664544184348649e+00 2.837736612921847978e+00 1.957724531994579631e-01
2.706496841127896236e+00 2.838491889702870363e+00 1.924871303081216178e-01
2.710297528902733788e+00 2.839212078058175770e+00 1.894983715147412207e-01
2.714028433552376107e+00 2.839918561399713326e+00 1.877347169301522289e-01
2.717281308279243746e+00 2.840543720087771451e+00 1.863612370884505376e-01
2.721405897249478123e+00 2.841327870785678833e+00 1.841334751817145510e-01
2.724737842802464449e+00 2.841957632183667481e+00 1.818965339501289469e-01
2.728655558865778374e+00 2.842700038236147808e+00 1.787073257398573700e-01
2.728755825442605865e+00 2.842720061169254020e+00 1.786286200288309256e-01
2.732342404747984510e+00 2.843376709025371873e+00 1.759635598828138414e-01
2.736162889356030359e+00 2.844044414506138985e+00 1.743254069839068887e-01
2.739812226920147697e+00 2.844685326535413505e+00 1.728465790955902304e-01
2.743448986799529976e+00 2.845338144576498696e+00 1.711331057147891521e-01
2.747114079084206573e+00 2.845975404086107385e+00 1.687898264131232340e-01
2.750639873974411564e+00 2.846597057235660699e+00 1.660096382252573277e-01
2.754128694408965128e+00 2.847215933926922293e+00 1.629443959271277553e-01
2.757892369375031905e+00 2.847847186372541195e+00 1.603466525564160305e-01
2.761769141619765833e+00 2.848475055299237724e+00 1.584667043062486236e-01
2.765163304540220857e+00 2.849016533579534993e+00 1.566395846358062671e-01
2.769313999634607448e+00 2.849687647432518123e+00 1.539729253754358040e-01
2.772659636138330885e+00 2.850213715279184434e+00 1.516700216365587384e-01
2.776182133543873221e+00 2.850792350537771469e+00 1.489037986405305214e-01
2.779438815998001022e+00 2.851332690376390921e+00 1.456199088257442986e-01
2.782843091192736207e+00 2.851852332640195886e+00 1.397176713493912814e-01
2.786442320069693945e+00 2.852427576564886103e+00 1.319532600335594219e-01
2.790229442767022672e+00 2.852929756157818186e+00 1.229393776291207163e-01
2.793727891591290202e+00 2.853400613145733900e+00 1.148402197596561092e-01
2.797598333517037794e+00 2.853892009334053625e+00 1.064037596854306295e-01
2.797689733278422963e+00 2.853901159061359660e+00 1.062062974196047449e-01
2.801001953572727743e+00 2.854265090395654347e+00 1.000351569038395588e-01
2.804912631000059609e+00 2.854660033038288525e+00 9.482056847423100954e-02
2.808768168514715224e+00 2.855025864709207717e+00 9.088497724989583193e-02
2.812512665964495895e+00 2.855356783780964580e+00 8.830084808345016467e-02
2.816610614447618399e+00 2.855723766335754643e+00 8.608972049181873309e-02
2.820010577503327287e+00 2.856011456424273565e+00 8.422832209852790242e-02
2.823606748967276481e+00 2.856314539330192304e+00 8.203035488840837441e-02
2.827205097309774651e+00 2.856604918246575586e+00 7.951809833929530946e-02
2.830804054190884322e+00 2.856889643834657377e+00 7.679376812945491737e-02
2.834638748764126248e+00 2.857171693350513575e+00 7.428918381135352078e-02
2.838254000240181707e+00 2.857443271418752317e+00 7.223959651419102623e-02
2.847850636382152967e+00 2.858121712361813227e+00 6.626329407372799629e-02
2.847948417267156529e+00 2.858127253884962027e+00 6.620269146333569721e-02
2.852237855412512069e+00 2.858426014956801708e+00 6.303468070077331009e-02
2.852335030386673242e+00 2.858431565790341189e+00 6.295410944002316489e-02
2.855733513053060335e+00 2.858654645142022055e+00 6.041580351219949518e-02
2.859655266675306784e+00 2.858884841741964333e+00 5.787136179289888160e-02
2.863564220893973111e+00 2.859122926355344152e+00 5.530987095865138453e-02
2.863661994202225447e+00 2.859127744014604566e+00 5.524341684978523181e-02
2.867550559493660778e+00 2.859356347000683751e+00 5.249661625453488911e-02
2.871329412843774520e+00 2.859580931546441995e+00 4.967492244108225735e-02
2.874994133804837926e+00 2.859771831648068474e+00 4.690556074831491590e-02
2.878474263540733880e+00 2.859948383285748186e+00 4.416325845153068475e-02
2.881743143081342495e+00 2.860093601653971973e+00 4.156502878777379451e-02
2.885430007962459964e+00 2.860250823649385321e+00 3.897740444851210267e-02
2.889358487159515043e+00 2.860415022364852344e+00 3.638379961628965265e-02
2.889456422448060113e+00 2.860419558985165089e+00 3.632033810268871926e-02
2.893717645321792098e+00 2.860596360489692458e+00 3.341545016480658437e-02
2.897893131682797385e+00 2.860754591188910734e+00 3.046913810936089512e-02
2.901750150622012914e+00 2.860903625528231409e+00 2.764938417272260612e-02
2.901848899946748883e+00 2.860910293071611044e+00 2.757954600331049416e-02
2.905505382437669315e+00 2.861019934069784831e+00 2.497861964773489749e-02
2.909388206390858045e+00 2.861132991158434002e+00 2.238476823118547981e-02
2.913354525320332122e+00 2.861241782716545945e+00 1.968086076368696230e-02
2.917009004136121408e+00 2.861342909569951853e+00 1.708336638927185000e-02
2.920278730987995175e+00 2.861421250665890259e+00 1.467367349762985392e-02
2.923613104390974105e+00 2.861484937373198090e+00 1.213826836678022492e-02
2.926943861367137689e+00 2.861550092789184152e+00 9.505586899554710131e-03
2.930678908091622681e+00 2.861592102801652882e+00 6.516132572569229009e-03
2.934437272955753073e+00 2.861625462859110236e+00 3.626440299731921012e-03
2.937877950184168974e+00 2.861657577205047875e+00 1.118782813052572990e-03
2.941533395261449080e+00 2.861662362314256303e+00 -1.505895982329903552e-03
2.944882734291018433e+00 2.861652304140254621e+00 -3.939750679769172051e-03
2.948606433435323915e+00 2.861644598805763273e+00 -6.715763133408078449e-03
2.952539054874687263e+00 2.861656004879510995e+00 -9.699397778177293664e-03
2.956560592851654956e+00 2.861640932057720299e+00 -1.278718881985409922e-02
2.960488079414962836e+00 2.861617633693471330e+00 -1.563466645446617842e-02
2.964215025425930072e+00 2.861592455551623448e+00 -1.828904284499183533e-02
2.967837994730442297e+00 2.861555968166855202e+00 -2.093064066289337596e-02
2.971270812610073975e+00 2.861495945906738392e+00 -2.351638194569960136e-02
2.975164896537267900e+00 2.861449861508003512e+00 -2.649629367241614075e-02
