2.909216947717396806e-04 3.000315035547249654e+00 -5.081830716767924815e-04
3.829393108826864567e-04 3.000443033792346448e+00 -6.737368450534980723e-04
3.966238788683240646e-04 3.000468645072760232e+00 -7.296736187042537555e-04
4.091521591606042674e-04 3.000495613248508775e+00 -9.222711887272339341e-04
4.093492611375801338e-04 3.000536591547474430e+00 -1.277851568042662157e-03
4.114552077062044733e-04 3.000589698641450198e+00 -1.857049817181295661e-03
4.126789255595661454e-04 3.000592184021486197e+00 -1.870888515818301071e-03
3.990463616513617584e-04 3.000655613002374267e+00 -2.554561185825136426e-03
3.921791596464066498e-04 3.000720452290095874e+00 -3.625988399472952241e-03
3.259580649703497368e-04 3.000784060096565398e+00 -4.827789922855282509e-03
3.129734982601009574e-04 3.000842456467074371e+00 -6.252897348056654127e-03
3.120150342945729460e-04 3.000841067837011877e+00 -6.299977759848856586e-03
3.175325648986093707e-04 3.000912898271959062e+00 -8.235418018675730659e-03
3.160544634034923028e-04 3.000990559836351768e+00 -1.023172847296297677e-02
2.718755999854480243e-04 3.001048552013225290e+00 -1.267024577873674708e-02
2.713360746715715033e-04 3.001049748425099750e+00 -1.273308748188615828e-02
2.051085938752639226e-04 3.001081686972257856e+00 -1.494401190225697063e-02
1.827301743796139188e-04 3.001148501060601603e+00 -1.760081354458403399e-02
9.049762367555058695e-05 3.001186891506386178e+00 -2.088174512610731226e-02
7.656811875119545752e-05 3.001251531713623688e+00 -2.448582812001854486e-02
7.671211567952113120e-05 3.001254885796209582e+00 -2.457275551611408371e-02
-2.996019783963604910e-05 3.001308701779006327e+00 -2.788641145372480756e-02
-2.681864159678332138e-04 3.001469602732742548e+00 -3.739519856234024137e-02
-3.944719004895652636e-04 3.001484268500710595e+00 -4.118594110969547861e-02
-4.265286394364367628e-04 3.001521232880472567e+00 -4.553147007351095177e-02
-4.493781461481979878e-04 3.001602125336025217e+00 -4.997070014337538085e-02
-5.089441235883798709e-04 3.001642628726320705e+00 -5.439859031486017626e-02
-5.112874301273703792e-04 3.001722157121806678e+00 -5.944243671145960778e-02
-7.490894049737434335e-04 3.001759956985895705e+00 -6.457927150476232281e-02
-7.247248400490541309e-04 3.001801856793939294e+00 -7.024525279853982562e-02
-7.624155430923790222e-04 3.001852347722923309e+00 -7.593261090402778080e-02
-8.879616610816751243e-04 3.001912996283035540e+00 -8.223194476513485951e-02
-9.472681875633132131e-04 3.001959344833068144e+00 -8.799568783122195537e-02
-1.188357008903760670e-03 3.002025408637114978e+00 -9.349742104992776748e-02
-1.239016502233465655e-03 3.002094829151835231e+00 -9.981765050086717495e-02
-1.466725995688866746e-03 3.002114201105697155e+00 -1.059473482158482111e-01
-1.576365721439258738e-03 3.002195391381038636e+00 -1.136751144579030010e-01
-1.614414351301572681e-03 3.002258927463343774e+00 -1.214244377176983275e-01
-1.611506710538779252e-03 3.002291779587248133e+00 -1.304172310110708888e-01
-1.624595681816977388e-03 3.002343524647131279e+00 -1.393013685642799648e-01
-1.625589431612985136e-03 3.002344100641578528e+00 -1.395337170209187960e-01
-1.638764212751629701e-03 3.002374437161583032e+00 -1.487714286425482757e-01
-1.587891766482454892e-03 3.002414627646763812e+00 -1.569520565997783446e-01
-1.552588725277241621e-03 3.002447445093930689e+00 -1.656671322589773343e-01
-1.474071606561488945e-03 3.002481528238925446e+00 -1.748326248429289964e-01
-1.428262575805659684e-03 3.002507192642442924e+00 -1.831753340272374297e-01
-1.427873857518989487e-03 3.002506627536410733e+00 -1.834096979164874242e-01
-1.368520026686387281e-03 3.002533620062347364e+00 -1.913275795706093352e-01
-1.321517352298899606e-03 3.002554230474017594e+00 -2.011687726559264755e-01
-1.282889602275093244e-03 3.002582073375351435e+00 -2.093509300164044518e-01
-1.168661343848138856e-03 3.002605063125619367e+00 -2.181796676392148693e-01
-1.048840607061125862e-03 3.002615440555908677e+00 -2.270960720134814759e-01
-9.797244369960517174e-04 3.002640344549791340e+00 -2.357807537819683885e-01
-9.358342864543914286e-04 3.002652578715466536e+00 -2.434993850998744547e-01
-8.972200927980927831e-04 3.002672067063187900e+00 -2.523720811926622454e-01
-8.091739654054186381e-04 3.002685386763301878e+00 -2.611912604675507565e-01
-6.905831425567734994e-04 3.002679502131879286e+00 -2.696601364087667374e-01
-5.605333291872627299e-04 3.002663803464370229e+00 -2.777786363210634213e-01
-4.815598246474817046e-04 3.002663981653159730e+00 -2.871907878749437315e-01
-4.734177534534908527e-04 3.002663998210282514e+00 -2.874240753344249333e-01
-3.815196195092740439e-04 3.002673145670116561e+00 -2.970499453694233627e-01
-2.393780686122740087e-04 3.002664580463831001e+00 -3.072885556021165421e-01
-2.293100822101379332e-04 3.002659863460997780e+00 -3.082537530348018473e-01
-1.188176802836282686e-04 3.002662162292746295e+00 -3.169819998889159551e-01
-5.106413249190283610e-05 3.002648838218576088e+00 -3.251514499573124328e-01
1.087471566214630314e-03 3.002280018200455203e+00 -3.338821435729510956e-01
5.091190591923921982e-03 3.000868078361687008e+00 -3.432669698895847721e-01
1.099894024324091224e-02 2.998773594543967747e+00 -3.516435017943218000e-01
1.941014671599338576e-02 2.995662003675525487e+00 -3.596728945127886101e-01
3.185767960544711591e-02 2.990935737273483497e+00 -3.672455030843174706e-01
3.220068409472578996e-02 2.990807121918646949e+00 -3.674051110519441776e-01
4.409399103413427085e-02 2.986188045246642719e+00 -3.718674413780310162e-01
5.766400722379560334e-02 2.980878757043573746e+00 -3.742290650095125293e-01
7.092295482149948982e-02 2.975649095454658166e+00 -3.738378334637833533e-01
8.461446310675246885e-02 2.970279767613038135e+00 -3.712860065426343281e-01
9.986821904264625571e-02 2.964329988537213190e+00 -3.670286056526843033e-01
1.122773172765047928e-01 2.959568622069935095e+00 -3.629516310668376433e-01
1.256227930990446995e-01 2.954496692401462621e+00 -3.586278795265645525e-01
1.386543314397601367e-01 2.949593832536743232e+00 -3.546220330606500437e-01
1.537264598396422266e-01 2.944014085651084134e+00 -3.505673385015888321e-01
1.691828006658205874e-01 2.938368164508773805e+00 -3.470186849218865888e-01
1.832373247366429481e-01 2.933289522365568835e+00 -3.445487554143373266e-01
1.969307926536040254e-01 2.928392181135100802e+00 -3.423886176442990648e-01
2.109868456410907700e-01 2.923396538470049766e+00 -3.402168545116959208e-01
2.243405220784597531e-01 2.918704013491404847e+00 -3.383063843207156363e-01
2.374364115862889479e-01 2.914127714748412146e+00 -3.364799871854854407e-01
2.497778774505198807e-01 2.909844001315454065e+00 -3.348324146859648076e-01
2.637297811018046167e-01 2.905016078941270230e+00 -3.328991503638710769e-01
2.769199396644377309e-01 2.900458102041889585e+00 -3.310214793572850422e-01
2.909411225698023684e-01 2.895665093989592265e+00 -3.289683811882989639e-01
3.036037507814444147e-01 2.891365012597448825e+00 -3.270916635536266770e-01
3.385352524887966785e-01 2.879678376800585582e+00 -3.223823620873900730e-01
3.543581459253047350e-01 2.874442210194764868e+00 -3.202669860551451975e-01
3.683368587570359232e-01 2.869857000566654825e+00 -3.183413773695189519e-01
3.844394932839865220e-01 2.864596425765936871e+00 -3.162076980721662545e-01
3.989482273741460361e-01 2.859903293081077269e+00 -3.144751998848765440e-01
4.138896988147745537e-01 2.855098565786801323e+00 -3.126200738759604136e-01
4.284282008915618056e-01 2.850426195443733768e+00 -3.107623096340338398e-01
4.425844377770731253e-01 2.845912725484975425e+00 -3.088062733274983818e-01
4.568977716283925683e-01 2.841369970232799247e+00 -3.069012191745509877e-01
4.732063733370511782e-01 2.836242385290359547e+00 -3.048061642867229137e-01
4.872198704125827451e-01 2.831867659365411960e+00 -3.031036819748972322e-01
5.003748906458542756e-01 2.827755629600137599e+00 -3.014553627780621747e-01
5.171836292162549364e-01 2.822565036945621220e+00 -2.992910368183996916e-01
5.304654373546117130e-01 2.818485393407941686e+00 -2.976801307355977366e-01
5.461704184770688197e-01 2.813665510483132515e+00 -2.957174961971353322e-01
5.623903568730674873e-01 2.808771414552949874e+00 -2.938929738694211480e-01
5.761769989569144323e-01 2.804634167040029880e+00 -2.923912611471594647e-01
5.923593539929790097e-01 2.799807884557937498e+00 -2.904565069864720184e-01
6.081900636812611616e-01 2.795134153801090093e+00 -2.885837925312981778e-01
6.264562207555599560e-01 2.789735900630262666e+00 -2.864907820709167163e-01
6.411289074449721959e-01 2.785439626872689090e+00 -2.849329541356631634e-01
6.574907960840136179e-01 2.780696441026737631e+00 -2.832450422034253901e-01
6.741708925873880487e-01 2.775842351107162376e+00 -2.813647589460098186e-01
6.745759371019527384e-01 2.775722069151960625e+00 -2.813145943444311237e-01
6.907451833051875267e-01 2.771074646536679342e+00 -2.791914190196468359e-01
7.064512471641383184e-01 2.766566121241617715e+00 -2.769683552236341106e-01
7.231020641449673603e-01 2.761837985068947177e+00 -2.749794499612407406e-01
7.373862444394526650e-01 2.757862166619225341e+00 -2.736037194984440313e-01
7.539783696007195113e-01 2.753224365535579921e+00 -2.718136205711469411e-01
7.689778329537751977e-01 2.749087545939993493e+00 -2.701830050317051146e-01
7.831988883483664843e-01 2.745205555616395898e+00 -2.689222506222117004e-01
7.965601554599414102e-01 2.741552494151927810e+00 -2.676287528792625214e-01
8.107474686226552318e-01 2.737696510301820929e+00 -2.662843306422246203e-01
8.244692087809933900e-01 2.733986235168230916e+00 -2.648756244935252524e-01
8.401996918650121993e-01 2.729750332591839967e+00 -2.632243562832680128e-01
8.406066156617936214e-01 2.729647170476102946e+00 -2.631789333782280083e-01
8.546071798744181436e-01 2.725883356929953649e+00 -2.616342818213381882e-01
8.678137581660460009e-01 2.722365903850556546e+00 -2.601516501179438889e-01
8.818133846215353566e-01 2.718665490363946446e+00 -2.587322691170159672e-01
8.969767597233725409e-01 2.714676895391808564e+00 -2.571630414594317515e-01
9.129378927038165337e-01 2.710550089631555970e+00 -2.556315248234453663e-01
9.271970521990421377e-01 2.706859694901133206e+00 -2.540590261110345915e-01
9.425872245323813070e-01 2.702875765085583026e+00 -2.523206656884991461e-01
9.567570428089603451e-01 2.699280892703069590e+00 -2.510715620782413837e-01
9.724024975579014241e-01 2.695302848267570717e+00 -2.494970688269548265e-01
9.856947231993848924e-01 2.691934978158466496e+00 -2.480418998541239761e-01
1.001241418115796478e+00 2.688007585579317293e+00 -2.462660896894422469e-01
1.015527291130528198e+00 2.684436866381104458e+00 -2.445647575361919457e-01
1.032049116658206644e+00 2.680343252104520069e+00 -2.430313127576050058e-01
1.046931701083226862e+00 2.676663074095544381e+00 -2.415131457481848043e-01
1.061383123493130354e+00 2.673127084597417991e+00 -2.398968908623420326e-01
1.061762499025973527e+00 2.673033558614639205e+00 -2.398571188547375665e-01
1.077137049565339399e+00 2.669277826972558554e+00 -2.379404426930981364e-01
1.091031999936946217e+00 2.665929781068429261e+00 -2.362482395575846161e-01
1.091405317299400046e+00 2.665843250477696991e+00 -2.361971252033374380e-01
1.104402848106368351e+00 2.662728302568178052e+00 -2.346424124896772934e-01
1.118442317540820241e+00 2.659360718572870041e+00 -2.326831487167570767e-01
1.131686824388421275e+00 2.656253079556906371e+00 -2.309575720892214079e-01
1.145522571951649526e+00 2.653016458385369258e+00 -2.289804329392998716e-01
1.176925571405342374e+00 2.645792066203215498e+00 -2.247634679082629594e-01
1.191671527174442913e+00 2.642471192171754968e+00 -2.227852659069342878e-01
1.204798020917724699e+00 2.639511268071571326e+00 -2.207327505128299505e-01
1.218763290892328932e+00 2.636375469009791139e+00 -2.185319401439806686e-01
1.233322417232893153e+00 2.633168194225521841e+00 -2.162581006180718524e-01
1.246042352937749120e+00 2.630384167676246943e+00 -2.143414087999678530e-01
1.258239077760308522e+00 2.627723567646661262e+00 -2.122818837484711785e-01
1.271021058467435738e+00 2.624962343694731359e+00 -2.099630429920819608e-01
1.284311942255645711e+00 2.622110688360929753e+00 -2.072653033512346088e-01
1.296529642037637320e+00 2.619520352685814402e+00 -2.046915750742888951e-01
1.309596168604285626e+00 2.616774858851533381e+00 -2.020913762582760287e-01
1.321266421730519891e+00 2.614387923656341428e+00 -1.996675569041747034e-01
1.333415381978897418e+00 2.611928804046407038e+00 -1.970941841180056942e-01
1.345439534003540327e+00 2.609540377771596642e+00 -1.944262745999520148e-01
1.357339799594286189e+00 2.607209343166676518e+00 -1.917344704175474313e-01
1.368759743472923507e+00 2.604995440157928499e+00 -1.891686066671189326e-01
1.378830933297460204e+00 2.603091188035315362e+00 -1.869293115533392780e-01
1.390940726421297180e+00 2.600814657133969199e+00 -1.841452705089562936e-01
1.401996191349975440e+00 2.598787426211905949e+00 -1.819313810159128575e-01
1.412968812959223275e+00 2.596796029278284124e+00 -1.797302012636722013e-01
1.423228119416342308e+00 2.594931772024772432e+00 -1.772121184571029684e-01
1.433147797561624248e+00 2.593160782916731577e+00 -1.750275643194934283e-01
1.442728858166767658e+00 2.591485814612274119e+00 -1.723062044744214094e-01
1.452683457377889065e+00 2.589747915621313012e+00 -1.691636677225244467e-01
1.463147895368291929e+00 2.587952589696304706e+00 -1.657834651801552706e-01
1.474803369055136315e+00 2.585997688913694859e+00 -1.617683491404090235e-01
1.484714054439989273e+00 2.584390981116776675e+00 -1.587786533979833603e-01
1.494576528136619453e+00 2.582785296247788409e+00 -1.552716592811605456e-01
1.504257073467983652e+00 2.581285236988960285e+00 -1.517034024954902749e-01
1.514378885769559702e+00 2.579742920365116099e+00 -1.480853529113503875e-01
1.524629642329997425e+00 2.578222915894677225e+00 -1.444575078995755102e-01
1.534442498733933569e+00 2.576804939428421370e+00 -1.409891358645649073e-01
1.543177379318905862e+00 2.575564944515052801e+00 -1.373432243494725757e-01
1.552277757449339823e+00 2.574325697231469867e+00 -1.336861404817105137e-01
1.561033894516358878e+00 2.573155719575274780e+00 -1.301227314275405778e-01
1.569411221397939205e+00 2.572069438562414323e+00 -1.267538113431634361e-01
1.577466766032846079e+00 2.571047265154835948e+00 -1.233644568437355232e-01
1.586463167768939808e+00 2.569934149894018027e+00 -1.191275801883296542e-01
1.594803005039672428e+00 2.568928336154193026e+00 -1.153193124708066647e-01
1.604080658509801749e+00 2.567874948141620095e+00 -1.114266169225285735e-01
1.613509448045393757e+00 2.566835095382796528e+00 -1.067687277017467656e-01
1.622231826810374589e+00 2.565908436112811053e+00 -1.022542011303010923e-01
1.630678732812599341e+00 2.565046871462019151e+00 -9.807175285570236822e-02
1.639547491631193177e+00 2.564185654154236271e+00 -9.315400923711421310e-02
1.639775833407298489e+00 2.564165870903963196e+00 -9.302380161797420277e-02
1.648015622179668682e+00 2.563420285845426250e+00 -8.803867033956261356e-02
1.655704456193326068e+00 2.562750499383707137e+00 -8.345601769373690859e-02
1.664618305814415056e+00 2.562014675490116300e+00 -7.766695617374555494e-02
1.664835949355562894e+00 2.561999440287574092e+00 -7.752210788270180730e-02
1.672702178770909764e+00 2.561400921792630569e+00 -7.232612534224111545e-02
1.681128284566596909e+00 2.560807278290225142e+00 -6.719815961789747660e-02
1.689978886090261812e+00 2.560227776211723150e+00 -6.158658167946101658e-02
1.697608873725759304e+00 2.559772470929188692e+00 -5.652219345840407694e-02
1.705339768559506419e+00 2.559335613904008433e+00 -5.178338278528217542e-02
1.705542301168602837e+00 2.559324247323161217e+00 -5.165914739496562519e-02
1.713507753537527378e+00 2.558936920468855902e+00 -4.668513787417156308e-02
1.721978235524802336e+00 2.558544783302236336e+00 -4.153885540497028600e-02
1.739636795077692977e+00 2.557882054506997349e+00 -2.925599665661553564e-02
1.746856320155401265e+00 2.557682642878201129e+00 -2.378416370454348658e-02
1.753368867461696068e+00 2.557520654289666684e+00 -1.838774466184149234e-02
1.759746636085702365e+00 2.557418606723647958e+00 -1.253620767288345789e-02
1.766150995418318548e+00 2.557353251243937642e+00 -6.690469429541804139e-03
1.772284530100816768e+00 2.557325375579607485e+00 -1.473408335274833123e-03
1.778440474721424192e+00 2.557331893529323885e+00 3.813450218797065014e-03
1.785142398716266010e+00 2.557360457256455444e+00 9.619215213019330010e-03
1.792041412419679514e+00 2.557439422325280987e+00 1.582934526524059152e-02
1.798781581517131301e+00 2.557552568392500003e+00 2.181029399431006627e-02
1.805637779957208089e+00 2.557720757879551776e+00 2.830218419229851498e-02
1.811865270216082902e+00 2.557907020162450529e+00 3.422520069906564988e-02
1.818049547252069464e+00 2.558139421165711358e+00 4.023138653653619834e-02
1.824387669500935560e+00 2.558403646755568417e+00 4.607661489966743268e-02
1.831685999275190602e+00 2.558756796756612495e+00 5.302116405336977645e-02
1.838774060518092224e+00 2.559155049547226390e+00 6.036706111932529928e-02
1.844906346995872193e+00 2.559555351595069084e+00 6.681746611489811083e-02
1.845063660925039262e+00 2.559562152466653639e+00 6.697880445786509596e-02
1.850964542033363358e+00 2.559982033852091998e+00 7.294230692238792835e-02
1.856926727904988805e+00 2.560436523752931848e+00 7.968357884446114481e-02
1.862341568837027062e+00 2.560869778804217400e+00 8.542514470196060916e-02
1.868642447777558502e+00 2.561437882629973295e+00 9.163666035988199399e-02
1.868794247026694277e+00 2.561452483319689222e+00 9.179482608304874447e-02
1.874434056820595940e+00 2.561973563479600369e+00 9.767105780868590159e-02
1.880035539948758272e+00 2.562547980692793104e+00 1.040266448212997519e-01
1.885945053878157029e+00 2.563162250479018578e+00 1.110358812160485709e-01
1.890946147626179963e+00 2.563754274384043352e+00 1.169723113276696230e-01
1.896075113206646678e+00 2.564360043295677904e+00 1.226270896572552033e-01
1.900879153476704442e+00 2.564975190687650564e+00 1.280026180540914105e-01
1.906077086760096462e+00 2.565662925263849647e+00 1.339815669223664574e-01
1.911438286246974538e+00 2.566386494567645116e+00 1.400476014502975985e-01
1.916772056631941501e+00 2.567158015789818393e+00 1.459086271832752413e-01
1.917052791049529858e+00 2.567196870512922224e+00 1.462116501265147972e-01
1.922926768949967835e+00 2.568076134571747993e+00 1.530439634627240308e-01
1.927794488237061232e+00 2.568841691255548731e+00 1.589572411383819162e-01
1.933327443905725307e+00 2.569740651044028379e+00 1.659495122612102691e-01
1.938373428651524177e+00 2.570602071634378927e+00 1.721884034791325291e-01
1.942947764932119181e+00 2.571397013880423188e+00 1.775463807727181154e-01
1.948709058022049634e+00 2.572440123699521131e+00 1.841940969104297610e-01
1.954437618705706425e+00 2.573513039811242908e+00 1.910836660146072452e-01
1.959318207905725862e+00 2.574473969894195857e+00 1.971923844220987432e-01
1.964514250300722908e+00 2.575545255017702928e+00 2.033240568517133973e-01
1.969291398538735471e+00 2.576529090744949180e+00 2.089523575772761488e-01
1.973766033138492970e+00 2.577495785854901023e+00 2.143435803372079340e-01
1.973894357157480073e+00 2.577525079757193804e+00 2.144934113342946980e-01
1.978749978285293531e+00 2.578592673501292065e+00 2.203334967707876735e-01
1.983548109026783246e+00 2.579679800515777721e+00 2.263402527057445657e-01
1.988193808182531441e+00 2.580764490467419847e+00 2.319696019162849898e-01
1.988317428645604013e+00 2.580794340849426938e+00 2.321150984397598316e-01
1.993486704421163269e+00 2.582043797466115009e+00 2.383202167724445264e-01
1.998306657243142714e+00 2.583228806642060782e+00 2.439661221792656376e-01
1.998431080038180596e+00 2.583261477690895980e+00 2.441108609409206598e-01
2.003654265737531581e+00 2.584580672977072613e+00 2.505706075714700942e-01
2.008149914041205353e+00 2.585747823602920104e+00 2.560971825051569506e-01
2.012484099586340669e+00 2.586898029673594390e+00 2.612693851036787529e-01
2.012601847957829815e+00 2.586929486625862307e+00 2.614100194102134123e-01
2.017338725058029691e+00 2.588214478757021375e+00 2.668220714134830751e-01
2.017453803169469317e+00 2.588250540392773136e+00 2.669638083318097155e-01
2.022055334913878344e+00 2.589515671251334084e+00 2.722992575577346530e-01
2.026631733362344701e+00 2.590771573141942064e+00 2.776513030259892822e-01
2.030943243363869666e+00 2.592019927193221385e+00 2.827100030996184676e-01
2.041394169290813743e+00 2.595150157491068033e+00 2.942281899018117097e-01
2.041507648365664007e+00 2.595184465488423520e+00 2.943570193429847492e-01
2.045484641105304480e+00 2.596401686449665736e+00 2.986976056244688427e-01
2.049885646002103101e+00 2.597759317515897948e+00 3.035664866395201278e-01
2.054065465490800602e+00 2.599077363356672610e+00 3.082927474151326286e-01
2.058211841027670630e+00 2.600420563752145142e+00 3.128858186647323070e-01
2.062338624926798758e+00 2.601770248584816869e+00 3.172895368176727460e-01
2.066091314471204754e+00 2.603011901748165435e+00 3.212015249805946771e-01
2.070359348331011429e+00 2.604463941026570417e+00 3.256481035452393202e-01
2.070467358604173747e+00 2.604499761104686062e+00 3.257632370586363568e-01
2.074505809219058694e+00 2.605881615497321224e+00 3.299783657044282337e-01
2.078767924216847973e+00 2.607329003396378297e+00 3.344517115391841822e-01
2.083195179620875415e+00 2.608888452494395160e+00 3.390375961424960116e-01
2.087495470732264824e+00 2.610408305600122603e+00 3.432976981539003769e-01
2.091308991844994747e+00 2.611803969877551701e+00 3.468159893953925432e-01
2.095336297980345819e+00 2.613291568967900602e+00 3.504416572303703514e-01
2.099567793692672435e+00 2.614853787588725442e+00 3.542481537321681140e-01
2.103147526442901594e+00 2.616196714893897379e+00 3.573908526887631942e-01
2.107037675707421620e+00 2.617673717414579215e+00 3.607424094232359324e-01
2.110984564554263088e+00 2.619186234801841540e+00 3.640772896067639430e-01
2.115210370939216933e+00 2.620840751862523188e+00 3.675108933697101565e-01
2.115418701147033786e+00 2.620921527598431222e+00 3.676763281198829336e-01
2.119534307568585962e+00 2.622542572365567093e+00 3.709245194457120309e-01
2.123525583909238179e+00 2.624141070811807808e+00 3.740196067649825817e-01
2.123630111432533329e+00 2.624184464048950893e+00 3.741012131239445093e-01
2.127414694982527443e+00 2.625700298269801891e+00 3.770734531072704177e-01
2.131103148100172540e+00 2.627184706380772283e+00 3.799593009428252066e-01
2.134633238398334409e+00 2.628641081035933524e+00 3.825851032295188303e-01
2.138052347522724883e+00 2.630049933260702577e+00 3.850947488911924399e-01
2.142271191080966641e+00 2.631804275257062731e+00 3.880487014225312836e-01
2.142371341414632813e+00 2.631846175040619240e+00 3.881187256603526592e-01
2.145881074981525583e+00 2.633312541033530074e+00 3.904295956987794969e-01
2.149677259774471327e+00 2.634910445640930021e+00 3.928705806391956656e-01
2.153280321630478777e+00 2.636431026286544022e+00 3.951031201880886856e-01
2.157335834074357805e+00 2.638177536283292657e+00 3.976398773038847256e-01
2.160899504278803729e+00 2.639708617755429643e+00 3.997091032344359252e-01
2.164826447094167605e+00 2.641414439414295323e+00 4.018731366372971792e-01
2.164928128472085600e+00 2.641457017723965794e+00 4.019278222604203421e-01
2.168942383437506116e+00 2.643207173231420182e+00 4.039879627108070026e-01
2.169038863693447450e+00 2.643250734140046188e+00 4.040401491613838103e-01
2.172675599108391697e+00 2.644840161297570713e+00 4.058645356473012944e-01
2.176601561837549603e+00 2.646567778695599671e+00 4.078716201394350094e-01
2.180306461595832523e+00 2.648218953812103926e+00 4.096577969063079361e-01
2.184017565662343952e+00 2.649858061379915863e+00 4.113717232348282349e-01
2.187684481822800286e+00 2.651498274746317385e+00 4.129958672121863961e-01
2.190989033975615285e+00 2.652968821963831214e+00 4.143759105551154676e-01
2.194549102277433494e+00 2.654588882587677112e+00 4.156926948851578651e-01
2.198198879418411078e+00 2.656245135446431593e+00 4.170687165604039515e-01
2.201674389676043120e+00 2.657825796986959421e+00 4.183310696875907619e-01
2.205287946761219420e+00 2.659483823410574210e+00 4.196268354991238292e-01
2.209172977124987280e+00 2.661283520065386377e+00 4.209927905155680938e-01
2.209266272299547751e+00 2.661329223096604579e+00 4.210245230158516372e-01
2.213172305176267951e+00 2.663126152180649520e+00 4.220185144670293709e-01
2.216790835752502797e+00 2.664798354789859935e+00 4.228165228080182358e-01
2.220403372072073722e+00 2.666457564793160540e+00 4.236169740221498725e-01
2.224179199017059183e+00 2.668212035409928795e+00 4.244342221278101235e-01
2.227384051130674614e+00 2.669709755955578689e+00 4.251206210866654844e-01
2.230607603746562972e+00 2.671209208156600123e+00 4.257404366358533143e-01
2.233803086389558601e+00 2.672717388378993864e+00 4.263750507380066335e-01
2.237376136064582521e+00 2.674388655014745098e+00 4.270702224608129982e-01
2.240778426823170744e+00 2.675972411089358349e+00 4.275870406555740133e-01
2.244435319218872404e+00 2.677697927529823829e+00 4.281273803757030816e-01
2.247725014666395182e+00 2.679250410839177921e+00 4.284397814064915821e-01
2.251188648341968968e+00 2.680881541811309443e+00 4.286117596472985847e-01
2.254939378480356194e+00 2.682674969316994673e+00 4.286929645505672681e-01
2.258174710918138040e+00 2.684224644492645862e+00 4.288346737816656762e-01
2.258265884904040899e+00 2.684270478806567883e+00 4.288396025085568497e-01
2.261590742312397762e+00 2.685858595464344578e+00 4.288769718111717366e-01
2.264928495483983006e+00 2.687451959342744612e+00 4.288085361083722180e-01
2.268817581259688687e+00 2.689304413183167597e+00 4.287451365680453597e-01
2.272444538397779823e+00 2.691002697281481559e+00 4.285667464751642397e-01
2.275773467856943011e+00 2.692561184229615989e+00 4.284399061327359703e-01
2.279103235470649746e+00 2.694119830677178751e+00 4.282367235923996152e-01
2.288099169140016542e+00 2.698312736439940629e+00 4.280070910737862055e-01
2.291522361970978139e+00 2.699927529195728759e+00 4.278546208822997521e-01
2.295205297854543858e+00 2.701661863946916320e+00 4.275793279629264143e-01
2.298614833190554041e+00 2.703276343618869149e+00 4.270210398961531983e-01
2.302169336341936656e+00 2.704943725979743085e+00 4.263250841243912403e-01
2.305408722031394131e+00 2.706450995937546899e+00 4.254067551827305227e-01
2.308823365362941527e+00 2.708034555004741328e+00 4.244361700362042633e-01
2.312220203808510011e+00 2.709638242684592413e+00 4.234511781483333293e-01
2.316092169977041593e+00 2.711463276074667306e+00 4.224741242739247782e-01
2.319949786215328658e+00 2.713260973003359666e+00 4.214969517380449671e-01
2.323641270637712086e+00 2.714956789882754240e+00 4.205555454578041585e-01
2.326957537384253705e+00 2.716480615479183847e+00 4.197331264584388544e-01
2.330667577928278611e+00 2.718172671495023174e+00 4.187095219369688093e-01
2.333909926703041204e+00 2.719651793933838935e+00 4.179840273887980850e-01
2.337619796698217733e+00 2.721328109323421174e+00 4.171832153397993515e-01
2.340857751868957504e+00 2.722800355009807216e+00 4.164496183919913497e-01
2.344653194454293654e+00 2.724502686698440534e+00 4.154508023440305897e-01
2.348186045701667002e+00 2.726080590985196395e+00 4.144390756576770696e-01
2.351706104573997980e+00 2.727654824586658311e+00 4.132582835038959290e-01
2.355106437885856163e+00 2.729185476438584779e+00 4.119242028815210954e-01
2.358516872424999189e+00 2.730716956348818947e+00 4.103567757757762835e-01
2.362378044801827670e+00 2.732457463174200463e+00 4.085980401644920268e-01
2.365500992820158466e+00 2.733848044265702271e+00 4.072033288355798586e-01
2.369078005365264250e+00 2.735449965057818122e+00 4.056174086692771463e-01
2.372330573411856935e+00 2.736885740165376113e+00 4.041498089425490381e-01
2.375472584176321345e+00 2.738269391401107367e+00 4.027414730358833128e-01
2.378995786394606071e+00 2.739800179256294932e+00 4.011859509811193103e-01
2.379090189821046142e+00 2.739841248282862018e+00 4.011495657605560483e-01
2.382716210059629081e+00 2.741403496311740628e+00 3.998136922627706369e-01
2.382809499819290355e+00 2.741442297875238410e+00 3.997802905994441436e-01
2.386242701903234398e+00 2.742929381428099056e+00 3.985782340650921296e-01
2.389693219823452619e+00 2.744409027463412976e+00 3.973226191200984192e-01
2.393324339078903407e+00 2.745952778745841982e+00 3.959747289259737957e-01
2.396761622612093579e+00 2.747426251849603318e+00 3.945938059461105429e-01
2.400372107840491598e+00 2.748969098395276145e+00 3.929781467230351599e-01
2.403813649587685397e+00 2.750419200031513522e+00 3.912086868061260825e-01
2.407218700367219189e+00 2.751845306361129229e+00 3.901432732751869414e-01
2.410959401308867101e+00 2.753390485080623229e+00 3.896235926068434274e-01
2.414701702170165110e+00 2.754966436782683381e+00 3.874198506591040592e-01
2.418098684031257495e+00 2.756383354277754716e+00 3.844536433712865131e-01
2.421850371134054658e+00 2.757947463920527031e+00 3.810133206947767803e-01
2.425349599428070935e+00 2.759395520818554104e+00 3.779596880494631717e-01
2.425442841956554574e+00 2.759434188162939616e+00 3.778789702153748653e-01
2.428785871345338521e+00 2.760822504458591897e+00 3.754516130996892187e-01
2.432445496957281517e+00 2.762292765921952498e+00 3.735901465374134034e-01
2.435821516834025147e+00 2.763644582450400566e+00 3.719603463031667112e-01
2.439389857875599255e+00 2.765082500018080314e+00 3.701916611893546483e-01
2.442950939827560841e+00 2.766497463140836555e+00 3.683442206106816719e-01
2.443045096263151361e+00 2.766535625377860352e+00 3.682948990233568254e-01
2.446480311771155325e+00 2.767918080580220597e+00 3.663515475305987312e-01
2.450132918861080089e+00 2.769377387444509342e+00 3.641276944557666484e-01
2.454183654298645045e+00 2.770957769923684921e+00 3.615366191058896339e-01
2.457637981027656515e+00 2.772273107958084903e+00 3.597571692003615484e-01
2.461353831400234338e+00 2.773646088192800896e+00 3.601285612421810667e-01
2.465080948292893037e+00 2.775063424133154211e+00 3.615229718633987122e-01
2.468701865538704521e+00 2.776443871055342960e+00 3.625385102135585957e-01
2.468887481608989631e+00 2.776514619798013062e+00 3.625776810532775341e-01
2.472527913506256336e+00 2.777924057268182700e+00 3.620170773339663195e-01
2.472616140543046459e+00 2.777956328144155052e+00 3.619725878874139324e-01
2.475741628315902609e+00 2.779179422492001450e+00 3.595511275361950587e-01
2.478804398330644254e+00 2.780355329342043547e+00 3.546585534700046338e-01
2.486951863841895261e+00 2.783382245586630610e+00 3.384527883746797361e-01
2.490093253251820293e+00 2.784511155444171493e+00 3.323806331689083127e-01
2.494150675017364982e+00 2.785955995538888175e+00 3.267436147594403040e-01
2.497972044808070891e+00 2.787250219345938529e+00 3.241972197230365005e-01
2.501072941430293461e+00 2.788276166873581818e+00 3.232079240269560283e-01
2.504654264290135046e+00 2.789482183824134154e+00 3.224945762782792102e-01
2.508605867853287652e+00 2.790788544712729635e+00 3.223892642655393215e-01
2.512156551893979017e+00 2.791984602371413438e+00 3.231869051069770071e-01
2.515669556957911279e+00 2.793158854098494626e+00 3.231628077469619331e-01
2.519473381199190953e+00 2.794449869404321163e+00 3.220243440713723704e-01
2.523066926483242156e+00 2.795667956367501539e+00 3.203717163305048188e-01
2.526347098955187498e+00 2.796774941365399947e+00 3.183107672487495154e-01
2.529790223773395574e+00 2.797933437439957149e+00 3.157481349739091336e-01
2.533060784480666516e+00 2.799045195274425968e+00 3.134011126338115405e-01
2.536732314590173232e+00 2.800216625459151842e+00 3.128925792012673401e-01
2.536827682933110673e+00 2.800245743201083215e+00 3.129253718988017074e-01
2.540417296019077842e+00 2.801407136359608252e+00 3.146376653105978916e-01
2.544248046913733852e+00 2.802675084756929724e+00 3.141171539859943795e-01
2.548301708223351891e+00 2.804109248528193543e+00 3.105918853945042191e-01
2.551229176543346799e+00 2.805099071929847643e+00 3.058631954458518321e-01
2.554277562662903289e+00 2.806053239662004817e+00 2.986533107484510285e-01
2.557378308264321554e+00 2.807001404589096971e+00 2.914135828086951707e-01
2.560938669474332130e+00 2.808129805006831070e+00 2.847169699432580692e-01
2.564666004267630139e+00 2.809252892485375686e+00 2.789502379570731883e-01
2.568369617773788693e+00 2.810344639138455225e+00 2.751244090620736382e-01
2.568467032457181443e+00 2.810372139561044147e+00 2.750365672865900390e-01
2.572792711652467812e+00 2.811562638957669336e+00 2.720951264604508091e-01
2.576605082369090471e+00 2.812628181449351672e+00 2.698931669904586217e-01
2.576701701459851890e+00 2.812655857997958364e+00 2.698397275254085237e-01
2.580246455347997792e+00 2.813628467188394655e+00 2.681734923552053784e-01
2.583943662338259450e+00 2.814638851588336266e+00 2.678364264468975353e-01
2.587144871962947956e+00 2.815512072239215513e+00 2.676027429120318990e-01
2.590774563493645655e+00 2.816512705809643080e+00 2.667203905202539804e-01
2.594720560446387214e+00 2.817605717159732404e+00 2.647935930815427108e-01
2.598076803917402700e+00 2.818531207815191397e+00 2.627819875847116626e-01
2.601587804751291255e+00 2.819514122812024404e+00 2.602054967968399635e-01
2.605114479455116872e+00 2.820500202468044115e+00 2.573596325804645701e-01
2.605208213885776836e+00 2.820523749736520980e+00 2.572758263174903526e-01
2.608687456270355032e+00 2.821423558944749388e+00 2.551773020552730031e-01
2.612332658151012676e+00 2.822363138956891060e+00 2.556502149428411808e-01
2.615705540718216149e+00 2.823254971835145177e+00 2.573260645220241116e-01
2.618867212319842430e+00 2.824094668648745365e+00 2.583050442775626787e-01
2.622427292621530626e+00 2.825024768625629346e+00 2.580085774210152394e-01
2.626029804879078000e+00 2.826016291789108514e+00 2.564561402313234595e-01
2.629602193471644256e+00 2.827013313222272117e+00 2.537307943751035966e-01
2.629779218064020707e+00 2.827064891071815911e+00 2.535627526755372396e-01
2.632901729996592444e+00 2.827912011177498020e+00 2.486454621740013804e-01
2.635785051776831089e+00 2.828685066484980748e+00 2.425120235565788873e-01
2.638970021233232544e+00 2.829471587765111540e+00 2.348563045449125752e-01
2.642228059501334325e+00 2.830304034986076633e+00 2.271387361749206135e-01
2.645666972209040235e+00 2.831097434528329515e+00 2.189887459625861621e-01
2.649477397841156989e+00 2.832001808121683339e+00 2.111434884158990277e-01
2.653004662647329148e+00 2.832806680144986267e+00 2.055122710637116712e-01
2.656867663513140965e+00 2.833625735411661406e+00 2.007624011818113230e-01
2.656967602240424942e+00 2.833646238541492224e+00 2.006623133829923133e-01
2.661226689494305298e+00 2.834501189467821369e+00 1.977171875832786085e-01
2.664540142671757650e+00 2.835175686016229601e+00 1.964448609898792886e-01
2.668196257085765577e+00 2.835896985716549690e+00 1.951715501310183898e-01
2.671861965913859382e+00 2.836624022283815272e+00 1.936655054062650927e-01
2.675522578572184340e+00 2.837335217573281554e+00 1.917059225503512099e-01
2.675621229507022303e+00 2.837354352959869708e+00 1.916458742714710339e-01
2.679424478309370805e+00 2.838080598092404649e+00 1.897607590690693624e-01
2.683075633872899601e+00 2.838785274650433177e+00 1.890191946744152751e-01
2.686906182003595767e+00 2.839523941279625596e+00 1.881293096488172722e-01
2.690548162801576826e+00 2.840212292532533045e+00 1.867211983953548093e-01
2.694350713232002370e+00 2.840952368070511991e+00 1.843848209546321837e-01
2.697776464099094884e+00 2.841621516839751838e+00 1.819037131762204218e-01
2.701887439908267297e+00 2.842405163893094056e+00 1.784354121615002731e-01
2.710725294096165250e+00 2.844063256945235096e+00 1.704940609133647200e-01
2.714261983805493550e+00 2.844685555429776525e+00 1.677344709568072967e-01
2.718094048478064018e+00 2.845316147467265022e+00 1.669971927752738894e-01
2.722156610485973793e+00 2.846015808043334427e+00 1.672666894916332581e-01
2.725802005093023617e+00 2.846627704985146945e+00 1.668442297456422529e-01
2.729515707719290862e+00 2.847260638907913144e+00 1.654522679844250277e-01
2.733508331678326186e+00 2.847910355492927259e+00 1.646848636983763159e-01
2.733607469358848352e+00 2.847925514571100436e+00 1.647103360213977852e-01
2.737683377457304168e+00 2.848609885802412478e+00 1.649472802443503194e-01
2.741594640596108690e+00 2.849274562853151505e+00 1.644354044818251981e-01
2.745357676944518932e+00 2.849892437532627554e+00 1.632897514029407748e-01
2.749657979078519610e+00 2.850640869923440679e+00 1.609298378460297108e-01
2.753126253241561905e+00 2.851247182723781748e+00 1.586521560406730647e-01
2.756959438645994798e+00 2.851902157118650027e+00 1.551243284986525417e-01
2.757043190844763014e+00 2.851915005981016993e+00 1.550294868967304063e-01
2.760316214939866786e+00 2.852442557454202721e+00 1.492018845791691084e-01
2.763492306109669450e+00 2.852935571043357932e+00 1.419820853353084833e-01
2.766847088169177571e+00 2.853452254171727542e+00 1.340425210767829667e-01
2.770536089314752370e+00 2.854023550792127217e+00 1.255694824199410919e-01
2.773840825707833968e+00 2.854448891083020357e+00 1.175846436416026902e-01
2.777828311981264342e+00 2.854974594883012085e+00 1.082971942266282295e-01
2.781833445490663248e+00 2.855425824602431994e+00 9.946933499734045281e-02
2.781932427806354191e+00 2.855436748035084182e+00 9.927319072078961970e-02
2.785927811123835696e+00 2.855869218886750716e+00 9.285752333458653640e-02
2.789499446441902286e+00 2.856190462357375726e+00 8.939955516190831175e-02
2.790004844432960596e+00 2.856240552799168775e+00 8.899457206817434907e-02
2.793773458952793387e+00 2.856575594489839887e+00 8.646519085273943195e-02
2.797308200250046450e+00 2.856878015091613321e+00 8.486425685017223719e-02
2.800616944522408946e+00 2.857157047815183315e+00 8.342370199770818284e-02
2.804200953636831972e+00 2.857454969774906761e+00 8.170399665025833424e-02
2.808215781343483375e+00 2.857787847298888906e+00 8.022468318590127156e-02
2.808316402108200105e+00 2.857795150085595370e+00 8.018935210188898877e-02
2.811807879186178027e+00 2.858082488898120221e+00 7.862277144621601654e-02
2.815692543175766005e+00 2.858381610082163515e+00 7.653535176537518137e-02
2.819368842601344571e+00 2.858660780648439204e+00 7.443034892396993563e-02
2.823249005219882868e+00 2.858948859427327349e+00 7.177112881644923115e-02
2.823349122990681526e+00 2.858956845963261273e+00 7.169970687823096211e-02
2.827240643094924177e+00 2.859233663140962278e+00 6.879660810584985187e-02
2.830523367075219010e+00 2.859456739697979533e+00 6.627561980306943823e-02
2.833845902668640893e+00 2.859674859429595539e+00 6.416985849983899981e-02
2.837330297168213722e+00 2.859893006340957111e+00 6.265024600648506914e-02
2.841105624962871001e+00 2.860134650393854283e+00 6.092881469141844114e-02
2.844489246674628546e+00 2.860340998453715144e+00 5.917647386032027362e-02
2.848076229331130804e+00 2.860562501364520394e+00 5.684936063621939123e-02
2.851740345571720958e+00 2.860791225327627529e+00 5.424224291795316094e-02
2.855409578474839005e+00 2.860994341389337059e+00 5.147896891993095081e-02
2.859339620939875815e+00 2.861201929980052405e+00 4.910460208238297264e-02
2.862664096467116170e+00 2.861369643617541314e+00 4.738151950252860595e-02
2.865935467774905820e+00 2.861534398322837180e+00 4.569804905122334254e-02
2.869916117919775633e+00 2.861719202640706783e+00 4.338089102877567410e-02
2.870013782366897637e+00 2.861721839815558166e+00 4.332045435700022928e-02
2.873678460839068638e+00 2.861899508376443357e+00 4.090322075511115818e-02
2.877427869563282226e+00 2.862087792825522392e+00 3.822055967291434347e-02
2.880978419323030337e+00 2.862249972083990901e+00 3.562920316972827128e-02
2.884769609542193081e+00 2.862386729727255830e+00 3.329089691874848739e-02
2.888553617348536218e+00 2.862515639586595828e+00 3.114282389540539223e-02
2.892439779725362925e+00 2.862659973812572201e+00 2.882881608302114915e-02
2.895806391466604790e+00 2.862764833685005783e+00 2.663735267832444131e-02
2.899533499059083308e+00 2.862898210028314683e+00 2.403934652591840221e-02
2.902978999735483789e+00 2.863006643537330476e+00 2.151108891958540895e-02
2.907286478539253594e+00 2.863165177281011164e+00 1.818382394541186858e-02
2.910570259685422823e+00 2.863232657688745242e+00 1.596681019438100230e-02
2.914232142884521259e+00 2.863318292696063416e+00 1.364042432235414506e-02
2.917786982188341316e+00 2.863375556936253119e+00 1.134175250578543966e-02
2.921621230737449171e+00 2.863424008458425707e+00 8.724129155566534219e-03
2.925161538254405169e+00 2.863478201586312721e+00 6.178291092396986581e-03
2.933960770334657742e+00 2.863550678135950989e+00 -4.790580986474468530e-04
2.937692027806443118e+00 2.863572977755595161e+00 -3.119972302434571246e-03
2.941240879034204170e+00 2.863569146805483356e+00 -5.485352481950106322e-03
2.945089781299547571e+00 2.863567602336074103e+00 -8.096613829408731700e-03
2.948429914481374148e+00 2.863570282411779466e+00 -1.043955907724148160e-02
2.951863398358608670e+00 2.863553482117183524e+00 -1.296138863766200904e-02
2.955183091741938384e+00 2.863535754475898809e+00 -1.546789289492112723e-02
2.958930017604786133e+00 2.863505398899231835e+00 -1.814006810689293078e-02
2.962758134336487714e+00 2.863460154881103836e+00 -2.076644669758142409e-02
2.966284248047430516e+00 2.863416159818611639e+00 -2.322107882056455991e-02
2.969891948359645983e+00 2.863354104148153390e+00 -2.582793250230921642e-02
2.973211445559395649e+00 2.863286727730790737e+00 -2.830146370823597921e-02
