3.753407158735790894e-01 7.499730216528889271e-01 -1.344740650098924485e-04
3.754482046981968413e-01 7.499598547282233518e-01 -1.695961889448547102e-04
3.754661841579313153e-01 7.499593105402668769e-01 -1.832124636820177020e-04
3.754873225328643205e-01 7.499597371606570029e-01 -3.500061891032240561e-04
3.755182869968285986e-01 7.499670972333786212e-01 -6.827980619635710784e-04
3.755210805317723555e-01 7.500043443444833757e-01 -1.222118748257976098e-03
3.755262435432778489e-01 7.500657014325581295e-01 -2.148544172909618542e-03
3.755423285690762114e-01 7.501151341111860216e-01 -3.121971499916513862e-03
3.755531445275482327e-01 7.501775045468723757e-01 -4.373258418806163887e-03
3.755530697615341307e-01 7.502160896580044591e-01 -5.803913422262204323e-03
3.755525605836159686e-01 7.502159305615101470e-01 -5.850790886976072261e-03
3.755327790705179081e-01 7.503968168930444937e-01 -1.035958571771184410e-02
3.755307878863348714e-01 7.503955293614176236e-01 -1.041189416780628936e-02
3.755343460071086104e-01 7.504556700432369887e-01 -1.235704075657450933e-02
3.754792929791815892e-01 7.505221590777328977e-01 -1.444445645417729782e-02
3.754762962995731312e-01 7.505927250730199951e-01 -1.691606822943455407e-02
3.754286411658516731e-01 7.506748399389417958e-01 -2.007380842808294957e-02
3.754068182887734806e-01 7.507143355864407397e-01 -2.354282881100493510e-02
3.754099059763197355e-01 7.507803504569215969e-01 -2.678553855228594377e-02
3.753984119986830681e-01 7.508462400415096827e-01 -3.014063372795746168e-02
3.754068374156975252e-01 7.509045142207964041e-01 -3.349412792676191575e-02
3.753266941305253290e-01 7.509914236972298207e-01 -3.691161606178507137e-02
3.751671671337825642e-01 7.510041435254088960e-01 -4.084211141968339259e-02
3.751154806197524727e-01 7.510695812317300657e-01 -4.514348818401740793e-02
3.750177015586587670e-01 7.511278308902453738e-01 -4.986306195482689829e-02
3.749788998700652187e-01 7.511940699210435390e-01 -5.480440043857677523e-02
3.749754546046399906e-01 7.512363851162614514e-01 -6.065669814095869111e-02
3.748796710433373591e-01 7.513013606050886750e-01 -6.702346925780203191e-02
3.748140794726926295e-01 7.513760401726019555e-01 -7.239359952932358788e-02
3.748108569974873405e-01 7.514431592395057757e-01 -7.789095221491013077e-02
3.746754011273326079e-01 7.514705138597266298e-01 -8.338493908358680928e-02
3.746690137294909628e-01 7.515369275119996306e-01 -9.047165141201543581e-02
3.746255986478559952e-01 7.515894145073809263e-01 -9.744619933074070983e-02
3.744638960552816864e-01 7.516328534310741105e-01 -1.045725586532744861e-01
3.744546570066139557e-01 7.516798585076033268e-01 -1.122478438666754536e-01
3.744551073221433213e-01 7.517241990964548259e-01 -1.207749292569681582e-01
3.744600299329887694e-01 7.517957663768725096e-01 -1.295290855341035274e-01
3.743520632183295893e-01 7.518520559496462141e-01 -1.370316812229427084e-01
3.743760036859754559e-01 7.518950744502395089e-01 -1.455452676391996714e-01
3.743754428195051887e-01 7.519454026479798214e-01 -1.542834160080693018e-01
3.744092567341704703e-01 7.519692374002285851e-01 -1.632869415465045271e-01
3.744537782796609204e-01 7.519907125558860095e-01 -1.721911609285588229e-01
3.744921004549417454e-01 7.520323352891390423e-01 -1.819949036398963438e-01
3.744937180312952196e-01 7.520321234041404956e-01 -1.822253195971071937e-01
3.745612091172551561e-01 7.520779505951417088e-01 -1.925212546253379786e-01
3.745663586554968671e-01 7.520808488014680826e-01 -1.927577015495013646e-01
3.746555251942494946e-01 7.521096950052925667e-01 -2.020555002334474270e-01
3.747298415017469297e-01 7.521413633186420089e-01 -2.097973326391985582e-01
3.748309774476321077e-01 7.521511129900603221e-01 -2.188688821588297972e-01
3.749076676417396059e-01 7.521663378292144930e-01 -2.276288698999666404e-01
3.749717995821790772e-01 7.521719916065364719e-01 -2.365182809285092114e-01
3.749718555703211442e-01 7.521719100276470504e-01 -2.367567153081846232e-01
3.750167996439194851e-01 7.521912743975408544e-01 -2.457404582827291684e-01
3.750913825235887566e-01 7.522107681392077305e-01 -2.542506280237415983e-01
3.752159948951511170e-01 7.522129563299543298e-01 -2.639667923047679943e-01
3.752990295883746330e-01 7.522294865844172396e-01 -2.734548982716866750e-01
3.753823821052016951e-01 7.522311145258092635e-01 -2.825496553106460196e-01
3.754496452633833137e-01 7.522387653375620653e-01 -2.912937218987976529e-01
3.755484110521693508e-01 7.522379154474925222e-01 -3.017896065942059503e-01
3.756091914187905667e-01 7.522373018436547820e-01 -3.106727671897027698e-01
3.757253248548643176e-01 7.522407617348805253e-01 -3.196354632449098232e-01
3.758228172920985988e-01 7.522299302886473749e-01 -3.293359387197590249e-01
3.769489916671308616e-01 7.518503987301146108e-01 -3.380235117210056983e-01
3.813459601398450083e-01 7.502912467468310087e-01 -3.481076919046494633e-01
3.869983171771645414e-01 7.482246883211890465e-01 -3.574135874495134035e-01
3.919278654397952977e-01 7.463810905628232018e-01 -3.653146440788344607e-01
3.926809213778433838e-01 7.460953070909182028e-01 -3.663779663211294002e-01
3.979142047205693755e-01 7.440729135326338284e-01 -3.722961895230292306e-01
4.037398229759677215e-01 7.418058280217104672e-01 -3.753680319437479040e-01
4.038837179451535975e-01 7.417528360669853882e-01 -3.753959568571161309e-01
4.096091483068843297e-01 7.394980283882669481e-01 -3.750873967477208470e-01
4.155583602281082700e-01 7.371979010093910878e-01 -3.713524351584656102e-01
4.291691208436632654e-01 7.320363986743116946e-01 -3.529669325334992558e-01
4.340915222929153106e-01 7.302497770004954258e-01 -3.455391758425281901e-01
4.378883844173278583e-01 7.289185098111873318e-01 -3.412890417436700852e-01
4.379608778591613238e-01 7.288923902841002445e-01 -3.412418262728766361e-01
4.398198907115283829e-01 7.282426163055760737e-01 -3.399408114396118563e-01
4.411549872541440931e-01 7.278189671013967077e-01 -3.371882686639158799e-01
4.421236295396797078e-01 7.275203648670987011e-01 -3.325656340976541614e-01
4.426148159371157131e-01 7.273671032971051886e-01 -3.265360167571727534e-01
4.427703265966448365e-01 7.273217867142562909e-01 -3.197113426310241868e-01
4.438284108521792226e-01 7.269923734278004313e-01 -3.112515582333015285e-01
4.474509471633447699e-01 7.258640756919625403e-01 -3.030384721461791830e-01
4.522846639855523376e-01 7.243637663900378554e-01 -2.955918625195065874e-01
4.577851756588041665e-01 7.226996582582754236e-01 -2.876062876486792375e-01
4.633838384992087223e-01 7.210707574581336488e-01 -2.790823403271343039e-01
4.635269987903594124e-01 7.210250454616961013e-01 -2.788543667046774477e-01
4.695515419285334335e-01 7.193183907524267617e-01 -2.699907960796283923e-01
4.756002112200881093e-01 7.176779466304868960e-01 -2.612612780430665360e-01
4.814923304631177348e-01 7.161153219025209182e-01 -2.530213781105333237e-01
4.863694452375109667e-01 7.148802565794127872e-01 -2.458414740504090423e-01
4.921685233095864365e-01 7.134508770858979387e-01 -2.368025029525082925e-01
4.981651781444882965e-01 7.120253591327545539e-01 -2.277631184468076331e-01
5.030933382407662968e-01 7.108891027815908981e-01 -2.202440050069711941e-01
5.083153690831447857e-01 7.097344761987786077e-01 -2.127321733974865958e-01
5.139019395168109572e-01 7.085528112323394856e-01 -2.047045971850412482e-01
5.202342113805030754e-01 7.072608926429453380e-01 -1.956235770245044470e-01
5.260241587932291685e-01 7.061281484566396260e-01 -1.868757784032447633e-01
5.314014149190684488e-01 7.051324427166729691e-01 -1.788433183423238093e-01
5.316798916137589481e-01 7.050874238981784670e-01 -1.784168086154069854e-01
5.371630879867759223e-01 7.040979736759298557e-01 -1.700947162453906869e-01
5.374490948204391216e-01 7.040483146034188788e-01 -1.696809959857115691e-01
5.439147579946070898e-01 7.029792429313962421e-01 -1.598592861434594004e-01
5.489897557249612259e-01 7.021758369267756539e-01 -1.522723965788325973e-01
5.540310082832562433e-01 7.014191241793743536e-01 -1.446573125947257232e-01
5.591623409813328838e-01 7.006554744337549767e-01 -1.367651110572277173e-01
5.646025895549174889e-01 6.999306552693035366e-01 -1.284031975857145569e-01
5.647426166809105252e-01 6.999143294757139699e-01 -1.281921911187852425e-01
5.699966679700225747e-01 6.992523030243612547e-01 -1.204549066545636399e-01
5.750625332627278263e-01 6.986581181891372561e-01 -1.131412909192112126e-01
5.807368228557620027e-01 6.980160292374456565e-01 -1.048521865580498980e-01
5.857031041143965222e-01 6.974995939287731428e-01 -9.746006245861868478e-02
5.906404675661249826e-01 6.970361709630330527e-01 -8.977838911005248113e-02
5.960314411458439432e-01 6.965820673348379621e-01 -8.161828171870513793e-02
6.013618666729835249e-01 6.961491396956236422e-01 -7.358290979092836637e-02
6.065029242038348922e-01 6.957785818585472404e-01 -6.579043213585378247e-02
6.117911380829493817e-01 6.954461570311528673e-01 -5.753694787841740627e-02
6.166430046107828078e-01 6.951769599837809288e-01 -4.982787961803273463e-02
6.210969411104172444e-01 6.949776502679042567e-01 -4.284605647000252343e-02
6.262829480061288256e-01 6.947823132608557106e-01 -3.438655963496387025e-02
6.313194437163414108e-01 6.946129327089013428e-01 -2.633371329825158827e-02
6.365005773894519825e-01 6.944896088093022168e-01 -1.795373933072463499e-02
6.414305684177697975e-01 6.944157146831587690e-01 -1.011223095508556775e-02
6.464230755557336394e-01 6.943914057971942722e-01 -1.908379629425124195e-03
6.508804012115048110e-01 6.943845646526923820e-01 5.329821848930257899e-03
6.555373371387709369e-01 6.944308477092328014e-01 1.295911112376118592e-02
6.605094593151896731e-01 6.945062247903742714e-01 2.103116338145423134e-02
6.649277681706902143e-01 6.946106470251356413e-01 2.838781481602788495e-02
6.695457887517597406e-01 6.947541327427371183e-01 3.606952651995720682e-02
6.740263413326275099e-01 6.949367247734457020e-01 4.338826311172503530e-02
6.783618640988826609e-01 6.951409927590894711e-01 5.021842838684327515e-02
6.829372433983309509e-01 6.953966079060450722e-01 5.734609759817083791e-02
6.945623040777186841e-01 6.961584979289390240e-01 7.617029613079089045e-02
6.946915170546371643e-01 6.961680698183656535e-01 7.636971074330863030e-02
6.993544833854123954e-01 6.965443220362127486e-01 8.394428268233219970e-02
7.038856853255346380e-01 6.969381490123912615e-01 9.117668438774094442e-02
7.091602571786765896e-01 6.974372902741037272e-01 9.950425951848253237e-02
7.140481266288066786e-01 6.979334453680798855e-01 1.075166362798330860e-01
7.190226161148776107e-01 6.985063113333891405e-01 1.158751305554219097e-01
7.241076320387207499e-01 6.991160032808226843e-01 1.243359242121259145e-01
7.287669282665437676e-01 6.997086207217840803e-01 1.320692452830551367e-01
7.332795768641139356e-01 7.003244081439268243e-01 1.393930242426246746e-01
7.335227312452855530e-01 7.003581898685576901e-01 1.397895535736812245e-01
7.383371078571872026e-01 7.010395163461980994e-01 1.477959646147276596e-01
7.427316999483987159e-01 7.017006521270076069e-01 1.555840927366076432e-01
7.468736978841890028e-01 7.023685561414397815e-01 1.628837586961096595e-01
7.521662416629897319e-01 7.032653415522489571e-01 1.722853186992209518e-01
7.570607551500084798e-01 7.041328076599128183e-01 1.809711738108331913e-01
7.615978265561422766e-01 7.049768609617861337e-01 1.887605715849821897e-01
7.656488862157826425e-01 7.057687046348659621e-01 1.956588178628298202e-01
7.702512607319402793e-01 7.066930977673470116e-01 2.033422592054194844e-01
7.749451483708937882e-01 7.076755243822769881e-01 2.110826284135769171e-01
7.789119717083237138e-01 7.085448032336114643e-01 2.175715814094467682e-01
7.831019733419590789e-01 7.094875697244115154e-01 2.244848431621377371e-01
7.876248380068824329e-01 7.105266994845871320e-01 2.320200209898217181e-01
7.877413280916143457e-01 7.105554450793067911e-01 2.322151925840683084e-01
7.922240821905963681e-01 7.116264165811068132e-01 2.397084509991421752e-01
7.923389796966482379e-01 7.116530339912812142e-01 2.398943781549180143e-01
7.962302986617577627e-01 7.126085722484278850e-01 2.463373794951435602e-01
7.963430673876024102e-01 7.126388198038875466e-01 2.465277900628033425e-01
8.005308878820427410e-01 7.137061989603623591e-01 2.535674661935192753e-01
8.047119893529087742e-01 7.147973277943833192e-01 2.604742010196079982e-01
8.091696028970092325e-01 7.160119096704554709e-01 2.677735534836751530e-01
8.092858889301517422e-01 7.160440494012344503e-01 2.679680508922611670e-01
8.134773186133790190e-01 7.172052896452317805e-01 2.748963197922306145e-01
8.176210102332269747e-01 7.183843160212806112e-01 2.818457347304199057e-01
8.216573977605791113e-01 7.195737995038875567e-01 2.886215303241049246e-01
8.255857533067261222e-01 7.207397334281067103e-01 2.951990321160611885e-01
8.299267053697361174e-01 7.220790988262546506e-01 3.024444410673717831e-01
8.343940689178120929e-01 7.234697292264200552e-01 3.099818604473766337e-01
8.384880463562109920e-01 7.248008395377151247e-01 3.167916402781432716e-01
8.429924020518972938e-01 7.263010321900635891e-01 3.243518493438614647e-01
8.431012758621163616e-01 7.263388531376225865e-01 3.245354883590254036e-01
8.471913630156682196e-01 7.277167263277491971e-01 3.313830635460553453e-01
8.514137467046628549e-01 7.291952039899135540e-01 3.388565775570044902e-01
8.555414884191323566e-01 7.306533672006596536e-01 3.460682863618664840e-01
8.597375288966264684e-01 7.321907797015372310e-01 3.534938279164899222e-01
8.598439906252345333e-01 7.322287253139495578e-01 3.536853212258340151e-01
8.637986131973467430e-01 7.336958429573620100e-01 3.604763131743028981e-01
8.676124228908712599e-01 7.351509633037437430e-01 3.670359382783373037e-01
8.719858737629120338e-01 7.368495760628709368e-01 3.744381955246527394e-01
8.757667375089723816e-01 7.383395918094852739e-01 3.809272872969946544e-01
8.796387963498449869e-01 7.399092386937846655e-01 3.875161855062795868e-01
8.834253123329127710e-01 7.414517981318948792e-01 3.939199545398689994e-01
8.835300059546862261e-01 7.414971990793111090e-01 3.941040052418516848e-01
8.876074291515718695e-01 7.431983718161588870e-01 4.008732834669666012e-01
8.915218398839204195e-01 7.448826042180898277e-01 4.075152742716682264e-01
8.954291090254677954e-01 7.465948027163828993e-01 4.141230857445715730e-01
8.990004537479380220e-01 7.481639671636063360e-01 4.201650007220171790e-01
9.031514284133813630e-01 7.500441049474012578e-01 4.272719185584646362e-01
9.032534836292099856e-01 7.500898721337908581e-01 4.274477945289690273e-01
9.069771583633643441e-01 7.517940995121596970e-01 4.338910291235591465e-01
9.106206488902383045e-01 7.534938963602728634e-01 4.401058066997399210e-01
9.144243760129149301e-01 7.553026215323853654e-01 4.465290901611635443e-01
9.182420705710543363e-01 7.571562050197713223e-01 4.528886513513444290e-01
9.218536524636933294e-01 7.589216771564279984e-01 4.589534873873483134e-01
9.258194411423184000e-01 7.608882830855377977e-01 4.657208696093527167e-01
9.290785810081185758e-01 7.625380077612387009e-01 4.712318660569531081e-01
9.323273888127695530e-01 7.642156368565434787e-01 4.765934751165971650e-01
9.406308949013002518e-01 7.685755232643298740e-01 4.904323960811514671e-01
9.442316041205710553e-01 7.705042279912804881e-01 4.964161124717191287e-01
9.476195519583773264e-01 7.723510534653348358e-01 5.020325092467633477e-01
9.510837851273696852e-01 7.742633021557618900e-01 5.079007654187132070e-01
9.546240531915560767e-01 7.762353029816158045e-01 5.138823692225413797e-01
9.580381165809074284e-01 7.781805047823360244e-01 5.196031599432970882e-01
9.619298472293736912e-01 7.804206461405241990e-01 5.260225640792115520e-01
9.620251049389797471e-01 7.804727345770121616e-01 5.261761329929632858e-01
9.657012230934430841e-01 7.826075501749121255e-01 5.322419248869482145e-01
9.687051632320800021e-01 7.843884520920336723e-01 5.371852259599277923e-01
9.688002378811519932e-01 7.844434869498702056e-01 5.373345104212310375e-01
9.723454741713427607e-01 7.865626486011297880e-01 5.432459868239332135e-01
9.754956287502511980e-01 7.884679305844695119e-01 5.485359829161199352e-01
9.793802479527077276e-01 7.908700945812500160e-01 5.550161166983245131e-01
9.828773998935329548e-01 7.930429589166347881e-01 5.608630298990353591e-01
9.861630996110530845e-01 7.951132313224451575e-01 5.662592822047221031e-01
9.899873655747066792e-01 7.975749161337730708e-01 5.724010311943255047e-01
9.900779857179176080e-01 7.976328802440044718e-01 5.725520058139186297e-01
9.933254281958304732e-01 7.997350676187593432e-01 5.779296165954034281e-01
9.969337784888396836e-01 8.021166610137433484e-01 5.836951351942281097e-01
9.970243924169824856e-01 8.021764933792434604e-01 5.838427738025802061e-01
1.000329415926394683e+00 8.043734642647168975e-01 5.892931581141283015e-01
1.003706764843534494e+00 8.066489067004352087e-01 5.949047550086087321e-01
1.006913817415920454e+00 8.088172185690862825e-01 6.000982970494946889e-01
1.009817457639256677e+00 8.108232645246422621e-01 6.048091157510109284e-01
1.013408321591787731e+00 8.133242885985808579e-01 6.105449166812105810e-01
1.016625703757727095e+00 8.155936152558227459e-01 6.157498597651948069e-01
1.019758047531186484e+00 8.178288982449906097e-01 6.207873806881448742e-01
1.020096818490321855e+00 8.180779892648851748e-01 6.213400252353092901e-01
1.023025497600930755e+00 8.201978051186326057e-01 6.260480906775987009e-01
1.026027507470842259e+00 8.223823452885382634e-01 6.309073833092762040e-01
1.028854071400907344e+00 8.244663452334536347e-01 6.354624176172364303e-01
1.032241984879232355e+00 8.269858982781586043e-01 6.408725792431566592e-01
1.035378436840539429e+00 8.293346774894068130e-01 6.458052062363438539e-01
1.038837922513527579e+00 8.319740660713668134e-01 6.512039155835556148e-01
1.038920050801316108e+00 8.320384790133541486e-01 6.513345236174536979e-01
1.041845371240714968e+00 8.342891605090182461e-01 6.559595787011185397e-01
1.044685751201524848e+00 8.364899778025661758e-01 6.603890922539799035e-01
1.047356231975082874e+00 8.385730170613235890e-01 6.646324503400720118e-01
1.050175249475078232e+00 8.408042252296673569e-01 6.690203794533774451e-01
1.053388824575449911e+00 8.433686561798556802e-01 6.740414030532033696e-01
1.053555019594471176e+00 8.434984569704933044e-01 6.742999397874174239e-01
1.056974282517717523e+00 8.462696363680209943e-01 6.795485877486352466e-01
1.059929131157575366e+00 8.486598629067425570e-01 6.840321615423475832e-01
1.063239293910233307e+00 8.513866815052585357e-01 6.890574465877308263e-01
1.063316612036860231e+00 8.514551247446591198e-01 6.891805783427509269e-01
1.066623579833831936e+00 8.541888694696608830e-01 6.943303228240288449e-01
1.066703564372929014e+00 8.542559308225400327e-01 6.944579940790472916e-01
1.069669405840834919e+00 8.567329314162006604e-01 6.990679402238502149e-01
1.072627546324395720e+00 8.592282750102309130e-01 7.036139874817980422e-01
1.075400152498211970e+00 8.616157184220313292e-01 7.078183152211535711e-01
1.078579960138358551e+00 8.643410203760080179e-01 7.126487714524939454e-01
1.081275365104287012e+00 8.666574766657740847e-01 7.167520226742396527e-01
1.084333659179886888e+00 8.693417782065795407e-01 7.213628700518184278e-01
1.084409072847736688e+00 8.694120079683832492e-01 7.214788202819635288e-01
1.087212567367445093e+00 8.719030447879234647e-01 7.256299115109225983e-01
1.090087434020547530e+00 8.744602844144201415e-01 7.299643584138585384e-01
1.092789404813844900e+00 8.768983217359440641e-01 7.339682999623826642e-01
1.095317097435797304e+00 8.792013740611723804e-01 7.377367394584802840e-01
1.098211530330763352e+00 8.818619589576035533e-01 7.420515448139430870e-01
1.098285513432339044e+00 8.819318544336038901e-01 7.421638268890566881e-01
1.101108914513479586e+00 8.845334315786296253e-01 7.463168198919203356e-01
1.103914902704180356e+00 8.871382278459279958e-01 7.504442472758718896e-01
1.106619974739796231e+00 8.896905493345710347e-01 7.543923251089483806e-01
1.109242005822693278e+00 8.921993617634823570e-01 7.580785605595604659e-01
1.112155869714314793e+00 8.949880730522513650e-01 7.621332636008830708e-01
1.114902295542444133e+00 8.976259802964365875e-01 7.660548429373726931e-01
1.117722068316128858e+00 9.003586777588961088e-01 7.700580949356570226e-01
1.124230856514406129e+00 9.067110641177422714e-01 7.795116624646821757e-01
1.126934284566508460e+00 9.094248356475057582e-01 7.833810589834722116e-01
1.129477510244272009e+00 9.119816316485995777e-01 7.869588585811023718e-01
1.132147440510232528e+00 9.146890057274573715e-01 7.905756235498138107e-01
1.134800944532702527e+00 9.174104984356216130e-01 7.941480206072202286e-01
1.137541058220047363e+00 9.202090553897236402e-01 7.978053204652219010e-01
1.140128536367841505e+00 9.228639497458033247e-01 8.013635907024438954e-01
1.142924600447193351e+00 9.257571059126596946e-01 8.052321362476485556e-01
1.145567561538253010e+00 9.285002933058578156e-01 8.088751710039820964e-01
1.148339222024214124e+00 9.314174701474773332e-01 8.126547153474039664e-01
1.151228543014868100e+00 9.344850344618441662e-01 8.166131338253258543e-01
1.153886714475127251e+00 9.373323750390226694e-01 8.202619329675797655e-01
1.156399566653791622e+00 9.400448484862532483e-01 8.236465963182966199e-01
1.159176924641096562e+00 9.430522002503062273e-01 8.273484919127384041e-01
1.161609800961255434e+00 9.456907827198653971e-01 8.305876542062974321e-01
1.164087162718719037e+00 9.484250912779108589e-01 8.338086169040214157e-01
1.166832869332530276e+00 9.514687627178450846e-01 8.373821111665820105e-01
1.169139452477886643e+00 9.540609148651189031e-01 8.403519225721803876e-01
1.171670225069301186e+00 9.568767926763729337e-01 8.435955075788866830e-01
1.173892713093052098e+00 9.594069605489703445e-01 8.465051273605576077e-01
1.176380481768044550e+00 9.622562722277218095e-01 8.496728840081761991e-01
1.179084473618478679e+00 9.653292183801304160e-01 8.531418014127810645e-01
1.181742562377817496e+00 9.684221188058848018e-01 8.564761603688481051e-01
1.184462408977903003e+00 9.715944147632605832e-01 8.598753543484550788e-01
1.186839807030928728e+00 9.743960211433075891e-01 8.627944490658228105e-01
1.189282053360997793e+00 9.772707022229132345e-01 8.658071691950510740e-01
1.191506252033670776e+00 9.799166926801601285e-01 8.685590797087491266e-01
1.193993276801209147e+00 9.828878073801818882e-01 8.715875615232333562e-01
1.196366458721445980e+00 9.857067183381233999e-01 8.744759467383892426e-01
1.198571063141445237e+00 9.883674241633448876e-01 8.771511242881164794e-01
1.200979556914824276e+00 9.912792791415661053e-01 8.800925099583275513e-01
1.203627988693880546e+00 9.945199188536302248e-01 8.833337714293342247e-01
1.206004559547335209e+00 9.974435848953635553e-01 8.862360974844191164e-01
1.208443189080237623e+00 1.000444513737160257e+00 8.891414185610798659e-01
1.211057759998275696e+00 1.003695542104745764e+00 8.922654234864008105e-01
1.213586544913669796e+00 1.006870115117178610e+00 8.952592107104365704e-01
1.215864439903066696e+00 1.009728102019025409e+00 8.979014848884242506e-01
1.218118128841167103e+00 1.012602414142766971e+00 9.005540988283938786e-01
1.220617968971954515e+00 1.015788948094870747e+00 9.034236659311785100e-01
1.222935923165841654e+00 1.018750338862167037e+00 9.060997161289860991e-01
1.225734238251957819e+00 1.022365626398821004e+00 9.092380568717948197e-01
1.228532229920466623e+00 1.025988062618933050e+00 9.123980683601952135e-01
1.230941869375079545e+00 1.029124434652253450e+00 9.151418944903103592e-01
1.233472495390825152e+00 1.032427584950632138e+00 9.179684372468264186e-01
1.235551415290813360e+00 1.035197528080573859e+00 9.202096816972731297e-01
1.238106375538857051e+00 1.038597316575284868e+00 9.229688590360831668e-01
1.240487356912323813e+00 1.041757299667056769e+00 9.255238892776085358e-01
1.240548904879442471e+00 1.041838307383654350e+00 9.255894782381989261e-01
1.242621346188189868e+00 1.044585576354274181e+00 9.278439921140757551e-01
1.245211719127582883e+00 1.048082227017572921e+00 9.306828585376528684e-01
1.245271676912078407e+00 1.048168004027544287e+00 9.307482084458911231e-01
1.247498826634180658e+00 1.051204192059200349e+00 9.331334557309034494e-01
1.249761199976227255e+00 1.054311030415214123e+00 9.355499793052676205e-01
1.252015366649211536e+00 1.057421412358283241e+00 9.379035501662100760e-01
1.254329467496291706e+00 1.060616840037222453e+00 9.402820251592652889e-01
1.256638365246164346e+00 1.063825782297678657e+00 9.426745362587183319e-01
1.258987710317722275e+00 1.067111187134281547e+00 9.451236248882579627e-01
1.261095073675834843e+00 1.070057174689486912e+00 9.472809405537718774e-01
1.266357902346706421e+00 1.077487644095378005e+00 9.526402728539699050e-01
1.268683341861804426e+00 1.080807701391363729e+00 9.549604950931677161e-01
1.268742032648042084e+00 1.080888494509065989e+00 9.550180514923974906e-01
1.270712857107570315e+00 1.083708731707765383e+00 9.569832870225274402e-01
1.273069418675308206e+00 1.087108849327299787e+00 9.592606097030350609e-01
1.275142587197731103e+00 1.090099075715870836e+00 9.612829703879023358e-01
1.277536780125235305e+00 1.093579637886843425e+00 9.636037087829789627e-01
1.279810826561652348e+00 1.096916569671534170e+00 9.657850710139768147e-01
1.281854334016376162e+00 1.099926826106125022e+00 9.677577423367452747e-01
1.283959175818231380e+00 1.103016625463390854e+00 9.697677972167600968e-01
1.285821057721513228e+00 1.105786902346873379e+00 9.715395774101155402e-01
1.287703684281378713e+00 1.108548055187696058e+00 9.732339540728502936e-01
1.289967109921053456e+00 1.111892683162143403e+00 9.752875063930896982e-01
1.292261177044601084e+00 1.115327039546204713e+00 9.773232171452845840e-01
1.294550995202691901e+00 1.118778188880978464e+00 9.793493417245160426e-01
1.296519128485902339e+00 1.121709706276248220e+00 9.811082262750510097e-01
1.298632016342047057e+00 1.124910137247767672e+00 9.829999990359603590e-01
1.298688387847976022e+00 1.124995754220438959e+00 9.830455567452077714e-01
1.300684916708557681e+00 1.128041124731763656e+00 9.847622352072036289e-01
1.302618213710025730e+00 1.130992299955857927e+00 9.864677333071408816e-01
1.304880036030592327e+00 1.134463327979790437e+00 9.884655195649407755e-01
1.304934185117304857e+00 1.134546086467157044e+00 9.885137135464477920e-01
1.306908441841355017e+00 1.137604924926532757e+00 9.902234880527985839e-01
1.308934378216599193e+00 1.140733931743245000e+00 9.920077660853884316e-01
1.311228135662249272e+00 1.144298980114871522e+00 9.940311409284235955e-01
1.313248165516600174e+00 1.147456850124489947e+00 9.957474838865986166e-01
1.315197265322549214e+00 1.150512831124106850e+00 9.974070045829190878e-01
1.317205776918849214e+00 1.153662189840615859e+00 9.991284265692003119e-01
1.319171726132680300e+00 1.156734847356717610e+00 1.000715704540803941e+00
1.321058844072314775e+00 1.159719851961398707e+00 1.002220735618175818e+00
1.323106883320237515e+00 1.162960596379991607e+00 1.003835995045064378e+00
1.325263963435567849e+00 1.166374770210965472e+00 1.005558120095432662e+00
1.325316618984719419e+00 1.166459900971126951e+00 1.005601808848178180e+00
1.327319191351843397e+00 1.169617164706791002e+00 1.007318702017178769e+00
1.329206220172520769e+00 1.172617776073290985e+00 1.009047908664525428e+00
1.331066121816829595e+00 1.175605188657905531e+00 1.010720643058838464e+00
1.332983822806362184e+00 1.178706120777190280e+00 1.012396355856739039e+00
1.334933199931075620e+00 1.181865760527531783e+00 1.013890515536939985e+00
1.336659951796523638e+00 1.184697429997203733e+00 1.015159300222124195e+00
1.338586174636485104e+00 1.187858847979535781e+00 1.016513505014249308e+00
1.340631132481182375e+00 1.191211463989423347e+00 1.017965458596465922e+00
1.342612614299471208e+00 1.194484538792149220e+00 1.019341463642360335e+00
1.344637199739942002e+00 1.197830080040220180e+00 1.020774932688990555e+00
1.346614043615429690e+00 1.201105310547511129e+00 1.022178547280954142e+00
1.346720728690701030e+00 1.201273634711371274e+00 1.022244894667625914e+00
1.348692091377428515e+00 1.204558974447095254e+00 1.023583940151771676e+00
1.350713325809538512e+00 1.207916835997048244e+00 1.024957183371579372e+00
1.352584670612188233e+00 1.211025661089643046e+00 1.026207672248924618e+00
1.354704244516518497e+00 1.214572536478988551e+00 1.027850814618571418e+00
1.356765223091026762e+00 1.218029677080675333e+00 1.029486355354910954e+00
1.358676524941073271e+00 1.221245265202095309e+00 1.030979386350352023e+00
1.360734356266426914e+00 1.224710861582167576e+00 1.032563585067393763e+00
1.362567022056065946e+00 1.227827291492637585e+00 1.033910046427125584e+00
1.364449578477880731e+00 1.231044611173468084e+00 1.035264732966129531e+00
1.366515908929353262e+00 1.234586555773798056e+00 1.036567577541586127e+00
1.368630302365816842e+00 1.238236187686234446e+00 1.037735155436570578e+00
1.370638936132342334e+00 1.241712873956523744e+00 1.038839463165255328e+00
1.372686269958956373e+00 1.245271486756862389e+00 1.040020220405593054e+00
1.374547372600624762e+00 1.248488332703029613e+00 1.041077605509673987e+00
1.376449776727903584e+00 1.251799626948525201e+00 1.042205684094993812e+00
1.378438417109234315e+00 1.255282932791778716e+00 1.043373844877230505e+00
1.380253429325023484e+00 1.258428362270071155e+00 1.044539522066790793e+00
1.382102164775221631e+00 1.261665451116383618e+00 1.045786163455177720e+00
1.384003595916858176e+00 1.264980781246683783e+00 1.047054839911018220e+00
1.385800674204260341e+00 1.268124860611671512e+00 1.048209913876646748e+00
1.390267186867257365e+00 1.276020653334856148e+00 1.050989949331903262e+00
1.392151426781065293e+00 1.279352740250501164e+00 1.052144978075583381e+00
1.392201210738488903e+00 1.279441025181167202e+00 1.052174927824287343e+00
1.393856937085794501e+00 1.282411172558010737e+00 1.053031075606682521e+00
1.394101071181636620e+00 1.282847743841529109e+00 1.053140871674282497e+00
1.395657996151418390e+00 1.285644506421601552e+00 1.053853775026384554e+00
1.395706657754034685e+00 1.285733976778447918e+00 1.053878841046366421e+00
1.397485671687879627e+00 1.288884634421985087e+00 1.054674009877635044e+00
1.399555972377577673e+00 1.292573528170925634e+00 1.055652659318585984e+00
1.399603285126924002e+00 1.292659193170874410e+00 1.055676693548862621e+00
1.401620926434782088e+00 1.296258261895447239e+00 1.056627166276296492e+00
1.403634552771668709e+00 1.299840967402367875e+00 1.057644644872010931e+00
1.405450727518259058e+00 1.303092437238736689e+00 1.058940613914578943e+00
1.407125137001086213e+00 1.306065176449309861e+00 1.061757619761282800e+00
1.409114288170465912e+00 1.309633164232605784e+00 1.065492672193992574e+00
1.409162985741972074e+00 1.309723711696671122e+00 1.065548234101184821e+00
1.410922806305152433e+00 1.312949821150352303e+00 1.066660894349825028e+00
1.412606578337983532e+00 1.316084649288818298e+00 1.066629024657328229e+00
1.414446916953234323e+00 1.319494505334115164e+00 1.066412843313305325e+00
1.416325751613685124e+00 1.323010529335868712e+00 1.066213317744084899e+00
1.418275157138028986e+00 1.326619512718418825e+00 1.066419453534722006e+00
1.420033923878357696e+00 1.329871318385600576e+00 1.066752861225726212e+00
1.421745686103510709e+00 1.333041471678880541e+00 1.067194255469161801e+00
1.423606845874265003e+00 1.336473717078751955e+00 1.067682741279271541e+00
1.425422671479664505e+00 1.339819328573293777e+00 1.068275855240505168e+00
1.427095649449978909e+00 1.342914414973130244e+00 1.068867996527730124e+00
1.429102307494727331e+00 1.346572815028115322e+00 1.070455717096761017e+00
1.431098641179291420e+00 1.350232300549255804e+00 1.074815017445017951e+00
1.431147751778451882e+00 1.350324720578521376e+00 1.074954562785438439e+00
1.432705068652172509e+00 1.353207092057617800e+00 1.079339705174032771e+00
1.434584566683156481e+00 1.356751061840507422e+00 1.082387943369345518e+00
1.434630535655499806e+00 1.356838960213356149e+00 1.082423831154784910e+00
1.436266964906345089e+00 1.360046267613809645e+00 1.082807646502953025e+00
1.438023774032485713e+00 1.363421753824490379e+00 1.080997072729215080e+00
1.439599887644716691e+00 1.366466903020199464e+00 1.079182841522313918e+00
1.441443008630912903e+00 1.369985350313838834e+00 1.077428897089600657e+00
1.443067980747377632e+00 1.373067633527059073e+00 1.076421030461342188e+00
1.444956749057830114e+00 1.376595561272147439e+00 1.076322630730150332e+00
1.446726518516836091e+00 1.379879615257112446e+00 1.076740228020582890e+00
1.448562570289338991e+00 1.383342531215774773e+00 1.077226355884066233e+00
1.450366098852198693e+00 1.386725393807397344e+00 1.077725472162352149e+00
1.450413974057369160e+00 1.386811684829903690e+00 1.077736953114919016e+00
1.452349708780247717e+00 1.390405083933166308e+00 1.078713600569985109e+00
1.454379077548306087e+00 1.394213708790263961e+00 1.082299431738761308e+00
1.454431161066824796e+00 1.394309722466818613e+00 1.082427983919561187e+00
1.456324067991053406e+00 1.397883698405918640e+00 1.088144880171915796e+00
1.458200315097677224e+00 1.401481826711580725e+00 1.093916753041574763e+00
1.459714210273936663e+00 1.404412163197338526e+00 1.098042579874465074e+00
1.461429081147000320e+00 1.407811150487721319e+00 1.100864230720690840e+00
1.461473912374712913e+00 1.407900001947905544e+00 1.100905655058757038e+00
1.463040305294553534e+00 1.411083462271692346e+00 1.101247460242514853e+00
1.464584621456240798e+00 1.414231082929519268e+00 1.099105331991686141e+00
1.465976902663867820e+00 1.416964474413811681e+00 1.095514991004248762e+00
1.467695415635881018e+00 1.420461362123073279e+00 1.090797734990620604e+00
1.467739325677089202e+00 1.420550565788243791e+00 1.090679490376992078e+00
1.469429076026591119e+00 1.423888969690857209e+00 1.086703315969165917e+00
1.471106594356294650e+00 1.427179312985449755e+00 1.084884633065428705e+00
1.472613483425257774e+00 1.430100561695249795e+00 1.084002003985163665e+00
1.474175661098068080e+00 1.433070129109585089e+00 1.083881289783246826e+00
1.476061565815903753e+00 1.436641246574883457e+00 1.084275975853349561e+00
1.476111282540682357e+00 1.436730013147105467e+00 1.084289454445793277e+00
1.477920819419732412e+00 1.440151091920617077e+00 1.085338948119742630e+00
1.479790245270673044e+00 1.443694859977762368e+00 1.088819162034402765e+00
1.481680179860132673e+00 1.447398325463195690e+00 1.094652557562721951e+00
1.483377720472618844e+00 1.450705198231264426e+00 1.100925870688868935e+00
1.485187007985121044e+00 1.454281376935593340e+00 1.106735181922560818e+00
1.486806911653433261e+00 1.457537398244121096e+00 1.110728460008774343e+00
1.488250426416690031e+00 1.460507204602692344e+00 1.112425881277999906e+00
1.489784120277541701e+00 1.463770347960879903e+00 1.112162070242422862e+00
1.493365267560792908e+00 1.471134000871620717e+00 1.102156377602732773e+00
1.493403485220920368e+00 1.471208916704833447e+00 1.102018328198314245e+00
1.494998607908081034e+00 1.474470719009828290e+00 1.095916362096320373e+00
1.496462252818728356e+00 1.477421849256016717e+00 1.092301344375789629e+00
1.497990043834973584e+00 1.480455316831989609e+00 1.090224109982578904e+00
1.499708586097590723e+00 1.483780775606083902e+00 1.089447176057901867e+00
1.501533750702133352e+00 1.487281082867165427e+00 1.089294043453367111e+00
1.501583177140816128e+00 1.487371237296131854e+00 1.089294939308165011e+00
1.503354324466453340e+00 1.490762107624924226e+00 1.089773945811037148e+00
1.505154446114003619e+00 1.494238345966809822e+00 1.092600738965416651e+00
1.507125572922045631e+00 1.498136620223071258e+00 1.098533212988600294e+00
1.508827029655775309e+00 1.501478935624050326e+00 1.105343748770466705e+00
1.510662380357263856e+00 1.505130229715205825e+00 1.113114135307798458e+00
1.510708240207038644e+00 1.505217020638946357e+00 1.113275576548847789e+00
1.512300652987339511e+00 1.508472958782211215e+00 1.118294432275254602e+00
1.513940207806941496e+00 1.511908722067473398e+00 1.120925763336164227e+00
1.515468615914517425e+00 1.515195847491007886e+00 1.121066772104196030e+00
1.516908326647270489e+00 1.518349327237299207e+00 1.118612667030781660e+00
1.518271676343318832e+00 1.521244022178261046e+00 1.113912750452851652e+00
1.519742878126080443e+00 1.524248557789580349e+00 1.106999417901287863e+00
1.521159977251802520e+00 1.527216253007254387e+00 1.100779283113429763e+00
1.522797555571604677e+00 1.530547219746589693e+00 1.095786614907140466e+00
1.524533325063807343e+00 1.534055066999081340e+00 1.092602331199520105e+00
1.526126694857324662e+00 1.537183942869399633e+00 1.090952415563019029e+00
1.528073865262159270e+00 1.540919822289341212e+00 1.090613495695760049e+00
1.529867934274676378e+00 1.544366765482722670e+00 1.091198305281656733e+00
1.531779867696893671e+00 1.548036006697223632e+00 1.094139280668081859e+00
1.533613983948844961e+00 1.551658881261229084e+00 1.099449403873603570e+00
1.535590871158212689e+00 1.555577232509397723e+00 1.107356914425184469e+00
1.537482663350184131e+00 1.559382048548920929e+00 1.115202407758014047e+00
1.539196474877430498e+00 1.562908815372118898e+00 1.119878377064955188e+00
1.540732108833839487e+00 1.566156568655317827e+00 1.121445605664174838e+00
1.542214086193811173e+00 1.569316908919219600e+00 1.121017483843508300e+00
1.543536106969969346e+00 1.572125296300206365e+00 1.118378821565420900e+00
1.545132847737265891e+00 1.575524069285982431e+00 1.112037334766192043e+00
1.546626851426883498e+00 1.578623598998970978e+00 1.105890463154585390e+00
1.548098641708885115e+00 1.581621963693381927e+00 1.100668090237041152e+00
1.549959580146651028e+00 1.585387575793762549e+00 1.095834949428900806e+00
1.551749707674776602e+00 1.588979439761193602e+00 1.093346534406494097e+00
1.551793263276916246e+00 1.589071580787264182e+00 1.093305778979398735e+00
1.553546525830764136e+00 1.592483201908413415e+00 1.092152856772742320e+00
1.555355871641743937e+00 1.595962477389593293e+00 1.093221038336765316e+00
1.557336824815835907e+00 1.599801900492128670e+00 1.097720153309614366e+00
1.559205379859570861e+00 1.603524872678078417e+00 1.104907946624377413e+00
1.560923459042452999e+00 1.606922804094431001e+00 1.112556062275499524e+00
1.562385763778279202e+00 1.609901983231718292e+00 1.119468269138068850e+00
1.563782926702738774e+00 1.612818145100233025e+00 1.124194969625592400e+00
1.563827652238415133e+00 1.612907219999853758e+00 1.124306917976580777e+00
1.565332670362985734e+00 1.616072604483469899e+00 1.126788223732523297e+00
1.566738824623059356e+00 1.619119256762048931e+00 1.127317092275054611e+00
1.568178888991673237e+00 1.622272425044638089e+00 1.125702582303016897e+00
1.569561593870607341e+00 1.625402447859668698e+00 1.120823723008538941e+00
1.570906762478194052e+00 1.628434836573981137e+00 1.113884238531468229e+00
1.572500065783354328e+00 1.631693170624477940e+00 1.105562310516360558e+00
1.574247290672997401e+00 1.635183976282433616e+00 1.097244548158756938e+00
1.576038284695655767e+00 1.638787858428927713e+00 1.090919199221943581e+00
1.577883616231277486e+00 1.642433601904101703e+00 1.087679332929136100e+00
1.579491018664024971e+00 1.645500559430415954e+00 1.086879269125029968e+00
1.584026650228071764e+00 1.654221622202605380e+00 1.095712811070052917e+00
1.584076390514090660e+00 1.654319807087022198e+00 1.095895820174755064e+00
1.585727923872323641e+00 1.657546236997165856e+00 1.102682898582288518e+00
1.587227989368918291e+00 1.660486124371498118e+00 1.107402667627108928e+00
1.588912227231069840e+00 1.663868381913080174e+00 1.109809669808614174e+00
1.588954226901522881e+00 1.663959036763662080e+00 1.109835591657902798e+00
1.590504743503454721e+00 1.667200390915262842e+00 1.109577617469899025e+00
1.590656597393823146e+00 1.667539285999279919e+00 1.109474722653359446e+00
1.592501727215577034e+00 1.671318512850044513e+00 1.107066197555364173e+00
1.594057932443216474e+00 1.674585671894627925e+00 1.104940176662417839e+00
1.595659044726377207e+00 1.677816971355682529e+00 1.103241360008672567e+00
1.597324189685282114e+00 1.681200992877750044e+00 1.102052135728999405e+00
1.598880746632334482e+00 1.684383872233670587e+00 1.100781168051534253e+00
1.600638014193313419e+00 1.687903238662853189e+00 1.098346603003707012e+00
1.602484295185874652e+00 1.691642288629066737e+00 1.096136604396377612e+00
1.604160673638119095e+00 1.694945541374680564e+00 1.095154391271920380e+00
1.606021595270293201e+00 1.698561042374367336e+00 1.096482744559987621e+00
1.607785980513017909e+00 1.702047917104611674e+00 1.100717769471341700e+00
1.609697435728006276e+00 1.705842693939285670e+00 1.107993866114252546e+00
1.611244957172373704e+00 1.708950580007148057e+00 1.114790659016333896e+00
1.612922255907625946e+00 1.712392710678432906e+00 1.120029589168386686e+00
1.614569323614825080e+00 1.715823230265486332e+00 1.122007577643628906e+00
1.616043965095844026e+00 1.718984147504307503e+00 1.121714940439826336e+00
1.617317713751783126e+00 1.721752744065032870e+00 1.119355099416204924e+00
1.618726079830929976e+00 1.724813393211126922e+00 1.114207109753975189e+00
1.620132839663162683e+00 1.727704126500382298e+00 1.108425335432646319e+00
1.621742323970253308e+00 1.731000144757834924e+00 1.102586249918393158e+00
1.623401536632627762e+00 1.734413693879701679e+00 1.097112276059460712e+00
1.624832750486227662e+00 1.737279549445164495e+00 1.093038330078897946e+00
1.626688627774444784e+00 1.740953767644460193e+00 1.089827603524154975e+00
1.628435864288261259e+00 1.744336372405517643e+00 1.088092183231917920e+00
1.630105262341115635e+00 1.747503537378080063e+00 1.087525177300331380e+00
1.631855213274757022e+00 1.750873477306001957e+00 1.089088904221325871e+00
1.633743814231122471e+00 1.754537730164392295e+00 1.093515732697336151e+00
1.635460379338730119e+00 1.757872771808872692e+00 1.099478150927770237e+00
1.637134980647567462e+00 1.761143800045645413e+00 1.103515226322410614e+00
1.638908409874639815e+00 1.764700442575618977e+00 1.104604269184203291e+00
1.640599096813232238e+00 1.768131239575555513e+00 1.103494324938732563e+00
1.642199162658880995e+00 1.771406472557851330e+00 1.101450648974558355e+00
1.643932955411897545e+00 1.774934437657116559e+00 1.099114283771337242e+00
1.643976602612777338e+00 1.775026445729586344e+00 1.099058547695254351e+00
1.645511484058578722e+00 1.778132200637016824e+00 1.097469572110817859e+00
1.647028174741044904e+00 1.781227624402582199e+00 1.096018559860246766e+00
1.648808707656915118e+00 1.784755678174979154e+00 1.092669479920507003e+00
1.650660566323848943e+00 1.788456701422535433e+00 1.089342230491609831e+00
1.650702034358187520e+00 1.788549029026540671e+00 1.089271483873326396e+00
1.652538478755889662e+00 1.792082255016934411e+00 1.087216677426309897e+00
1.654518805716918228e+00 1.795843065448728737e+00 1.087865611180957259e+00
1.656315091091589808e+00 1.799284391926685878e+00 1.091470911656043263e+00
1.658113851535501837e+00 1.802764076160920048e+00 1.097823311099116905e+00
1.659693701547516387e+00 1.805900536876064555e+00 1.104387380779615402e+00
1.661172883580542825e+00 1.808851600312661123e+00 1.109341358181296089e+00
1.662647223447515143e+00 1.811815402701379973e+00 1.111897513330910803e+00
1.664194005803542709e+00 1.815013430093015412e+00 1.112361038909241095e+00
1.665660832152517923e+00 1.818074884381277068e+00 1.110496516570926628e+00
1.667190584232507655e+00 1.821275415345090298e+00 1.105556902505137273e+00
1.668774458503228697e+00 1.824457554950315696e+00 1.099515923162535103e+00
1.670512162137153478e+00 1.827919019396852418e+00 1.092776867440643729e+00
1.671983783884640085e+00 1.830812499115701986e+00 1.088331079698707571e+00
1.673675627748714367e+00 1.834179726745733818e+00 1.084322158739239317e+00
1.675168640872794823e+00 1.837042483501199586e+00 1.081134446322881804e+00
1.676844723842353169e+00 1.840245881191575839e+00 1.079037309517658194e+00
1.678599553567141411e+00 1.843543240487796941e+00 1.077717548107299139e+00
1.680415051529197346e+00 1.846920782537340600e+00 1.078459288914434211e+00
1.682244044417554596e+00 1.850353776078853540e+00 1.082050505187446277e+00
1.684171166555346488e+00 1.854047108701684099e+00 1.089265723119818619e+00
1.685806960641575092e+00 1.857186308557049248e+00 1.096355783035144249e+00
1.687540218836073747e+00 1.860567288974999123e+00 1.101640978635495705e+00
1.689405347191641038e+00 1.864306566900078010e+00 1.103690839370058407e+00
1.689448372490448991e+00 1.864393892729854896e+00 1.103700344606751926e+00
1.693411753901696626e+00 1.872435476367894980e+00 1.096085820885360107e+00
1.694995971286804126e+00 1.875552335530944470e+00 1.089558829054320777e+00
1.696493817884202171e+00 1.878452599184074145e+00 1.083625986430230004e+00
1.698160218153996093e+00 1.881662675031448906e+00 1.078228637474320850e+00
1.700083273859536392e+00 1.885337013707060194e+00 1.072729724224023906e+00
1.701833723696785539e+00 1.888609813524386949e+00 1.069345632272494129e+00
1.703662008757299562e+00 1.891976803095203774e+00 1.067414751337811607e+00
1.705448704600463161e+00 1.895230770791367814e+00 1.067612540601500681e+00
1.707195000521005923e+00 1.898419679431468721e+00 1.070085882547296974e+00
1.708865591352672908e+00 1.901490982653703199e+00 1.074455551418930010e+00
1.710669225635708335e+00 1.904848544161271251e+00 1.080993837212541608e+00
1.712342821576879448e+00 1.908046018793264187e+00 1.087530699790561828e+00
1.712584043246028864e+00 1.908474998548334245e+00 1.088238675370417186e+00
1.714286400467636584e+00 1.911750500990684554e+00 1.091522491240016102e+00
1.716144879670402190e+00 1.915415724782422835e+00 1.092044995562190701e+00
1.717604164147708667e+00 1.918361324449126659e+00 1.090420650677882630e+00
1.719055612714645687e+00 1.921349374493673379e+00 1.086360084750371380e+00
1.720688041317356642e+00 1.924663592975124571e+00 1.080870776698663827e+00
1.722399680068324557e+00 1.927899681818249888e+00 1.075375253933252617e+00
1.723912387365718502e+00 1.930764278104965648e+00 1.071256052452064234e+00
1.725586092383279979e+00 1.933971054708307546e+00 1.067555281570272241e+00
1.725635358383889484e+00 1.934054782281161788e+00 1.067450144502364751e+00
1.727443109617918360e+00 1.937387892821048618e+00 1.064512368124310493e+00
1.729343165563910434e+00 1.940811642666029124e+00 1.064047602097631051e+00
1.731260028500533732e+00 1.944280549120337209e+00 1.066604297659937473e+00
1.733075774048538964e+00 1.947607301049312900e+00 1.071413146496093649e+00
1.734725500000729781e+00 1.950649929207114663e+00 1.076118895980292978e+00
1.736335294408024588e+00 1.953643686975743643e+00 1.079727126177338903e+00
1.738157451809244414e+00 1.957075685030515766e+00 1.081837290988561184e+00
1.738385759614085924e+00 1.957520053587318509e+00 1.081905986341371806e+00
1.739921628928286168e+00 1.960516335540568811e+00 1.081327323516053207e+00
1.741626892981245733e+00 1.963751791841279015e+00 1.078475455189252363e+00
1.743329346619500786e+00 1.967056820963932529e+00 1.072533815583818662e+00
1.743376170605478226e+00 1.967135396339135145e+00 1.072356858803500845e+00
1.745190106637884098e+00 1.970534899579087229e+00 1.066050905301358043e+00
1.745237491325783319e+00 1.970621338571554304e+00 1.065920744777919538e+00
1.746994839053839232e+00 1.973871930474566661e+00 1.061993152304886667e+00
1.748753877636805232e+00 1.977108302047008603e+00 1.059620819837665762e+00
1.750594982497949426e+00 1.980443991696820838e+00 1.057895633932255830e+00
1.752181170148241485e+00 1.983328526235189182e+00 1.056477953688238713e+00
1.754257699613535504e+00 1.987024825862530042e+00 1.054917180534870491e+00
1.756305091681669817e+00 1.990653867419643008e+00 1.056118877544746759e+00
1.758124076423443150e+00 1.993886805069706281e+00 1.059846787411131697e+00
1.760125819585577123e+00 1.997464916405097712e+00 1.064322980712963274e+00
1.760175882104895395e+00 1.997550618723159976e+00 1.064423395344986867e+00
1.762055656791588154e+00 2.000956523526741471e+00 1.066998189707087041e+00
1.762103053354517224e+00 2.001044493291247228e+00 1.067022847439990096e+00
1.763825969195129906e+00 2.004184979300687175e+00 1.067254882852162190e+00
1.765615244333985423e+00 2.007562771967709381e+00 1.065438348875175967e+00
1.767241000917487925e+00 2.010523921533099667e+00 1.060971139614182768e+00
1.768816657672878101e+00 2.013435172929777472e+00 1.055755581632106255e+00
1.770349981935331440e+00 2.016239985073109420e+00 1.051474831309236802e+00
1.772147888585036801e+00 2.019467412998269928e+00 1.047694637446362487e+00
1.772194597249645343e+00 2.019557691258510701e+00 1.047612836497500144e+00
1.773980360869515716e+00 2.022719978619780257e+00 1.045466827112846886e+00
1.775787833077382860e+00 2.025865599602978850e+00 1.044265751307221546e+00
1.777809785763049266e+00 2.029365541151401331e+00 1.043079543891981764e+00
1.779678517168773455e+00 2.032566154271034264e+00 1.042977067152290216e+00
1.781546930635139026e+00 2.035800120591400031e+00 1.045196975732680889e+00
1.783536165318862166e+00 2.039227182834498553e+00 1.048481318067274293e+00
1.788103570893342598e+00 2.047200316335353154e+00 1.054029975003194064e+00
1.790028806093852509e+00 2.050626483479866202e+00 1.055734655862773597e+00
1.790078489462058497e+00 2.050712714265472414e+00 1.055759692602558086e+00
1.791878179250851355e+00 2.053952745108760247e+00 1.056219549984965145e+00
1.793439105393471955e+00 2.056777459380081829e+00 1.054926100975386305e+00
1.794962449236126689e+00 2.059547327439551268e+00 1.051381855244494457e+00
1.796518617760811898e+00 2.062348540349851156e+00 1.045917251118759772e+00
1.798385651621121628e+00 2.065665487563639324e+00 1.038839989600444991e+00
1.800215289968980281e+00 2.068868477414315343e+00 1.032639557859043711e+00
1.802145198808893678e+00 2.072160604090887315e+00 1.027795490467073636e+00
1.802196716687682221e+00 2.072248780582030658e+00 1.027698928695107261e+00
1.804100924788214266e+00 2.075418392503889820e+00 1.025495031779041000e+00
1.806145268488436928e+00 2.078777073631840278e+00 1.025785962680426655e+00
1.807962250232552748e+00 2.081768003269982348e+00 1.028340176445474929e+00
1.809672149293380716e+00 2.084622750482417519e+00 1.031028007773464594e+00
1.811641543448069491e+00 2.087902455926406997e+00 1.033240255134858954e+00
1.813486692020899183e+00 2.091016484369370598e+00 1.034399791295710802e+00
1.815419516207060990e+00 2.094292498284433535e+00 1.034550369332521313e+00
1.817233924175315929e+00 2.097392807342272292e+00 1.033995222869232844e+00
1.818888402819732741e+00 2.100218444862831824e+00 1.033088283541235164e+00
1.820693167541801660e+00 2.103289089647165877e+00 1.031803331866429252e+00
1.822430521604333720e+00 2.106284266916697234e+00 1.029971080273858863e+00
1.824292956020252765e+00 2.109471547347282261e+00 1.025920386069029577e+00
1.826303212399005504e+00 2.112868935837695972e+00 1.021085060280406021e+00
1.828387034461520733e+00 2.116356676331471398e+00 1.016680051603416013e+00
1.830699575783043098e+00 2.120182670503638178e+00 1.013297121775088794e+00
1.832648186641786081e+00 2.123302658108499053e+00 1.012893394142283077e+00
1.834687826230547936e+00 2.126597773473138275e+00 1.015191768964521124e+00
1.836860123922552601e+00 2.130147687096136444e+00 1.020048666809006965e+00
1.838806870168314900e+00 2.133335339235897798e+00 1.025040565671021309e+00
1.838858693181496973e+00 2.133420736081288460e+00 1.025139925292924303e+00
1.840774498193831654e+00 2.136580274173992322e+00 1.027128195639323005e+00
1.842553232655545603e+00 2.139586701029523752e+00 1.026760004546626526e+00
1.844287299772039868e+00 2.142533082788356857e+00 1.024394708568307832e+00
1.846113460632094139e+00 2.145606592209627017e+00 1.019406484215864106e+00
1.847923726655572363e+00 2.148600258557114895e+00 1.014181728840535257e+00
1.850194405032931311e+00 2.152321142406100840e+00 1.008412594547053454e+00
1.852020091595423912e+00 2.155300258962956406e+00 1.005235033136154810e+00
1.853995958466942984e+00 2.158446245375767347e+00 1.003483718365369981e+00
1.856225803262986362e+00 2.161956316086552032e+00 1.004055854957828897e+00
1.858245685147153603e+00 2.165139189277626386e+00 1.006371694051420462e+00
1.860258597657962421e+00 2.168290197688541809e+00 1.008447671532357592e+00
1.862277911960245280e+00 2.171510240222448207e+00 1.010099543462501970e+00
1.864453181762006917e+00 2.175004987221874853e+00 1.010161695927161762e+00
1.864506498133129853e+00 2.175090311109760144e+00 1.010157995238075701e+00
1.866320952250807741e+00 2.178035044162958123e+00 1.009259577632392935e+00
1.867923203767230644e+00 2.180613832834406018e+00 1.006784525106601880e+00
1.869832124661935824e+00 2.183660179573208904e+00 1.001225593760224575e+00
1.871643417042355262e+00 2.186600073815732070e+00 9.957693996684523485e-01
1.873764145992604213e+00 2.189956925028456070e+00 9.905328522005821812e-01
1.875859210365021568e+00 2.193233552159494337e+00 9.869292668901878951e-01
1.875915147344430878e+00 2.193315951510179662e+00 9.868467915387630907e-01
1.877796292599800632e+00 2.196215685442305166e+00 9.848237167324082053e-01
1.883538106415100222e+00 2.204913722205633420e+00 9.910775013272664635e-01
1.885479975652165852e+00 2.207894322764764272e+00 9.967160596023987296e-01
1.887393501714000443e+00 2.210877937434775120e+00 1.002508501076094793e+00
1.889489925495770883e+00 2.214157179335917824e+00 1.005986164159326846e+00
1.889542260016317865e+00 2.214240137809649234e+00 1.006027869935302466e+00
1.891447811467387830e+00 2.217321027367847197e+00 1.006375122311944814e+00
1.893214878761577902e+00 2.220141442435713763e+00 1.004968416325702663e+00
1.894894910718938785e+00 2.222922692073392437e+00 1.000838410318644067e+00
1.896723668008660546e+00 2.225815635905389556e+00 9.935011695024177358e-01
1.898677173981195176e+00 2.228873673199480709e+00 9.854587326170607398e-01
1.900623031061548396e+00 2.231866923717291229e+00 9.776033887794580712e-01
1.902729799527131060e+00 2.235022665201564340e+00 9.693566744080689412e-01
1.902836658771191569e+00 2.235193514284324223e+00 9.689818526169140522e-01
1.905118465605184719e+00 2.238576868372699202e+00 9.624920259949009127e-01
1.907447096679090626e+00 2.241941305168832166e+00 9.591610238032635127e-01
1.909808029293715403e+00 2.245298416841023492e+00 9.587979036986088444e-01
1.909867260136313361e+00 2.245389729003346879e+00 9.588270277465376079e-01
1.912248974872326368e+00 2.248811593919898932e+00 9.617631666174423222e-01
1.912310859158555809e+00 2.248903911523180366e+00 9.618681338083159282e-01
1.914540584649342403e+00 2.252144860724360598e+00 9.662598905770497515e-01
1.916479533310861294e+00 2.254963748542901048e+00 9.698399088589579886e-01
1.918696448340608596e+00 2.258214554751134973e+00 9.726978664244529948e-01
1.920591844209619925e+00 2.261026914242697750e+00 9.726439065768874848e-01
1.922701083402288624e+00 2.264225092471165102e+00 9.701399442546823071e-01
1.922750406154362102e+00 2.264300632327523211e+00 9.700401087053269755e-01
1.924592325409467231e+00 2.267041364097496903e+00 9.657682485692575813e-01
1.926975276147158356e+00 2.270548009246883936e+00 9.589752872672213657e-01
1.928968074544148648e+00 2.273440633064388372e+00 9.535315889974046444e-01
1.931245426039014834e+00 2.276684031496318372e+00 9.490510708308620424e-01
1.933628166025479045e+00 2.279996541075723471e+00 9.475372073401268080e-01
1.935658747737287744e+00 2.282813512045271942e+00 9.477773294998478315e-01
1.937772859379823798e+00 2.285760792882662429e+00 9.480481815279854230e-01
1.940185860218451852e+00 2.289117144769719836e+00 9.479836472000767733e-01
1.942518126611369800e+00 2.292381590684748005e+00 9.474500632808759981e-01
1.944496769520621449e+00 2.295154647111265156e+00 9.465477820106895646e-01
1.946954853412548037e+00 2.298586964937997301e+00 9.448614852736468839e-01
1.949282595804668672e+00 2.301839886214712916e+00 9.430953128770476201e-01
1.951447521719089195e+00 2.304852622962821229e+00 9.413658087882517123e-01
1.953341485641653108e+00 2.307514151450215767e+00 9.396691807617206793e-01
1.955780291573936180e+00 2.310914519378717280e+00 9.372039903174645969e-01
1.955836367840806611e+00 2.310995449256210144e+00 9.371762907940445197e-01
1.958081421492984475e+00 2.314043791178922227e+00 9.369607538752093845e-01
1.960221574450509818e+00 2.316948631114392754e+00 9.373412017477890101e-01
1.962282873650607717e+00 2.319758994515908501e+00 9.374554850085935476e-01
1.964293183399367315e+00 2.322501320051566953e+00 9.370585335906939095e-01
1.966774941313048419e+00 2.325898988098891174e+00 9.358458681132623136e-01
1.969244891055854429e+00 2.329292939473001312e+00 9.344031810880216726e-01
1.971403518459179827e+00 2.332277912835350353e+00 9.326512795502046593e-01
1.973350746601607142e+00 2.334903365800115260e+00 9.294612861137014903e-01
1.975359680420906816e+00 2.337614838773812487e+00 9.244346982136608659e-01
1.977515169418877505e+00 2.340570855821709984e+00 9.188758100212690572e-01
1.979650829220602537e+00 2.343429049531697839e+00 9.138936085318880576e-01
1.981920518593775604e+00 2.346395142079846785e+00 9.109845692920393034e-01
1.984610676478713476e+00 2.349879281452930790e+00 9.106446899271541939e-01
1.984674098993497671e+00 2.349961517845601477e+00 9.106908168034744122e-01
1.987047696643673200e+00 2.353020853072887775e+00 9.132478352346411477e-01
1.989331515656793892e+00 2.355986802937043656e+00 9.165876344231279615e-01
1.991823941322764080e+00 2.359250331843606219e+00 9.197754500213344286e-01
1.994046976365185131e+00 2.362191497035077248e+00 9.198807046141211918e-01
1.996272404249413768e+00 2.365206475371483208e+00 9.177020413729444215e-01
1.996322570342556890e+00 2.365271483304740130e+00 9.176366187120306162e-01
1.998386029862063484e+00 2.367964991314128298e+00 9.129775744532908632e-01
2.000657694044829071e+00 2.370953654928796617e+00 9.058015038370994532e-01
2.005940636163311197e+00 2.377779647584313150e+00 8.907377094314993249e-01
2.008193481436109096e+00 2.380634742290869355e+00 8.857135576641648189e-01
2.010515201096498394e+00 2.383479491720598809e+00 8.831310749394944981e-01
2.012946902260866811e+00 2.386444750101791357e+00 8.830849608258751759e-01
2.015353913463958868e+00 2.389369580899427525e+00 8.840387902654341934e-01
2.017768394770125262e+00 2.392340379684153362e+00 8.849674623168489740e-01
2.019999468105882823e+00 2.395061298112710624e+00 8.850190351167258607e-01
2.022482374687715634e+00 2.398106854250878328e+00 8.841066962211260316e-01
2.022610149871409746e+00 2.398260189832146949e+00 8.840451944656689820e-01
2.024957305898276161e+00 2.401121459950982029e+00 8.823681940612406738e-01
2.027369439016151631e+00 2.404059125122050666e+00 8.803617716943463734e-01
2.029687879222696445e+00 2.406927639998310831e+00 8.776374812025546923e-01
2.031832232989983833e+00 2.409536666705990982e+00 8.742321312666962996e-01
2.034231605979487600e+00 2.412416984094500449e+00 8.723368824413296752e-01
2.036906321588567437e+00 2.415585855409188909e+00 8.714366107764450753e-01
2.039099112777051914e+00 2.418196189743376578e+00 8.710045084635789081e-01
2.041856569062744153e+00 2.421483780018098386e+00 8.700567864688576458e-01
2.041921916995977249e+00 2.421559969085477881e+00 8.700302940729933709e-01
2.044559254167319651e+00 2.424699025514136075e+00 8.686221910425341308e-01
2.047074540109758090e+00 2.427688901840534985e+00 8.668259531240435356e-01
2.049588675939422622e+00 2.430653329756260916e+00 8.648655013940719227e-01
2.052096702359008873e+00 2.433644748111999156e+00 8.623605862533643140e-01
2.054518362838317458e+00 2.436492851264616455e+00 8.580795595822057198e-01
2.057035174148872159e+00 2.439428564391682208e+00 8.527778241601493558e-01
2.059351458235443744e+00 2.442103719708415888e+00 8.501936471665743067e-01
2.061648025538677764e+00 2.444716968571288618e+00 8.497399782969716764e-01
2.063862267560346631e+00 2.447231175610591336e+00 8.498706990801848660e-01
2.066581103652636919e+00 2.450321265403430537e+00 8.498898445622001807e-01
2.068888774629971117e+00 2.452947139901941576e+00 8.493434036172076151e-01
2.071282643777171195e+00 2.455724360258101591e+00 8.478224425515135110e-01
2.073464824855618893e+00 2.458332879238318114e+00 8.444063846537623874e-01
2.075477785889423998e+00 2.460610053033308375e+00 8.398601089485747684e-01
2.077890765467712342e+00 2.463325843602135912e+00 8.340325116753370960e-01
2.080248320336752776e+00 2.465964701083945609e+00 8.292912459134625935e-01
2.083010518330289162e+00 2.469008240339220617e+00 8.266373300430952531e-01
2.083083190899754022e+00 2.469083746996800333e+00 8.266093867415528207e-01
2.085834837544705778e+00 2.472066436847571325e+00 8.269216046485584615e-01
2.085906198973343173e+00 2.472143187254260077e+00 8.269512070316425989e-01
2.088466633640190473e+00 2.474957719920240606e+00 8.283203063827181412e-01
2.090851784929877777e+00 2.477536408495677467e+00 8.289988132442164259e-01
2.093345585700001621e+00 2.480278527314218717e+00 8.289399777191218677e-01
2.095739304456335717e+00 2.482935500471430856e+00 8.276831743806126740e-01
2.098143940079842285e+00 2.485593541856898181e+00 8.243179284341770607e-01
2.098205740281078313e+00 2.485665785938846462e+00 8.242067192736002301e-01
2.100526510073888353e+00 2.488216816243515872e+00 8.185361052622199818e-01
2.102950173288504754e+00 2.490906742844697597e+00 8.121827269165159402e-01
2.105395029625655390e+00 2.493523548584543281e+00 8.059598935663656594e-01
2.108254744642269252e+00 2.496521505879471192e+00 8.017122132671573587e-01
2.110794007430121244e+00 2.499138415940469926e+00 8.005530747843467854e-01
2.113316041850674676e+00 2.501751804879027485e+00 8.018875968296127477e-01
2.115827634041194560e+00 2.504350991644607838e+00 8.039465154304316075e-01
2.118327188087944624e+00 2.506945679044072950e+00 8.051358386527204258e-01
2.120573921470486844e+00 2.509317735553792339e+00 8.040068224579218770e-01
2.122970687404273082e+00 2.511921745127353667e+00 8.005714081803622095e-01
2.125316744034777550e+00 2.514361459726318415e+00 7.954932934052053595e-01
2.125380971079616099e+00 2.514428133607624627e+00 7.953325186519328849e-01
2.127732349586844762e+00 2.516864919848038618e+00 7.896323528997462038e-01
2.130274373736072313e+00 2.519459684577541658e+00 7.857238633833373287e-01
2.133207211864438513e+00 2.522381759860973460e+00 7.841990552991465746e-01
2.133281467018159461e+00 2.522457811931362759e+00 7.841897387349279214e-01
2.136058254581949534e+00 2.525225216756094238e+00 7.844248736988397308e-01
2.138742950696306266e+00 2.527900469524994698e+00 7.848816761638451878e-01
2.141368149879283145e+00 2.530544621367591063e+00 7.847024194346380321e-01
2.143805248197743207e+00 2.532990575621583140e+00 7.826460149860477999e-01
2.145969500850928746e+00 2.535240358802142602e+00 7.788873140305625498e-01
2.148106322206826846e+00 2.537341357611006654e+00 7.734175405843241036e-01
2.150463764664863220e+00 2.539680120908392791e+00 7.671190029787009479e-01
2.153101945662844852e+00 2.542252612431377123e+00 7.606451940086244035e-01
2.155526506607008841e+00 2.544585388290124151e+00 7.561163404151681755e-01
2.162865851409716100e+00 2.551488377359820703e+00 7.543407314559374965e-01
2.162942611510411339e+00 2.551559157587313997e+00 7.543722365993210666e-01
2.165733053139832442e+00 2.554180035647267921e+00 7.553441939521347015e-01
2.168497835631634452e+00 2.556830692903334423e+00 7.538565092886138075e-01
2.168566396685835951e+00 2.556901149029723985e+00 7.537847172317022615e-01
2.170898982183019132e+00 2.559147325827482611e+00 7.502849946555529836e-01
2.173663126051259553e+00 2.561764964224537700e+00 7.444004037821502218e-01
2.176221812767063390e+00 2.564139177801068925e+00 7.389543051030428300e-01
2.178837621158072224e+00 2.566562760410416644e+00 7.341495388702578007e-01
2.181782892368619997e+00 2.569245904448114626e+00 7.302330329703613510e-01
2.184731509788495174e+00 2.571865520708559671e+00 7.289032299886353261e-01
2.187620401683438409e+00 2.574471814002566195e+00 7.300173544092952715e-01
2.190213869336535168e+00 2.576798922518552803e+00 7.313427042333289219e-01
2.193099064268078102e+00 2.579382529688186931e+00 7.318243477891162030e-01
2.195792307177623748e+00 2.581797832924809910e+00 7.307738640071584912e-01
2.198325432869439933e+00 2.584110582116248001e+00 7.279614691967944973e-01
2.200733874878126883e+00 2.586286174577164587e+00 7.231470518466781572e-01
2.203178912146498192e+00 2.588447742035661747e+00 7.168184158788958316e-01
2.206090029616754489e+00 2.591036442372981696e+00 7.097834330369902078e-01
2.208829883320688303e+00 2.593406683751863451e+00 7.061463732927472092e-01
2.211809613193123969e+00 2.595942762124768599e+00 7.045983251626799504e-01
2.214804691332176834e+00 2.598491797914109114e+00 7.040326950464312894e-01
2.217620556771636497e+00 2.600879318310701294e+00 7.034473862286722001e-01
2.220108529007975839e+00 2.603001213577396555e+00 7.026959658710953960e-01
2.223036139728293392e+00 2.605503856860381440e+00 7.003174970426019330e-01
2.225367903646873202e+00 2.607525120020282472e+00 6.966127614792914091e-01
2.228332804055052740e+00 2.610069938276319945e+00 6.898274741418540801e-01
2.231641061797200898e+00 2.612821549184170422e+00 6.831142393293901938e-01
2.234443390192764056e+00 2.615120279810320358e+00 6.798782342813446400e-01
2.237594283738723711e+00 2.617664563378814258e+00 6.777396976768187420e-01
2.240563722493607024e+00 2.620045442090680243e+00 6.762891898779412880e-01
2.243764118660080076e+00 2.622601067567936539e+00 6.746587777590449253e-01
2.246552565869004425e+00 2.624856609329222490e+00 6.727353744769519750e-01
2.249172621943405836e+00 2.626967033757367176e+00 6.705630082272050485e-01
2.251953942310942480e+00 2.629218604729994802e+00 6.679474364210801207e-01
2.254803576028337808e+00 2.631565596703784315e+00 6.644839849568607848e-01
2.257934880594876681e+00 2.634077469453623088e+00 6.595810182193899696e-01
2.258010742494627188e+00 2.634137728308028947e+00 6.594686460172043407e-01
2.260876286274246194e+00 2.636381078041847736e+00 6.556298564870463030e-01
2.263913751865212820e+00 2.638776657539456671e+00 6.519836390288258343e-01
2.266797756945043929e+00 2.640996959682928136e+00 6.486910026183461131e-01
2.269793235734351100e+00 2.643306649451615975e+00 6.454206601284842026e-01
2.270108918726212899e+00 2.643552674743851583e+00 6.450813907822490201e-01
2.272792123657369601e+00 2.645596229749145323e+00 6.422570331942107913e-01
2.275722699156441209e+00 2.647820601273636942e+00 6.391775391488787594e-01
2.278904394101471276e+00 2.650200441922867078e+00 6.358289052546126641e-01
2.281824328883691244e+00 2.652338246611627870e+00 6.335453933609384025e-01
2.284880555342321706e+00 2.654593003078830726e+00 6.328692291148697580e-01
2.287577168172065356e+00 2.656568353680207828e+00 6.310109144640185797e-01
2.290225541707386903e+00 2.658514225330953273e+00 6.274992076339045433e-01
2.293303573029821685e+00 2.660782320852991045e+00 6.219413628638136293e-01
2.293456767746353098e+00 2.660898568994756630e+00 6.216487199512190642e-01
2.296219950186454639e+00 2.662950311894934252e+00 6.168819016787276954e-01
2.299103104547548959e+00 2.665055349659183115e+00 6.124737393328415491e-01
2.302008391723518788e+00 2.667134129479438620e+00 6.084349293254035507e-01
2.305102210113354033e+00 2.669321670834432503e+00 6.046314647275491394e-01
2.307806514727096747e+00 2.671205084686070652e+00 6.020306634375346411e-01
2.311313680634766943e+00 2.673618956395452884e+00 6.015266963182850368e-01
2.314048301099640881e+00 2.675489105460295391e+00 6.018792984778994493e-01
2.316858894114055101e+00 2.677422746004448850e+00 6.015854788782117879e-01
2.319904699663126291e+00 2.679514244252940713e+00 5.999958137514187495e-01
2.322945621266098826e+00 2.681626648378307110e+00 5.960791374259971631e-01
2.323018305317497756e+00 2.681678422472506984e+00 5.959395561307628819e-01
2.326012976400388510e+00 2.683748701379280899e+00 5.896907668738242680e-01
2.329071664478916226e+00 2.685848718056329076e+00 5.826634384626222518e-01
2.336733224705138667e+00 2.690904024377600123e+00 5.705449379810179078e-01
2.339919881084952635e+00 2.692949086931512692e+00 5.670346119327875911e-01
2.340002955234184334e+00 2.693003337832949651e+00 5.669569385355610613e-01
2.342835794760446788e+00 2.694784896338394020e+00 5.649786574202247946e-01
2.345974436106537553e+00 2.696774414818968069e+00 5.633600961125984075e-01
2.349115983331200752e+00 2.698741950928711386e+00 5.615220794456233788e-01
2.352422298019771318e+00 2.700839746633802108e+00 5.590824056752432547e-01
2.355712776210562964e+00 2.702926226893349160e+00 5.562504723728181055e-01
2.358408833828399498e+00 2.704642245794608879e+00 5.533224393354462256e-01
2.361249659347501861e+00 2.706443908893995776e+00 5.493910673800023181e-01
2.361590975747489551e+00 2.706650879605620119e+00 5.488844307725573302e-01
2.365022215428930430e+00 2.708805110828607976e+00 5.438626915735651490e-01
2.367880603078775348e+00 2.710583981637976869e+00 5.397656185093919756e-01
2.370837680273532033e+00 2.712388736407632006e+00 5.357143502404910773e-01
2.373926205914305143e+00 2.714283446193819227e+00 5.318203358232342914e-01
2.377020148975417690e+00 2.716148666370046705e+00 5.282411914757991767e-01
2.377526631455536332e+00 2.716455418998854565e+00 5.276654857238307628e-01
2.380903009975057660e+00 2.718434812043900362e+00 5.244288269905936772e-01
2.384182593788819915e+00 2.720315502206002378e+00 5.232717345733509662e-01
2.387784851789798601e+00 2.722407849732196183e+00 5.225321927050786686e-01
2.387871788163980380e+00 2.722456555007772838e+00 5.225153423771629058e-01
2.390805599069713683e+00 2.724141032055776179e+00 5.212252741173085679e-01
2.394180333968224605e+00 2.726073029575453166e+00 5.188885041365891571e-01
2.397123817785135280e+00 2.727781485845045761e+00 5.166076576666404074e-01
2.399900461946607333e+00 2.729408947176325206e+00 5.138430708458104901e-01
2.402609120875921711e+00 2.730988332752499304e+00 5.094956046026426488e-01
2.405861765331711144e+00 2.732808219962846952e+00 5.023718237192984493e-01
2.409224538664047621e+00 2.734737159225584691e+00 4.957520567009262025e-01
2.412627826461453573e+00 2.736619776123197401e+00 4.903657169855418774e-01
2.412714222840806055e+00 2.736667719229820772e+00 4.902439057799658495e-01
2.415807318477591004e+00 2.738355937797248618e+00 4.863711917896904047e-01
2.418820557246331049e+00 2.739957208407444167e+00 4.834339326231790190e-01
2.422119837127227004e+00 2.741709882030890277e+00 4.803924889572296908e-01
2.425414242595372638e+00 2.743438123811105633e+00 4.773622804998977620e-01
2.428438089388178511e+00 2.745009794718714424e+00 4.745491807409051854e-01
2.431423706586017808e+00 2.746536264690622176e+00 4.724297831222466493e-01
2.434631407639708645e+00 2.748166092993739262e+00 4.717420342245804976e-01
2.438314053931589509e+00 2.750056587467716085e+00 4.712683959928747335e-01
2.441962211002968175e+00 2.751909439961944592e+00 4.704043030530799530e-01
2.445252568672535709e+00 2.753594631219975941e+00 4.687300491409104319e-01
2.448622963073628256e+00 2.755365741036753580e+00 4.646011344820191180e-01
2.451743969592683925e+00 2.756968167650626356e+00 4.577056104125644675e-01
2.455021012244031464e+00 2.758587348617529411e+00 4.493319035572262976e-01
2.455108618059732351e+00 2.758625878370011275e+00 4.491108398700309756e-01
2.458252735559885327e+00 2.760154233238635513e+00 4.414740462321682379e-01
2.461292308281489039e+00 2.761622579600823357e+00 4.363054213487121413e-01
2.464597297407301379e+00 2.763171134138464158e+00 4.325673052375482164e-01
2.467754049753541956e+00 2.764623674540484188e+00 4.299071987227461866e-01
2.471158427726587448e+00 2.766179106769290907e+00 4.273905671668080108e-01
2.474476285851313850e+00 2.767687096767158295e+00 4.248225190556159103e-01
2.477978831469490384e+00 2.769269052591483149e+00 4.218266602270245857e-01
2.481751893656203745e+00 2.770962675212338411e+00 4.184567958044671521e-01
2.485189806558335768e+00 2.772466817155536223e+00 4.156258944606585626e-01
2.488748239128634854e+00 2.774031345018228123e+00 4.145894249119050357e-01
2.492107598363221932e+00 2.775516558152107738e+00 4.137614628591758659e-01
2.495337636495592371e+00 2.776941683691326990e+00 4.123940025613131444e-01
2.498422738972873258e+00 2.778315439350871330e+00 4.102418077343378267e-01
2.501814130401003755e+00 2.779889238064030987e+00 4.058881902614043802e-01
2.504579221066910666e+00 2.781071256610311959e+00 4.003325367585520156e-01
2.508131105009815176e+00 2.782601480954428830e+00 3.930832415313112449e-01
2.508220383447366864e+00 2.782640686508001782e+00 3.929062471107352961e-01
2.511627610965091684e+00 2.784085481166862053e+00 3.872057129995290503e-01
2.514932079901937012e+00 2.785482561072671892e+00 3.827983121161357416e-01
2.518442750949345665e+00 2.786941332541918115e+00 3.784601965535787094e-01
2.521632094696865778e+00 2.788226689364555533e+00 3.749458937344867793e-01
2.525098687257579133e+00 2.789599925710301687e+00 3.713601626923179744e-01
2.528373053948890448e+00 2.790895518800471820e+00 3.681029829095245898e-01
2.531820535651650328e+00 2.792193011596774799e+00 3.654098790040575251e-01
2.535339496012922744e+00 2.793547841625763528e+00 3.636963476588194188e-01
2.539241906427799123e+00 2.795042124424275354e+00 3.617203722396392096e-01
2.542559564865638944e+00 2.796293269374417356e+00 3.597268664878690569e-01
2.546195596484463586e+00 2.797683211124639691e+00 3.568602982968004933e-01
2.554537167033148926e+00 2.800798629282900798e+00 3.492532457020161019e-01
2.558087782814715716e+00 2.802131769165930208e+00 3.458150945968859746e-01
2.561544058850219852e+00 2.803441765253710027e+00 3.415794823062924257e-01
2.564930316999677551e+00 2.804649372660063644e+00 3.356073373332035259e-01
2.568264707504789524e+00 2.805867190326529315e+00 3.294679999845843699e-01
2.571741453707740543e+00 2.807089748133357876e+00 3.236096149530729993e-01
2.575061302736287860e+00 2.808249259234799400e+00 3.188179482175298451e-01
2.578296848322850998e+00 2.809334179193080594e+00 3.148885188311200678e-01
2.581870664693735051e+00 2.810504112839551816e+00 3.114399948947497720e-01
2.585304213122962658e+00 2.811600221911982445e+00 3.088070578766001217e-01
2.588641170636853062e+00 2.812674803152496850e+00 3.063156780512956145e-01
2.591981353723913362e+00 2.813734118033123899e+00 3.036283543921304839e-01
2.595341241875563032e+00 2.814787088265529480e+00 3.006596728495757875e-01
2.598878779566746733e+00 2.815907174956253201e+00 2.973836666327017153e-01
2.602026546792894024e+00 2.816887089750732542e+00 2.943867424137546207e-01
2.605364997499972191e+00 2.817928696729522731e+00 2.911351609237755045e-01
2.608945277822194875e+00 2.818990863350770315e+00 2.884709048794039110e-01
2.609044300809713057e+00 2.819020468852912575e+00 2.884176441229037713e-01
2.612754937034817981e+00 2.820122686064930217e+00 2.864169803997049790e-01
2.617010093593349129e+00 2.821367943322114158e+00 2.840892653233514920e-01
2.620646352214663022e+00 2.822437646545963297e+00 2.817925812210954062e-01
2.623888843013797878e+00 2.823397775161026857e+00 2.793138829949670665e-01
2.627434911092820347e+00 2.824439169485165824e+00 2.761618340153140227e-01
2.631170819385597159e+00 2.825530013737049373e+00 2.725622352255799852e-01
2.634738003404717865e+00 2.826540872640354252e+00 2.694558500872358819e-01
2.638551590636688982e+00 2.827604294500797089e+00 2.674145170506028180e-01
2.638645412207184737e+00 2.827630426885625159e+00 2.673421347586134589e-01
2.642138336967526868e+00 2.828658624658772602e+00 2.635433761105380190e-01
2.645381707457894027e+00 2.829539779017292034e+00 2.574656793087967688e-01
2.647975106290437974e+00 2.830219060133778441e+00 2.518184335946663799e-01
2.649016971614216676e+00 2.830486667874124063e+00 2.495080357371087521e-01
2.652995218447526948e+00 2.831559382102562861e+00 2.424264347599484060e-01
2.656773336242457262e+00 2.832536899268471409e+00 2.368905490683960446e-01
2.660891079649266633e+00 2.833557927399096954e+00 2.319750166405681324e-01
2.664557128636621197e+00 2.834428670873836875e+00 2.284629495424388701e-01
2.668128523969846455e+00 2.835259084763231296e+00 2.253301538247101665e-01
2.671787372420082907e+00 2.836097785442970753e+00 2.222340249404166357e-01
2.675534150123006771e+00 2.836943666884956805e+00 2.190595973673620522e-01
2.679011697204588760e+00 2.837714193440617816e+00 2.160321931289035380e-01
2.682466728054681671e+00 2.838457151262947953e+00 2.135447283483466463e-01
2.685832832854163410e+00 2.839192959452200515e+00 2.113571569270209782e-01
2.689098549851149489e+00 2.839888866716990368e+00 2.090080203221370836e-01
2.692355034828915805e+00 2.840591972598075277e+00 2.064816519309116694e-01
2.696289167432917022e+00 2.841399373158634223e+00 2.031710886348459533e-01
2.696390426972386845e+00 2.841420802740122653e+00 2.030850098821316840e-01
2.700018811456446510e+00 2.842196583871731352e+00 1.998776465726888052e-01
2.703640993456174701e+00 2.842958109707016234e+00 1.966060847126267219e-01
2.707501576757625816e+00 2.843719794458979599e+00 1.935743699163142151e-01
2.711215661174917635e+00 2.844445606967585416e+00 1.916206929133953407e-01
2.715158610722759214e+00 2.845211549725650713e+00 1.896653993380545411e-01
2.718891719784075178e+00 2.845936676703857859e+00 1.875070349060710406e-01
2.722738780371631417e+00 2.846688794092260277e+00 1.846064392786830044e-01
2.722837022649691630e+00 2.846707512657321359e+00 1.845307951574840233e-01
2.726735258782560845e+00 2.847458363800580816e+00 1.812934467585967657e-01
2.730432628083341307e+00 2.848181174729198517e+00 1.778999119476800950e-01
2.730530166534383518e+00 2.848205961845426071e+00 1.778171350512819937e-01
2.734420689665537196e+00 2.848912335731247136e+00 1.747914604976566200e-01
2.734522894758738332e+00 2.848929035515799679e+00 1.747339286692719262e-01
2.742952596117443687e+00 2.850407171505325632e+00 1.701699407101817940e-01
2.743053778358437000e+00 2.850423362530156712e+00 1.701158712040341248e-01
2.746900050743787070e+00 2.851109475740628341e+00 1.675019779611782167e-01
2.746998800772161520e+00 2.851127483279309871e+00 1.674078525697100250e-01
2.750445056393822085e+00 2.851753571413623956e+00 1.627519526936087590e-01
2.753963052379928111e+00 2.852327246010764927e+00 1.555422846042522900e-01
2.757566032361939978e+00 2.852899606485622463e+00 1.473726724858576698e-01
2.761279744465660713e+00 2.853466715030305689e+00 1.396828544325420529e-01
2.761372751177851637e+00 2.853476845932584993e+00 1.394978569292948667e-01
2.765635369904062557e+00 2.854081361034058961e+00 1.331260795125984442e-01
2.765732401306221444e+00 2.854098628613219724e+00 1.330239816246999440e-01
2.769369255957157439e+00 2.854576796524999960e+00 1.294906739507683258e-01
2.772853978318285062e+00 2.855030383162400653e+00 1.267098040754566779e-01
2.776444845952227070e+00 2.855484819774742888e+00 1.239387676637553060e-01
2.779736987771140200e+00 2.855884677408861094e+00 1.213412709636693121e-01
2.783032921760825396e+00 2.856283638777131095e+00 1.188309639238941812e-01
2.786714056024694131e+00 2.856718935042808383e+00 1.160694684585430458e-01
2.790697957975784238e+00 2.857172311660820974e+00 1.129589846206454640e-01
2.794475781066660058e+00 2.857606480199136989e+00 1.099313295259544410e-01
2.798449700126611539e+00 2.858057825340096336e+00 1.066088060049725922e-01
2.802028559218102011e+00 2.858457593404145403e+00 1.035910070462658233e-01
2.805814267791367556e+00 2.858854608898281580e+00 1.003387676331263662e-01
2.810135077931843472e+00 2.859269478743754256e+00 9.680025109914834613e-02
2.813934316960051696e+00 2.859636069161426875e+00 9.397276139938905148e-02
2.818124219668514563e+00 2.860039131813017388e+00 9.081396793965651471e-02
2.822196366781544619e+00 2.860414369065993334e+00 8.768043860457051808e-02
2.825884086500196624e+00 2.860761951399419800e+00 8.469273817493193357e-02
2.829568591496585572e+00 2.861081576622467093e+00 8.166499641166105605e-02
2.833849724709084583e+00 2.861417823106961578e+00 7.847283171896418663e-02
2.833949353476911348e+00 2.861422873597560201e+00 7.840818000892804673e-02
2.838030283405741816e+00 2.861745173021735589e+00 7.558815645628243207e-02
2.838128081052047058e+00 2.861753845623461689e+00 7.551914270385030881e-02
2.841906933444395822e+00 2.862046265736032602e+00 7.274494852581830928e-02
2.845691828875966944e+00 2.862348511590260269e+00 6.987779437258681559e-02
2.845891582386233853e+00 2.862362260528932278e+00 6.972484941594106478e-02
2.849659137275626364e+00 2.862648425369975769e+00 6.673847260053028529e-02
2.853226791733663337e+00 2.862919307129283997e+00 6.385321879513573828e-02
2.856605452560253777e+00 2.863157412417918213e+00 6.106975880142008484e-02
2.860489209814395029e+00 2.863402711623698860e+00 5.835623273698598706e-02
2.863887108791322689e+00 2.863609774623026016e+00 5.608962829122261101e-02
2.867860692912907794e+00 2.863834073703358296e+00 5.335495641691378327e-02
2.871533345968552808e+00 2.864051935960976181e+00 5.068270724498366575e-02
2.875311114048368033e+00 2.864256727161106131e+00 4.775906825344042317e-02
2.879362336199666306e+00 2.864477611690462222e+00 4.457964741884477833e-02
2.883142448664881563e+00 2.864636231964809543e+00 4.178383833984967988e-02
2.886512114259859096e+00 2.864794684614775822e+00 3.955090361407346405e-02
2.890283301198698140e+00 2.864948809565918797e+00 3.694374649140083622e-02
2.894244934323588758e+00 2.865105090235178231e+00 3.405546679296501955e-02
2.894345047625578093e+00 2.865110996347037364e+00 3.398643380600802066e-02
2.898391427755665273e+00 2.865252248354943632e+00 3.083515771735802560e-02
2.898490152110790419e+00 2.865258409611439738e+00 3.075626667562322836e-02
2.901838935725071789e+00 2.865393820177497552e+00 2.810104004212952630e-02
2.905479927873661605e+00 2.865542335468285184e+00 2.518055077368980613e-02
2.909334818379788690e+00 2.865664632578152737e+00 2.230318641496336490e-02
2.909431920381572834e+00 2.865666015987446080e+00 2.223557112498666943e-02
2.913772950285965724e+00 2.865794358215082216e+00 1.914724333455085012e-02
2.917333183014183540e+00 2.865879915795990662e+00 1.659320278740500018e-02
2.920880956617645463e+00 2.865952230713732618e+00 1.396978869988191839e-02
2.924427031051970438e+00 2.866034629065735473e+00 1.128164899887695687e-02
2.927871814933271200e+00 2.866086293607263080e+00 8.582804977723592493e-03
2.931404026795628504e+00 2.866166118729106760e+00 5.770013525692934547e-03
2.935059712663556475e+00 2.866208164668562652e+00 3.077642400678950747e-03
2.938514431740777866e+00 2.866240545020494856e+00 5.816080190725641174e-04
2.942164102233927991e+00 2.866272884680391986e+00 -2.104852198974221152e-03
2.950912529909597293e+00 2.866272480600366990e+00 -8.637495816455859760e-03
2.954842910789210020e+00 2.866254038554604922e+00 -1.161526068893731396e-02
2.958386587865578843e+00 2.866234128364913758e+00 -1.427917674106736999e-02
2.961818764137141624e+00 2.866213691757273807e+00 -1.684315487437582776e-02
2.965164172109405527e+00 2.866174965419380882e+00 -1.937669746577068072e-02
2.968980222986628448e+00 2.866106309855339429e+00 -2.225099593909959234e-02
2.972687352642684910e+00 2.866062663338067473e+00 -2.508774997885142299e-02
2.976207005551010809e+00 2.866006829532084854e+00 -2.778424615815776669e-02
