7.503611442606211712e-01 7.499638586917289906e-01 -1.201851951905107428e-04
7.504716337098855661e-01 7.499488099125987128e-01 -1.514290688869577054e-04
7.504908960597337364e-01 7.499467056972181078e-01 -1.373615785559122865e-04
7.505160113373573472e-01 7.499377710984466150e-01 7.996584610448666247e-06
7.505517254201351518e-01 7.499356641604871809e-01 3.806409733076118762e-04
7.505909984992190642e-01 7.499317980637518755e-01 8.917992384209870319e-04
7.506336211547300907e-01 7.499258229197068859e-01 1.537647300986844882e-03
7.506919875399784559e-01 7.499289158489024221e-01 2.323541517096594858e-03
7.507655969286880504e-01 7.499350486348287381e-01 3.428919376068241542e-03
7.508264420310754028e-01 7.499287953350399771e-01 4.745873588113314404e-03
7.508707790364347323e-01 7.499214976507669883e-01 6.394638001041181262e-03
7.509202185317191969e-01 7.499236561088127306e-01 8.229351755866821591e-03
7.509789354454452504e-01 7.499256746026987663e-01 1.032372172659717403e-02
7.510698165141519445e-01 7.499297358033002459e-01 1.284039104115113940e-02
7.510709970658844270e-01 7.499311708683999989e-01 1.291172935376609480e-02
7.511909165622545625e-01 7.499307910614098072e-01 1.542805040982010538e-02
7.512373429805878633e-01 7.499279239620035842e-01 1.846874100976169525e-02
7.512802641931923819e-01 7.499258184601429456e-01 2.149275991806244221e-02
7.513486051275155564e-01 7.499260676851932095e-01 2.471577029335510906e-02
7.513995093635569278e-01 7.499176573862057493e-01 2.824716887198730139e-02
7.514924021275084520e-01 7.499255301635717741e-01 3.262103144361408469e-02
7.515629560531663644e-01 7.499298481194346389e-01 3.657758906358164752e-02
7.516112424621496091e-01 7.499259983254598083e-01 4.138048846555431037e-02
7.516589728927802749e-01 7.499255561417423888e-01 4.625182034081840032e-02
7.516933870638865534e-01 7.499269911770729546e-01 5.108284961160895060e-02
7.517311585281760689e-01 7.499306908904005420e-01 5.646710292215873644e-02
7.517884979865686601e-01 7.499279154126408109e-01 6.300357608298931544e-02
7.518301321609981436e-01 7.499280423161441833e-01 6.940315213876627198e-02
7.519556019640397659e-01 7.499306297097454443e-01 8.637406888060288057e-02
7.519569963046092154e-01 7.499304954450407568e-01 8.654695304657337995e-02
7.520076994383485536e-01 7.499313661659814390e-01 9.296228154800863230e-02
7.520548074831536756e-01 7.499321048041751592e-01 9.907861714564700217e-02
7.521014193505336509e-01 7.499409225931653600e-01 1.059774287034569856e-01
7.521869816815045517e-01 7.499472025265789821e-01 1.132589051593839991e-01
7.522834146221065721e-01 7.499571088439154209e-01 1.215717598224976825e-01
7.523349001894131804e-01 7.499613713175947716e-01 1.290710293025348065e-01
7.536602405813119798e-01 7.501406533663250720e-01 1.372191932638997247e-01
7.573918335981091321e-01 7.506843217405216873e-01 1.455016668572681471e-01
7.618959815546799685e-01 7.513928110129121096e-01 1.545420596373736077e-01
7.663829951349937497e-01 7.521461783417499047e-01 1.637323672668971608e-01
7.708532066997108023e-01 7.529534593357239958e-01 1.729773528672303717e-01
7.754118631961676167e-01 7.538165277232513617e-01 1.823501504446738974e-01
7.793477303264261247e-01 7.546016979282154091e-01 1.899933284442355541e-01
7.832623436273091766e-01 7.554194223364940619e-01 1.971181391383366455e-01
7.878334156435901070e-01 7.563776863604464440e-01 2.050494051292773845e-01
7.921181819393031676e-01 7.573247299296930191e-01 2.124493011073309845e-01
7.959345940784076090e-01 7.581984715000026354e-01 2.186275151639395231e-01
7.999514010595530911e-01 7.591587553093399610e-01 2.248213799438020521e-01
8.046988519354018043e-01 7.603106736867172311e-01 2.317225760887590413e-01
8.100094962362951456e-01 7.616224396203045144e-01 2.394437875376385083e-01
8.141575213723197812e-01 7.626817773257466015e-01 2.457644358046839062e-01
8.180654921418998304e-01 7.637041455963665681e-01 2.519355086501634533e-01
8.221879318345594045e-01 7.647865610665205427e-01 2.585707716938994150e-01
8.261685685866712037e-01 7.658738108106487585e-01 2.650433472089912534e-01
8.302571181902207442e-01 7.670147821727194559e-01 2.715492181484756573e-01
8.345734634967885146e-01 7.682399368255943273e-01 2.784614217937114722e-01
8.346852565547844272e-01 7.682696886776331224e-01 2.786415917958520727e-01
8.385163580357004598e-01 7.693778440544190023e-01 2.848795821227792513e-01
8.426700947197851566e-01 7.706222696621677359e-01 2.916927159361486499e-01
8.472671136867656605e-01 7.720187502354270981e-01 2.992163035175816055e-01
8.473773126891797070e-01 7.720551439179892395e-01 2.993971742117628176e-01
8.515070197221613624e-01 7.733401265398032187e-01 3.061341869191155918e-01
8.516186174807826026e-01 7.733775912172232703e-01 3.063203087967343863e-01
8.558497441229089286e-01 7.747110721742394013e-01 3.131941640357921997e-01
8.599451637101850343e-01 7.760562983078483912e-01 3.197382574006412126e-01
8.640311066346904045e-01 7.774308553213747919e-01 3.263060220515672794e-01
8.678934633625399186e-01 7.787604296917132185e-01 3.326254574647323214e-01
8.723980231387229445e-01 7.803397319918691233e-01 3.401709447655713037e-01
8.762310605572438682e-01 7.817227085400796360e-01 3.466279830506242554e-01
8.763387102151465324e-01 7.817630271792098684e-01 3.468141355844635010e-01
8.804767795127081964e-01 7.832637411492257007e-01 3.537698700127854257e-01
8.840807166906902159e-01 7.846174294899336266e-01 3.596866537483424664e-01
8.879761126506493518e-01 7.860940969582629334e-01 3.661955435284444671e-01
8.924774475846652955e-01 7.878434598791929089e-01 3.737478097002275290e-01
8.960106953085279491e-01 7.892372075676167276e-01 3.796537682222855814e-01
8.995096460600056076e-01 7.906553420257731446e-01 3.854452336680110336e-01
9.037451793269195566e-01 7.924071797380599635e-01 3.924411597616930814e-01
9.075327385889837561e-01 7.939980015167084071e-01 3.987022871917031419e-01
9.113991958371860935e-01 7.956310914404087775e-01 4.051253524831504582e-01
9.150414688462342738e-01 7.972161392737668884e-01 4.111093977379350894e-01
9.184688128957697595e-01 7.987255870167163652e-01 4.167248169160300275e-01
9.220727840999103364e-01 8.003431677488535012e-01 4.226406068392060678e-01
9.258918128444317830e-01 8.020624542110859068e-01 4.289978000688489113e-01
9.350248653823325373e-01 8.063031212445423979e-01 4.444808791342524934e-01
9.386851667860049986e-01 8.080600971975069324e-01 4.507212816094776087e-01
9.422242357443557648e-01 8.097836336249315536e-01 4.566898451498604961e-01
9.464503535655608424e-01 8.118848963873948055e-01 4.637158313985851876e-01
9.465515472874466152e-01 8.119339945861060448e-01 4.638780429295571994e-01
9.504206713223314340e-01 8.138948952356767075e-01 4.702788763219025170e-01
9.540970547140947833e-01 8.157792506907133312e-01 4.763860739877115447e-01
9.573733670764579262e-01 8.174658610418302773e-01 4.818315551023564791e-01
9.612098715817258832e-01 8.194845068541132260e-01 4.881612315880670128e-01
9.651132943951945542e-01 8.215785855482499178e-01 4.945818498210594050e-01
9.686313174851528540e-01 8.234953598106786732e-01 5.003390681791700656e-01
9.726034507098734183e-01 8.256725884431054263e-01 5.069050309608464921e-01
9.760724080948667281e-01 8.276115589359186453e-01 5.126132217534207225e-01
9.801091285609710990e-01 8.298912020007525037e-01 5.194153326349719713e-01
9.840248617600202419e-01 8.321624878155954308e-01 5.259341080913572108e-01
9.871800789124682840e-01 8.340086529376906643e-01 5.310610709203846813e-01
9.909753939715544302e-01 8.362534073380341049e-01 5.373089774893217152e-01
9.944603997151119090e-01 8.383371355929368773e-01 5.430801517689950453e-01
9.980345444702082291e-01 8.405023025974631690e-01 5.489488298454143766e-01
1.001467804184732469e+00 8.426234613332679313e-01 5.547373693901791469e-01
1.004898496006951358e+00 8.447606600808136301e-01 5.604428129202754238e-01
1.008685409375269071e+00 8.471574918523414599e-01 5.666956017632188702e-01
1.012345842063298917e+00 8.495024436412288438e-01 5.726170514323666305e-01
1.015806151644553790e+00 8.517602072276753145e-01 5.781737456599771452e-01
1.019148241366303775e+00 8.539480344968130021e-01 5.836410091193022787e-01
1.022939079371578686e+00 8.564717254962579407e-01 5.898600966858260630e-01
1.026173719257337469e+00 8.586499117383891155e-01 5.951762470901527102e-01
1.029654230654288849e+00 8.610073639873121465e-01 6.009592637506905310e-01
1.033107249063831778e+00 8.634123101574113779e-01 6.065406705220913741e-01
1.036363986228960199e+00 8.656899804226644290e-01 6.117089607847800981e-01
1.039511763900865526e+00 8.679301689355169991e-01 6.166838665867261371e-01
1.042659438314050391e+00 8.701721574481198207e-01 6.216713516427087027e-01
1.045688095454600841e+00 8.723576673311161933e-01 6.264685096439951417e-01
1.048971004947716779e+00 8.747601780555566142e-01 6.316705399914652741e-01
1.052242690637107181e+00 8.771745565264448263e-01 6.368780603901785797e-01
1.055232947623833351e+00 8.794005635763908479e-01 6.417140062715401827e-01
1.058811413318549333e+00 8.820900177425529121e-01 6.474448897450535423e-01
1.058897886494671869e+00 8.821550570348173359e-01 6.475815183097387573e-01
1.062364604114565347e+00 8.848067733867654994e-01 6.530572189434098451e-01
1.065653696759857993e+00 8.873437657427187819e-01 6.581346117364664794e-01
1.068863318714867061e+00 8.898093807768213681e-01 6.631832392604076754e-01
1.072107449124882983e+00 8.923558246749824230e-01 6.683287306608872713e-01
1.072191541918900981e+00 8.924215313212759959e-01 6.684580947217150237e-01
1.075341107014017750e+00 8.949271594304124555e-01 6.733600781657897993e-01
1.078731072175100891e+00 8.976471121539473241e-01 6.786947653271222514e-01
1.081676433494246359e+00 9.000464002460124568e-01 6.832989149812338514e-01
1.084697143748776682e+00 9.025197694067295107e-01 6.879332126053628871e-01
1.087946862009365301e+00 9.052162086674362396e-01 6.928343475792538841e-01
1.090932857925716259e+00 9.077157850453484444e-01 6.973610364004070306e-01
1.093917887982338355e+00 9.102167852711771090e-01 7.019352276916754896e-01
1.093997976368342506e+00 9.102855354405079424e-01 7.020598924396758145e-01
1.097196936406561685e+00 9.130150488391735042e-01 7.069708459840235992e-01
1.100055868779629353e+00 9.154800825822446697e-01 7.113240911299101299e-01
1.102666531604534095e+00 9.177490031741799559e-01 7.153093907980426769e-01
1.105655067227865551e+00 9.203703608708091455e-01 7.198013465358501506e-01
1.108473882183234505e+00 9.228748191173501425e-01 7.239207052272692566e-01
1.111532628457725824e+00 9.255676408142085032e-01 7.284749969815147441e-01
1.114396715404576410e+00 9.281318151241003678e-01 7.328666800028480477e-01
1.114703658976875289e+00 9.284125887669162358e-01 7.333198727095010527e-01
1.117557657301945673e+00 9.310133846667287827e-01 7.375224768516535079e-01
1.123850539488590927e+00 9.368275338207049385e-01 7.467293352444318577e-01
1.123929125732646250e+00 9.368967907565537434e-01 7.468373757323292228e-01
1.126442344283823838e+00 9.392520102227202017e-01 7.505164387916480884e-01
1.128956624311697965e+00 9.416027263747939191e-01 7.542178945274483626e-01
1.131662709194936944e+00 9.441730976950521992e-01 7.580851298163192586e-01
1.134576162112235886e+00 9.469688216115976775e-01 7.623034593116490010e-01
1.137332393250030327e+00 9.496256218725956932e-01 7.662486787379497732e-01
1.140089573799230260e+00 9.523032606303254433e-01 7.701512131594345778e-01
1.142778177907958215e+00 9.548993204481096564e-01 7.739896607806081574e-01
1.145210430290253045e+00 9.573004754845775288e-01 7.774806147021762204e-01
1.148015376825343825e+00 9.600738028864986839e-01 7.814388402900396269e-01
1.150747490417853847e+00 9.627701363060408024e-01 7.853304670765557383e-01
1.153458450790322054e+00 9.654795465090688644e-01 7.892291661746897447e-01
1.156131938219227440e+00 9.682081573170036037e-01 7.929387915601457948e-01
1.158652718016073058e+00 9.707982912648709384e-01 7.964101846437309229e-01
1.161304193199136359e+00 9.735465929461633028e-01 8.000132885916938497e-01
1.164026495725356991e+00 9.763827113695496829e-01 8.037316283108018045e-01
1.166663232291132779e+00 9.791448137974729793e-01 8.073179162919187357e-01
1.169457521622470964e+00 9.820601639435686536e-01 8.111419675294998521e-01
1.172092575736861209e+00 9.848238098312488420e-01 8.147661559544185916e-01
1.172515912804189764e+00 9.852733933655870580e-01 8.153618787156956538e-01
1.175378654632176501e+00 9.883441397166921050e-01 8.193105796218459469e-01
1.175451499415698819e+00 9.884200582234201615e-01 8.194040647978504399e-01
1.178021896593447471e+00 9.912219840125010561e-01 8.227891406214987713e-01
1.180306241834879977e+00 9.937147337304403916e-01 8.257451288498590669e-01
1.182932331516536983e+00 9.966030972291624046e-01 8.291814342790682080e-01
1.185484559292411699e+00 9.994168608654083741e-01 8.325520039019435048e-01
1.187887705173230612e+00 1.002080518207367765e+00 8.357375939697473388e-01
1.190566617411298544e+00 1.005062545455684075e+00 8.392557429181940476e-01
1.192819673673523484e+00 1.007591061200516780e+00 8.421845723421172991e-01
1.195838795432812685e+00 1.010960556857056325e+00 8.461600082382010335e-01
1.198346876132063255e+00 1.013813716584401448e+00 8.494352613974684996e-01
1.201127297176177056e+00 1.016966025474047353e+00 8.530923159151798663e-01
1.203931465727228645e+00 1.020222457037596397e+00 8.566961245309471229e-01
1.206716173253969737e+00 1.023475441440011346e+00 8.602200491322296028e-01
1.209161186210208072e+00 1.026371308858547993e+00 8.632285900586739169e-01
1.209228022582579776e+00 1.026452350528075375e+00 8.633113649081336494e-01
1.211725636529003003e+00 1.029422927079953309e+00 8.663406215926700016e-01
1.214088455196090877e+00 1.032234220851115936e+00 8.692179453096749997e-01
1.216529977195523138e+00 1.035126952686721502e+00 8.721877982992984890e-01
1.216855293287258499e+00 1.035523819207466723e+00 8.725846644515944384e-01
1.219405030686238511e+00 1.038575779370430219e+00 8.757437199183830678e-01
1.219468638923390635e+00 1.038653589683234291e+00 8.758236909774799184e-01
1.222130565729781848e+00 1.041881440975821471e+00 8.791013435549073218e-01
1.224645252204729307e+00 1.044963910865559287e+00 8.821721903671971843e-01
1.224710813219643812e+00 1.045046487975416438e+00 8.822501949050101100e-01
1.227366717477869518e+00 1.048278318778496976e+00 8.854889145656373861e-01
1.229763133027834909e+00 1.051207866865714546e+00 8.884172463160473487e-01
1.232328000547671776e+00 1.054386043726412758e+00 8.914713478565724492e-01
1.234637004045139541e+00 1.057239453007143393e+00 8.941418168743974215e-01
1.236986484425233623e+00 1.060184729745876409e+00 8.968786716012814297e-01
1.239267788246265489e+00 1.063051925867054770e+00 8.995153336540000488e-01
1.241654894032768963e+00 1.066080416882206450e+00 9.023131178540981789e-01
1.244114742532104856e+00 1.069208562353592740e+00 9.051137264096893453e-01
1.246500759660996493e+00 1.072254864958911424e+00 9.078879221954266887e-01
1.248750439682286384e+00 1.075154411659366982e+00 9.104893014604303891e-01
1.249062403082557893e+00 1.075556125854464806e+00 9.108330432212079497e-01
1.251301734058810844e+00 1.078456535523380388e+00 9.134315467807420097e-01
1.253600388273933941e+00 1.081447977257432802e+00 9.159991581958470963e-01
1.256058859165821495e+00 1.084688884707598167e+00 9.187148542129498496e-01
1.258380340437496248e+00 1.087766303359442466e+00 9.212185136947526054e-01
1.260813488091433232e+00 1.091020422359958220e+00 9.238722119162025015e-01
1.263240008919974233e+00 1.094281620175896697e+00 9.264852335509827785e-01
1.265484016793255950e+00 1.097287641453878138e+00 9.289290525804613230e-01
1.267784469200766040e+00 1.100378861474256009e+00 9.314515330974433294e-01
1.273114554196498771e+00 1.107648489454674978e+00 9.372888159066599112e-01
1.275283014965663764e+00 1.110596165335365759e+00 9.395948121924541097e-01
1.277414520763815897e+00 1.113557703861128845e+00 9.417917735056704487e-01
1.279681483343108050e+00 1.116680055768720647e+00 9.440617424750360476e-01
1.281859082222819746e+00 1.119719819723517418e+00 9.462617742535259779e-01
1.284201012536295483e+00 1.123030187568841765e+00 9.486178675193025489e-01
1.286324271783673368e+00 1.125996926994808689e+00 9.507163775730534949e-01
1.288375088687479852e+00 1.128882331055783395e+00 9.528011991140927783e-01
1.288433039528835256e+00 1.128966468710555393e+00 9.528577346946512927e-01
1.290696873790754040e+00 1.132222125578312255e+00 9.550663898388302986e-01
1.292725166166582618e+00 1.135121538088430970e+00 9.570228562271922979e-01
1.294862110462155602e+00 1.138192455018879334e+00 9.591037345733465225e-01
1.297109357881044645e+00 1.141455466236256822e+00 9.612536344504521990e-01
1.299108659860734649e+00 1.144364975007681196e+00 9.632275994349398518e-01
1.301171523419069054e+00 1.147358088440854740e+00 9.652203090847835121e-01
1.303008098852681762e+00 1.150027300904755245e+00 9.670198330512649321e-01
1.303064758651820476e+00 1.150110952159127731e+00 9.670775598294271136e-01
1.305078282819452040e+00 1.153026340541108530e+00 9.690239032049472456e-01
1.307306652755011456e+00 1.156300097487128031e+00 9.711152782099626846e-01
1.309380445076271160e+00 1.159392475817336621e+00 9.730470141186449151e-01
1.311767475794991089e+00 1.162908889563616821e+00 9.752543430651493539e-01
1.311823987750436071e+00 1.162993731580951540e+00 9.753053497255935733e-01
1.313948524706704424e+00 1.166184217485303209e+00 9.772548238267437792e-01
1.316127378014533278e+00 1.169461071096018046e+00 9.792416194702119325e-01
1.318131219786010000e+00 1.172489707119253488e+00 9.810438887804788788e-01
1.320453582905270373e+00 1.176032125802908279e+00 9.831179913728718134e-01
1.320510072260602685e+00 1.176116169537679390e+00 9.831665652446536230e-01
1.322569469756372573e+00 1.179234455937634207e+00 9.849601874381876954e-01
1.324777021061263493e+00 1.182618333482350570e+00 9.869022717355423469e-01
1.324834404385796915e+00 1.182702057963127107e+00 9.869501882585083319e-01
1.326754919700193325e+00 1.185644316053394931e+00 9.886093316325246239e-01
1.328956106394755032e+00 1.189038175928292418e+00 9.904485119478888544e-01
1.329011625450315037e+00 1.189123949195981078e+00 9.904931814469388751e-01
1.331196465516569338e+00 1.192514140951856483e+00 9.924414710664549721e-01
1.333322063948776393e+00 1.195815867222624895e+00 9.943308817787394061e-01
1.335557773972033679e+00 1.199316391871591447e+00 9.962619924906519486e-01
1.335665559037405359e+00 1.199485695671784757e+00 9.963592517851397323e-01
1.337723011371921400e+00 1.202719004524738899e+00 9.980867027618620657e-01
1.337777483781553034e+00 1.202802195344148117e+00 9.981307842853288648e-01
1.339834603395171797e+00 1.206037511928401917e+00 9.998086314802977492e-01
1.341772359924640057e+00 1.209113442425523655e+00 1.001320538532630922e+00
1.343930815271648704e+00 1.212525960863280794e+00 1.002957566637020959e+00
1.345868967100159574e+00 1.215604657310385806e+00 1.004499582881398956e+00
1.347683739309423201e+00 1.218502482646669938e+00 1.005895873803859475e+00
1.349824826580856341e+00 1.221923521104965271e+00 1.007511195885314237e+00
1.351861063943329277e+00 1.225184753908657997e+00 1.009091089341046521e+00
1.353936722509793356e+00 1.228522226292258601e+00 1.010684405235511063e+00
1.354043743576053060e+00 1.228693181371910192e+00 1.010771015400674600e+00
1.356026564811041668e+00 1.231852960710695832e+00 1.012350247056913233e+00
1.358158044223491512e+00 1.235286609712292316e+00 1.014014703319645383e+00
1.360215820167131495e+00 1.238645543238217073e+00 1.015605929887340553e+00
1.361971986638838894e+00 1.241483733129784106e+00 1.016957326671567463e+00
1.363926434207893612e+00 1.244665652184498539e+00 1.018439672209339619e+00
1.365964433826661217e+00 1.248021973519033212e+00 1.019903028160657810e+00
1.367851768437092108e+00 1.251137675534795601e+00 1.021283473090483174e+00
1.368105569323609494e+00 1.251560367777799998e+00 1.021481444145819983e+00
1.370044113287984144e+00 1.254748275576032635e+00 1.022867516553320311e+00
1.371817144658181498e+00 1.257679495653235779e+00 1.024071112591220523e+00
1.373638749361792089e+00 1.260709716836395877e+00 1.025290710450951437e+00
1.375657734174213109e+00 1.264070003808919651e+00 1.026650576575902418e+00
1.377459634620192830e+00 1.267107258696071881e+00 1.027866000358599541e+00
1.379180952095527157e+00 1.269954455538133464e+00 1.029211795680384567e+00
1.384058994805396070e+00 1.278109340451525799e+00 1.033252079337349638e+00
1.384112639749417895e+00 1.278195532361239728e+00 1.033293579811768614e+00
1.386219117883039420e+00 1.281753862215354811e+00 1.034764767087602566e+00
1.388045559694281117e+00 1.284879096062232051e+00 1.035805477125267382e+00
1.390074681138964374e+00 1.288346042586050011e+00 1.036925546167341894e+00
1.391903291582390345e+00 1.291494237706679371e+00 1.037899422277368533e+00
1.393973447520644005e+00 1.295047570004182136e+00 1.039064658439190714e+00
1.394021840274905610e+00 1.295133725010363612e+00 1.039094330723073112e+00
1.396038636814357137e+00 1.298622389045379411e+00 1.040272047273244294e+00
1.396088391435529097e+00 1.298709411623319987e+00 1.040303517737785288e+00
1.397850200842841284e+00 1.301749439893571614e+00 1.041364980284372077e+00
1.399908298651034722e+00 1.305329350848634773e+00 1.042603699802872708e+00
1.401735386952525975e+00 1.308462981261576008e+00 1.043664268243464033e+00
1.403844216924456711e+00 1.312142659125504984e+00 1.044785170567499089e+00
1.405844402165669305e+00 1.315645612943351805e+00 1.046085035298749411e+00
1.407744887765304265e+00 1.318972039160869247e+00 1.047421255928308259e+00
1.407799797903515060e+00 1.319059874301319768e+00 1.047453262568099897e+00
1.409686367403208962e+00 1.322394531605277423e+00 1.048728926472647816e+00
1.411718995104912278e+00 1.325972589000840696e+00 1.050076926924075504e+00
1.413661704432016553e+00 1.329404701074136774e+00 1.051267677190959038e+00
1.415461200236013850e+00 1.332637983211883093e+00 1.052230092623944513e+00
1.417397018819818166e+00 1.336049942042509819e+00 1.053096162558012860e+00
1.419213090835390378e+00 1.339289881121316306e+00 1.053872946790446852e+00
1.421166163914620917e+00 1.342804019046119457e+00 1.054711663447604142e+00
1.421214107236623114e+00 1.342890349646311599e+00 1.054732905214484706e+00
1.423022796022941794e+00 1.346137269045268869e+00 1.055561890633182509e+00
1.424588206090963149e+00 1.348946075763323815e+00 1.056300698027302198e+00
1.424636644331152890e+00 1.349033431293563678e+00 1.056324944897931939e+00
1.426376821315560317e+00 1.352104764376496737e+00 1.057167150097258590e+00
1.428303901198365589e+00 1.355540497495727914e+00 1.058090343801697975e+00
1.429981213300667076e+00 1.358538340550693446e+00 1.059065288074192202e+00
1.431908305498301726e+00 1.361994135879606382e+00 1.060291852285683678e+00
1.433577505888282921e+00 1.364988112984926172e+00 1.061394834066353043e+00
1.435432084479158155e+00 1.368331701124407829e+00 1.062511481844164329e+00
1.437381271114623660e+00 1.371874906908618019e+00 1.063622696214459706e+00
1.439436109049959445e+00 1.375575157077928656e+00 1.064767313013639471e+00
1.441072427459740180e+00 1.378578043911220075e+00 1.065613332289158777e+00
1.442659742479044604e+00 1.381476690014465047e+00 1.066203594520934272e+00
1.444493731961683292e+00 1.384826046165739566e+00 1.066744487688292997e+00
1.446407016480006691e+00 1.388359081141216755e+00 1.067290029510657767e+00
1.448140701146092724e+00 1.391534977561820430e+00 1.067811622326167553e+00
1.449808238680877714e+00 1.394639436523018805e+00 1.068335078067910393e+00
1.451632387425647819e+00 1.398001777025052572e+00 1.069001067764379087e+00
1.453565206930688580e+00 1.401554405661744163e+00 1.069696101154657075e+00
1.455183365357032521e+00 1.404495906553935303e+00 1.070863386220356261e+00
1.456963348913554723e+00 1.407790919108592886e+00 1.072737973221607355e+00
1.458695586310431613e+00 1.410980812009859475e+00 1.073756403663169268e+00
1.460350294013967876e+00 1.414092318261344072e+00 1.074504197683441076e+00
1.462224861891293415e+00 1.417627506987857000e+00 1.075202092078360927e+00
1.462273273687025199e+00 1.417716049414204704e+00 1.075217006382909180e+00
1.463830303333868876e+00 1.420649485158980374e+00 1.075743023296137135e+00
1.465425450963669940e+00 1.423671566601784511e+00 1.076253368120946297e+00
1.467299673340884070e+00 1.427226851731371760e+00 1.076831253636264085e+00
1.469193690462755386e+00 1.430773854449929772e+00 1.077446022620387245e+00
1.471069390062840654e+00 1.434308376145796426e+00 1.077902670099164517e+00
1.472823809344749657e+00 1.437673676998401096e+00 1.078141837387834645e+00
1.474640458907704454e+00 1.441120257479961975e+00 1.078391016687484383e+00
1.476355748366850795e+00 1.444401023594747535e+00 1.078700957594129539e+00
1.478176263539684898e+00 1.447866159184795443e+00 1.079036914140652392e+00
1.479965057198448175e+00 1.451256760840231141e+00 1.079698426042827064e+00
1.481786537084270439e+00 1.454655693125669114e+00 1.082217666951910351e+00
1.483602572780723161e+00 1.458063891436327975e+00 1.086827566843167503e+00
1.485602750936654726e+00 1.461895065065016874e+00 1.090062449375795772e+00
1.489802872235532316e+00 1.470174873803027804e+00 1.089572339999775652e+00
1.491696239532897872e+00 1.473879181033840524e+00 1.088347881953315444e+00
1.493130938351971748e+00 1.476688486025046210e+00 1.087303249767068714e+00
1.494699361292392670e+00 1.479784884300217929e+00 1.086688307165285527e+00
1.496308353377189704e+00 1.482955595533380411e+00 1.086119961575710224e+00
1.498175700916336339e+00 1.486566451996118143e+00 1.085471806156115715e+00
1.499737161497807003e+00 1.489568190446554752e+00 1.085152834730862548e+00
1.501534512269437904e+00 1.493047009214484966e+00 1.085111413139432601e+00
1.503439864216565836e+00 1.496696872377657028e+00 1.085239857562374066e+00
1.505234610075488533e+00 1.500091407210235150e+00 1.086267405844649980e+00
1.507110808768497456e+00 1.503671814359253123e+00 1.090009887960906587e+00
1.508853419248067596e+00 1.507018703239909163e+00 1.095602691352357771e+00
1.508901022423344340e+00 1.507109006547613372e+00 1.095749727473573465e+00
1.510548071991679286e+00 1.510335038746991376e+00 1.099904213581621049e+00
1.512314373655430977e+00 1.513831042880314559e+00 1.101313582196921770e+00
1.513886224937287972e+00 1.517061652901579238e+00 1.100375756258507476e+00
1.515383144671371252e+00 1.520068064231344884e+00 1.098013081126841595e+00
1.517192527552328585e+00 1.523733053105720714e+00 1.095008908868931208e+00
1.518743013982601475e+00 1.526774742099232807e+00 1.092729285313684295e+00
1.520304582555801254e+00 1.529908041784768802e+00 1.091464369963530912e+00
1.522086231338795947e+00 1.533369265958785199e+00 1.090457777417367158e+00
1.523767622165091762e+00 1.536667092671677226e+00 1.089691738632750484e+00
1.525437041765160817e+00 1.539875792673750077e+00 1.089310454680940232e+00
1.527303598223705317e+00 1.543447269222928853e+00 1.089231383022355670e+00
1.527350225534789052e+00 1.543535394493655843e+00 1.089232715035278742e+00
1.529293158312034162e+00 1.547213841834717218e+00 1.089800007613619170e+00
1.531022414018768041e+00 1.550538869573694800e+00 1.092569575603093535e+00
1.532769849426066422e+00 1.553935160377572622e+00 1.098053674704231542e+00
1.534685127428763174e+00 1.557693661447594247e+00 1.105990025028142254e+00
1.534728995878920532e+00 1.557785168473932114e+00 1.106161973962979106e+00
1.536396837169275553e+00 1.561117267508010054e+00 1.110832579683685983e+00
1.538212281840959594e+00 1.564868626406944685e+00 1.112793978145021345e+00
1.539760794855665971e+00 1.568161116219311424e+00 1.111818593314512826e+00
1.541300623168847306e+00 1.571410893328310188e+00 1.108109169769805780e+00
1.542933936832187047e+00 1.574740361255279719e+00 1.102929445873649161e+00
1.544370257440235816e+00 1.577667056303382775e+00 1.098899842088367329e+00
1.545956899075889623e+00 1.580876544740162704e+00 1.095865876003390582e+00
1.547712478644247769e+00 1.584444083397715142e+00 1.093673147953922786e+00
1.549287841820793377e+00 1.587547486593715362e+00 1.092046334469659152e+00
1.551034293001846809e+00 1.590952453128864352e+00 1.091302374235360695e+00
1.552796010513051383e+00 1.594346334348621941e+00 1.090975852485844833e+00
1.554778319378700147e+00 1.598158940561608565e+00 1.091846922716519064e+00
1.556545245963975699e+00 1.601592086019040462e+00 1.095374889230066096e+00
1.558247247579825245e+00 1.604914525398102310e+00 1.101251718742515040e+00
1.560198961630071990e+00 1.608789648850753373e+00 1.108624111436379511e+00
1.561886865722918349e+00 1.612186281124319276e+00 1.112458363092762026e+00
1.563520508799129516e+00 1.615562429334437944e+00 1.113396718194977320e+00
1.565011322839126473e+00 1.618710180360091400e+00 1.112070675314123402e+00
1.566329731510163858e+00 1.621420005550313181e+00 1.109120560397974797e+00
1.567704604445528060e+00 1.624277885343014649e+00 1.105388734169604703e+00
1.567748447589445870e+00 1.624363976407609211e+00 1.105277323551724811e+00
1.569192194171050048e+00 1.627288606197793808e+00 1.102152213586206297e+00
1.570767215487328006e+00 1.630489559152361823e+00 1.100120707526455410e+00
1.572168403225720157e+00 1.633366878569367575e+00 1.098148549123501239e+00
1.573624848533571541e+00 1.636298022263878549e+00 1.096070040916939270e+00
1.575393167581786935e+00 1.639839649178512770e+00 1.094249561317328423e+00
1.579529824213811384e+00 1.647994315408428223e+00 1.091610786843828063e+00
1.581321171619904264e+00 1.651493631865724065e+00 1.090945221144717703e+00
1.583010583241311942e+00 1.654716908082891624e+00 1.092282053299483691e+00
1.584619002751370687e+00 1.657823636049366556e+00 1.094927211240885212e+00
1.586383421077035116e+00 1.661241422425746794e+00 1.097365187082902427e+00
1.588084191836514503e+00 1.664559510839472178e+00 1.099037659499797703e+00
1.590040502528241362e+00 1.668432138176014323e+00 1.100255223233787438e+00
1.591729229391894762e+00 1.671751950133194331e+00 1.100761772229916780e+00
1.593615593690603571e+00 1.675505897349425011e+00 1.100908624099108835e+00
1.595260585041376356e+00 1.678816277958824710e+00 1.100761224349403600e+00
1.597137557752462689e+00 1.682637894717308624e+00 1.099595288929800629e+00
1.598907021582387511e+00 1.686206496684871992e+00 1.097239747308170754e+00
1.600516098685754951e+00 1.689495977411531014e+00 1.095153075400760345e+00
1.602268950366424693e+00 1.692971237784743455e+00 1.093521181317987701e+00
1.603818643084044204e+00 1.696014288800227199e+00 1.092814202223820974e+00
1.605573183932938797e+00 1.699378845856753140e+00 1.094351733971995699e+00
1.607589344669865472e+00 1.703316012919106281e+00 1.099382453392315329e+00
1.609546695527733995e+00 1.707194521647829699e+00 1.107773567162957606e+00
1.609592233350199741e+00 1.707283796689050170e+00 1.108001749532041558e+00
1.611286598462361885e+00 1.710697102224618682e+00 1.116064586854703222e+00
1.612721915359640601e+00 1.713640640973379980e+00 1.120913736924387338e+00
1.614089150233820602e+00 1.716500466170057138e+00 1.123174748154095015e+00
1.615636890072045251e+00 1.719838362584916513e+00 1.123468127370011116e+00
1.617107717939126665e+00 1.723016955825844798e+00 1.121212167715667229e+00
1.617142437283329848e+00 1.723087868768650388e+00 1.121133757703967060e+00
1.618476480013621543e+00 1.725945971939480295e+00 1.116072298858648004e+00
1.619923837703268532e+00 1.729005730907309024e+00 1.109227843752568221e+00
1.621314636088743155e+00 1.731826429160357117e+00 1.102411773246426474e+00
1.623035381725467019e+00 1.735346567511155458e+00 1.094510541931390968e+00
1.624717529286804352e+00 1.738683968882322795e+00 1.088199114301736659e+00
1.626544889992139531e+00 1.742231605648234982e+00 1.083871245006948314e+00
1.626588108073929284e+00 1.742321802931156682e+00 1.083797981384910569e+00
1.628336671585016937e+00 1.745636479365159310e+00 1.082047882561912866e+00
1.630066726644371133e+00 1.748883970760336304e+00 1.082289352677865635e+00
1.631990583651581117e+00 1.752559265517815490e+00 1.085601409006640594e+00
1.634018701083662650e+00 1.756423609415597387e+00 1.091958597218901872e+00
1.635612524403608825e+00 1.759502893166198234e+00 1.098326680219043894e+00
1.637330906808311060e+00 1.762878364686081945e+00 1.102867278620777158e+00
1.638854377735897483e+00 1.765922605175371585e+00 1.104177309595105960e+00
1.640451333104415266e+00 1.769157608640275159e+00 1.103340525114970605e+00
1.642045180938440430e+00 1.772400086431174637e+00 1.101207048481468220e+00
1.643763390820302650e+00 1.775897923912399312e+00 1.098699624950228104e+00
1.645416585045401225e+00 1.779232803893018744e+00 1.096793151041059566e+00
1.646960702905907015e+00 1.782473499920814275e+00 1.094784839543168076e+00
1.648627767756048135e+00 1.785762343880577641e+00 1.091177870099782288e+00
1.650173235899029311e+00 1.788834859113422660e+00 1.088160650647007177e+00
1.651794330417356127e+00 1.792054604953092545e+00 1.085741679595427778e+00
1.653405119964906245e+00 1.795160499552281630e+00 1.084479453527245285e+00
1.655490847549698108e+00 1.799102126215833319e+00 1.085680553214741106e+00
1.657421103126839323e+00 1.802786810855931954e+00 1.089907977828287189e+00
1.659101262150265210e+00 1.806056388684889269e+00 1.095971691708986118e+00
1.660850829967717601e+00 1.809476421436462701e+00 1.103124403036818135e+00
1.660899796432418363e+00 1.809569364495861699e+00 1.103278652066822962e+00
1.662659614492954852e+00 1.813058613560679211e+00 1.107388859684606430e+00
1.662703899302828248e+00 1.813148451022966068e+00 1.107448555060660755e+00
1.664209795617354271e+00 1.816191812897483215e+00 1.108388007566710742e+00
1.667584347217029972e+00 1.823212195825982596e+00 1.102553681209343495e+00
1.669013635383439942e+00 1.826120950361153739e+00 1.097732498324459405e+00
1.670645156833244549e+00 1.829372878970942473e+00 1.092486178401791408e+00
1.672200349472883207e+00 1.832460337713582188e+00 1.088092709035851868e+00
1.673998916551594274e+00 1.835963152110688723e+00 1.082683435571239805e+00
1.675643734071738500e+00 1.839165016501658201e+00 1.079034436243886619e+00
1.675920747184517889e+00 1.839693138560324570e+00 1.078534526559145057e+00
1.677602069020773357e+00 1.842862462428490833e+00 1.076616914223737398e+00
1.679258648306880986e+00 1.845933840144952542e+00 1.076827558010658326e+00
1.681342296713326245e+00 1.849817279825805016e+00 1.080233851361005692e+00
1.683074107383784268e+00 1.853101769058901560e+00 1.085861959441803970e+00
1.684747176484989950e+00 1.856291013344468332e+00 1.092720392116901529e+00
1.686413108828020313e+00 1.859535377052878635e+00 1.098997737311566247e+00
1.688173544306758256e+00 1.863014037138962298e+00 1.102856944034781739e+00
1.688218905057063957e+00 1.863104966751773173e+00 1.102907691666762391e+00
1.689837589671040030e+00 1.866382673962517336e+00 1.103604304276412318e+00
1.690002405093444571e+00 1.866729510560261041e+00 1.103559080142109794e+00
1.691659759935424390e+00 1.870264310839934385e+00 1.101328297977839599e+00
1.692910410332154836e+00 1.872867902972030762e+00 1.097540367889122903e+00
1.694544884552676267e+00 1.876142298157637445e+00 1.090753881320822627e+00
1.696049607789275937e+00 1.879089056080107456e+00 1.084924218183955791e+00
1.696222873297466238e+00 1.879440126545357304e+00 1.084315128662372452e+00
1.697993191482619180e+00 1.882898548523822546e+00 1.078575827656869324e+00
1.699679840060128289e+00 1.886140437577229267e+00 1.074073605010088972e+00
1.701496381115615630e+00 1.889595662870925841e+00 1.070412178925763236e+00
1.703209096979942050e+00 1.892785168824829167e+00 1.068401270372252077e+00
1.705127999647058523e+00 1.896253191119468884e+00 1.067520497603217766e+00
1.707032113783534921e+00 1.899753854416667220e+00 1.069185293441808016e+00
1.707085975331391392e+00 1.899849210264016319e+00 1.069264970898478717e+00
1.709125123299314319e+00 1.903595020464081689e+00 1.074370751926852163e+00
1.710989159329808551e+00 1.907115680888349596e+00 1.080838954290954002e+00
1.712599559324446741e+00 1.910169802474070089e+00 1.086917877621616180e+00
1.714321153434465561e+00 1.913444315042897914e+00 1.090939024158347426e+00
1.716030003637343260e+00 1.916797387690910348e+00 1.092049747809565430e+00
1.717586316681171343e+00 1.919950315545647879e+00 1.090917316973665674e+00
1.719192752913366373e+00 1.923192044604185691e+00 1.086675604670321205e+00
1.720711826797258537e+00 1.926132897497797591e+00 1.080956716949150076e+00
1.722330020452685684e+00 1.929263856669807486e+00 1.075181246878782471e+00
1.723847207130277948e+00 1.932158307498104355e+00 1.069946128997721679e+00
1.725626451999455746e+00 1.935449749726533497e+00 1.064279927152071314e+00
1.727285582029445710e+00 1.938538019290777292e+00 1.060743095950846371e+00
1.728926513775806306e+00 1.941518841751252999e+00 1.058712504269223809e+00
1.730812790470563467e+00 1.944855973036652141e+00 1.058554281442561473e+00
1.732659703758726577e+00 1.948167198311602899e+00 1.061116603770335898e+00
1.734455811584373564e+00 1.951377392081987905e+00 1.066331434063157113e+00
1.736120803106614652e+00 1.954435467282709560e+00 1.072392892755592797e+00
1.737842680526948680e+00 1.957610393860179432e+00 1.077721694897881610e+00
1.739485990649987546e+00 1.960684419484342689e+00 1.080117522316613732e+00
1.741028402237410289e+00 1.963663789223396350e+00 1.080195078686708943e+00
1.742436951447758009e+00 1.966410552802707601e+00 1.078809490154016171e+00
1.743894375339216651e+00 1.969247350360710191e+00 1.074906025383989272e+00
1.745478871075401894e+00 1.972255388342671445e+00 1.068835172919335941e+00
1.747051700426965226e+00 1.975220445718229190e+00 1.063359215071493891e+00
1.748844418860434846e+00 1.978553824420123952e+00 1.058630069059242507e+00
1.750516028546355463e+00 1.981638861610082625e+00 1.055142406326444959e+00
1.755015356931787673e+00 1.989665965617521293e+00 1.048203029886337179e+00
1.756887809832582414e+00 1.992969829141692628e+00 1.045961344672809545e+00
1.758793429980019862e+00 1.996240020847446672e+00 1.045902201821485411e+00
1.760621762335823348e+00 1.999399727348507572e+00 1.048417247992237122e+00
1.762434459324203617e+00 2.002589327958069543e+00 1.052857904655746024e+00
1.764264355867532386e+00 2.005818386341761350e+00 1.058261021579051109e+00
1.766076677977067133e+00 2.009059651774267152e+00 1.062834432562375531e+00
1.767973676171289421e+00 2.012476726166795515e+00 1.064406535362314221e+00
1.769597985406902385e+00 2.015463098831376865e+00 1.063591184942963563e+00
1.771364693457646355e+00 2.018771227535743229e+00 1.060267707425892381e+00
1.772961192671806074e+00 2.021721536699629063e+00 1.055242885848530321e+00
1.774727803531503056e+00 2.024872219987995159e+00 1.049481227342553114e+00
1.776520842677137946e+00 2.028084008167801766e+00 1.045039501509658741e+00
1.778135744301796439e+00 2.030896718036220960e+00 1.041958194340084853e+00
1.779899958469510324e+00 2.033941611086492962e+00 1.040393310826144946e+00
1.782107670553866985e+00 2.037710513479173979e+00 1.041394879212802715e+00
1.783989519438822891e+00 2.040933333528909266e+00 1.044554754049558554e+00
1.786132608684414036e+00 2.044644631799864776e+00 1.048840801680641199e+00
1.786231257009356366e+00 2.044817010871516239e+00 1.049024936228389659e+00
1.788123812240980159e+00 2.048113831910533200e+00 1.051678868265507383e+00
1.789807049710639086e+00 2.051061029361014310e+00 1.052151804882357489e+00
1.791841776784612428e+00 2.054692353076127631e+00 1.051673393644976917e+00
1.793781366391278498e+00 2.058219386463266964e+00 1.050386090599804367e+00
1.795330908763591138e+00 2.060976370778271782e+00 1.047677868554389935e+00
1.797011908372328604e+00 2.063923926980732126e+00 1.042418590993880123e+00
1.797061711145840235e+00 2.064004246250150665e+00 1.042262565901432181e+00
1.798825865390263568e+00 2.067105504860338172e+00 1.037053963101096432e+00
1.800705100286756677e+00 2.070392154586744304e+00 1.032784350465598910e+00
1.802482880941087995e+00 2.073476801574755335e+00 1.029264476954443230e+00
1.804275510467960419e+00 2.076470039023504022e+00 1.027342514876084634e+00
1.806305285856320664e+00 2.079809209249870783e+00 1.027679479061057277e+00
1.808463713336446066e+00 2.083403206424266241e+00 1.030078430429975489e+00
1.810367545082485430e+00 2.086581725615798355e+00 1.032401137165869454e+00
1.812331278459214046e+00 2.089855450816574312e+00 1.034069698324193487e+00
1.814281336667810995e+00 2.093154335843709468e+00 1.034456523369887915e+00
1.816259002096583863e+00 2.096483286862413919e+00 1.033896516856963377e+00
1.816306271435712327e+00 2.096569627230393529e+00 1.033876450959400728e+00
1.818109651824475259e+00 2.099664650328199933e+00 1.032899990356886732e+00
1.819943713834988319e+00 2.102826317610541729e+00 1.031640795963112200e+00
1.821777452561215593e+00 2.106008511084267010e+00 1.030269989752658377e+00
1.823651615918335356e+00 2.109235921023078220e+00 1.028556652832406160e+00
1.825203928139536691e+00 2.111804410960845590e+00 1.025689701640006168e+00
1.826962779937512327e+00 2.114830274929159870e+00 1.021558038721287254e+00
1.828885506249599668e+00 2.118049814319884483e+00 1.017899559545955679e+00
1.830767297119162640e+00 2.121115733265027448e+00 1.016698294336886521e+00
1.832670171337232867e+00 2.124181598601674992e+00 1.017447092920562568e+00
1.834708340579186414e+00 2.127498638151532617e+00 1.021035130092943444e+00
1.836864397964909967e+00 2.131032887662974940e+00 1.026225742272887320e+00
1.839086529955950455e+00 2.134718864123159143e+00 1.030673987692126481e+00
1.839138261668149088e+00 2.134802965625112847e+00 1.030740631419323483e+00
1.841040993794235137e+00 2.137985006523197562e+00 1.031658281061083038e+00
1.842588253404640275e+00 2.140596544250917610e+00 1.030840204506269009e+00
1.844399859726967295e+00 2.143745301708281481e+00 1.026899258876568855e+00
1.846127316621976266e+00 2.146640357280778844e+00 1.020703852515695509e+00
1.848016828467352601e+00 2.149843941984599827e+00 1.013864220082901557e+00
1.850118552739151045e+00 2.153322198279414401e+00 1.007710063748018081e+00
1.852032239885214926e+00 2.156406532579030255e+00 1.003267445909109323e+00
1.853944784688444480e+00 2.159474258355837062e+00 1.000530539318139844e+00
1.856251785480472316e+00 2.163063260087757733e+00 9.997624175942703140e-01
1.856306609955960862e+00 2.163151868060760208e+00 9.997792632036152094e-01
1.858221097231802732e+00 2.166133727823042143e+00 1.001630970870315718e+00
1.860582782556548409e+00 2.169837346331845218e+00 1.005068972153832618e+00
1.862420651565597884e+00 2.172733369489829425e+00 1.007711036019190320e+00
1.864406676546557895e+00 2.175902571190118540e+00 1.008939950147701214e+00
1.866327659376685322e+00 2.178959337614348790e+00 1.009200816462744399e+00
1.868426389239952412e+00 2.182364021026311551e+00 1.008302117628305794e+00
1.870385581987907386e+00 2.185599832367318029e+00 1.005356736837589304e+00
1.872008463806648981e+00 2.188279575509310071e+00 1.000482872673266410e+00
1.873938316875271015e+00 2.191363931840299539e+00 9.942588489007107011e-01
1.876048314426363994e+00 2.194706289421464618e+00 9.883528738483703391e-01
1.880904880121503808e+00 2.202173931150566144e+00 9.791184491787323640e-01
1.882753137878993677e+00 2.204995617442949474e+00 9.763817095895935827e-01
1.884941116530765459e+00 2.208219520328124741e+00 9.752147956886856317e-01
1.887111918780583153e+00 2.211423879481386301e+00 9.766152538589507603e-01
1.888982918631340269e+00 2.214210111473791986e+00 9.789069079727817924e-01
1.890960890472003664e+00 2.217141964570553458e+00 9.808289094546410736e-01
1.893184221559909064e+00 2.220460809518652212e+00 9.820067416923434767e-01
1.895362036644671955e+00 2.223759119385856131e+00 9.817887040278242550e-01
1.897364750766451724e+00 2.226776599174293825e+00 9.811234031600757355e-01
1.899570349849200257e+00 2.230105359481548533e+00 9.798319221763548414e-01
1.901637689765818928e+00 2.233291002266267977e+00 9.775807043597500856e-01
1.901729620922278263e+00 2.233443206196533914e+00 9.774505561195618863e-01
1.903913537225485619e+00 2.236803359200611574e+00 9.737578666292430185e-01
1.906077415502827055e+00 2.240013983613477588e+00 9.722653941161001345e-01
1.908359677656710218e+00 2.243347201292809068e+00 9.732491489786428973e-01
1.908414949004333172e+00 2.243431634801632324e+00 9.732878222934048251e-01
1.910320405633360252e+00 2.246251707724863600e+00 9.746460334500471889e-01
1.912480497320221851e+00 2.249433515187485355e+00 9.754783421222976703e-01
1.914680927825559431e+00 2.252706090245474968e+00 9.759900929267227854e-01
1.914736656966889328e+00 2.252788119538867484e+00 9.759957172669035952e-01
1.916823622984652253e+00 2.255859333203897865e+00 9.756726485688915762e-01
1.918843277316831797e+00 2.258917515402687926e+00 9.733327959889815917e-01
1.920726477668598831e+00 2.261702516242301897e+00 9.684096764619655184e-01
1.922622887154102900e+00 2.264477464924010697e+00 9.624377970115322034e-01
1.924619125775374195e+00 2.267431832208928633e+00 9.569632638062524066e-01
1.926601872600443688e+00 2.270273743381929332e+00 9.527801245062816893e-01
1.928846283444934473e+00 2.273499258763373998e+00 9.496546173516638989e-01
1.930769206487507050e+00 2.276198513230582421e+00 9.481024981717033340e-01
1.932844715865976060e+00 2.279084570653875375e+00 9.487056505201834078e-01
1.932905514648474599e+00 2.279168442443204157e+00 9.487572459182489482e-01
1.934960678436982162e+00 2.282042018248350068e+00 9.503181989850681965e-01
1.936894079695106630e+00 2.284730742499651690e+00 9.504779274659642674e-01
1.939403118270708104e+00 2.288252835996244627e+00 9.497101844431081741e-01
1.941691668555079797e+00 2.291446910343684529e+00 9.485380433666495970e-01
1.943709532953526331e+00 2.294311415397555010e+00 9.470901354095125901e-01
1.945620855820382022e+00 2.296997814853694919e+00 9.455775814469917773e-01
1.947954182294622250e+00 2.300254650562264302e+00 9.437196551015923918e-01
1.950230496566087934e+00 2.303425268932758119e+00 9.418906864507281540e-01
1.952186938752699774e+00 2.306180042375624684e+00 9.396473358886745508e-01
1.954281953193407473e+00 2.309055894524353558e+00 9.369925715594168425e-01
1.956337024533722824e+00 2.311828918943617861e+00 9.363163992754631737e-01
1.958671101392929215e+00 2.315002493321959065e+00 9.369510852450380067e-01
1.958729718994101088e+00 2.315081428443330314e+00 9.369750494725778145e-01
1.961185527371157811e+00 2.318414174798298255e+00 9.372622566901328556e-01
1.963142754533504730e+00 2.321107837697830245e+00 9.369416029669203061e-01
1.965143066835304264e+00 2.323839930628245121e+00 9.363346366233062934e-01
1.967544451127792193e+00 2.327157846002362973e+00 9.350992491402598805e-01
1.969648209319282639e+00 2.330057382944215938e+00 9.337588623067368809e-01
1.971538871683278238e+00 2.332677224048529396e+00 9.323282615857393374e-01
1.973518327329421451e+00 2.335393101270905269e+00 9.292150628162431092e-01
1.975654943448860834e+00 2.338280724468000837e+00 9.236128737655521226e-01
1.977983344141927002e+00 2.341399990871361858e+00 9.171188100561090684e-01
1.980302730598627381e+00 2.344478608333111946e+00 9.115970842616585301e-01
1.982635163281863289e+00 2.347499389038770978e+00 9.087884658181797359e-01
1.985008135360393222e+00 2.350531095507623291e+00 9.085349408537904958e-01
1.987504336208369526e+00 2.353722208160191176e+00 9.116314704333471353e-01
1.989666423729868017e+00 2.356521130409950260e+00 9.150502348616830206e-01
1.991672135525417442e+00 2.359134120434051241e+00 9.159362037508876897e-01
1.993984724463080394e+00 2.362232452561596308e+00 9.144430976066126870e-01
1.995734591281220549e+00 2.364556263023842142e+00 9.115503423778477110e-01
1.998007410197016442e+00 2.367529213166582380e+00 9.063038030062613437e-01
1.998069051293779097e+00 2.367600259522141037e+00 9.061625087394131750e-01
2.003188875709423389e+00 2.374246948161781834e+00 8.968074591189785227e-01
2.003245076827534277e+00 2.374326193022791465e+00 8.967157447870863773e-01
2.005561961846015429e+00 2.377286207213916924e+00 8.935492757139048559e-01
2.007765105024134300e+00 2.380022123574470960e+00 8.923221118449511380e-01
2.010394002393378621e+00 2.383273785251193821e+00 8.918660939637367280e-01
2.010458529628576407e+00 2.383354626292550016e+00 8.918345599144009705e-01
2.012842358013388733e+00 2.386333673541331635e+00 8.906847140286208164e-01
2.015430523497597548e+00 2.389558853367856450e+00 8.890648573524635445e-01
2.017702290777948271e+00 2.392383068485242958e+00 8.874761811832130309e-01
2.019976494901805975e+00 2.395201825615352220e+00 8.857490528957385756e-01
2.022579271374780774e+00 2.398390708943510141e+00 8.837129941969162905e-01
2.024794949352183515e+00 2.401104111627696547e+00 8.819280183895238379e-01
2.026883518241234583e+00 2.403674167368822445e+00 8.801806034609310769e-01
2.029117261710936759e+00 2.406421219169399883e+00 8.776390791128049207e-01
2.031537033937238057e+00 2.409349289579244324e+00 8.745757296444566231e-01
2.034284017406101430e+00 2.412640657071944084e+00 8.731657910021805025e-01
2.036758921162999059e+00 2.415582272736044089e+00 8.723726036050803989e-01
2.039274415012889641e+00 2.418586585323547311e+00 8.715257388431998375e-01
2.041540342110583772e+00 2.421295048732916122e+00 8.705757836091675417e-01
2.043970040219744710e+00 2.424209479759396046e+00 8.690606013707075084e-01
2.046544538709155869e+00 2.427272061073486586e+00 8.671724016823906256e-01
2.048914067013567930e+00 2.430100657663575969e+00 8.653144073145423443e-01
2.051211087040605285e+00 2.432838213451570919e+00 8.626358543269980750e-01
2.053142871477172005e+00 2.435170802140539159e+00 8.589671758023087467e-01
2.055421810798446991e+00 2.437861659566002537e+00 8.543763643039026245e-01
2.057831529838308970e+00 2.440621730014533419e+00 8.520123838371884695e-01
2.060445641118637372e+00 2.443605815690272909e+00 8.515574716224216800e-01
2.063079232583355349e+00 2.446619024984969304e+00 8.517641779664043566e-01
2.063139114213471181e+00 2.446696610378861436e+00 8.517762030778891491e-01
2.065834113460342181e+00 2.449771997576720484e+00 8.515073637936987350e-01
2.068455912837516841e+00 2.452773355115922094e+00 8.502361167532164199e-01
2.071015967636746780e+00 2.455721927748737876e+00 8.487229293749856129e-01
2.073292706674588537e+00 2.458380868621955706e+00 8.464205089689008643e-01
2.075518577885460125e+00 2.460954511592476024e+00 8.419710204497194983e-01
2.077675198740888352e+00 2.463454233338940202e+00 8.361177578343038652e-01
2.080068393709260555e+00 2.466125900075450517e+00 8.304686506136321755e-01
2.082665327852152526e+00 2.468986735453328141e+00 8.272648663241030098e-01
2.085256744907845849e+00 2.471803468191824837e+00 8.268076648744951962e-01
2.088179360962208797e+00 2.474987518420463495e+00 8.283773720167508792e-01
2.088247162874110607e+00 2.475061487593851250e+00 8.284185171469422571e-01
2.090796585938630603e+00 2.477856827289515174e+00 8.291384543288952136e-01
2.093024264581562655e+00 2.480291395421413636e+00 8.285364532198762344e-01
2.095243645682980826e+00 2.482771714652364459e+00 8.263311394554646583e-01
2.097672845518909313e+00 2.485510966777789044e+00 8.216020196165864098e-01
2.099917266372196334e+00 2.487963240375192342e+00 8.161392607936247545e-01
2.102308267527206453e+00 2.490590425751038950e+00 8.103108063549910867e-01
2.105087864123659003e+00 2.493586944815515238e+00 8.046097760050756609e-01
2.107734166304283008e+00 2.496367383785639049e+00 8.002150995825866309e-01
2.110649820100925389e+00 2.499354442197293746e+00 7.983494190647659750e-01
2.110724752913776925e+00 2.499430380658092421e+00 7.983381731324659114e-01
2.113201661338004023e+00 2.501990798008824957e+00 7.993019880999007176e-01
2.115761088320395444e+00 2.504640090556338627e+00 8.016823990059127603e-01
2.118611004813522047e+00 2.507582831252332944e+00 8.040961620160221868e-01
2.121044183043807152e+00 2.510139952418758647e+00 8.036868642545490493e-01
2.123462840528568485e+00 2.512749460638486809e+00 8.007388535048166611e-01
2.123706198996329952e+00 2.512995198103494587e+00 8.003266599794671698e-01
2.126186395249344496e+00 2.515594034555753922e+00 7.943768051214719073e-01
2.126249673850950650e+00 2.515660765752097738e+00 7.942135113070730723e-01
2.128876537238228117e+00 2.518370111618072560e+00 7.877325134755299718e-01
2.131546539820756259e+00 2.521075875977996539e+00 7.837754998016756014e-01
2.134159977899240168e+00 2.523661830509488002e+00 7.827039934631776497e-01
2.137024264210795721e+00 2.526503707901166074e+00 7.834931169784852267e-01
2.137094841405830614e+00 2.526574498814317504e+00 7.835195197482980323e-01
2.139718581235509731e+00 2.529198766101504514e+00 7.840206674992302727e-01
2.142478128595195486e+00 2.532004478957956550e+00 7.820201478201457279e-01
2.144835240006822907e+00 2.534455222644963257e+00 7.782934288588554406e-01
2.144975440126246191e+00 2.534597411551057000e+00 7.779657065268724692e-01
2.147458780363518116e+00 2.537080381996707157e+00 7.720706255608373869e-01
2.153988991032255385e+00 2.543481881007028989e+00 7.561196521927583403e-01
2.156646998484000655e+00 2.546042480360519278e+00 7.502659888143636824e-01
2.159317923158833974e+00 2.548588683499415808e+00 7.458810116798929579e-01
2.162476502315834104e+00 2.551489342827807150e+00 7.439471558708541377e-01
2.165311543745383815e+00 2.554108342608727877e+00 7.452840814735385289e-01
2.168298728271254916e+00 2.556878925882435816e+00 7.481393314691879848e-01
2.170984069190463828e+00 2.559392280746796811e+00 7.482218194449108406e-01
2.173868825457791587e+00 2.562120919331383639e+00 7.455867182728160847e-01
2.176361097293434632e+00 2.564482619875533054e+00 7.420277063007999496e-01
2.178946229910672105e+00 2.566929359084230811e+00 7.375039085645764825e-01
2.182010942137568854e+00 2.569752697785909312e+00 7.330213733978270252e-01
2.184988916282498472e+00 2.572427306892330900e+00 7.315505915948204985e-01
2.187699247971380601e+00 2.574855294237998748e+00 7.316551972408418258e-01
2.190674286702700257e+00 2.577526941747645850e+00 7.319081454879304838e-01
2.193570189188973174e+00 2.580113550455933602e+00 7.313806480446817249e-01
2.196780891348939058e+00 2.583005039702204186e+00 7.297613677385985653e-01
2.199663682109460172e+00 2.585689914798631861e+00 7.258068000690922617e-01
2.199727640279864449e+00 2.585745667182782981e+00 7.256733478778237822e-01
2.202410483034827671e+00 2.588168462174762929e+00 7.197002121808798725e-01
2.205121942330566576e+00 2.590595926721695363e+00 7.124560901200637231e-01
2.207742572240043444e+00 2.592880939224361914e+00 7.055179227097938544e-01
2.210817851935301448e+00 2.595549037313225060e+00 7.002637917610003981e-01
2.213640951449524774e+00 2.597906610908090830e+00 6.984434780662913678e-01
2.216462571420079630e+00 2.600272215009366228e+00 6.984811571096122274e-01
2.219016407658244816e+00 2.602420253341843015e+00 6.990313094457659693e-01
2.221793924493415950e+00 2.604754016360385727e+00 6.985475932091810281e-01
2.224469502489340833e+00 2.607057809864063103e+00 6.959688520442084414e-01
2.227171697207434242e+00 2.609332956211136256e+00 6.913960221191253197e-01
2.227243679149350619e+00 2.609401528874890630e+00 6.912675308311752032e-01
2.230092245911396098e+00 2.611815362147557273e+00 6.858569573957931098e-01
2.233269684433355717e+00 2.614454393682143163e+00 6.822960785761592595e-01
2.236152898729466987e+00 2.616813446099002238e+00 6.799261429508101084e-01
2.239265072333448181e+00 2.619329346705308481e+00 6.779009273111931133e-01
2.242127594726267326e+00 2.621639783239022137e+00 6.760949971251792867e-01
2.244832476841404745e+00 2.623837535374029972e+00 6.740440323683484225e-01
2.247921007980623109e+00 2.626331302398323242e+00 6.713655409863020784e-01
2.250784842863523760e+00 2.628635086612776561e+00 6.686622039621640257e-01
2.253462637147555903e+00 2.630809986161924741e+00 6.658828551284594610e-01
2.256626553603836349e+00 2.633354097281963568e+00 6.617252241096157617e-01
2.260166565393743277e+00 2.636166598161634234e+00 6.567275116849654593e-01
2.263015381322028396e+00 2.638399379980065795e+00 6.528904855706438859e-01
2.263092233887352922e+00 2.638461040374407318e+00 6.527901077319393508e-01
2.266141264467195882e+00 2.640841807356753002e+00 6.491274052793520877e-01
2.269276994224788346e+00 2.643243924425902058e+00 6.456362045087176149e-01
2.272440584033479816e+00 2.645638185162539013e+00 6.422410015940006600e-01
2.275452214013416352e+00 2.647916659058921596e+00 6.390407660861425754e-01
2.278240300255301776e+00 2.650022708471632349e+00 6.360900222488793387e-01
2.281269113430137274e+00 2.652254259465498532e+00 6.335788729993894197e-01
2.283987343061192998e+00 2.654261365245563553e+00 6.330022388489212615e-01
2.286627845125496439e+00 2.656199282967098618e+00 6.312685744806894039e-01
2.289284401299748417e+00 2.658210406455680186e+00 6.277158878261235309e-01
2.292352400145308611e+00 2.660458188139482871e+00 6.222151408710585585e-01
2.295233676486720498e+00 2.662541990525152613e+00 6.169423085777467897e-01
2.298135742414593619e+00 2.664615489363394207e+00 6.121368318699883515e-01
2.301705707974242898e+00 2.667183431702493834e+00 6.073284704905460574e-01
2.301787652977083987e+00 2.667238775018721419e+00 6.072220075791588956e-01
2.304804752610900564e+00 2.669347021009534693e+00 6.038185656162788906e-01
2.304974176183759216e+00 2.669462539161805203e+00 6.036761279265400182e-01
2.307973737103976575e+00 2.671537322906302858e+00 6.023306026651077394e-01
2.311205033252159424e+00 2.673748985535105760e+00 6.025950923506814272e-01
2.318935646783319093e+00 2.679071129231014314e+00 6.027969033984758029e-01
2.321908247151850624e+00 2.681124690334570460e+00 6.024464264815752035e-01
2.325233560522824039e+00 2.683414979435704950e+00 6.005221578291051188e-01
2.327662892627349933e+00 2.685124961967648716e+00 5.975237430502886582e-01
2.330617900808842791e+00 2.687148729175381945e+00 5.911861312833261994e-01
2.333222455706538412e+00 2.688963869558866904e+00 5.851998878491873057e-01
2.335914078814136374e+00 2.690818447297306459e+00 5.796587436749482958e-01
2.338864426489983384e+00 2.692818691230752570e+00 5.744841318231179716e-01
2.341979850061615132e+00 2.694857933008964146e+00 5.697293038386185282e-01
2.342062834456485554e+00 2.694912887510538368e+00 5.696149946487542026e-01
2.344823558100618932e+00 2.696712765455510308e+00 5.663128079013124427e-01
2.347679807144976483e+00 2.698551432833552255e+00 5.633406016560075225e-01
2.350972494632778798e+00 2.700640068261704219e+00 5.599618017007687021e-01
2.353833296609899151e+00 2.702443246752612716e+00 5.570566297214629703e-01
2.356664189225048389e+00 2.704258636614399247e+00 5.536296613256627142e-01
2.359382772287159646e+00 2.706006527481372714e+00 5.496881242718627547e-01
2.362644536273487805e+00 2.708058945250336969e+00 5.447356780600763893e-01
2.362725498870753782e+00 2.708108614797403391e+00 5.446083761452000793e-01
2.366179067114094536e+00 2.710236402496811969e+00 5.398714729053754047e-01
2.369316156926923433e+00 2.712137949011581561e+00 5.359296683681614715e-01
2.372468593904915934e+00 2.714046113875654420e+00 5.320516850665536479e-01
2.375736329586712436e+00 2.715987891367932505e+00 5.283004454619317780e-01
2.378936125666403001e+00 2.717860552916789629e+00 5.248442083202766728e-01
2.382066219991664013e+00 2.719676706652391474e+00 5.218164804388866207e-01
2.385063018397996615e+00 2.721391861328215978e+00 5.207898854256487464e-01
2.388080413775572453e+00 2.723128357093074214e+00 5.206512757223000776e-01
2.391012319165034761e+00 2.724810995872449126e+00 5.200492360931902036e-01
2.394049672625628844e+00 2.726548955146559372e+00 5.185150859987359695e-01
2.397162058335217338e+00 2.728321541782078086e+00 5.161482081039285852e-01
2.397250095853822316e+00 2.728373926552460027e+00 5.160799756592290288e-01
2.400500012109021419e+00 2.730294108476955195e+00 5.125835752683940427e-01
2.403401252735824833e+00 2.731962260152753785e+00 5.072634785804039925e-01
2.403484261008239642e+00 2.732011317940999717e+00 5.070809544058015872e-01
2.406616210366846254e+00 2.733756684474291099e+00 5.008061727520447537e-01
2.410132417176173547e+00 2.735737920288059399e+00 4.948174679058616743e-01
2.413188062597113159e+00 2.737397907535388697e+00 4.902583105188702550e-01
2.416775579279586417e+00 2.739371676544398504e+00 4.858709241906921106e-01
2.419684173281668738e+00 2.740926582533570244e+00 4.826470412143276101e-01
2.422894632094631184e+00 2.742620115816796655e+00 4.793376700429707871e-01
2.426450689555504248e+00 2.744490402183815903e+00 4.757542847927379026e-01
2.426539498558341723e+00 2.744534418333341108e+00 4.756649044290184314e-01
2.430062577682041258e+00 2.746340824136230374e+00 4.726386233648740554e-01
2.433660854496905834e+00 2.748171843291371541e+00 4.721521156792090057e-01
2.436785422387400146e+00 2.749771305587578318e+00 4.721341006678396179e-01
2.439985188295992202e+00 2.751416815483134659e+00 4.712817552535482069e-01
2.443555082095858033e+00 2.753234395826521741e+00 4.691925668051122877e-01
2.446498006011906590e+00 2.754729614313769837e+00 4.669159061962000479e-01
2.449528464964185304e+00 2.756320281937048033e+00 4.630689989589757416e-01
2.452449132364471041e+00 2.757820098286928978e+00 4.567482609242334290e-01
2.455551540099874419e+00 2.759366641194208825e+00 4.484446118305371876e-01
2.459301983196748864e+00 2.761179794299840395e+00 4.398899754445397270e-01
2.459390617254963995e+00 2.761227315442763786e+00 4.397176575163572743e-01
2.462785130481228713e+00 2.762856053507861454e+00 4.344285710313997018e-01
2.466463621370036385e+00 2.764573583104069421e+00 4.307406515439262118e-01
2.469962639103256308e+00 2.766166799365369133e+00 4.276281949671925098e-01
2.473357988531654339e+00 2.767703923753885853e+00 4.248726827620296631e-01
2.476659990060671834e+00 2.769201917396749923e+00 4.220916886246141031e-01
2.479949803870211245e+00 2.770690916983270746e+00 4.191506979762979479e-01
2.483635362531358304e+00 2.772319945715818523e+00 4.166192046486315026e-01
2.487251811740030405e+00 2.773919197766941291e+00 4.160635102595323653e-01
2.487345179479209634e+00 2.773960911150399777e+00 4.160559613343159935e-01
2.490708866172765212e+00 2.775448973858457347e+00 4.153788287704942572e-01
2.491160914975860674e+00 2.775647253401963610e+00 4.151805199836227644e-01
2.498933437016928494e+00 2.779103957287814453e+00 4.067039407659564509e-01
2.499023813569227315e+00 2.779143344271762572e+00 4.065186400909509556e-01
2.502283206644660751e+00 2.780543418877646111e+00 3.996414144582571271e-01
2.505394652234227415e+00 2.781910289293795913e+00 3.933211340340820872e-01
2.508702589882065404e+00 2.783303319110839169e+00 3.874497531980291565e-01
2.511853831209165833e+00 2.784627558007848336e+00 3.833423739010135556e-01
2.515865314080933945e+00 2.786245637759888094e+00 3.791405758977820506e-01
2.519427351341338550e+00 2.787673220124228468e+00 3.757144162980323721e-01
2.523272807653815342e+00 2.789198877045571567e+00 3.721499826515513032e-01
2.523366161718745726e+00 2.789233041823625303e+00 3.720646897813164600e-01
2.526459263709583958e+00 2.790441618961236436e+00 3.691425391127068911e-01
2.529933122408889901e+00 2.791779939887995887e+00 3.658308882860438760e-01
2.533339559146733588e+00 2.793056678435550388e+00 3.634640906923755632e-01
2.536689446020896632e+00 2.794342832384819175e+00 3.622758793325647209e-01
2.540324355607308515e+00 2.795709405661150448e+00 3.606864244032170763e-01
2.544158629446487296e+00 2.797163535170467341e+00 3.582470726887205248e-01
2.547612445669854786e+00 2.798463968338388508e+00 3.556270974852560607e-01
2.551235398962157674e+00 2.799833859888694487e+00 3.523717985749281190e-01
2.554587575493354024e+00 2.801088390795239302e+00 3.490212487549083087e-01
2.558047444413300120e+00 2.802384538049331297e+00 3.457826708680202810e-01
2.561595884252070299e+00 2.803684087101355971e+00 3.429796112011862519e-01
2.564731115945838358e+00 2.804872405152790904e+00 3.383616583215361961e-01
2.567566257227428927e+00 2.805858072347573895e+00 3.329051247920436496e-01
2.570620856278194033e+00 2.806933321043639573e+00 3.267756173086741045e-01
2.573906291797789514e+00 2.808094657469411448e+00 3.210032985641001479e-01
2.577884367395661958e+00 2.809446972558707678e+00 3.152378851999880216e-01
2.581221966795361755e+00 2.810554718217067371e+00 3.111975056875370127e-01
2.584676154810105153e+00 2.811668346343159541e+00 3.078948578578388773e-01
2.588244854631709391e+00 2.812796974687566731e+00 3.051803575308410510e-01
2.591518202232852452e+00 2.813828871072365789e+00 3.027411651972392592e-01
2.595353070739428336e+00 2.815018817573671228e+00 2.997227979737338566e-01
2.598611007040112497e+00 2.816025205762839878e+00 2.970289407014309324e-01
2.602457535097258745e+00 2.817183457282040671e+00 2.935008221711672416e-01
2.606291000389516554e+00 2.818343346591323684e+00 2.898035666294150325e-01
2.609892719221796664e+00 2.819417868109034053e+00 2.870642531611652948e-01
2.613673529902136750e+00 2.820537682513390099e+00 2.853271542071272315e-01
2.617442709963287761e+00 2.821632092451712204e+00 2.834273027594753080e-01
2.621385325728997628e+00 2.822785387045540162e+00 2.809207433865182346e-01
2.624087607201927241e+00 2.823570863630365135e+00 2.787956556227840776e-01
2.625338710872685777e+00 2.823927171223770571e+00 2.777831023460270998e-01
2.628571605918961218e+00 2.824883924413698733e+00 2.749112381388501558e-01
2.631984842392649071e+00 2.825849773935999565e+00 2.723326688166666787e-01
2.635768498122589065e+00 2.826902962830000199e+00 2.712612156360081905e-01
2.639514282289562530e+00 2.827969108117613928e+00 2.692776993555918152e-01
2.639606413600381174e+00 2.827998878582592024e+00 2.691998891288121531e-01
2.643060992623255778e+00 2.828983728344015791e+00 2.649696696674496144e-01
2.645852956699841663e+00 2.829754249879445460e+00 2.592572014538534475e-01
2.649191933314257508e+00 2.830642330394792516e+00 2.512189128980963360e-01
2.652703359148675499e+00 2.831562081239502149e+00 2.434167343576894293e-01
2.655979208112857481e+00 2.832375553923801803e+00 2.369891658144525626e-01
2.659809771427802616e+00 2.833338589992879353e+00 2.312969593821237735e-01
2.663370698339102560e+00 2.834175442353195518e+00 2.275109433315951335e-01
2.667547271088068772e+00 2.835132522963048629e+00 2.241253719188520122e-01
2.671579481930517641e+00 2.836053092307627477e+00 2.215590155548289863e-01
2.671678725217554451e+00 2.836073422791704601e+00 2.214977865768270604e-01
2.675408070887775658e+00 2.836918471576538980e+00 2.188492707893703315e-01
2.678983654332456332e+00 2.837713838533688193e+00 2.159316824182584693e-01
2.687703292139201672e+00 2.839593571347187151e+00 2.103448022017332109e-01
2.691138346383143087e+00 2.840336581485835676e+00 2.082826576417426412e-01
2.694468275628059573e+00 2.841047755600477398e+00 2.057613800848031582e-01
2.697689898012988863e+00 2.841746816571311118e+00 2.028736931583158265e-01
2.701596513654349607e+00 2.842578417539696201e+00 1.991604826703266551e-01
2.704819209160026272e+00 2.843249723388963535e+00 1.960376301023716850e-01
2.708203362391518709e+00 2.843916891693137217e+00 1.932712229771110235e-01
2.711486025700819091e+00 2.844562555356323408e+00 1.914180161289363857e-01
2.715361438661369586e+00 2.845305075324120025e+00 1.892062204419805993e-01
2.719029218597999176e+00 2.846014033815363220e+00 1.868102984959353619e-01
2.722765127728909995e+00 2.846718306748427185e+00 1.840224701763669146e-01
2.726505634802565581e+00 2.847413222481026018e+00 1.809660910609152407e-01
2.730126240776796109e+00 2.848103976377294178e+00 1.778544824867873131e-01
2.733911493483103250e+00 2.848807070213663195e+00 1.748496650736939551e-01
2.734014073530266042e+00 2.848823665655644710e+00 1.747884563780592593e-01
2.737385939379618272e+00 2.849415554120806160e+00 1.730781384148568636e-01
2.741082739183445582e+00 2.850055482277454200e+00 1.711135001435821756e-01
2.744865540280931882e+00 2.850707993949630481e+00 1.687777125374182174e-01
2.748256832704407238e+00 2.851316589004231794e+00 1.660173185326614675e-01
2.751640597131510102e+00 2.851937270992669582e+00 1.609661218789363857e-01
2.754618169931619676e+00 2.852426157960063158e+00 1.540779960084834310e-01
2.758409356372192534e+00 2.853021744860638975e+00 1.454121505372003020e-01
2.762411461596069984e+00 2.853659165645014539e+00 1.377205469261699455e-01
2.766371827594358734e+00 2.854248574800380744e+00 1.314663303986999821e-01
2.770372246576030317e+00 2.854815897931052948e+00 1.267406784951558285e-01
2.770471840313425638e+00 2.854828555514317134e+00 1.266383828544810630e-01
2.774552670976868640e+00 2.855349352077818370e+00 1.230468043859326149e-01
2.778163005239049355e+00 2.855785287260359073e+00 1.207142366996183519e-01
2.781766321324878444e+00 2.856226131813492053e+00 1.184615416683666017e-01
2.785986239726731650e+00 2.856726555693539726e+00 1.157482231028460207e-01
2.789875420961235530e+00 2.857186100595242806e+00 1.131880895461363640e-01
2.793577225235817973e+00 2.857596764227484876e+00 1.104843225235540849e-01
2.796866701164539393e+00 2.857974572665647361e+00 1.078964814762314040e-01
2.800161795681449295e+00 2.858343336567655157e+00 1.050872357784464195e-01
2.803554806441883152e+00 2.858703181139714999e+00 1.021278188903458201e-01
2.807687866180460734e+00 2.859139877365554749e+00 9.874511397600922724e-02
2.811298999218508676e+00 2.859492343798105018e+00 9.598432053649182116e-02
2.815101713725958188e+00 2.859854626569212410e+00 9.309350612899081057e-02
2.818897690285236290e+00 2.860207974872581271e+00 9.013486084175445501e-02
2.818998088341022168e+00 2.860217963986005252e+00 9.005509623799665131e-02
2.822285091798658385e+00 2.860530916390698675e+00 8.741561821932519738e-02
2.825869347688769295e+00 2.860857087026689616e+00 8.445930769622930767e-02
2.829837678540606305e+00 2.861218870268955161e+00 8.116669348615765389e-02
2.833763440875829431e+00 2.861546245248781872e+00 7.831559482780599268e-02
2.833863806107570937e+00 2.861553925846047175e+00 7.824857751089148161e-02
2.837843300899946186e+00 2.861877733945037861e+00 7.546271999170896250e-02
2.841633476091967037e+00 2.862177984982175349e+00 7.278720490439311019e-02
2.845709385472493302e+00 2.862488032943424798e+00 6.982093721005151743e-02
2.845808808571258286e+00 2.862498455190306323e+00 6.975003975737105455e-02
2.849770640371075192e+00 2.862781535132239874e+00 6.654870359419320924e-02
2.849970446375718058e+00 2.862793744105057492e+00 6.637720438277973367e-02
2.853554192815467072e+00 2.863069696214021409e+00 6.338699451841911525e-02
2.862791481398344828e+00 2.863689516055365925e+00 5.568475255366564514e-02
2.866774053560177560e+00 2.863914357228733110e+00 5.289566264823616221e-02
2.870568568519192176e+00 2.864107538284849319e+00 5.037404014967061805e-02
2.874059124591509917e+00 2.864296622931703951e+00 4.796292421970056036e-02
2.877940741501980870e+00 2.864480103031693758e+00 4.509543748913714262e-02
2.878038383373191955e+00 2.864489261223704286e+00 4.502369339840199547e-02
2.881314733910214088e+00 2.864644423730235978e+00 4.265526714474274922e-02
2.884823340614533826e+00 2.864796360780182738e+00 4.032412766627600093e-02
2.888500824121623900e+00 2.864942360276782285e+00 3.791175703875153402e-02
2.892270912709585584e+00 2.865074466631097660e+00 3.532032420630547981e-02
2.895937235482946903e+00 2.865226450509767986e+00 3.266794066841258171e-02
2.899800512261755614e+00 2.865383807082694467e+00 2.974577756953793867e-02
2.899898776143632784e+00 2.865392883499282561e+00 2.967453374776780201e-02
2.903433857781737792e+00 2.865527707133561641e+00 2.686763576804841736e-02
2.907249815280361194e+00 2.865667485675077231e+00 2.374129308623612253e-02
2.910898480956897849e+00 2.865775363435014711e+00 2.094861187166189437e-02
2.911294641099483993e+00 2.865787725202250780e+00 2.066747061116628106e-02
2.915065245916715675e+00 2.865882023657051914e+00 1.797776102206142743e-02
2.918419553205079175e+00 2.865951764928287737e+00 1.557619713397050479e-02
2.921875327016415724e+00 2.866011169559274929e+00 1.300347189271871748e-02
2.925533506516008853e+00 2.866076573104817893e+00 1.021225827999848110e-02
2.929175207986348006e+00 2.866153330658107290e+00 7.377365801964746658e-03
2.932932449474855652e+00 2.866189861102979020e+00 4.580415166462574635e-03
2.936394782308953566e+00 2.866206821601228860e+00 2.102659807338956317e-03
2.940346233221694305e+00 2.866238445737004259e+00 -7.662923285337084993e-04
2.943792217644089160e+00 2.866257167541423012e+00 -3.291737835504476243e-03
2.947720783714391057e+00 2.866269197213824338e+00 -6.261759713261028787e-03
2.951248160457363046e+00 2.866290246832107869e+00 -8.977910048594233208e-03
2.954963538669907130e+00 2.866295008136529265e+00 -1.185763658332421831e-02
2.959000497908885752e+00 2.866272891787366550e+00 -1.492935918900960453e-02
2.962924644635534399e+00 2.866244191825733090e+00 -1.784612583144499359e-02
2.966763192193545340e+00 2.866208706975684528e+00 -2.073166658266681339e-02
2.970579651601345184e+00 2.866162847628526578e+00 -2.359740853842750077e-02
2.974603475250514162e+00 2.866092514623987508e+00 -2.669110420370279443e-02
