1.000302019611237103e+00 3.000258995438644494e+00 -6.773010457585417572e-04
1.000409963320593398e+00 3.000385858291792385e+00 -9.299248469230635226e-04
1.000420222134513093e+00 3.000410376358164655e+00 -1.034426069578108214e-03
1.000427394075086962e+00 3.000451113777653500e+00 -1.368894432685918618e-03
1.000423930709990472e+00 3.000594275108456888e+00 -2.920209184726671025e-03
1.000431811079067534e+00 3.000654638604477675e+00 -3.675087835578802822e-03
1.000403282565298202e+00 3.000733525084924302e+00 -4.635218218815743280e-03
1.000379191259223477e+00 3.000778035350979422e+00 -5.545345525169670040e-03
1.000391815100639237e+00 3.000833135919908745e+00 -7.019310816252291411e-03
1.000417249296484234e+00 3.000902938547366006e+00 -8.845764145925695890e-03
1.000424588428840300e+00 3.000983624156448482e+00 -1.084853510268467616e-02
1.000438176492898013e+00 3.001042832589272180e+00 -1.302444668220753901e-02
1.000398713741905699e+00 3.001086156275981409e+00 -1.524541581883677617e-02
1.000416853561855834e+00 3.001111428786466195e+00 -1.784933139926445089e-02
1.000420044752812210e+00 3.001159519388409080e+00 -2.098871359858628036e-02
1.000395769125063117e+00 3.001204365091750148e+00 -2.413475267190049942e-02
1.000318373792024484e+00 3.001257653491044675e+00 -2.746563588217216037e-02
1.000216443135123479e+00 3.001367125103555633e+00 -3.066309757756323709e-02
1.000067180159427194e+00 3.001401598290950101e+00 -3.445376495753726259e-02
1.000005738298022973e+00 3.001494011614072921e+00 -3.837679921479977829e-02
9.999382882221187208e-01 3.001531176698345682e+00 -4.340996853700020142e-02
9.998652666729622718e-01 3.001591597196860306e+00 -4.785064795666314763e-02
9.997925415592646692e-01 3.001627504194280149e+00 -5.235866437026822501e-02
9.997069140722291136e-01 3.001666897403441947e+00 -5.706072710659734759e-02
9.995221831231988485e-01 3.001720237355267162e+00 -6.248948464511108747e-02
9.994508659893663882e-01 3.001803799144700413e+00 -6.854034986327994794e-02
9.993429923291101691e-01 3.001827765646975621e+00 -7.488185126828404703e-02
9.992117176870781714e-01 3.001925947353298429e+00 -8.090529117351882848e-02
9.990357104864646676e-01 3.001984846395478801e+00 -8.773461760024051093e-02
9.988118844312499078e-01 3.002081054122840875e+00 -9.405544883799661637e-02
9.987808574422358809e-01 3.002157991627834033e+00 -1.014240732834528896e-01
9.987757321521402165e-01 3.002162379558725114e+00 -1.016134883504494352e-01
9.986642716935246744e-01 3.002198505624932512e+00 -1.090551146624166301e-01
9.985070288777160297e-01 3.002219090600726226e+00 -1.162012118667228450e-01
9.984891474420348745e-01 3.002288059059893932e+00 -1.239658958575058506e-01
9.984995045405183900e-01 3.002338727112870309e+00 -1.325305032551133411e-01
9.985452508852658005e-01 3.002398903890482806e+00 -1.410783216454013778e-01
9.985305617546267332e-01 3.002428021016052107e+00 -1.500764371986843260e-01
9.985532761365760734e-01 3.002473908462400143e+00 -1.595023344413657451e-01
9.985822072317821485e-01 3.002520693957313913e+00 -1.674042554720399922e-01
9.986568824661800070e-01 3.002553644931437837e+00 -1.766205831039065477e-01
9.986891919230473924e-01 3.002575964416881682e+00 -1.852083121141230027e-01
9.987453437034888859e-01 3.002598290787847901e+00 -1.936390274668375044e-01
9.987915977769024067e-01 3.002618857811760744e+00 -2.018319686292387172e-01
9.988433896421168301e-01 3.002642749275131528e+00 -2.102866363383042447e-01
9.989364009367044384e-01 3.002661256044135474e+00 -2.181348484573018554e-01
9.990107570744639620e-01 3.002669856155296468e+00 -2.262257991032859406e-01
9.990804401252182387e-01 3.002673875779607648e+00 -2.349923387734690061e-01
9.991410063422156984e-01 3.002684197194354976e+00 -2.439163280052785154e-01
9.991914214393069482e-01 3.002706236631791370e+00 -2.530593884534847460e-01
9.992401745189056772e-01 3.002714771749934286e+00 -2.614684314464705284e-01
9.993446064172014642e-01 3.002720230414170022e+00 -2.705374447409942817e-01
9.994223315721979528e-01 3.002726180294641445e+00 -2.791675279870282078e-01
9.995461344870611997e-01 3.002727912351882633e+00 -2.880962593610063016e-01
9.995482016902541567e-01 3.002726408741109854e+00 -2.883417995795993782e-01
9.996399810646892092e-01 3.002731777453603534e+00 -2.973208501949935467e-01
9.997123919779014045e-01 3.002732094076558944e+00 -3.062126194728433948e-01
9.998079734192398815e-01 3.002722273947235010e+00 -3.155684411836349734e-01
9.999343200321982872e-01 3.002705571125877437e+00 -3.245420440935421480e-01
1.000036041917467200e+00 3.002697794486602678e+00 -3.339497475535963544e-01
1.000135571002251478e+00 3.002687087552359024e+00 -3.431455218021193798e-01
1.000249254439517399e+00 3.002682510303323227e+00 -3.524229452355439052e-01
1.000362370100292830e+00 3.002658658066435837e+00 -3.612233133900128457e-01
1.000489652964459575e+00 3.002643639603915560e+00 -3.713135038718656245e-01
1.000615301224600850e+00 3.002624492274319934e+00 -3.804135775865398195e-01
1.000669633246507928e+00 3.002617587370880692e+00 -3.896954589287514037e-01
1.000776154471121338e+00 3.002612664380942764e+00 -3.977369640920659366e-01
1.000895065131260475e+00 3.002579138852199847e+00 -4.072983761755235577e-01
1.000894851806302555e+00 3.002578838264633454e+00 -4.075397482771572766e-01
1.000957364340849143e+00 3.002576573412978789e+00 -4.166579168934784749e-01
1.000958980169577295e+00 3.002576802539531187e+00 -4.169003294060351639e-01
1.001082261043991561e+00 3.002552150077216098e+00 -4.249980982723012279e-01
1.001139670634344503e+00 3.002537074250124061e+00 -4.333720108681534122e-01
1.001203418201217055e+00 3.002537368394310402e+00 -4.424379569213340302e-01
1.001294830749817955e+00 3.002522644035849009e+00 -4.509744713261383819e-01
1.001378359370671767e+00 3.002498987649741657e+00 -4.590704059329686060e-01
1.001498374973153416e+00 3.002465697203238193e+00 -4.676552481293584917e-01
1.001657367628748796e+00 3.002454597621137200e+00 -4.920051870475994904e-01
1.001752427240074406e+00 3.002432306802537809e+00 -5.014727492964358158e-01
1.001862767716096725e+00 3.002400064279096892e+00 -5.102897315283814184e-01
1.001955044960493701e+00 3.002379435682381192e+00 -5.198823144252849859e-01
1.002035804215864578e+00 3.002372839936272353e+00 -5.295341567517865000e-01
1.002145046062103972e+00 3.002331421952923574e+00 -5.393742138604696867e-01
1.002149312914217161e+00 3.002331227260968127e+00 -5.396200040145160415e-01
1.002255302684662785e+00 3.002296477595345792e+00 -5.492355045210643993e-01
1.002361393399391787e+00 3.002260839662281189e+00 -5.592472690454071138e-01
1.002465049238030037e+00 3.002223955474216943e+00 -5.673899497045192808e-01
1.002569945926498285e+00 3.002187373105194457e+00 -5.773579371666291982e-01
1.002670340483274192e+00 3.002166647208792227e+00 -5.861523415699857464e-01
1.002784135507522656e+00 3.002105044189940397e+00 -5.965292061600496742e-01
1.002789288134074752e+00 3.002103841068119561e+00 -5.967741675335465068e-01
1.002875442276864870e+00 3.002081380086655038e+00 -6.054736827299384005e-01
1.002943666511770804e+00 3.002058324188209948e+00 -6.137540143109488922e-01
1.003018713494018499e+00 3.002045215285975122e+00 -6.223984710383514418e-01
1.003131292144673781e+00 3.002004650726117330e+00 -6.321946923034986732e-01
1.003224107343442029e+00 3.001962398875543059e+00 -6.420508040885912759e-01
1.003320908300876058e+00 3.001917533977490393e+00 -6.516367716667277321e-01
1.003404238687990890e+00 3.001878407038835572e+00 -6.608714124992749461e-01
1.003464310744544674e+00 3.001854135384474986e+00 -6.690975928475677570e-01
1.003533166535788501e+00 3.001838460711701462e+00 -6.787178793893678952e-01
1.003538780432506439e+00 3.001836591272461607e+00 -6.789600650834175521e-01
1.003648767205300496e+00 3.001783251209456882e+00 -6.878779990450806237e-01
1.003739888540830183e+00 3.001742565885598513e+00 -6.960406309800660773e-01
1.003833994724493417e+00 3.001704419385474054e+00 -7.049211197622899938e-01
1.003840029889219609e+00 3.001702423753040083e+00 -7.051700644882478164e-01
1.003907691091442400e+00 3.001677900901482676e+00 -7.141324056052378300e-01
1.003976474764884941e+00 3.001645990651098828e+00 -7.240535559681980926e-01
1.004076854225348203e+00 3.001608039598078204e+00 -7.330847928763991606e-01
1.004136966328527780e+00 3.001585044110864686e+00 -7.422914183765758622e-01
1.004211132907859572e+00 3.001550111119589914e+00 -7.510549027314684656e-01
1.004291846343207117e+00 3.001503120350037079e+00 -7.603293987443214830e-01
1.004860021858391850e+00 3.000979135574956214e+00 -7.698749534665738636e-01
1.007530714189549315e+00 2.998373617038102346e+00 -7.793938724873605839e-01
1.011833017730527029e+00 2.994121393968830258e+00 -7.879728906652022635e-01
1.017881136753563398e+00 2.988009610424376739e+00 -7.956850823770786896e-01
1.026196057143866414e+00 2.979493572576114246e+00 -8.018571166770288583e-01
1.036647890859608845e+00 2.968606403849407549e+00 -8.057533737425424114e-01
1.046018539721116358e+00 2.958778783645603649e+00 -8.070080382463020729e-01
1.056147599550427918e+00 2.948128134048599858e+00 -8.058738017975122236e-01
1.066065379451142103e+00 2.937794958299308146e+00 -8.025543288484161542e-01
1.066331646994974625e+00 2.937514571030182431e+00 -8.024328510622904531e-01
1.075765566079059710e+00 2.927719320915342482e+00 -7.973767916733683903e-01
1.085997707362202691e+00 2.917228235792802327e+00 -7.904980964089854956e-01
1.097442906410116326e+00 2.905696561654299348e+00 -7.824395495402105549e-01
1.106490601022725784e+00 2.896672285613410835e+00 -7.757783934627496825e-01
1.116227355048486913e+00 2.887159463394084469e+00 -7.685395754851588324e-01
1.125186045686497716e+00 2.878516259705756752e+00 -7.614695845323297130e-01
1.134002522838964744e+00 2.870109379034670560e+00 -7.543710203739069087e-01
1.142696183215896832e+00 2.861970864736061326e+00 -7.473521520736443602e-01
1.151242630854335092e+00 2.854045591371545232e+00 -7.408151968407500343e-01
1.159667980088008088e+00 2.846340884241606251e+00 -7.340559483612397740e-01
1.168211592348499028e+00 2.838632258121639662e+00 -7.273371681256933785e-01
1.177302801608160809e+00 2.830562993819825568e+00 -7.204419498045919745e-01
1.185364557020891940e+00 2.823497909253686267e+00 -7.137126628701041531e-01
1.193277610142743361e+00 2.816648821236974687e+00 -7.071951936958545959e-01
1.201344640801497388e+00 2.809770112537157694e+00 -7.006167561243965558e-01
1.209707800037727710e+00 2.802739096188040513e+00 -6.928799406526214844e-01
1.218079602101250547e+00 2.795810133628204408e+00 -6.843922711461487562e-01
1.226558179684389405e+00 2.788919588202134481e+00 -6.757590111909190789e-01
1.226762180716819417e+00 2.788756399761758153e+00 -6.755656753612970800e-01
1.234043526703631599e+00 2.782933516928754347e+00 -6.679906043779640923e-01
1.241394987719564469e+00 2.777163012955972565e+00 -6.603406382188381496e-01
1.249079613260374977e+00 2.771193385751547389e+00 -6.522377154084167961e-01
1.255889713657637685e+00 2.766017903552136392e+00 -6.449869257800249223e-01
1.263456993867267730e+00 2.760362241972576403e+00 -6.365941110386051927e-01
1.263639427799246873e+00 2.760226550568873005e+00 -6.363917904692051319e-01
1.270583411610587632e+00 2.755119682225793731e+00 -6.282546758634997008e-01
1.277085854276690302e+00 2.750382183655310619e+00 -6.203179358106546415e-01
1.284118066828280114e+00 2.745382715092850479e+00 -6.118563772096617948e-01
1.291231037296051376e+00 2.740436361143805843e+00 -6.034049610814812281e-01
1.297473582622642674e+00 2.736156393734657133e+00 -5.958196088238814081e-01
1.303598586199318898e+00 2.732038862109419597e+00 -5.883235012374780082e-01
1.303745010914002522e+00 2.731940345961898053e+00 -5.881615627937185620e-01
1.308802214135207809e+00 2.728665860563187273e+00 -5.830464594157603875e-01
1.311457002512424141e+00 2.727095061247706287e+00 -5.808810699371995678e-01
1.312791146987251301e+00 2.726235138343569009e+00 -5.779177063118484670e-01
1.313443411619096945e+00 2.725827194052842017e+00 -5.727860251422506321e-01
1.313739606418143913e+00 2.725636464303405226e+00 -5.492995277008648758e-01
1.313813171374804245e+00 2.725588866158735524e+00 -5.415883556705244350e-01
1.314605306741085444e+00 2.725121922139289055e+00 -5.341990946739095802e-01
1.317504668787783384e+00 2.723438616936765033e+00 -5.265181320859192438e-01
1.322404370838771825e+00 2.720661953394976962e+00 -5.190049738092832321e-01
1.322563355534323248e+00 2.720578556584896113e+00 -5.187991524977541014e-01
1.328653717648144772e+00 2.717220098504281367e+00 -5.101983998578610846e-01
1.335156610060520554e+00 2.713668376131088689e+00 -4.997851375582317845e-01
1.335311508705481209e+00 2.713586705153465228e+00 -4.995360013212549743e-01
1.340424822150791728e+00 2.710857433679290107e+00 -4.911268278665090747e-01
1.345967655165290822e+00 2.707944254485966429e+00 -4.821332748517354605e-01
1.352389312757145134e+00 2.704666736977712649e+00 -4.717802469994349934e-01
1.357573699198323380e+00 2.702058853894585333e+00 -4.634158396388347589e-01
1.363369955657538046e+00 2.699183750591289233e+00 -4.540021328011366042e-01
1.368548698822298793e+00 2.696674575336725610e+00 -4.456450237581766061e-01
1.373660203499464272e+00 2.694280654438856448e+00 -4.374027781339972498e-01
1.373771775715788568e+00 2.694231164010802093e+00 -4.372243439044413704e-01
1.377140388809935612e+00 2.692759301495686319e+00 -4.313945486490863845e-01
1.378550086130249097e+00 2.692186092628154448e+00 -4.273863844259151445e-01
1.379278514747980022e+00 2.691863118324766102e+00 -4.224038990567490215e-01
1.379818560154929097e+00 2.691656510106881228e+00 -4.162786530431620835e-01
1.380212825771612861e+00 2.691501624398677350e+00 -4.103814513190764957e-01
1.380553312451629155e+00 2.691369539913991193e+00 -4.024292911657116334e-01
1.381279810623778470e+00 2.691083188450998698e+00 -3.944342805103913108e-01
1.384443763234094682e+00 2.689806668066289763e+00 -3.858952901084041764e-01
1.389223929206081731e+00 2.687929649008288457e+00 -3.772448866187708694e-01
1.394368741931550915e+00 2.685967966908584081e+00 -3.678019042999722821e-01
1.400007970807186197e+00 2.683855602969333010e+00 -3.573551631279824892e-01
1.404547559579125693e+00 2.682192702083411984e+00 -3.489349126428918368e-01
1.409387014867864663e+00 2.680480931282088530e+00 -3.399736796768342839e-01
1.414083878477335521e+00 2.678861178870270088e+00 -3.312682988617067781e-01
1.418911207485151094e+00 2.677250829109476982e+00 -3.224208721255723553e-01
1.424340008567879234e+00 2.675473729441314230e+00 -3.124017429607669483e-01
1.429342323432300166e+00 2.673887405810763784e+00 -3.031069019285823618e-01
1.434221418673885751e+00 2.672393076613182039e+00 -2.942608030116052875e-01
1.434348380387245880e+00 2.672350234194112772e+00 -2.940259437984172886e-01
1.438517569283384034e+00 2.671141743809314129e+00 -2.858860054794799543e-01
1.440351237154676056e+00 2.670643735596920365e+00 -2.813586185945424201e-01
1.441552120205566778e+00 2.670330585561770942e+00 -2.763747602018376548e-01
1.442029876582078263e+00 2.670200950992287936e+00 -2.701604992445871822e-01
1.442259746667747811e+00 2.670151395721620524e+00 -2.618927776064097213e-01
1.442422024288074978e+00 2.670105945031910899e+00 -2.541237750994406741e-01
1.442444697552140109e+00 2.670101721442458054e+00 -2.532894917844716320e-01
1.442532407108587877e+00 2.670076126627636715e+00 -2.439352422819927313e-01
1.442606118948846383e+00 2.670063950256261087e+00 -2.358532950672209139e-01
1.443023656098529006e+00 2.669986242633470841e+00 -2.280829727247380700e-01
1.445582312772964340e+00 2.669425952140993985e+00 -2.201601364142543871e-01
1.450256863784283201e+00 2.668452415708761016e+00 -2.107078258085949007e-01
1.454735492783203243e+00 2.667579783193997134e+00 -2.016843147510440637e-01
1.454861046832432114e+00 2.667560664223632916e+00 -2.014378847583865040e-01
1.459470632612965835e+00 2.666672220133549320e+00 -1.918518176688856214e-01
1.459589978866366877e+00 2.666653783943293554e+00 -1.916020096738362544e-01
1.463969310165829985e+00 2.665846222549348887e+00 -1.824812057398577103e-01
1.467967888378468366e+00 2.665143701800491094e+00 -1.740227362030777603e-01
1.472324865453245701e+00 2.664422450744742932e+00 -1.648857140046317837e-01
1.476673837073118722e+00 2.663755879672740523e+00 -1.558543904745599562e-01
1.480568869024975198e+00 2.663173358786195433e+00 -1.478389375292092078e-01
1.484843124679287918e+00 2.662572296409253525e+00 -1.388766115611632934e-01
1.489689099955291640e+00 2.661933188572991327e+00 -1.287258244038301802e-01
1.493962830958217136e+00 2.661393784947245322e+00 -1.198153690288866480e-01
1.498459279988761939e+00 2.660868577975285643e+00 -1.105217215326427388e-01
1.502250559203197833e+00 2.660467825928944485e+00 -1.027280481187977657e-01
1.506600147113415389e+00 2.660025557853389344e+00 -9.378173717470483783e-02
1.510345440723922739e+00 2.659702029044895610e+00 -8.609097309057685277e-02
1.514072066016074469e+00 2.659393572330600808e+00 -7.844376078165117561e-02
1.518038952167244382e+00 2.659093778399025165e+00 -7.034139137367792505e-02
1.522330832255767152e+00 2.658791243753738431e+00 -6.154262401812706645e-02
1.526839221890533782e+00 2.658539003290548486e+00 -5.233671428098420064e-02
1.531467353151824140e+00 2.658313140880129488e+00 -4.289490117397321695e-02
1.535711703807865813e+00 2.658148214485233751e+00 -3.431207608099186984e-02
1.540280528049613240e+00 2.658011183396971067e+00 -2.500513218715873578e-02
1.544592097121251228e+00 2.657908727821973294e+00 -1.615627382519086580e-02
1.548578928390911269e+00 2.657859348404501887e+00 -8.026970980843754766e-03
1.553233820920935759e+00 2.657840559053433527e+00 1.409353272038976973e-03
1.556866255656825793e+00 2.657866834802645961e+00 8.641973065871942292e-03
1.560464164742802584e+00 2.657901892223075713e+00 1.577647482270906967e-02
1.564649502896994671e+00 2.657971124326039991e+00 2.423136530375890468e-02
1.568729990196712443e+00 2.658092184704530236e+00 3.242591343974603191e-02
1.573072550650385537e+00 2.658234727428391952e+00 4.098171336438227730e-02
1.577394530070429290e+00 2.658437874548126967e+00 4.900833619259128277e-02
1.581213678494275854e+00 2.658673294099741291e+00 5.500779121606784450e-02
1.585582562188700084e+00 2.658936297949719751e+00 6.196500487559173515e-02
1.589462298798801188e+00 2.659189438598260846e+00 6.935901732460782176e-02
1.593732317833388201e+00 2.659494622613835624e+00 7.711023762050449315e-02
1.593841122103124119e+00 2.659502595048845119e+00 7.730289179799697263e-02
1.604492014542379330e+00 2.660491583794761361e+00 9.102177786082683852e-02
1.608229688682045744e+00 2.660867324114608579e+00 9.523918849877595350e-02
1.612010454784093216e+00 2.661263006019201072e+00 9.959417450380499137e-02
1.615699633297951410e+00 2.661627157977777713e+00 1.052695619177846931e-01
1.620313961416129489e+00 2.662127547333820843e+00 1.120199116215491869e-01
1.624065871854801335e+00 2.662583992524273580e+00 1.168099011561896383e-01
1.627855820960887101e+00 2.663065112004949331e+00 1.208098579754984248e-01
1.631916522319969864e+00 2.663613560750621279e+00 1.238275988202195838e-01
1.632017855493634428e+00 2.663624862439908370e+00 1.238850797976304291e-01
1.636220365908714891e+00 2.664201736148855915e+00 1.269182722628677262e-01
1.636322461545420826e+00 2.664214400037578478e+00 1.270219153386274724e-01
1.640259341631205903e+00 2.664728469966146207e+00 1.320231408988785382e-01
1.644105202482198491e+00 2.665261029993402087e+00 1.370997654518825715e-01
1.647842778312852197e+00 2.665808076410772109e+00 1.417587366354788325e-01
1.652088007886411081e+00 2.666474342381985885e+00 1.462632556836705178e-01
1.652188485177741084e+00 2.666490785761596261e+00 1.463533049759662696e-01
1.655943111816249314e+00 2.667082834095781951e+00 1.495479039596421811e-01
1.659915655746506236e+00 2.667688282770756203e+00 1.543535669678673949e-01
1.664055300293119544e+00 2.668334371041125586e+00 1.596364292254569828e-01
1.664158905873633687e+00 2.668350035220061756e+00 1.597576767236787432e-01
1.667896247405417087e+00 2.669006775852599933e+00 1.634971855106920058e-01
1.671700858092287856e+00 2.669690728472191132e+00 1.662222773299146805e-01
1.675432575576098593e+00 2.670375199508467912e+00 1.681284849154908168e-01
1.679102765154063093e+00 2.671064921500212908e+00 1.693897480526247168e-01
1.683034376805237375e+00 2.671791085604252380e+00 1.706274516863934831e-01
1.686852358233515314e+00 2.672461274360704131e+00 1.737980232270259773e-01
1.690977128601113488e+00 2.673182623842574657e+00 1.779637332253030113e-01
1.695046674092684835e+00 2.673952001482367891e+00 1.816195487807099052e-01
1.698382371527530799e+00 2.674603883083810363e+00 1.842275489379579800e-01
1.702698301144454085e+00 2.675464704983682385e+00 1.863987314040516929e-01
1.706304995049014561e+00 2.676203233543311022e+00 1.876722620456007795e-01
1.709831439156402455e+00 2.676947501687167552e+00 1.877703326234319292e-01
1.713189775673412907e+00 2.677636075341651711e+00 1.861890896610191026e-01
1.716396568618375307e+00 2.678252673768050762e+00 1.833806215575521092e-01
1.719755982854271892e+00 2.678942702764214090e+00 1.799565068817015057e-01
1.723070088846451853e+00 2.679593664652687224e+00 1.772282281798860937e-01
1.726440002591954848e+00 2.680233796902595778e+00 1.754856837224409993e-01
1.729909457359894320e+00 2.680896404393480204e+00 1.749548285265643266e-01
1.733741782557433719e+00 2.681594869233016265e+00 1.755525035087375230e-01
1.737704015266427149e+00 2.682288000111550996e+00 1.782762932666979994e-01
1.741321118444630223e+00 2.682946892927757787e+00 1.814291017174326226e-01
1.745825594373025424e+00 2.683788475374953908e+00 1.850865893387542982e-01
1.749850518843660385e+00 2.684548397441954393e+00 1.877905089627947277e-01
1.753968741873404236e+00 2.685343997669664251e+00 1.899431965529250754e-01
1.758167600564808808e+00 2.686167858490986049e+00 1.914842302431014054e-01
1.762000070576152266e+00 2.686920736781560404e+00 1.928884431607958694e-01
1.766245776345458207e+00 2.687749033434347012e+00 1.958485240969154995e-01
1.770466347466048695e+00 2.688586694752319151e+00 1.986944274708136726e-01
1.774357521933374926e+00 2.689387579092427316e+00 2.008379637798428374e-01
1.774457616134220039e+00 2.689414006520455480e+00 2.008861689098826731e-01
1.778185584099887251e+00 2.690228889629458386e+00 2.019670760745840565e-01
1.782435859585213889e+00 2.691159281582613527e+00 2.026868473872923682e-01
1.786415485641602796e+00 2.692003145626439498e+00 2.037706082919791273e-01
1.790959938813090790e+00 2.692941556860387387e+00 2.061836287021772962e-01
1.794539957371955374e+00 2.693695913186255009e+00 2.080756901563771688e-01
1.798128275270742815e+00 2.694462998621471872e+00 2.094168917875654234e-01
1.801787857031065698e+00 2.695280834151480231e+00 2.103887713297684092e-01
1.805449869141386054e+00 2.696090655224383958e+00 2.109503693803291835e-01
1.809551575446624039e+00 2.696975111680462778e+00 2.122648584529092941e-01
1.813655124564613086e+00 2.697851875912982145e+00 2.141940612878756589e-01
1.817338254287109045e+00 2.698684891867187297e+00 2.157286571196733727e-01
1.821495052193506936e+00 2.699629316455308459e+00 2.170947796463886803e-01
1.825755678725696107e+00 2.700609548712145092e+00 2.178474457964807431e-01
1.829394709691857468e+00 2.701457891706504189e+00 2.181840674629608179e-01
1.832973772473202700e+00 2.702288873783519119e+00 2.178529094067207239e-01
1.836294446822307247e+00 2.703030166117059707e+00 2.155986495296437488e-01
1.840070925519401435e+00 2.703881110453535186e+00 2.120991320834311744e-01
1.840168647608553476e+00 2.703905448428722824e+00 2.120204246968067641e-01
1.843908193592352251e+00 2.704717372532671860e+00 2.095943774842895790e-01
1.847637991971418980e+00 2.705559119004402824e+00 2.082057008306053558e-01
1.851151834092183535e+00 2.706351786337914067e+00 2.072899652382560187e-01
1.855338889105114575e+00 2.707243339602677157e+00 2.068805475736474053e-01
1.859396445398117326e+00 2.708089241639704881e+00 2.073692693698391820e-01
1.863179333625963219e+00 2.708893479012170591e+00 2.086707690149010586e-01
1.866908879207153982e+00 2.709692424683121992e+00 2.100211240561713488e-01
1.870420568269081540e+00 2.710440209677350776e+00 2.111402919076164342e-01
1.874233509966778177e+00 2.711256383980989781e+00 2.118748028166192177e-01
1.877828014339336216e+00 2.712034376568034588e+00 2.123416024954714598e-01
1.881519177706424184e+00 2.712846526454301799e+00 2.125619859820391810e-01
1.893133074980647201e+00 2.715364072620613634e+00 2.158327910397774552e-01
1.896610457860677279e+00 2.716121564213431760e+00 2.169677135964527270e-01
1.900598262258220927e+00 2.717019119541874250e+00 2.176192633511648544e-01
1.904057756560807224e+00 2.717821885396172643e+00 2.176922958466852021e-01
1.907748276789730690e+00 2.718651324515482415e+00 2.181952100334276223e-01
1.911659051051913139e+00 2.719531574584125089e+00 2.188763538056436586e-01
1.915445275766783251e+00 2.720394164589334807e+00 2.194469767137778582e-01
1.919127081311822192e+00 2.721239594037532683e+00 2.198052262967855330e-01
1.923293647252969141e+00 2.722203146679845531e+00 2.199314471455663389e-01
1.927155233958562475e+00 2.723109223517682587e+00 2.198810140991817319e-01
1.930621493225534113e+00 2.723896445494204954e+00 2.197607215449404738e-01
1.934714786522705232e+00 2.724830318802359042e+00 2.201202914377109743e-01
1.934817433648140517e+00 2.724853489246068072e+00 2.201352250452949522e-01
1.938402592007366199e+00 2.725679678791315563e+00 2.204857587307606503e-01
1.941779462407958512e+00 2.726456146208863895e+00 2.207639967956048499e-01
1.945413942751726299e+00 2.727322850488437034e+00 2.205257523107735373e-01
1.949437885761478473e+00 2.728293258408917676e+00 2.186405963479964853e-01
1.949533622447807257e+00 2.728311697054804696e+00 2.185866135466541793e-01
1.953391710218173261e+00 2.729198154314812719e+00 2.164475037985022776e-01
1.957135910183791516e+00 2.730067417960807319e+00 2.147205186634421337e-01
1.960920325608306758e+00 2.730925547294923206e+00 2.133715421211222485e-01
1.964845107312241712e+00 2.731795564680221222e+00 2.131637004228389976e-01
1.969057941108611320e+00 2.732698597265318163e+00 2.134433924175879183e-01
1.972772193155870157e+00 2.733512907269974868e+00 2.137300031084256313e-01
1.976683794884729561e+00 2.734372446844741233e+00 2.140423304793578618e-01
1.980294767173444104e+00 2.735166362128597317e+00 2.141891471798283431e-01
1.984257371123962610e+00 2.736021877868568986e+00 2.146914060760709009e-01
1.987876326102513636e+00 2.736812462139913471e+00 2.152951573036441801e-01
1.992141697512890941e+00 2.737756699069102684e+00 2.157645412592925915e-01
1.996477154963332001e+00 2.738712266230111769e+00 2.161379798677456610e-01
2.000389227646119039e+00 2.739576327860769211e+00 2.163959723146510472e-01
2.004429853974631470e+00 2.740470305418405861e+00 2.165300294019025795e-01
2.004532211983440337e+00 2.740494321713971448e+00 2.165350840588357861e-01
2.008339137415116937e+00 2.741323848642305272e+00 2.169803707203339371e-01
2.012563313115952823e+00 2.742242610049322682e+00 2.175339634627333207e-01
2.016583112565939029e+00 2.743123057724839331e+00 2.179790341468338111e-01
2.020590411383959228e+00 2.744027711675489645e+00 2.182767805677706119e-01
2.020692685346694439e+00 2.744050366170379007e+00 2.182865703780596522e-01
2.024498885887640931e+00 2.744877658172964807e+00 2.184820740335136902e-01
2.027877737471979636e+00 2.745648068891832327e+00 2.185692817735470639e-01
2.031464813958600679e+00 2.746454510428379958e+00 2.186424963460072701e-01
2.034968918618426770e+00 2.747241165462625645e+00 2.188198486736710191e-01
2.038563583539859447e+00 2.748061799157444529e+00 2.191140151913949230e-01
2.042261495271023630e+00 2.748890664946644247e+00 2.193446704085080523e-01
2.046677646924481397e+00 2.749887497707113049e+00 2.196035118769353867e-01
2.046779852449212900e+00 2.749914114308698920e+00 2.196090530084328085e-01
2.050776963888625293e+00 2.750824621916934554e+00 2.197679852256039790e-01
2.054868952253654069e+00 2.751751517452250440e+00 2.198437627212452006e-01
2.054971559643077317e+00 2.751778266291633468e+00 2.198460063478205329e-01
2.058897443546485295e+00 2.752663702087877695e+00 2.195904865921359528e-01
2.058997575995836105e+00 2.752686001716273534e+00 2.195751029234087881e-01
2.063231627168656601e+00 2.753685587929487699e+00 2.190912831281494610e-01
2.063336054940997144e+00 2.753709614697069874e+00 2.190799923263382354e-01
2.066991654405013978e+00 2.754563472277194780e+00 2.187019701013278583e-01
2.070745664008199594e+00 2.755437105850629731e+00 2.184040046295637472e-01
2.075133044026687745e+00 2.756427436863657210e+00 2.181607795590388421e-01
2.078694613084508536e+00 2.757238510330157322e+00 2.180556400878946033e-01
2.082166320902609336e+00 2.758013254677118997e+00 2.181598283453711207e-01
2.086053182864702205e+00 2.758893492145551907e+00 2.183376202925193521e-01
2.086157403361935003e+00 2.758916167670907083e+00 2.183425840513836258e-01
2.090348510504974833e+00 2.759850960022881772e+00 2.186440162880254889e-01
2.094038375292261112e+00 2.760666670407005086e+00 2.188915236933436093e-01
2.098017175292914427e+00 2.761576677010995073e+00 2.191211398936198096e-01
2.102007900247612859e+00 2.762478079203225523e+00 2.193415658074718833e-01
2.105771911237884986e+00 2.763327616916172236e+00 2.196027153746389071e-01
2.109144159609525282e+00 2.764096118039166772e+00 2.199179970268606565e-01
2.113014985210439622e+00 2.764980656481179189e+00 2.203665679860724591e-01
2.113218846803196271e+00 2.765027411817313041e+00 2.203864693683304232e-01
2.117805967025872427e+00 2.766063558382038323e+00 2.208098132136423197e-01
2.121565459752741578e+00 2.766925154144644683e+00 2.211119321062846865e-01
2.125433719471445659e+00 2.767817614254177716e+00 2.213901775775687086e-01
2.125535145519402480e+00 2.767841018091003580e+00 2.213986830840020681e-01
2.129294049126440491e+00 2.768710945872450147e+00 2.217075020004969366e-01
2.133066548305010635e+00 2.769576256044173679e+00 2.220299616993560432e-01
2.144790048595878851e+00 2.772268338469274784e+00 2.230702300372915670e-01
2.148443530011142855e+00 2.773124050143994435e+00 2.234306658940778956e-01
2.151979988300085189e+00 2.773944251892428436e+00 2.237519279226208857e-01
2.155633549737848043e+00 2.774779034936705635e+00 2.241069343967484195e-01
2.159369297947197452e+00 2.775633954756420607e+00 2.245295918486610587e-01
2.163222308100901436e+00 2.776519672646834636e+00 2.249606550462012744e-01
2.167345810477746326e+00 2.777466619781459922e+00 2.252876902847035512e-01
2.171062051058643583e+00 2.778339238603839689e+00 2.254377204406174395e-01
2.174780290197436017e+00 2.779200638582624450e+00 2.256651721470638861e-01
2.178503173222280154e+00 2.780078860446121958e+00 2.258581752927219521e-01
2.182627174721545771e+00 2.781034858135126520e+00 2.262023524638407113e-01
2.186341246768546576e+00 2.781905754010939980e+00 2.265842393817984468e-01
2.190160276706914821e+00 2.782781897396283011e+00 2.270291732943130747e-01
2.190261923574560399e+00 2.782807101347006373e+00 2.270377283730928286e-01
2.193995833585639321e+00 2.783692077393889797e+00 2.274932596887641045e-01
2.197595340394886687e+00 2.784525430821549019e+00 2.280052661928034241e-01
2.200996178950857640e+00 2.785328469383397731e+00 2.285341333067955338e-01
2.204996443578196352e+00 2.786279482094737858e+00 2.290744283151076033e-01
2.208919644255564751e+00 2.787207262859309864e+00 2.296312766934309746e-01
2.212630497612395608e+00 2.788078065973845110e+00 2.301745071372711393e-01
2.216328015196309842e+00 2.788946984605099821e+00 2.307576888367732781e-01
2.220337922583032864e+00 2.789904687826000984e+00 2.313641187225760620e-01
2.220435898349524706e+00 2.789926620718532924e+00 2.313815730822551819e-01
2.224712405421217731e+00 2.790944255218550829e+00 2.321061279414528278e-01
2.228557791854636427e+00 2.791861851390703197e+00 2.328532299558433161e-01
2.228658799133260260e+00 2.791883705573073637e+00 2.328701163365081150e-01
2.232542751877915954e+00 2.792811775961233423e+00 2.335380458205451315e-01
2.232644161590386922e+00 2.792835504698372162e+00 2.335502436392382364e-01
2.236613114699840033e+00 2.793790386273185877e+00 2.342727701032275567e-01
2.240096211318967523e+00 2.794631560533865855e+00 2.348342634272686247e-01
2.244270170359432548e+00 2.795626718215090456e+00 2.355576091400765071e-01
2.247560109346389723e+00 2.796416594051421622e+00 2.360835101582319795e-01
2.251404228593407275e+00 2.797330768498357045e+00 2.368665216783703564e-01
2.255349945525082056e+00 2.798299403245447792e+00 2.376582060188104084e-01
2.258904520278997019e+00 2.799162259577743672e+00 2.383361151045576831e-01
2.262249966498996567e+00 2.799984084539052454e+00 2.390498319781662051e-01
2.265589028480023082e+00 2.800804222003110411e+00 2.397035856912178298e-01
2.269234471932841224e+00 2.801715248927091118e+00 2.403969753456697001e-01
2.272945447783698114e+00 2.802635113657396815e+00 2.410867989510113440e-01
2.276573832926876761e+00 2.803540949931359272e+00 2.417305281144476736e-01
2.279795900816816712e+00 2.804344665059538055e+00 2.423074973820113498e-01
2.283604364188992264e+00 2.805299613565475525e+00 2.430697242248587298e-01
2.287202783843123477e+00 2.806199293293952568e+00 2.438233586712599266e-01
2.291200798781291681e+00 2.807205804881205857e+00 2.446785572441148582e-01
2.294803929768894690e+00 2.808120299847643331e+00 2.454194731458010925e-01
2.298696995697534717e+00 2.809109883414654618e+00 2.462352185945753391e-01
2.302367609452083741e+00 2.810039478540842239e+00 2.471121183312151026e-01
2.306027664979363401e+00 2.810971696933064479e+00 2.479924804991662513e-01
2.310078528722997682e+00 2.812007484278672198e+00 2.490140426249733696e-01
2.314005970739105855e+00 2.813012225952244094e+00 2.500740933180394254e-01
2.314100252455187245e+00 2.813037351976194422e+00 2.501019869040768118e-01
2.317829064987969812e+00 2.813990594664210310e+00 2.510945039130148548e-01
2.321577882292781503e+00 2.814953859228580768e+00 2.520238639513289192e-01
2.325410829831941584e+00 2.815966742896359065e+00 2.529248437058104759e-01
2.329146768353294483e+00 2.816937087931630224e+00 2.538182973622082339e-01
2.332198662486075769e+00 2.817741862434862909e+00 2.546188751195854194e-01
2.335725545421054150e+00 2.818671454682281308e+00 2.556081173352959257e-01
2.339255513710423173e+00 2.819591706974516665e+00 2.565505515679821213e-01
2.343262632321843952e+00 2.820651774135367607e+00 2.575838033801444160e-01
2.346485258865822487e+00 2.821510534122102065e+00 2.584810250980496549e-01
2.350456756123718183e+00 2.822569801189999339e+00 2.595897888469315129e-01
2.355093785632907277e+00 2.823822808188054090e+00 2.608604755298832845e-01
2.359163578750231416e+00 2.824924832152015064e+00 2.620080109151552983e-01
2.359258590756209362e+00 2.824949938876902600e+00 2.620308135044760456e-01
2.362350182401600662e+00 2.825799644517235087e+00 2.629963964322422076e-01
2.365917143633561093e+00 2.826754101731319135e+00 2.640686776059004703e-01
2.369007443118618550e+00 2.827606482326833870e+00 2.648780903066036974e-01
2.372454657174669190e+00 2.828555442903815553e+00 2.656359383231085003e-01
2.376090803090258774e+00 2.829561295106076901e+00 2.664693990593462458e-01
2.379625902324532305e+00 2.830532161758779530e+00 2.672762958398744448e-01
2.383084094969581734e+00 2.831502606307092940e+00 2.681091435249633448e-01
2.386788691404640339e+00 2.832511182577564846e+00 2.691551194672763270e-01
2.390121277686356294e+00 2.833438702257260466e+00 2.701487315251522858e-01
2.393539776371509831e+00 2.834395690475148388e+00 2.711431718576402528e-01
2.396739634721294365e+00 2.835298824156939013e+00 2.722292038103967804e-01
2.400785021708994105e+00 2.836440683217303693e+00 2.734562336088362522e-01
2.404660173273476254e+00 2.837534802043289783e+00 2.746240962978026001e-01
2.408331226924021795e+00 2.838573149597396927e+00 2.758094348162580256e-01
2.417982993900127830e+00 2.841344616636509279e+00 2.791124353030821625e-01
2.421263671273460094e+00 2.842297618649577196e+00 2.801992361106214191e-01
2.424358774388761795e+00 2.843177781340034738e+00 2.812192395707646675e-01
2.427537874308955512e+00 2.844101778186570950e+00 2.822773677394940783e-01
2.431238448334052116e+00 2.845188359377466725e+00 2.834908426253989200e-01
2.434217838203668105e+00 2.846069450256134559e+00 2.844704388954764629e-01
2.438013249336936195e+00 2.847166394254093014e+00 2.857865140944459981e-01
2.441251902317501443e+00 2.848124467725987596e+00 2.869335131155951180e-01
2.444380103199237375e+00 2.849052306217678687e+00 2.880752760824423220e-01
2.447408917544470430e+00 2.849959112166304820e+00 2.892070738368429095e-01
2.450960054462270943e+00 2.851013289604729106e+00 2.905646910214376710e-01
2.454573692590686473e+00 2.852100740375469456e+00 2.919919733377260296e-01
2.457807757039782270e+00 2.853096589165524222e+00 2.927759720159964774e-01
2.461050831334234523e+00 2.854097112104695189e+00 2.933064003068174830e-01
2.464285942120526762e+00 2.855101697085093093e+00 2.938368651620601457e-01
2.467345109534316627e+00 2.856041720962950503e+00 2.944685734745456362e-01
2.470845359605569058e+00 2.857114409002964983e+00 2.953303984423367723e-01
2.474421942348944192e+00 2.858197608909648135e+00 2.962972795201236353e-01
2.474510762945474340e+00 2.858225552923260082e+00 2.963212186961520223e-01
2.477459127921382454e+00 2.859132990494194004e+00 2.972836702226089867e-01
2.480226028930101023e+00 2.859977880957591090e+00 2.982304884866763817e-01
2.483069559514549773e+00 2.860855046548813174e+00 2.992464289375874054e-01
2.486353683796383329e+00 2.861874554163961637e+00 3.004236988526253205e-01
2.489634101023386670e+00 2.862888421709142150e+00 3.015966853256879521e-01
2.492990112535792946e+00 2.863935041172085860e+00 3.028249446534883593e-01
2.493076291586546311e+00 2.863964110423236953e+00 3.028575715777552801e-01
2.496426411527430389e+00 2.865017621263514780e+00 3.040659183905468632e-01
2.499758121234825659e+00 2.866077474943275138e+00 3.052871555047066976e-01
2.503011757452066721e+00 2.867114098889537388e+00 3.064673704518813269e-01
2.506160232474203386e+00 2.868120642461680969e+00 3.076140664149309978e-01
2.509140082671221350e+00 2.869080046434863362e+00 3.087248013253811041e-01
2.512100748865067512e+00 2.870027861299790928e+00 3.098986884506381712e-01
2.515390133101031545e+00 2.871091822442518371e+00 3.111961882127640133e-01
2.518939646349207973e+00 2.872253267565081813e+00 3.125437875210842487e-01
2.522043553145554284e+00 2.873269297061927574e+00 3.138064368036824203e-01
2.525306118004587042e+00 2.874321497611909138e+00 3.151338647251295533e-01
2.528049844600522622e+00 2.875214337820410471e+00 3.162777669581339768e-01
2.531373539390687100e+00 2.876308751479937253e+00 3.175768108512872501e-01
2.534237089708857749e+00 2.877276757393686601e+00 3.183950930051112072e-01
2.537366598914704952e+00 2.878364569900320635e+00 3.184766503171468921e-01
2.540207092026224522e+00 2.879326249929503589e+00 3.184150730811670660e-01
2.543151930092466095e+00 2.880315006115207854e+00 3.184285856920738844e-01
2.546389657230836434e+00 2.881410680253601697e+00 3.186765015773397880e-01
2.549473278510864915e+00 2.882454065335233295e+00 3.192175843218469922e-01
2.552411905603560349e+00 2.883431974647954199e+00 3.199192229912710683e-01
2.555087894610423405e+00 2.884323140315173006e+00 3.206931480931859979e-01
2.557824180175383155e+00 2.885235707055224808e+00 3.216752331668062403e-01
2.560801353663966218e+00 2.886237708904520360e+00 3.228712184887615466e-01
2.564100722871868854e+00 2.887331973274350094e+00 3.242054930291363157e-01
2.566991896712371712e+00 2.888300529968842234e+00 3.253041915833825293e-01
2.569953065347435839e+00 2.889295191822650377e+00 3.264874640503376280e-01
2.572982574627705521e+00 2.890318241072278749e+00 3.277240036754399122e-01
2.576243370530383103e+00 2.891423070352642011e+00 3.291218254622998995e-01
2.576324104396631398e+00 2.891449211158237276e+00 3.291561702640622977e-01
2.579404236444631682e+00 2.892503903579657809e+00 3.304050979060670912e-01
2.582015616701434535e+00 2.893410573227527038e+00 3.313950254242587490e-01
2.585331193082512691e+00 2.894572476364987157e+00 3.326793789240894417e-01
2.588074017764494084e+00 2.895524649483257829e+00 3.337503868659843498e-01
2.591045350579225470e+00 2.896568183886989001e+00 3.348896763020974832e-01
2.593991314282171778e+00 2.897599716055368813e+00 3.361664600166875960e-01
2.597077413171488214e+00 2.898683935775516751e+00 3.375591829440516833e-01
2.599864577192936288e+00 2.899667999615962444e+00 3.386749104787866727e-01
2.602791185446152511e+00 2.900702964999021471e+00 3.398802114450406586e-01
2.605471554170657456e+00 2.901643557296931242e+00 3.410558039079355508e-01
2.608440785530805606e+00 2.902743375550858040e+00 3.415215226093829548e-01
2.611252812400972623e+00 2.903801341537505909e+00 3.406408904131093540e-01
2.613825227635548920e+00 2.904756853294936381e+00 3.394738797859804813e-01
2.616706257104651989e+00 2.905807432431919413e+00 3.385174333979356076e-01
2.616783793302894345e+00 2.905837774012452801e+00 3.385030529680777556e-01
2.619382337093222546e+00 2.906781915251540394e+00 3.382480926086748330e-01
2.621852372506496387e+00 2.907653949138409022e+00 3.386413221782710314e-01
2.624840571691346547e+00 2.908714083942512296e+00 3.393413103521197294e-01
2.627838954736155586e+00 2.909782034481057877e+00 3.401334964689897156e-01
2.630599700092411730e+00 2.910752109162683787e+00 3.410202060864674367e-01
2.633348812321501420e+00 2.911736606895142021e+00 3.419301502996637265e-01
2.636165509937026030e+00 2.912753761792737706e+00 3.429129111831255017e-01
2.638598210555476165e+00 2.913617893012613980e+00 3.439118683981068347e-01
2.646209243618527385e+00 2.916360391482084591e+00 3.474082267687855774e-01
2.648632671250414017e+00 2.917230058162292750e+00 3.484560016382803327e-01
