3.000356246259058945e+00 9.999633479024228055e-01 -1.158625266982547358e-04
3.000465206141031960e+00 9.999488129054299179e-01 -1.499245061539030343e-04
3.000487485633842599e+00 9.999426701854511323e-01 -1.202354250916895810e-04
3.000507745433699469e+00 9.999388981197390169e-01 6.184886181571835266e-05
3.000541901606171624e+00 9.999375963086611918e-01 4.326066147176124092e-04
3.000547476679841896e+00 9.999377236340784014e-01 5.069728724298774294e-04
3.000585255950515062e+00 9.999331489574807552e-01 1.021694414162531818e-03
3.000697722399250367e+00 9.999314479990503157e-01 2.891762829046431744e-03
3.000742131596564999e+00 9.999314386718736181e-01 3.933148500106756380e-03
3.000784682235822398e+00 9.999225381940417545e-01 5.103986532149749206e-03
3.000828238013228066e+00 9.999205738342541450e-01 6.572036006447349449e-03
3.000890149380430305e+00 9.999245757810573121e-01 8.540502634830022047e-03
3.000946688191394873e+00 9.999253876352336423e-01 1.028127016248983790e-02
3.000947312343903217e+00 9.999257986573025780e-01 1.033964464641696883e-02
3.001004508089221812e+00 9.999257977249057516e-01 1.231217522017630066e-02
3.001009005731184232e+00 9.999245026072784981e-01 1.237024681650063761e-02
3.001110553653570268e+00 9.999279184269566079e-01 1.491530752674287766e-02
3.001111417255960756e+00 9.999287385502158010e-01 1.498682136817258009e-02
3.001198158236302760e+00 9.999267129812353661e-01 1.772093867340857748e-02
3.001266919186057258e+00 9.999272648699940591e-01 2.074358823374232788e-02
3.001346038090210389e+00 9.999290711263427722e-01 2.395835195275268503e-02
3.001405025517650316e+00 9.999194242273965472e-01 2.739532596080314700e-02
3.001461414406553008e+00 9.999251218629908733e-01 3.112984986189326272e-02
3.001545707261843443e+00 9.999315113069502381e-01 3.561721370336672771e-02
3.001612742313993998e+00 9.999279421579568838e-01 3.967621044155719701e-02
3.001643047327464231e+00 9.999276180882156195e-01 4.452328288565089026e-02
3.001646112019280555e+00 9.999271295467345722e-01 4.465032127169680370e-02
3.001701931610563978e+00 9.999294576883009933e-01 4.912632344965746356e-02
3.001757973030014348e+00 9.999372614378613244e-01 5.500182926200525985e-02
3.001813332478327823e+00 9.999333782821453465e-01 6.038643586350437437e-02
3.001879280177799814e+00 9.999311984462149194e-01 6.713942889143953430e-02
3.001880756256291694e+00 9.999324852986201106e-01 6.729587687384872008e-02
3.001919542515546269e+00 9.999331664750261695e-01 7.313106116739311047e-02
3.001957766900575475e+00 9.999347813641745741e-01 7.852327236082612405e-02
3.002023200324663410e+00 9.999425682911003976e-01 8.474744452228279157e-02
3.002085214120516543e+00 9.999422980261295502e-01 9.164245582646508848e-02
3.002121862813102116e+00 9.999431096749984427e-01 9.789212676968817028e-02
3.002180855276751270e+00 9.999515399770986246e-01 1.044638579324794619e-01
3.002314081010875935e+00 9.999598868222834280e-01 1.129496594625728073e-01
3.002316497058079570e+00 9.999629887428723718e-01 1.131519480898886543e-01
3.002438960905650767e+00 9.999704674516897152e-01 1.213405235028047896e-01
3.002515935662297242e+00 9.999828045348904126e-01 1.283873063714022766e-01
3.002646258485525799e+00 1.000007099679584233e+00 1.359766172341360657e-01
3.002739533274407346e+00 1.000018725232534322e+00 1.432516955176746931e-01
3.002811209445947593e+00 1.000025174256325755e+00 1.515473951346364978e-01
3.002883446126471068e+00 1.000038792407829336e+00 1.596217678850278543e-01
3.002927915032158168e+00 1.000043584635917471e+00 1.684840119071714382e-01
3.002987652708963395e+00 1.000057166590573310e+00 1.764054492096387428e-01
3.003078047764300429e+00 1.000069115577106649e+00 1.851843935627161819e-01
3.003142457950404243e+00 1.000084017767853162e+00 1.940392346812981617e-01
3.003226202268484357e+00 1.000100203306879321e+00 2.021651115452357261e-01
3.003278945948788969e+00 1.000110927949507511e+00 2.098816124131989980e-01
3.003364834459640864e+00 1.000127681243553557e+00 2.172976426636351877e-01
3.003441282586766459e+00 1.000147562723337824e+00 2.250256245379338438e-01
3.003543805709332215e+00 1.000173760220050001e+00 2.331296705437533312e-01
3.003609583058394428e+00 1.000186553970656478e+00 2.408649053075460622e-01
3.003669594924807562e+00 1.000203547530939652e+00 2.493084385536150915e-01
3.003705944476278589e+00 1.000209826882425546e+00 2.578243001155380298e-01
3.003764247987791958e+00 1.000233476939040633e+00 2.658754423127935307e-01
3.003833862377049968e+00 1.000260858865322122e+00 2.752735645754327831e-01
3.003990215874155822e+00 1.000313078621625662e+00 2.836125278771882696e-01
3.004086030540098484e+00 1.000349613230208323e+00 2.917321612451293511e-01
3.004188253195848368e+00 1.000390319744253409e+00 3.015296398701411973e-01
3.004189964971557103e+00 1.000390892775525398e+00 3.017635845017817009e-01
3.004248880593333837e+00 1.000406862406072905e+00 3.103296171257450831e-01
3.004346245749084598e+00 1.000449401205782962e+00 3.184371742018146101e-01
3.004440158405158101e+00 1.000491263865103564e+00 3.270392250378107990e-01
3.004524666502168984e+00 1.000527750062864207e+00 3.352454523296701794e-01
3.004612649343100461e+00 1.000560103321351813e+00 3.436318471169687583e-01
3.004702099315767594e+00 1.000599501202569019e+00 3.521691207061053985e-01
3.004804986115498622e+00 1.000651534621653349e+00 3.597537346794326130e-01
3.004949612101177614e+00 1.000717589347910996e+00 3.698858776996747366e-01
3.004951078995881986e+00 1.000718344415930883e+00 3.701160590449175114e-01
3.005035508022433355e+00 1.000762616926608617e+00 3.779136656576025932e-01
3.005333832747155487e+00 1.000910762929188902e+00 3.980798905763465734e-01
3.005406651627523296e+00 1.000940450675755544e+00 4.056511318649742570e-01
3.005512850812635417e+00 1.000994618294872796e+00 4.132469577589003573e-01
3.005604173865711992e+00 1.001040044127395889e+00 4.213585797019062107e-01
3.005700987866925633e+00 1.001099492530634905e+00 4.298648658707001080e-01
3.005791100776581626e+00 1.001141270313034903e+00 4.379543580936828273e-01
3.005914159455312262e+00 1.001203759856378106e+00 4.464282059749553055e-01
3.006037162754038761e+00 1.001258471058595223e+00 4.544366649512860956e-01
3.006156694727923462e+00 1.001336436190938928e+00 4.626984600418610483e-01
3.006301296944219104e+00 1.001427141286429512e+00 4.717138592724745005e-01
3.006389817303794398e+00 1.001488002547475276e+00 4.804127863359567985e-01
3.006503503434703184e+00 1.001561904885639231e+00 4.888220572695391453e-01
3.006637641474157796e+00 1.001641292114238135e+00 4.978983244445013834e-01
3.006752386465869176e+00 1.001697922883595382e+00 5.058163333575614873e-01
3.006815929105666640e+00 1.001742549413300543e+00 5.138877375745374287e-01
3.006892860118369537e+00 1.001809693290854675e+00 5.220941652305675085e-01
3.006982708722929054e+00 1.001871399478290403e+00 5.302462026735607070e-01
3.007078533833744682e+00 1.001935682188916266e+00 5.394255382452066705e-01
3.007178300821967021e+00 1.001994500205247496e+00 5.479744608534812267e-01
3.007288419261989532e+00 1.002074002435941358e+00 5.567517850274902314e-01
3.007291033587807583e+00 1.002078008713310098e+00 5.569827249784172762e-01
3.007381593365519024e+00 1.002142441087968905e+00 5.656695330545260525e-01
3.007477354417190885e+00 1.002218868726539203e+00 5.742479618215444725e-01
3.007578679526298426e+00 1.002298392099825186e+00 5.825052980894840360e-01
3.007655585973705747e+00 1.002359186431799110e+00 5.907920777882823549e-01
3.007753555469849349e+00 1.002415435570519486e+00 5.989437601444193016e-01
3.007844797301884476e+00 1.002484091861605142e+00 6.073350412533157217e-01
3.007930221485335398e+00 1.002562639283759660e+00 6.164064352115150580e-01
3.007933780382641586e+00 1.002566608008391480e+00 6.168546157860705925e-01
3.008019980195737464e+00 1.002638935618437310e+00 6.259019022771220575e-01
3.008101941852774353e+00 1.002712308664986951e+00 6.344735560967746935e-01
3.008206190789745271e+00 1.002789505519957158e+00 6.427876531446404806e-01
3.008207281876142059e+00 1.002791210418554346e+00 6.430173218267495328e-01
3.008254825273278588e+00 1.002840925868864197e+00 6.504825794788565707e-01
3.008255186044221929e+00 1.002843065071901574e+00 6.507151816984823034e-01
3.008318404240075239e+00 1.002901959456276693e+00 6.590322051568816564e-01
3.008375357736921885e+00 1.002956292683271355e+00 6.671255692677456883e-01
3.008426378888815034e+00 1.003003588635652088e+00 6.752196190625661121e-01
3.008494309170988590e+00 1.003082945879799182e+00 6.841922643388490544e-01
3.008498938989176086e+00 1.003083519105904653e+00 6.844245116814046126e-01
3.008576171796495391e+00 1.003166823970488952e+00 6.931594157503980780e-01
3.008679193909327143e+00 1.003245314018953005e+00 7.019752525706883794e-01
3.008735578422415013e+00 1.003300909731136725e+00 7.110063503835200027e-01
3.008758836757674970e+00 1.003321789098065908e+00 7.186848107317558298e-01
3.008799500701108354e+00 1.003359661767192268e+00 7.265782347917419948e-01
3.008868934229088410e+00 1.003418759554902007e+00 7.356154555284618590e-01
3.008924406677196739e+00 1.003481885761478676e+00 7.442935278751200423e-01
3.009000823375073796e+00 1.003537382831810154e+00 7.531928313950849718e-01
3.009063792937974657e+00 1.003611057579591126e+00 7.613980045222641380e-01
3.009131358882890517e+00 1.003672858539328194e+00 7.694635691591558135e-01
3.009177636961488211e+00 1.003734859408810687e+00 7.779633326214223654e-01
3.009220018297095844e+00 1.003791556500133630e+00 7.872324072498987357e-01
3.009222170266028229e+00 1.003791883340655833e+00 7.874695803264405436e-01
3.009280963570414968e+00 1.003864336272711100e+00 7.962611924509621630e-01
3.009368177984697912e+00 1.003971927360467253e+00 8.042371454686385590e-01
3.009439146850566793e+00 1.004063857602246923e+00 8.125478800855068240e-01
3.009501447637825233e+00 1.004144252651726132e+00 8.214208671933721506e-01
3.009573696847758217e+00 1.004220687633708975e+00 8.294605336509713878e-01
3.009613310420512278e+00 1.004300494111767472e+00 8.380310899332157337e-01
3.009736927168026099e+00 1.004468306024545843e+00 8.597649796495281382e-01
3.009785769328869431e+00 1.004533163661910589e+00 8.681459061815705036e-01
3.009851014092660648e+00 1.004628282017667074e+00 8.767968442519075145e-01
3.009895048247177129e+00 1.004696083062417644e+00 8.850213616227052826e-01
3.009947596916652479e+00 1.004759272815489046e+00 8.933779265607514342e-01
3.010021422743393682e+00 1.004856050859035399e+00 9.011774973833270863e-01
3.010076875040780475e+00 1.004946285612476231e+00 9.105433944889405051e-01
3.010120474237191868e+00 1.005033007564973158e+00 9.189171244611351597e-01
3.010193884095686556e+00 1.005146174210800325e+00 9.283226745530289703e-01
3.010245695034374336e+00 1.005228646343583110e+00 9.366431703538953268e-01
3.010283861516382942e+00 1.005302966955639032e+00 9.452850768125073966e-01
3.010321558649286633e+00 1.005371029705507180e+00 9.545060209344465862e-01
3.010321477592746930e+00 1.005370413795170226e+00 9.547489644123079433e-01
3.010353847476830325e+00 1.005455225804769981e+00 9.643079614589401549e-01
3.010432780486348214e+00 1.005579625129545240e+00 9.728626931716727322e-01
3.010508991602435458e+00 1.005685110664354509e+00 9.815100978570655554e-01
3.010546425254819081e+00 1.005758706298632843e+00 9.902218246499828735e-01
3.010608951042425208e+00 1.005857463333413637e+00 9.985908886325874922e-01
3.010643170374533106e+00 1.005917843751097607e+00 1.007678198851257534e+00
3.010685185352736770e+00 1.005997766301496954e+00 1.016332125368704542e+00
3.010738308516664574e+00 1.006069479054130023e+00 1.024732998387209326e+00
3.010779789496738079e+00 1.006142395272243917e+00 1.032452301215412982e+00
3.010821204174805032e+00 1.006223995730014975e+00 1.040116342029900665e+00
3.010868074248520543e+00 1.006305986166527111e+00 1.048705682218050717e+00
3.010905038276724621e+00 1.006405083165794023e+00 1.056693743627699078e+00
3.010926838160931762e+00 1.006463755210333044e+00 1.064903063288653584e+00
3.010961976612259949e+00 1.006531661078824857e+00 1.072784503146492430e+00
3.010990996031107869e+00 1.006602354250234921e+00 1.081415916508844610e+00
3.011014572459566274e+00 1.006673720945356232e+00 1.089705398373808087e+00
3.011051827854971830e+00 1.006771552070380826e+00 1.097876757831105721e+00
3.011085487198214672e+00 1.006875761849550743e+00 1.106982574151159637e+00
3.011113729206181588e+00 1.006948488640579065e+00 1.114815109652915526e+00
3.011147663509317951e+00 1.007059184279342823e+00 1.124583126592991533e+00
3.011191817907995283e+00 1.007155033457864057e+00 1.133334500212638041e+00
3.011227742093832038e+00 1.007272855794303368e+00 1.143841242422480420e+00
3.011262383070306470e+00 1.007369174004572487e+00 1.152124193011638376e+00
3.011300948752394291e+00 1.007486651388517673e+00 1.160510256105524718e+00
3.011324432838306642e+00 1.007557040960698425e+00 1.169889614512452214e+00
3.011348397893166329e+00 1.007645925876484494e+00 1.179161739683984411e+00
3.011370983542494884e+00 1.007720812426137202e+00 1.188443277249559671e+00
3.011410460352961671e+00 1.007816055123509358e+00 1.197280115143321888e+00
3.011433682429717429e+00 1.007916241094713117e+00 1.205615282612377825e+00
3.011466091637260423e+00 1.008060765422200245e+00 1.213853981529434689e+00
3.011480331608522132e+00 1.008164700566572591e+00 1.221209054835592056e+00
3.011524048226374095e+00 1.008275129813870574e+00 1.229117469353823155e+00
3.011541586426898398e+00 1.008333377596753344e+00 1.238327379821891894e+00
3.011539618514989858e+00 1.008335537485840261e+00 1.238567762499803271e+00
3.011574133892641836e+00 1.008442880196467772e+00 1.247227039342879928e+00
3.011600061149957597e+00 1.008530883722553506e+00 1.255386633796355289e+00
3.011648427293527330e+00 1.008765107055402455e+00 1.277030686338279208e+00
3.011669198933732972e+00 1.008882405838694707e+00 1.286214272360775235e+00
3.011697666194025569e+00 1.009018346240422082e+00 1.294753450278489426e+00
3.011712369914416154e+00 1.009124646620662480e+00 1.303869962244112113e+00
3.011737618753144829e+00 1.009254612380771299e+00 1.312821588977357568e+00
3.011759023210461184e+00 1.009364720327291298e+00 1.321365811073621055e+00
3.011770440572437479e+00 1.009472132562632796e+00 1.331509839313502308e+00
3.011787754194149791e+00 1.009565576983712853e+00 1.339167395781898584e+00
3.011785278468111837e+00 1.009648762915167808e+00 1.347108320546362981e+00
3.011791873797205810e+00 1.009760494846448919e+00 1.355555007070737172e+00
3.011794523380872945e+00 1.009863354343430109e+00 1.364014783458957103e+00
3.011795490110861451e+00 1.009924529203788390e+00 1.373315524159909984e+00
3.011796358899592185e+00 1.009928780037169682e+00 1.373549612204700843e+00
3.011823008182620054e+00 1.010055031480782128e+00 1.382377092575264310e+00
3.011829804756896767e+00 1.010191442882645285e+00 1.391068361526693220e+00
3.011831100635383063e+00 1.010195415749995718e+00 1.391292666385675725e+00
3.011843833468291098e+00 1.010279037212922448e+00 1.399655681516628336e+00
3.011859164275260348e+00 1.010407640963135512e+00 1.408648751586721870e+00
3.011861245226353123e+00 1.010516525006615263e+00 1.418211769548037848e+00
3.011860905879924388e+00 1.010521700543325352e+00 1.418449336397394678e+00
3.011863016344858313e+00 1.010587115466581309e+00 1.426331093986882514e+00
3.011867224264413778e+00 1.010690317708528241e+00 1.433734329469119606e+00
3.011867027769734584e+00 1.010798205947460726e+00 1.442137803137300223e+00
3.011876889949816949e+00 1.010909842499223332e+00 1.450468295217351766e+00
3.011877384179968420e+00 1.011001804469840781e+00 1.458929075428573974e+00
3.011890041515972172e+00 1.011123356595493572e+00 1.467671644256462571e+00
3.011893387469254169e+00 1.011243626430779141e+00 1.477047912892839099e+00
3.011896820487655724e+00 1.011350623444119190e+00 1.486044713470528800e+00
3.011898404248371186e+00 1.011355812361958595e+00 1.486278800309256853e+00
3.011909608381603487e+00 1.011457810995084472e+00 1.494642214881951814e+00
3.011892184481634427e+00 1.011549978013720263e+00 1.503545442739686377e+00
3.011888489276329128e+00 1.011580909141113205e+00 1.510304320563481850e+00
3.011883979816169621e+00 1.011615053544636211e+00 1.515138170783650651e+00
3.011877119670673508e+00 1.011744208158630087e+00 1.523999610760219836e+00
3.011870196910297004e+00 1.011829800618603059e+00 1.533069179330110332e+00
3.011866189112845760e+00 1.011939530007858412e+00 1.541580267680254135e+00
3.011856429963424286e+00 1.012067157830011777e+00 1.550858723852094556e+00
3.011857744862741271e+00 1.012073012895846835e+00 1.551092907808357069e+00
3.011848289448444849e+00 1.012159141512256832e+00 1.560457881738786634e+00
3.011833606143444975e+00 1.012250881501933319e+00 1.568286675772886829e+00
3.011829880951107707e+00 1.012345781281313029e+00 1.576879530269679419e+00
3.011820929240727196e+00 1.012455005606427427e+00 1.585941694293306670e+00
3.011808294360143190e+00 1.012560888796150138e+00 1.595071480559571375e+00
3.011791393873787470e+00 1.012645126246682015e+00 1.603686882053160456e+00
3.011790626175133934e+00 1.012770734491587721e+00 1.613342276420322463e+00
3.011788900657605961e+00 1.012861562559978612e+00 1.621334252835767265e+00
3.011773730882384204e+00 1.012980853456486807e+00 1.630514385405113842e+00
3.011758062597702956e+00 1.013095121341864635e+00 1.639730845248198454e+00
3.011754484138242205e+00 1.013208135579232394e+00 1.648292766428229639e+00
3.011731058671895944e+00 1.013324595913045023e+00 1.656966325433953280e+00
3.011733400489640555e+00 1.013327219758774600e+00 1.657199776213254427e+00
3.011726996342202867e+00 1.013450243749787871e+00 1.665732831058615027e+00
3.011704600781765606e+00 1.013565323623320191e+00 1.674787723803898176e+00
3.011704306347214199e+00 1.013570104141128914e+00 1.675020796129054856e+00
3.011688663007494604e+00 1.013656594889266405e+00 1.683128238515082975e+00
3.011667693243379240e+00 1.013765005463278523e+00 1.691680807319640323e+00
3.011640873710957234e+00 1.013883924974588124e+00 1.700134287120874887e+00
3.011612740990796677e+00 1.013995892602237214e+00 1.708516737410346487e+00
3.011587433781674594e+00 1.014096300177742771e+00 1.717882388342770517e+00
3.011574823178981841e+00 1.014151030502540740e+00 1.725494857294981754e+00
3.011540053156731567e+00 1.014279626815640434e+00 1.733258390832989715e+00
3.011509652061167497e+00 1.014383162690740248e+00 1.741316902149304457e+00
3.011494111667045281e+00 1.014506785242949682e+00 1.749894452438553127e+00
3.011454962224694221e+00 1.014631347771316694e+00 1.758553726548636620e+00
3.011426746759854556e+00 1.014743294053952249e+00 1.766666183518170730e+00
3.011409951111740035e+00 1.014852512591256639e+00 1.774573458044962138e+00
3.011390664398442940e+00 1.014957235900154409e+00 1.782554388133147150e+00
3.011309822689530069e+00 1.015254590515398458e+00 1.802968642919546616e+00
3.011295808249243144e+00 1.015382691472211052e+00 1.811361367625603735e+00
3.011260001967357880e+00 1.015491766721249745e+00 1.820364408272111323e+00
3.011200733657316775e+00 1.015641876213490225e+00 1.829815085802455110e+00
3.011141256456491444e+00 1.015795739878788240e+00 1.838633681488453187e+00
3.011137483569994888e+00 1.015802901337725217e+00 1.838863752967389686e+00
3.011098133566878943e+00 1.015900551990704948e+00 1.846772307547408287e+00
3.011057832069188311e+00 1.016001604789996238e+00 1.854989880637948341e+00
3.011018948423935804e+00 1.016135351291161948e+00 1.864536443858818116e+00
3.010961429107055665e+00 1.016278615453971579e+00 1.872629704569823250e+00
3.010927775166848175e+00 1.016371724480197303e+00 1.880170696667928354e+00
3.010886613128942901e+00 1.016474754437425299e+00 1.889154747323689154e+00
3.010850997026315756e+00 1.016554837591227445e+00 1.896754095546779428e+00
3.010791291135176184e+00 1.016681183787688791e+00 1.906133128484709838e+00
3.010735937719942079e+00 1.016794384690151265e+00 1.914694286476822827e+00
3.010696894256467360e+00 1.016908362810622357e+00 1.922802529676765459e+00
3.010647214689365025e+00 1.017001143326579093e+00 1.930533390070640953e+00
3.010636776509914014e+00 1.017039017617708652e+00 1.938565795583509610e+00
3.010603094201651508e+00 1.017094219441058156e+00 1.946167362498559594e+00
3.010543219149750094e+00 1.017202584834246748e+00 1.954282527511302270e+00
3.010538357646064256e+00 1.017214953247926656e+00 1.955199325740029526e+00
3.010493654341391156e+00 1.017353154865457743e+00 1.964994016059173010e+00
3.010456557982247983e+00 1.017460629834393560e+00 1.973153325497521315e+00
3.010406314125188665e+00 1.017572210910816732e+00 1.981941341256755251e+00
3.010349127529880153e+00 1.017680196803908643e+00 1.990808287738954352e+00
3.010288959398280006e+00 1.017805216029219251e+00 1.999311169492539175e+00
3.010231748013505904e+00 1.017921863993220599e+00 2.007440938344580150e+00
3.010174069118762841e+00 1.018009282831654261e+00 2.015562804938118457e+00
3.010121347397614500e+00 1.018116127626188083e+00 2.024546175250371949e+00
3.010071459269147987e+00 1.018251602730281924e+00 2.034296182482663973e+00
3.010016643994590346e+00 1.018345428748370640e+00 2.043020809506595814e+00
3.009969453609179002e+00 1.018432271380155019e+00 2.051169398236670105e+00
3.009913117656113357e+00 1.018546636491544977e+00 2.060491423648909137e+00
3.009849692825163459e+00 1.018683306952221868e+00 2.069310968665299733e+00
3.009791505692330116e+00 1.018798996448449179e+00 2.078422010832976952e+00
3.009742622738003526e+00 1.018877559014030654e+00 2.086885272737931007e+00
3.009681919131901306e+00 1.018971127364986629e+00 2.095896128858484087e+00
3.009624903134053842e+00 1.019052127187850099e+00 2.104282093990413660e+00
3.009566635753305075e+00 1.019140106063825879e+00 2.112359964621763453e+00
3.009508294300938136e+00 1.019245253223011627e+00 2.120642626038273360e+00
3.009451577901033126e+00 1.019364654487290300e+00 2.129281674838955585e+00
3.009394589539027276e+00 1.019491557932247883e+00 2.137247380203545433e+00
3.009394423069383873e+00 1.019495148501026405e+00 2.137479648391062526e+00
3.009336088264136677e+00 1.019595504650117057e+00 2.146116565796041264e+00
3.009259398581014988e+00 1.019692623814591581e+00 2.154813410543712227e+00
3.009158604034563478e+00 1.019819962564001425e+00 2.164143972126440829e+00
3.009095065536032454e+00 1.019887708433346862e+00 2.172299464250390777e+00
3.009039710277441326e+00 1.019990418923983011e+00 2.180671086212409016e+00
3.008956331157709219e+00 1.020080840557708646e+00 2.188236821142465871e+00
3.008884417561422886e+00 1.020165008004587870e+00 2.196214807961600179e+00
3.008807424434768230e+00 1.020246833826621291e+00 2.204844982413100229e+00
3.008737143730543906e+00 1.020324849688966307e+00 2.213044594165785028e+00
3.008648649947855080e+00 1.020418239766795798e+00 2.221650660159414592e+00
3.008569012051963920e+00 1.020512677522758427e+00 2.231092119340890800e+00
3.008476706437948511e+00 1.020624251778230462e+00 2.240774187016715047e+00
3.008430836353177984e+00 1.020679244383635886e+00 2.250194498198542004e+00
3.008353620507115966e+00 1.020755558280901365e+00 2.258412058193416172e+00
3.008255255564518116e+00 1.020883496086756992e+00 2.268122445421145716e+00
3.008253617067164321e+00 1.020887721531669845e+00 2.268355107737710874e+00
3.008170519727791703e+00 1.020982531067069488e+00 2.277332257852830555e+00
3.008092059678582064e+00 1.021057200484862371e+00 2.285247505272999025e+00
3.007915748242361520e+00 1.021263006478137614e+00 2.306545477071618055e+00
3.007822435205948164e+00 1.021350782601658791e+00 2.315775225774762358e+00
3.007768487117199463e+00 1.021412791033105227e+00 2.323534631330534950e+00
3.007124106217935022e+00 1.022096130245450762e+00 2.331482304147873830e+00
3.004240711516169338e+00 1.025058939954200499e+00 2.340923305260204312e+00
2.998995659536321856e+00 1.030386616219337137e+00 2.350471379655356241e+00
2.990500872860613502e+00 1.038847271569227848e+00 2.360527221527811470e+00
2.981481895614956468e+00 1.047694123576247582e+00 2.367083740687376814e+00
2.971058196397515783e+00 1.057737857814556426e+00 2.371820706070158380e+00
2.959646552341538062e+00 1.068427506413019312e+00 2.376179340369518389e+00
2.959355176059549564e+00 1.068691750008154973e+00 2.376276565987688993e+00
2.948236806284105338e+00 1.078871520012370411e+00 2.378983166600161070e+00
2.938198578640943914e+00 1.088043885758698037e+00 2.380802048067219179e+00
2.937042390287635474e+00 1.089100278685706469e+00 2.380735366279786991e+00
2.926629807358434476e+00 1.098650786300858995e+00 2.381778589292603332e+00
2.916507604379789509e+00 1.107993694322478850e+00 2.380777845062364229e+00
2.904788245039674255e+00 1.118634416932189568e+00 2.377444295810234642e+00
2.893826401329117282e+00 1.128847246506616608e+00 2.374084390536451483e+00
2.884301420861071108e+00 1.137840566733436809e+00 2.370656664625933274e+00
2.874059679462614092e+00 1.147560149293818110e+00 2.366477862030467172e+00
2.861837757774181146e+00 1.159333950615794029e+00 2.361093902856952198e+00
2.850975947941852162e+00 1.169896380944515091e+00 2.355844630068023804e+00
2.839682030256148515e+00 1.181094049545176272e+00 2.350911009813700492e+00
2.827626610966508913e+00 1.193161889503450812e+00 2.346073117299015465e+00
2.816741328656162224e+00 1.204212384340210384e+00 2.342162679440830786e+00
2.805820810101034901e+00 1.215413822410027711e+00 2.339153392635583195e+00
2.794386438560891417e+00 1.227276921132033571e+00 2.336875714375355795e+00
2.783594667067407880e+00 1.238551211024333965e+00 2.335701939448701303e+00
2.772180142720402696e+00 1.250491857655220418e+00 2.335318190819709816e+00
2.762321996254704093e+00 1.260828623946593341e+00 2.335119243110441722e+00
2.751566999780551193e+00 1.272082553173421893e+00 2.335077677718167877e+00
2.739743505351917907e+00 1.284453785717293073e+00 2.334940004180598105e+00
2.729448446916831195e+00 1.295194040077360276e+00 2.334371892493401379e+00
2.719501441192467173e+00 1.305552084917676048e+00 2.333535843059480364e+00
2.707885865923005841e+00 1.317656078640504713e+00 2.332534293809142234e+00
2.697136445631099555e+00 1.328871985383317744e+00 2.331533130060325476e+00
2.686709898974626753e+00 1.339772799402680015e+00 2.330741537245220485e+00
2.675159365643861697e+00 1.351855066425123431e+00 2.329866779763254403e+00
2.665924454807291788e+00 1.361556919939405308e+00 2.329235262272688622e+00
2.656080821752861532e+00 1.371844964832067415e+00 2.327849397424877065e+00
2.646025682640614551e+00 1.382348491205634300e+00 2.325241464197779884e+00
2.636265202892548842e+00 1.392663639381916951e+00 2.323149879952569830e+00
2.628935782727252146e+00 1.400462880808946986e+00 2.322024539443740210e+00
2.625669267667064766e+00 1.403965561486926639e+00 2.321686260447999750e+00
2.616475265207371947e+00 1.413754466534780097e+00 2.320578347493965410e+00
2.606194004870182823e+00 1.424658269928479770e+00 2.317917843124181587e+00
2.595693516565558578e+00 1.435895832725862187e+00 2.314830530907627804e+00
2.586268544454407792e+00 1.446107390912413138e+00 2.312992642502771812e+00
2.576592625628586930e+00 1.456700094468512896e+00 2.311972956551518799e+00
2.567718232028178171e+00 1.466403529764573443e+00 2.311503559516083328e+00
2.557290086215998848e+00 1.477740407214442664e+00 2.310011212809212289e+00
2.557044031801333439e+00 1.478010898767329273e+00 2.309960908020449732e+00
2.547232515770664119e+00 1.488626455622766409e+00 2.307488524262399476e+00
2.538033672040477029e+00 1.498672979577799103e+00 2.304726699234641796e+00
2.528771208148479666e+00 1.508829494401435323e+00 2.302218700723244638e+00
2.519621001995887788e+00 1.519028092480179559e+00 2.300830137000050346e+00
2.510801049325174894e+00 1.528869014262796089e+00 2.299596519660297655e+00
2.501805709305176428e+00 1.538892308874100667e+00 2.298006184045690237e+00
2.492857658178096791e+00 1.548903212650382333e+00 2.296909322798099229e+00
2.483699618941094922e+00 1.559052892918396882e+00 2.294504005220230791e+00
2.483465591630911629e+00 1.559310693418603400e+00 2.294422177750670144e+00
2.474166321692923720e+00 1.569680521043131272e+00 2.290971122810821381e+00
2.465881583996945459e+00 1.578985321308197687e+00 2.287887050150337220e+00
2.456246786971053808e+00 1.589935949178739705e+00 2.284528885382335783e+00
2.447568579054490545e+00 1.599921075735007303e+00 2.282547171519089702e+00
2.438710489116935332e+00 1.610096535950509722e+00 2.279600281358905356e+00
2.429428781497276812e+00 1.620875203590964819e+00 2.276869735639800663e+00
2.421373704950815942e+00 1.630272480477896302e+00 2.274948110567190707e+00
2.401508696189763814e+00 1.653482805205437112e+00 2.266921178261700032e+00
2.392884051126669576e+00 1.663685819847875003e+00 2.263336732437767562e+00
2.392676198993741288e+00 1.663937077389149533e+00 2.263256911058511456e+00
2.385042307085531554e+00 1.673002281352847564e+00 2.260288876654946044e+00
2.377437615310217023e+00 1.682153597338126527e+00 2.257334808914139401e+00
2.369992295666566662e+00 1.691105139673060975e+00 2.254074932527592612e+00
2.362867891671542431e+00 1.699737130324472600e+00 2.250359788906438840e+00
2.355931065685415327e+00 1.708181450351934805e+00 2.245873153932582245e+00
2.349494569464317451e+00 1.716124370179684000e+00 2.241986386657161212e+00
2.342544112345482432e+00 1.724740292300852351e+00 2.237702808281483602e+00
2.335153840970736194e+00 1.734076709662239590e+00 2.232421017941173869e+00
2.328611438515435950e+00 1.742415565049131310e+00 2.228790239894144598e+00
2.322053670306591489e+00 1.750875861489094687e+00 2.225230798902845919e+00
2.315592902927180230e+00 1.759184465705570410e+00 2.220756950526934226e+00
2.309360638815950217e+00 1.767367341148227355e+00 2.216169505825029695e+00
2.302828768400880577e+00 1.775936671375870191e+00 2.211462674684947949e+00
2.302661661095634749e+00 1.776153664671827004e+00 2.211339235912301859e+00
2.296097392885229294e+00 1.784831922354883194e+00 2.206308457117528654e+00
2.290620901802231213e+00 1.792121715783122182e+00 2.200617071881310061e+00
2.285146814813614036e+00 1.799588142571309834e+00 2.194503182362423477e+00
2.278296047722306206e+00 1.809037741125987253e+00 2.188668610704106676e+00
2.271936936960531561e+00 1.817936820776607121e+00 2.183535984704312760e+00
2.271788972327533074e+00 1.818149405591807488e+00 2.183413259796955330e+00
2.266877547184398267e+00 1.825040499082789092e+00 2.179576423920104755e+00
2.261765257832913711e+00 1.832342491460930756e+00 2.175869381193353824e+00
2.255922466386440561e+00 1.840665483353474130e+00 2.171101685380599555e+00
2.250112256153375956e+00 1.848939551561376460e+00 2.164907749921367586e+00
2.244890579637603079e+00 1.856563019358111521e+00 2.158181163217578025e+00
2.239617800808647807e+00 1.864382777349215203e+00 2.150521012702701018e+00
2.234556206436123738e+00 1.872030930056559406e+00 2.142673150685348915e+00
2.234426252359910325e+00 1.872225252608220369e+00 2.142490322782944379e+00
2.229750855790592290e+00 1.879404528656040352e+00 2.136112532911993878e+00
2.225327971555926876e+00 1.886267419101669063e+00 2.130387823012291015e+00
2.221069796212258751e+00 1.892942113803740112e+00 2.124491138756146924e+00
2.216799021469586517e+00 1.899779508333052203e+00 2.117489228641684207e+00
2.212835935792578201e+00 1.906329189781771349e+00 2.110810929212247000e+00
2.208813401213661098e+00 1.912998763244849076e+00 2.105332965480676499e+00
2.204701391080141626e+00 1.919826892947747554e+00 2.099643700032519877e+00
2.201081236982656897e+00 1.925901997324314774e+00 2.094001680912554342e+00
2.197379134920358190e+00 1.932338647194413728e+00 2.087516390199429139e+00
2.193170680888763435e+00 1.939582523333548636e+00 2.079184756843728277e+00
2.189489018184657798e+00 1.946079144930890070e+00 2.072148990242930200e+00
2.185698871813604782e+00 1.952964329494221385e+00 2.065362504143894551e+00
2.182568541276722396e+00 1.958700067435036107e+00 2.059559430561206828e+00
2.179395192719797425e+00 1.964537929344272627e+00 2.052977766987120756e+00
2.175829426089445739e+00 1.971161531406251610e+00 2.044907151832433101e+00
2.175746252634373157e+00 1.971327909387227795e+00 2.044694531401203275e+00
2.172504661768404066e+00 1.977565749660154859e+00 2.036772518422035549e+00
2.169290277910916220e+00 1.983780551745176535e+00 2.028927229899846640e+00
2.166150295103796530e+00 1.990131145778155197e+00 2.020985616498153004e+00
2.162949995306656881e+00 1.996684692673894812e+00 2.013070273068190197e+00
2.159942332915213647e+00 2.002941073980742726e+00 2.004884006557443588e+00
2.157358350665375735e+00 2.008407337528260506e+00 1.997551520710767692e+00
2.154644497638109613e+00 2.014267874750520271e+00 1.989551069887258050e+00
2.148149641504642382e+00 2.028710395077323092e+00 1.969870107433328688e+00
2.145615561459518705e+00 2.034629500838299521e+00 1.961723264859202009e+00
2.143248272595296822e+00 2.040276705608327745e+00 1.953806221513479047e+00
2.141076733945650901e+00 2.045649380058579325e+00 1.946027317013049984e+00
2.138881208594231254e+00 2.051203255503720513e+00 1.937785149334715351e+00
2.136443779945996546e+00 2.057490673388369107e+00 1.928282623529626649e+00
2.134542568689125730e+00 2.062529991246032424e+00 1.920730225293225235e+00
2.132710582931788057e+00 2.067512520251135744e+00 1.913179731212589108e+00
2.130937658320553929e+00 2.072426488454802040e+00 1.905562980203103551e+00
2.129012884948739526e+00 2.077852511149323789e+00 1.897252131618538229e+00
2.127036417730699291e+00 2.083621066859576487e+00 1.888356399162918198e+00
2.125171887314253993e+00 2.089187124684928065e+00 1.879690107830957135e+00
2.125123083008699787e+00 2.089335559199978931e+00 1.879469103830053056e+00
2.123400145294300323e+00 2.094622261717885348e+00 1.871279147816274468e+00
2.121745197431716967e+00 2.099959234988717505e+00 1.862867365281563492e+00
2.119997932756069847e+00 2.105582874964040396e+00 1.854041604674094401e+00
2.119948830840550080e+00 2.105728623529276256e+00 1.853822876759269711e+00
2.118277570321343006e+00 2.111257768340139229e+00 1.845113483366946250e+00
2.116745268177235406e+00 2.116618813031431401e+00 1.836542916721910945e+00
2.115319543555052029e+00 2.121811063684043042e+00 1.828114684976004156e+00
2.113915646740310184e+00 2.126942848017561616e+00 1.819897700050200129e+00
2.112555735841628923e+00 2.132177184296086381e+00 1.811404465526748941e+00
2.111339370885221278e+00 2.137032928911035690e+00 1.802194757126833524e+00
2.110843520786413130e+00 2.138999288619645611e+00 1.793898372087068260e+00
2.110811723534114392e+00 2.139064220790154014e+00 1.784761403099639043e+00
2.110801681784745476e+00 2.138942408221115254e+00 1.776258354628038161e+00
2.110659806566635766e+00 2.139535549670069869e+00 1.767344181670826408e+00
2.110053862873734865e+00 2.142614902587726355e+00 1.758959579273515761e+00
2.109165850809570308e+00 2.147382679681387962e+00 1.750492582885394777e+00
2.108193598729727114e+00 2.152792355408972291e+00 1.741206810234545044e+00
2.107433525753805270e+00 2.157327511051511770e+00 1.733233363305793473e+00
2.106643233495250733e+00 2.162223215710564084e+00 1.724470903578593672e+00
2.105859465326899382e+00 2.167362817248987383e+00 1.715170278440237395e+00
2.105116054454744923e+00 2.172593074389783219e+00 1.705655955568811111e+00
2.104494947340379341e+00 2.177131959088575819e+00 1.697376801837056748e+00
2.103826725404001508e+00 2.182389338211915941e+00 1.687833691635073796e+00
2.103240394089623599e+00 2.187468469833377949e+00 1.678605915040856988e+00
2.103225642173478072e+00 2.187601201111334603e+00 1.678369721331033571e+00
2.102690926907051061e+00 2.192376029594095499e+00 1.669647615036423671e+00
2.102195821141526366e+00 2.197122457029820453e+00 1.660959452935803160e+00
2.101747399248832693e+00 2.201850967010053672e+00 1.652155613437931159e+00
2.101343424774975599e+00 2.206659488580230644e+00 1.643047564346134637e+00
2.100971866116193798e+00 2.211463019880416603e+00 1.634010837219745937e+00
2.100642148933713926e+00 2.216185901314139173e+00 1.625107904784115265e+00
2.100357041906232070e+00 2.221121604097681335e+00 1.615799872211588051e+00
2.100195734158017746e+00 2.224631874212821714e+00 1.606981602684938393e+00
2.100169496278293746e+00 2.225566309807830656e+00 1.598097687840992043e+00
2.100140292226898353e+00 2.225546700504675623e+00 1.588748971091697548e+00
2.100083297127361970e+00 2.226489753248469761e+00 1.580883404275271742e+00
2.100052709909546955e+00 2.230001771499314334e+00 1.572661801227242862e+00
2.100049866943598964e+00 2.234303050855535933e+00 1.564237229662143402e+00
2.100090435963662294e+00 2.238824953778384419e+00 1.555273513433245824e+00
2.100152183214434309e+00 2.242953791114216777e+00 1.547069051002337936e+00
2.100288473636862552e+00 2.248400577155181601e+00 1.536149628251860966e+00
2.100764926115797238e+00 2.259501733356928277e+00 1.513841393650776856e+00
2.100771346275030815e+00 2.259624288751925558e+00 1.513601177157135824e+00
2.101006198506375711e+00 2.263975077638309408e+00 1.504783017899406383e+00
2.101262488847448484e+00 2.268295390087316399e+00 1.496013939506984025e+00
2.101574241036183732e+00 2.272586063979237903e+00 1.487178171442568475e+00
2.101936048704927451e+00 2.277168665151370064e+00 1.477706946405869859e+00
2.102308751415860488e+00 2.281320548153309868e+00 1.469065379824347151e+00
2.102722694474231879e+00 2.285556153686251868e+00 1.460246384991727764e+00
2.103138997482890016e+00 2.289532565153761468e+00 1.452033730979967574e+00
2.103603879586864789e+00 2.293689457372495966e+00 1.443394170609259453e+00
2.104096220544881657e+00 2.297687481412513222e+00 1.435033259865915456e+00
2.104693720206209484e+00 2.302149878397466765e+00 1.425522008192654067e+00
2.105321966707225378e+00 2.306622771666837934e+00 1.416019315595409278e+00
2.105740374275318683e+00 2.309689881530234246e+00 1.406856015904056623e+00
2.105809466258239837e+00 2.310373578693230456e+00 1.396658273911274950e+00
2.106017250319664136e+00 2.311654760345537518e+00 1.387416981025165974e+00
2.106031816453251437e+00 2.311726792451802126e+00 1.387184924474220482e+00
2.106706038403555414e+00 2.315395812846457346e+00 1.378550098735132678e+00
2.107486698421374705e+00 2.319414145589782539e+00 1.369742250126247507e+00
2.108374490193992035e+00 2.323749334384410226e+00 1.360194712840506526e+00
2.108400285154076848e+00 2.323855839239311827e+00 1.359952000863185351e+00
2.109229623199181614e+00 2.327811385976950032e+00 1.351141824690049509e+00
2.110042186689919497e+00 2.331429986164042401e+00 1.343096868917701192e+00
2.110888260201715827e+00 2.335155884128157666e+00 1.334779453098483115e+00
2.111860335684047296e+00 2.339288437583758373e+00 1.325522199411153457e+00
2.111886625746882018e+00 2.339393411683550195e+00 1.325281345169216474e+00
2.112906896649707988e+00 2.343463014248543530e+00 1.316013542907531919e+00
2.113901782552134456e+00 2.347331725316134765e+00 1.307270865053341335e+00
2.114864286399884552e+00 2.350963266176348654e+00 1.299078581046174463e+00
2.115814109644792662e+00 2.354463772859368476e+00 1.291142609573901812e+00
2.116893642544872556e+00 2.358348704104661131e+00 1.282335145863191750e+00
2.117931807283876200e+00 2.361927819230960068e+00 1.274114519832095338e+00
2.119147139347982378e+00 2.365994953165738934e+00 1.264740529620263176e+00
2.120270940049469033e+00 2.369600558467916507e+00 1.256284247802080145e+00
2.121358460973730153e+00 2.373032116845533945e+00 1.248229726446596244e+00
2.122534889625375065e+00 2.376599808822445148e+00 1.239866697537277185e+00
2.123770185528991661e+00 2.380247181841288917e+00 1.231325069143328843e+00
2.124963418584393526e+00 2.383712038773344144e+00 1.223173844950006917e+00
2.126305655500377867e+00 2.387428736332748880e+00 1.214482806241240054e+00
2.127652079759667636e+00 2.391112853253546611e+00 1.205791195868739507e+00
2.128927129955504149e+00 2.394520086888951127e+00 1.197722290818115320e+00
2.130394518858951702e+00 2.398314396803179704e+00 1.188552764936527728e+00
2.130431635159130366e+00 2.398409830986999225e+00 1.188319053660437108e+00
2.131928892887974047e+00 2.402188039340936054e+00 1.179198079350333384e+00
2.133366119937412986e+00 2.405722989503570552e+00 1.170483995184680381e+00
2.135011256954808534e+00 2.409738813285482451e+00 1.160733651546303591e+00
2.135051559673967425e+00 2.409832528669997753e+00 1.160499621559080818e+00
2.136530231110114642e+00 2.413307312142395133e+00 1.151891157406536692e+00
2.138102524471750421e+00 2.416865664399345359e+00 1.143006549755042567e+00
2.139601013276229757e+00 2.420226077352802818e+00 1.134783982046076778e+00
2.141208325027482484e+00 2.423755626926296536e+00 1.126034975781951442e+00
2.142825147663067309e+00 2.427172604955385449e+00 1.117645890521266283e+00
2.144386844702912853e+00 2.430430444364212406e+00 1.109938120847793419e+00
2.145974848600428420e+00 2.433662720157165005e+00 1.102659854665495986e+00
2.147489633594743097e+00 2.436692981538687519e+00 1.095943071411934921e+00
2.149187340891991038e+00 2.440024741889254223e+00 1.088785026742745909e+00
2.150859493679284196e+00 2.443223976952054066e+00 1.082058400806299225e+00
2.152808215884035370e+00 2.446876986750612826e+00 1.074634725080115150e+00
2.154579902233849431e+00 2.450121207376094734e+00 1.067939278970212458e+00
2.156307851534128517e+00 2.453264581945041822e+00 1.061470355025866619e+00
2.156356503930807023e+00 2.453355717495600885e+00 1.061290777589966927e+00
2.161079639410511177e+00 2.461711587649922706e+00 1.043916758044032944e+00
2.162918599247322327e+00 2.464904554382811419e+00 1.037241798105769330e+00
2.164832117141127998e+00 2.468170703609063210e+00 1.030566146433215424e+00
2.166717805818300313e+00 2.471334135099493956e+00 1.024382262627309581e+00
2.166770041120102519e+00 2.471421258329089987e+00 1.024213161301063879e+00
2.168790178891511822e+00 2.474740669406504168e+00 1.017958348016106518e+00
2.170879175330484578e+00 2.478126404192854793e+00 1.011643296657085633e+00
2.172875984151513507e+00 2.481324557197586600e+00 1.005588949595549009e+00
2.174659784912297500e+00 2.484150965352321272e+00 1.000049841126160244e+00
2.176656300320588322e+00 2.487309301938275041e+00 9.935287195809967553e-01
2.178833289725226496e+00 2.490697973652475916e+00 9.866299988555040645e-01
2.180973294513316674e+00 2.493984328397498729e+00 9.799856833207326590e-01
2.182994235959141438e+00 2.497031708270712969e+00 9.739717711145092771e-01
2.184989181253521373e+00 2.499975279168693554e+00 9.681905093054449241e-01
2.187242079613093804e+00 2.503267198973040841e+00 9.617435100621669619e-01
2.187301780491887726e+00 2.503351250106106818e+00 9.615768894902891883e-01
2.189480133178977272e+00 2.506519230915612795e+00 9.553523531429439775e-01
2.191511035003365748e+00 2.509423101669959522e+00 9.494498932222109611e-01
2.193563116605713237e+00 2.512319645075063335e+00 9.436296969421890113e-01
2.195801488730554141e+00 2.515444714208941335e+00 9.375038559653502412e-01
2.197893624103672394e+00 2.518320403307335642e+00 9.319011621392263578e-01
2.200123852486903786e+00 2.521337311110924073e+00 9.262123861018579651e-01
2.202371324089124727e+00 2.524325384177979359e+00 9.206949166232508697e-01
2.204958712634882190e+00 2.527707436706899458e+00 9.144875839743200618e-01
2.207318128422723014e+00 2.530752086058705164e+00 9.089260432341395024e-01
2.209793532162868779e+00 2.533916672161886208e+00 9.028848418774019224e-01
2.211899230594445154e+00 2.536586365635318252e+00 8.976058251799735599e-01
2.214462803962338633e+00 2.539840467510148247e+00 8.912734728455695699e-01
2.216547752340819688e+00 2.542416095389848252e+00 8.862955888035678464e-01
2.218781168004759330e+00 2.545142140041444900e+00 8.811530041061514940e-01
2.221094165530351994e+00 2.547935008814570246e+00 8.760219649007265907e-01
2.223471019424527295e+00 2.550805338554553714e+00 8.708679851913943004e-01
2.225929306583421141e+00 2.553741946617221537e+00 8.656411312739105135e-01
2.227998610034732430e+00 2.556236534626814549e+00 8.605389374700674887e-01
2.230395867386682163e+00 2.559023297795930851e+00 8.540137412285156993e-01
2.233309930299844037e+00 2.562413044179134403e+00 8.473888575170945847e-01
2.235866592071936498e+00 2.565329445430463817e+00 8.418874439289326661e-01
2.238369021555496108e+00 2.568149467242361261e+00 8.368885313712743912e-01
2.240815276983545434e+00 2.570848973366506307e+00 8.321984595972756749e-01
2.243328342525173991e+00 2.573613122309123646e+00 8.275224595998166288e-01
2.245724681161107572e+00 2.576212311024697499e+00 8.231023366886213166e-01
2.248062418002768403e+00 2.578712839896327047e+00 8.188169924305366276e-01
2.250551229820568544e+00 2.581428245214521411e+00 8.131280397281402950e-01
2.252863942773775108e+00 2.583887791913057619e+00 8.057162532418260525e-01
2.255279925491407322e+00 2.586444265261870434e+00 7.985826629800543142e-01
2.257737063675885558e+00 2.588973143213000316e+00 7.935573353050193735e-01
2.257807605261256789e+00 2.589043234277654371e+00 7.934397179490940699e-01
2.260432140212774943e+00 2.591687923058892729e+00 7.896663599477561357e-01
2.262883103243105154e+00 2.594145831941737868e+00 7.865874943353030613e-01
2.265319697364820861e+00 2.596594443537884267e+00 7.834287387281506643e-01
2.267951226946829824e+00 2.599205783676439729e+00 7.798424808121019458e-01
2.270729303333512750e+00 2.601963327163131723e+00 7.756474501917081099e-01
2.273505642321258069e+00 2.604706465298969764e+00 7.712431295308359580e-01
2.275610735321571099e+00 2.606781449460465527e+00 7.673204553123891269e-01
2.276515262710478105e+00 2.607869878159650767e+00 7.615281093165066073e-01
2.276898632580784287e+00 2.608238807348561394e+00 7.563663090414868284e-01
2.278770947509819234e+00 2.610015442182624934e+00 7.521636227511064865e-01
2.281593827568116239e+00 2.612646226655012338e+00 7.484017807529365074e-01
2.284180902262479052e+00 2.615039333906277186e+00 7.458035723243126025e-01
2.286911703686766995e+00 2.617555600200329735e+00 7.430469976410988275e-01
2.293808728922783757e+00 2.623841964163505125e+00 7.349709749116408730e-01
2.294109938678330352e+00 2.624115978045076680e+00 7.345919714048767535e-01
2.296618873183606802e+00 2.626385602185572488e+00 7.312604442161723117e-01
2.299410916563158658e+00 2.628933945976587694e+00 7.264818877023827559e-01
2.301668416104769577e+00 2.631025569554621413e+00 7.219194856094773849e-01
2.302494662504338763e+00 2.632028282675538122e+00 7.160256890308435151e-01
2.303246942379338247e+00 2.632656559208017555e+00 7.102097379226618434e-01
2.306089245461720783e+00 2.635130812493279073e+00 7.038675131195545331e-01
2.309233652760579236e+00 2.637803679529182155e+00 6.984186365650719708e-01
2.309309030325496170e+00 2.637869129841444504e+00 6.983089761459989608e-01
2.312673932088498141e+00 2.640678559506361989e+00 6.939424321953321373e-01
2.315701923744645452e+00 2.643191210911983724e+00 6.906089298664487286e-01
2.318822661767273807e+00 2.645762797587130066e+00 6.870883392598542416e-01
2.321602742957828092e+00 2.648047313447952078e+00 6.838088657608839549e-01
2.324400695066145328e+00 2.650326320799570645e+00 6.801622652512986367e-01
2.327207909961762411e+00 2.652578540650113226e+00 6.762376411423952627e-01
2.329342944145815331e+00 2.654379209097792014e+00 6.719057918598017043e-01
2.331169430229857564e+00 2.655864573870430512e+00 6.664183840743987952e-01
2.334147897620125089e+00 2.658260505619175262e+00 6.583319596481139735e-01
2.337326278809825020e+00 2.660758294045844963e+00 6.496425596006097924e-01
2.339965060558915955e+00 2.662785957277507443e+00 6.430408169764890713e-01
2.342940059014516407e+00 2.665047315086231272e+00 6.372950487613250337e-01
2.345851020844568424e+00 2.667212203082625521e+00 6.326757472917415859e-01
2.348769054026619507e+00 2.669344288177464719e+00 6.289262429004219834e-01
2.352322684070370595e+00 2.671911588369523471e+00 6.250951732605863898e-01
2.352402941583153329e+00 2.671968427169360449e+00 6.250122161592255310e-01
2.355726137373916007e+00 2.674355009426145457e+00 6.221204838813593208e-01
2.355807448947396576e+00 2.674416155118129801e+00 6.220810042594359102e-01
2.358836325955556035e+00 2.676596864944855714e+00 6.216856670963764042e-01
2.359171975093728335e+00 2.676833032662320200e+00 6.217793806531526357e-01
2.362005663872584371e+00 2.678878274623460509e+00 6.223997205439508740e-01
2.365287285857952781e+00 2.681236993159750170e+00 6.203317884122180326e-01
2.367991826419169499e+00 2.683247593339666004e+00 6.159827412806068159e-01
2.370935058140996698e+00 2.685340319118996177e+00 6.087020253147991111e-01
2.373939610630075858e+00 2.687434933023376438e+00 6.002214006314046113e-01
2.377176383648021307e+00 2.689658062002047600e+00 5.907818188201574561e-01
2.379744281051864085e+00 2.691411675425357863e+00 5.832820463485952622e-01
2.383048751668147780e+00 2.693606312042241324e+00 5.751505467375176428e-01
2.386182563775185894e+00 2.695629397935198401e+00 5.703631004225340195e-01
2.389261987913693375e+00 2.697593436034143810e+00 5.684729931361602873e-01
2.392532068280662116e+00 2.699684456318319548e+00 5.694486992516345492e-01
2.395803617598819102e+00 2.701783753493154805e+00 5.721611124618617428e-01
2.398805195128173473e+00 2.703721714131692710e+00 5.742928140901540912e-01
2.401760635124010612e+00 2.705641874536867775e+00 5.744165749208995919e-01
2.404210294812633819e+00 2.707259073708433661e+00 5.720458939858866776e-01
2.405382287305195099e+00 2.708196713992632620e+00 5.680213815011606604e-01
2.407756418607842175e+00 2.709733082539668381e+00 5.616832840743500865e-01
2.410580003142127392e+00 2.711511350671832687e+00 5.538931038965864140e-01
2.413607649733088500e+00 2.713401322160504670e+00 5.456926185980877086e-01
2.416795108995156038e+00 2.715378404121426392e+00 5.383391992311121754e-01
2.419635473829365502e+00 2.717087581319824086e+00 5.327176624492041546e-01
2.422496183072589737e+00 2.718805960767463059e+00 5.283977225662807031e-01
2.425904218744501240e+00 2.720787747651341792e+00 5.243262317040346954e-01
2.428935875186248428e+00 2.722534328760942923e+00 5.212451341819801520e-01
2.432384380112467603e+00 2.724496030608491992e+00 5.190590993499810679e-01
2.435644727330159576e+00 2.726388270252261492e+00 5.194947517052728170e-01
2.439191878378740519e+00 2.728407369402719329e+00 5.205668088136201632e-01
2.442640080733176511e+00 2.730386213454560007e+00 5.211787680006318979e-01
2.445834175577168423e+00 2.732237390195476401e+00 5.191486646291244567e-01
2.448874242272312429e+00 2.734036124145499791e+00 5.147304391929876655e-01
2.448947561970488351e+00 2.734079692318632127e+00 5.145898712508579775e-01
2.451796516595835307e+00 2.735725024967776697e+00 5.076153441287788448e-01
2.454875932837408570e+00 2.737416653170223313e+00 4.992110271760811790e-01
2.462533600523163724e+00 2.741653944723541514e+00 4.817537724817269607e-01
2.466100516508650475e+00 2.743544174306718819e+00 4.745215270914934225e-01
2.469907233289963866e+00 2.745505274830451814e+00 4.689216020319095235e-01
2.473257399788225896e+00 2.747184552575457239e+00 4.661181247826031160e-01
2.476589784105748482e+00 2.748869899229891445e+00 4.643497306374981815e-01
2.479898099916317822e+00 2.750517487177424059e+00 4.626086020941818644e-01
2.483411487582247279e+00 2.752248742592902531e+00 4.614904618632357791e-01
2.486493371768022431e+00 2.753794495287587907e+00 4.615257940904917699e-01
2.489825121960242527e+00 2.755455724363097048e+00 4.594802826679371677e-01
2.492658029087654104e+00 2.756878889128512533e+00 4.556569047174472975e-01
2.495730106774085133e+00 2.758371438060377212e+00 4.486961152302753053e-01
2.496028716297471473e+00 2.758512028492014601e+00 4.480065086364560800e-01
2.499144886121959175e+00 2.760029735144157836e+00 4.398364542108254005e-01
2.502922833025001292e+00 2.761841945107064156e+00 4.299797504503993784e-01
2.505906815988530045e+00 2.763219798917537773e+00 4.222516742506877696e-01
2.509261928467672931e+00 2.764786196709869692e+00 4.150562336116906947e-01
2.512654296197939452e+00 2.766268910938416425e+00 4.105252482045597673e-01
2.515882870756665390e+00 2.767647323707074225e+00 4.087409222011650356e-01
2.519092220105852764e+00 2.769048881251420013e+00 4.090479493227198171e-01
2.522792718544041968e+00 2.770670739839097507e+00 4.095705063410277069e-01
2.526269094942952709e+00 2.772175059118670681e+00 4.092206984282362736e-01
2.529726648617843576e+00 2.773685037848621526e+00 4.074612347514171562e-01
2.533154344924407386e+00 2.775138323849275057e+00 4.055182759952430382e-01
2.536938681626477621e+00 2.776769346426729790e+00 4.042896918435435194e-01
2.540471625273246215e+00 2.778299415680576701e+00 4.016613984993469000e-01
2.540558064843416730e+00 2.778337401503306658e+00 4.015642790362251024e-01
2.543841537751723170e+00 2.779807233675231526e+00 3.965517060935552229e-01
2.543922076227163931e+00 2.779842804817824309e+00 3.963796376258348353e-01
2.547281396842592915e+00 2.781291663816860549e+00 3.883983340704935672e-01
2.550725450127567573e+00 2.782706232271040747e+00 3.794435083779659212e-01
2.554075543686177063e+00 2.784089768667027620e+00 3.711046802529696653e-01
2.557835354731675892e+00 2.785611359373994844e+00 3.624025485721316664e-01
2.561294353420931813e+00 2.786929621981822258e+00 3.571371089061299853e-01
2.565191470998629875e+00 2.788353972668924374e+00 3.542878464419280671e-01
2.568685439055469644e+00 2.789649967022836741e+00 3.531318120304157704e-01
2.572370111872162468e+00 2.791011112439268249e+00 3.520413126320010577e-01
2.575645393760724211e+00 2.792215660074206518e+00 3.506844468659578440e-01
2.578852628101869104e+00 2.793390659573383505e+00 3.483132097508551128e-01
2.582611434936463723e+00 2.794735670346281786e+00 3.460036730170957253e-01
2.586321515378795510e+00 2.796072318169636084e+00 3.444112655865905759e-01
2.589813555958172309e+00 2.797338779256927754e+00 3.427896574552598552e-01
2.593329177968142218e+00 2.798582364928598132e+00 3.403725625231511787e-01
2.596984627578787563e+00 2.799916313008645741e+00 3.370470855640271268e-01
2.600875107454906132e+00 2.801319225349644171e+00 3.330841994378732629e-01
2.604614821002734448e+00 2.802683086471834617e+00 3.289941662388159438e-01
2.604708936608985059e+00 2.802713113890531460e+00 3.288854552636440443e-01
2.608016844398561851e+00 2.803918016842002814e+00 3.248976610995492065e-01
2.611055417551572333e+00 2.804983623366364753e+00 3.189803496931066240e-01
2.614488072535980034e+00 2.806089055465054827e+00 3.108396940619502224e-01
2.617461638687920811e+00 2.807062978924559804e+00 3.041763709566489560e-01
2.621271843566842286e+00 2.808304204614938016e+00 2.974222287172805790e-01
2.624722642141440687e+00 2.809395510623399872e+00 2.926671997272219383e-01
2.628604921482269319e+00 2.810560706738532311e+00 2.884291676243104785e-01
2.632970738256918075e+00 2.811848446887744046e+00 2.844206489326060461e-01
2.636607829449884477e+00 2.812907515608855213e+00 2.815183479997417360e-01
2.640881876053091659e+00 2.814119555785708826e+00 2.790625931100206292e-01
2.644293501768854249e+00 2.815107736332639554e+00 2.771569123584247674e-01
2.647780802938396683e+00 2.816096261582038629e+00 2.748715512563904007e-01
2.651336308157514310e+00 2.817106366743380441e+00 2.722374229756930331e-01
2.651435566473073546e+00 2.817134824007207605e+00 2.721623455795386670e-01
2.655036984931961275e+00 2.818137178013566668e+00 2.692080192814341744e-01
2.655133917385318121e+00 2.818162169432628428e+00 2.691382973409477963e-01
2.658550204096892688e+00 2.819107547211199716e+00 2.665707804182675389e-01
2.662640380302101484e+00 2.820235797227207186e+00 2.634181005717036728e-01
2.666618047720946016e+00 2.821331111569690187e+00 2.601240683307646795e-01
2.675619146407942406e+00 2.823756036997241647e+00 2.519732693767092746e-01
2.679098792699549758e+00 2.824673469961069827e+00 2.487633346550289781e-01
2.683086135166909969e+00 2.825695646772355740e+00 2.453140861923323313e-01
2.686376852218500311e+00 2.826544036801818649e+00 2.424397673281020182e-01
2.689477516176264515e+00 2.827360740167251585e+00 2.388803875787242070e-01
2.692610617363397019e+00 2.828132660056482450e+00 2.336189390210935413e-01
2.695791495096339307e+00 2.828911651830438689e+00 2.277879976081726987e-01
2.699473573033784657e+00 2.829818152453735358e+00 2.217554675581354384e-01
2.703364101291902966e+00 2.830722249705829086e+00 2.164289614894268909e-01
2.703461782188451235e+00 2.830746092984457007e+00 2.163078913474942577e-01
2.707394383584364128e+00 2.831636369010736676e+00 2.118926089564241722e-01
2.711044283608976979e+00 2.832417208665876984e+00 2.087206794999963422e-01
2.715184602515203327e+00 2.833295698666329354e+00 2.053935633669488892e-01
2.718821061985878806e+00 2.834066376160687462e+00 2.024428974561334194e-01
2.722883144538487343e+00 2.834903647853365793e+00 1.988952206875148065e-01
2.726249489944027715e+00 2.835578254780984686e+00 1.959968284216050127e-01
2.730297454822758318e+00 2.836384690854649726e+00 1.922772504809130423e-01
2.734069502991613998e+00 2.837124007136335724e+00 1.889244072437405164e-01
2.737826251685629320e+00 2.837856316392089795e+00 1.857828116268958607e-01
2.737925914711943243e+00 2.837875917173350526e+00 1.856975684062053544e-01
2.741770069687791800e+00 2.838603862492904195e+00 1.823465693649883590e-01
2.745053285143485233e+00 2.839219510821801684e+00 1.794319788799439985e-01
2.748904383283778508e+00 2.839917335890483230e+00 1.760029105835923813e-01
2.752866459747833616e+00 2.840625283724180328e+00 1.724177276342059584e-01
2.756422187692765924e+00 2.841242372763880475e+00 1.691560499405043161e-01
2.760191994410297944e+00 2.841883632691117434e+00 1.658123310580763565e-01
2.764063607067240635e+00 2.842537248840787178e+00 1.624445514559788306e-01
2.768023368282963137e+00 2.843207755186309971e+00 1.589730993052572150e-01
2.772180384672635167e+00 2.843892731197831925e+00 1.552615938261221185e-01
2.772278919617071846e+00 2.843908438387745985e+00 1.551697074642440777e-01
2.776119038621059243e+00 2.844529748618191967e+00 1.516727794448091138e-01
2.779876246161779196e+00 2.845120095251211012e+00 1.482481997700335341e-01
2.783638632111871125e+00 2.845701311215957929e+00 1.448120981064657253e-01
2.787124673161913258e+00 2.846237956064330277e+00 1.416780425652122422e-01
2.790452288442160977e+00 2.846732106517182004e+00 1.387059971579056028e-01
2.794134028880071341e+00 2.847260648904449631e+00 1.355796516239607952e-01
2.797982101556883983e+00 2.847817224263204050e+00 1.322531824157615610e-01
2.801652986452393801e+00 2.848316287240040268e+00 1.290154630135279534e-01
2.805581708170910460e+00 2.848861512268672236e+00 1.253843102754315098e-01
2.805679330593418452e+00 2.848877481520374566e+00 1.252922022589702533e-01
2.809640069424030884e+00 2.849410626543932956e+00 1.216304483640030104e-01
2.813213100886773788e+00 2.849852749147216979e+00 1.184294833679597897e-01
2.816872658172729249e+00 2.850316644745465311e+00 1.151295982921022171e-01
2.820640949496897587e+00 2.850775658876455232e+00 1.118244682134379581e-01
2.824440989614589892e+00 2.851249455380947762e+00 1.079979357924095579e-01
2.824537154244451731e+00 2.851259570322707049e+00 1.078814873962533755e-01
2.827871004734339611e+00 2.851655629769993539e+00 1.039798398415185676e-01
2.831373946142310860e+00 2.852048602593959536e+00 9.988489374073741822e-02
2.834992046884814876e+00 2.852465072397553758e+00 9.573485231610442958e-02
2.838247035429196430e+00 2.852802644809512067e+00 9.229762290048276752e-02
2.841905027244943316e+00 2.853195768903204588e+00 8.857736528361054296e-02
2.845692139189831327e+00 2.853557930545133736e+00 8.495783425534066124e-02
2.849258539454300632e+00 2.853883976549862478e+00 8.165445132546785001e-02
2.852833958561272532e+00 2.854199642444080531e+00 7.840623098520238532e-02
2.856104273383049730e+00 2.854478357878057260e+00 7.551988978952169085e-02
2.859694695517830176e+00 2.854747922202150789e+00 7.244132819670399959e-02
2.863190679897336111e+00 2.855009958075956256e+00 6.954105898574068634e-02
2.867156988790897643e+00 2.855310765004933860e+00 6.624513466135337203e-02
2.867255354646396359e+00 2.855315718885670151e+00 6.616317781948251320e-02
2.871613428178596550e+00 2.855625402086974685e+00 6.252213110002642626e-02
2.875281071724508752e+00 2.855870998666093286e+00 5.946787887155725177e-02
2.879140521436401645e+00 2.856129899312293219e+00 5.613200244228722796e-02
2.887977615862903580e+00 2.856650272300717219e+00 4.903380678324474606e-02
2.891747243705886650e+00 2.856864013300832283e+00 4.599026776463865929e-02
2.895301943480018458e+00 2.857053273011277206e+00 4.303794088062956602e-02
2.898855914975952075e+00 2.857229957265423614e+00 4.010991021463356648e-02
2.898952618193348929e+00 2.857233784785799369e+00 4.002945749013304272e-02
2.902507581729291353e+00 2.857401838432875429e+00 3.703425558955920904e-02
2.906461650448060929e+00 2.857568343439851333e+00 3.368867759561827713e-02
2.910115795529661487e+00 2.857706374460799559e+00 3.071337123123261612e-02
2.913866073835647441e+00 2.857853152628301530e+00 2.772679578376191847e-02
2.917505325701529983e+00 2.857975685636109375e+00 2.477693173103985916e-02
2.921251620917876934e+00 2.858082494869517376e+00 2.171580792377617378e-02
2.925008843111952750e+00 2.858187507746930311e+00 1.863806159309645480e-02
2.928172448315830234e+00 2.858284113246790881e+00 1.603498112631425443e-02
2.932116002730119853e+00 2.858362478267664653e+00 1.292850461577734443e-02
2.936052952725684229e+00 2.858430429956059449e+00 9.888665302410398414e-03
2.939889275257764556e+00 2.858495904950508315e+00 6.906962544352193527e-03
2.943615942818907705e+00 2.858551909357908372e+00 3.954821295947957838e-03
2.947247323947573161e+00 2.858593535778256367e+00 1.068309938560562961e-03
2.947344829168084601e+00 2.858596518855725854e+00 9.883436124768745900e-04
2.950967510789791248e+00 2.858628534542281940e+00 -1.919702281922820719e-03
2.954698623541207603e+00 2.858649614479546575e+00 -4.886312938640618650e-03
2.958614778205262308e+00 2.858640538088788929e+00 -7.937644439743303179e-03
2.962146529927367045e+00 2.858610051931863349e+00 -1.068579778627712883e-02
2.965955118566719229e+00 2.858568784193824541e+00 -1.369923000341822898e-02
2.969580284959237204e+00 2.858524311928066552e+00 -1.652268724677118800e-02
2.973488749889986238e+00 2.858462922714102739e+00 -1.957885534223146803e-02
