3.581232330969602584e-04 1.999963627276624800e+00 -1.189519212985333464e-04
4.740408285418898360e-04 1.999949264927444403e+00 -1.538110321815998685e-04
4.914879422183368596e-04 1.999949179601146598e+00 -2.180289755667608046e-04
5.037977591762499152e-04 1.999968273280234854e+00 -4.400434071321479156e-04
5.037782926345726886e-04 1.999998534185676746e+00 -7.688157093626698992e-04
5.052766423582627509e-04 2.000039913838127958e+00 -1.381089805887778226e-03
5.195560589330225354e-04 2.000101621853838552e+00 -2.296751053163860988e-03
5.330667596012625409e-04 2.000174559579313449e+00 -3.640743106562165012e-03
5.334527886311016265e-04 2.000176136243332348e+00 -3.675502464797021380e-03
5.360880637591339259e-04 2.000230008237167567e+00 -5.025691975172231693e-03
5.600302978572696544e-04 2.000290929759938496e+00 -6.665927785345298652e-03
5.399713171797201894e-04 2.000351895260326529e+00 -8.624462445186836454e-03
5.314996673081301415e-04 2.000408458870387207e+00 -1.039962773765452410e-02
5.030539198279046498e-04 2.000447744096618852e+00 -1.262109987958363357e-02
4.042022599704056529e-04 2.000492078779339877e+00 -1.478658508643561527e-02
3.834490338887677763e-04 2.000573114969761424e+00 -1.767184213973412021e-02
3.902926627429512130e-04 2.000618892781842462e+00 -2.059100516700324360e-02
4.124862713150573290e-04 2.000644111128826896e+00 -2.404931379928056459e-02
4.148052642589383776e-04 2.000701494554686821e+00 -2.767719177337048947e-02
3.488013997816064027e-04 2.000747525069701549e+00 -3.116069699754683148e-02
2.448423792723447567e-04 2.000777743707236933e+00 -3.481416506425637908e-02
3.634000134058318343e-05 2.000804800488487523e+00 -3.872640721271188025e-02
-3.649994904134090667e-05 2.000872368625764341e+00 -4.367052885519136923e-02
-6.356747308158827714e-05 2.000939649254191099e+00 -4.824684335691685477e-02
-1.576350765542036680e-04 2.000975019245003317e+00 -5.324666662680872103e-02
-2.397554243554408937e-04 2.001057160256261458e+00 -5.897676191604424994e-02
-2.455622564742007685e-04 2.001060032679328859e+00 -5.910810511214536350e-02
-3.804836787592233427e-04 2.001075427332397627e+00 -6.438318667140315033e-02
-3.706645878337119782e-04 2.001126853346423928e+00 -6.983963108776063133e-02
-4.457585658447921206e-04 2.001164066907710204e+00 -7.655529164153003496e-02
-4.267011950677274124e-04 2.001212655606457780e+00 -8.303211975639838982e-02
-5.078180809683918717e-04 2.001262201631029747e+00 -9.030477938828120055e-02
-5.135094746187146564e-04 2.001267687127654682e+00 -9.048041765309296214e-02
-5.779536954501479640e-04 2.001331236145295289e+00 -9.797823307498788881e-02
-7.355057044048859960e-04 2.001386649696170750e+00 -1.055296595273426397e-01
-7.358204141784813190e-04 2.001386887243099100e+00 -1.057336449162268044e-01
-7.875902752702765297e-04 2.001555011172871712e+00 -1.273871737960760031e-01
-7.501779633334246244e-04 2.001615403804162252e+00 -1.353448501356983857e-01
-7.580660320903667704e-04 2.001656540446445476e+00 -1.442533473617709228e-01
-7.719761349320383714e-04 2.001683677648214310e+00 -1.529412651107674159e-01
-7.486059615700868530e-04 2.001717596881813499e+00 -1.614941029099599690e-01
-7.487036636584024074e-04 2.001715299362819778e+00 -1.617295788185540151e-01
-7.121837838228312068e-04 2.001748038394445484e+00 -1.710121823738454394e-01
-6.650699096260176413e-04 2.001791230781537312e+00 -1.798881223006408014e-01
-5.975586773088181758e-04 2.001819874416636669e+00 -1.890604474562744552e-01
-5.561206656438250073e-04 2.001839989499902384e+00 -1.966567089369603005e-01
-5.106730346888313510e-04 2.001858597199463130e+00 -2.061293884783441110e-01
-4.682356117044830790e-04 2.001888198841742739e+00 -2.140272039384421288e-01
-4.115450077583834854e-04 2.001913616554761965e+00 -2.225054237359955500e-01
-3.156908725531343274e-04 2.001921810018800763e+00 -2.315471527243647965e-01
-2.543396300025355106e-04 2.001924078188258793e+00 -2.400637543822410624e-01
-1.813042342059811851e-04 2.001930630286489432e+00 -2.493183570773847002e-01
-1.802064081353194069e-04 2.001931348006015465e+00 -2.495573419138865101e-01
-1.059488992155160902e-04 2.001945860680489186e+00 -2.574523749581268950e-01
-3.890362151941217927e-05 2.001944532899138984e+00 -2.662544109185560615e-01
2.733005855030945508e-05 2.001961147699125476e+00 -2.747355553563550767e-01
8.865371788855519464e-05 2.001971009951321268e+00 -2.831906920044217069e-01
1.344506497820766033e-04 2.001976196200822233e+00 -2.931964652049212638e-01
1.333655829631741341e-04 2.001975468551209225e+00 -2.934308501935476987e-01
1.858765066055159676e-04 2.001981573945026849e+00 -3.030038477429254917e-01
2.365944559302238237e-04 2.001978987015766709e+00 -3.117339140529231667e-01
2.374403204333935813e-04 2.001977691732983899e+00 -3.119765982432758933e-01
3.273562903004095803e-04 2.001983216841106916e+00 -3.221876437625124101e-01
3.853610151063058264e-04 2.001994459500632040e+00 -3.306959970156647111e-01
4.913969566139458900e-04 2.001980873522118287e+00 -3.401077676546888084e-01
5.963689615136047451e-04 2.001967152853432630e+00 -3.490483837761885200e-01
7.139930556368176418e-04 2.001944126763559151e+00 -3.582762055134880996e-01
7.870645899835868042e-04 2.001940823901264821e+00 -3.677478302635304730e-01
7.846512044338629921e-04 2.001938691836593343e+00 -3.679857656684762390e-01
8.505360419005306150e-04 2.001926420342929447e+00 -3.765685450308690063e-01
9.543847787300552277e-04 2.001928435059329825e+00 -3.864856809462128284e-01
1.068915759543855037e-03 2.001910401833926212e+00 -3.955998698725357587e-01
1.072577783808308094e-03 2.001908461549473994e+00 -3.958438145193984292e-01
1.142059651466902082e-03 2.001888900755029788e+00 -4.045397034449598750e-01
1.268526005115643007e-03 2.001868599223307843e+00 -4.143129374131452880e-01
2.514868254668276015e-03 2.001341092569353552e+00 -4.236806691242027134e-01
6.372756790600279941e-03 1.999608942989542948e+00 -4.327805953872613243e-01
1.275341615322739264e-02 1.996627721999902016e+00 -4.414281703916145827e-01
2.171621807686627964e-02 1.992352219267328639e+00 -4.492706951469166987e-01
3.224069451941147246e-02 1.987248996852011507e+00 -4.540320114396476647e-01
4.375121833616521516e-02 1.981599053086460449e+00 -4.562835061504376677e-01
5.529150425394332991e-02 1.975934236953814871e+00 -4.561531001970536292e-01
6.809584504543418626e-02 1.969647868841696514e+00 -4.535983655148780325e-01
8.029262521168009648e-02 1.963736130231718224e+00 -4.487530045251275079e-01
9.315100577007914828e-02 1.957565841890498426e+00 -4.421109208874436924e-01
9.346317629297944130e-02 1.957413666206657687e+00 -4.419214165578879694e-01
1.058103143779775546e-01 1.951576151382541813e+00 -4.349856662611122915e-01
1.185793341453673100e-01 1.945667141304300296e+00 -4.271077811570250793e-01
1.308706477263909540e-01 1.940077635771906950e+00 -4.193201472820161091e-01
1.412012930151834433e-01 1.935480458403439075e+00 -4.122701016626279524e-01
1.529478091115759886e-01 1.930359103000762300e+00 -4.039087512430853399e-01
1.633890782467957437e-01 1.925886351769109606e+00 -3.964551964459624434e-01
1.745812374667256583e-01 1.921220562973352308e+00 -3.886194438923758487e-01
1.847142186112390727e-01 1.917071629034013736e+00 -3.812937191629965916e-01
1.943987431126810994e-01 1.913198419038634412e+00 -3.742169529895731372e-01
2.051212932056523108e-01 1.909001622985408320e+00 -3.657151958699783045e-01
2.053860545497825374e-01 1.908897563139801523e+00 -3.655144757169903613e-01
2.147539957590761939e-01 1.905316958441478636e+00 -3.579470965092071966e-01
2.232739345613893034e-01 1.902134089095478098e+00 -3.509168877862464120e-01
2.319636846152040577e-01 1.898961709019269417e+00 -3.438307992580411088e-01
2.407375130779787487e-01 1.895837166232338999e+00 -3.365267092805982463e-01
2.485748398740659781e-01 1.893103003293095998e+00 -3.296807278054878498e-01
2.567861005760622706e-01 1.890316364436008145e+00 -3.225760369812881723e-01
2.660141866267173860e-01 1.887253549526057617e+00 -3.144358341454533412e-01
2.748515677972240834e-01 1.884419143572665822e+00 -3.065193893317850193e-01
2.826069229753057077e-01 1.881988470927222989e+00 -2.992887490449323007e-01
2.915581613764777758e-01 1.879237519753215624e+00 -2.907979709739036966e-01
3.001049036811875848e-01 1.876694736754026094e+00 -2.826232421972374453e-01
3.075855192704113339e-01 1.874568625389038568e+00 -2.756917521964978302e-01
3.077503093286075297e-01 1.874520516181040541e+00 -2.755600422604976285e-01
3.127463679438128308e-01 1.873203303573719225e+00 -2.718995049447860968e-01
3.157657524607341837e-01 1.872442465488528551e+00 -2.699452751541882023e-01
3.172372848305046178e-01 1.872056962698268157e+00 -2.681089986070854803e-01
3.182975208179471549e-01 1.871777631747090886e+00 -2.647204462574796469e-01
3.208815219039005684e-01 1.871188498646973342e+00 -2.495915608564465982e-01
3.211896223322079358e-01 1.871116000137035495e+00 -2.431853004839236998e-01
3.212977773856232067e-01 1.871093241881017999e+00 -2.356637578094659957e-01
3.223538296195253561e-01 1.870867540178212662e+00 -2.275453323258168348e-01
3.224187752552016839e-01 1.870851897288478671e+00 -2.273227838129065481e-01
3.259485137176037495e-01 1.870058967907930469e+00 -2.194945734982543806e-01
3.321908709297871076e-01 1.868720277351370251e+00 -2.109366410037651907e-01
3.400753277810496522e-01 1.867125987065382908e+00 -2.006114694860177960e-01
3.476475456293149913e-01 1.865681554486631866e+00 -1.904446027897153115e-01
3.540613388726306932e-01 1.864495911250329652e+00 -1.818839534497522781e-01
3.607331013418021426e-01 1.863325538193066677e+00 -1.729157946667615464e-01
3.675889386178458063e-01 1.862175172846551652e+00 -1.635492887827529329e-01
3.745231389494877439e-01 1.861076629087080159e+00 -1.541446923381026846e-01
3.810820581646144900e-01 1.860084268955171760e+00 -1.453766051996339959e-01
3.866735855320680426e-01 1.859291849004533148e+00 -1.378035842018379420e-01
3.921129821910533941e-01 1.858589668069037693e+00 -1.303119190674332240e-01
3.957014828172152332e-01 1.858177231645662175e+00 -1.250000034296425144e-01
3.973235354704390820e-01 1.858003099871808006e+00 -1.220178505868223240e-01
3.982128463528064599e-01 1.857913045883951009e+00 -1.175357846422446922e-01
3.988967859416913120e-01 1.857845365948696648e+00 -1.120308501251274236e-01
3.993364959600160247e-01 1.857802748059720344e+00 -1.061048267805195650e-01
3.995598917242416670e-01 1.857777688914404868e+00 -9.858381797521861833e-02
4.006315041416572131e-01 1.857687904088032749e+00 -9.040362691167962150e-02
4.051626351445613561e-01 1.857321380449101555e+00 -8.090839299579431765e-02
4.108272470564144907e-01 1.856916697517001280e+00 -7.216682692232537222e-02
4.161832634640369455e-01 1.856576098423327936e+00 -6.359038160198199341e-02
4.217790603522000303e-01 1.856271898004935972e+00 -5.448729151924557729e-02
4.271669516014597878e-01 1.856014231579817153e+00 -4.576196166658223069e-02
4.330992194705903797e-01 1.855800309520863944e+00 -3.611370243097140886e-02
4.378641865550843559e-01 1.855646083004830249e+00 -2.749429365285358320e-02
4.403198245885610040e-01 1.855573064042619347e+00 -2.212883926665103543e-02
4.413894882378880946e-01 1.855544433698551599e+00 -1.884654979855406726e-02
4.420367655109240235e-01 1.855530081454618507e+00 -1.360862368789681094e-02
4.424124045329754784e-01 1.855520171935329587e+00 -7.181493513601640982e-03
4.426314525935622912e-01 1.855519099875420075e+00 8.712488769329697390e-04
4.439730204653469237e-01 1.855532292409978634e+00 9.070594501406507859e-03
4.481431710548773317e-01 1.855601989151874243e+00 1.772180013449792604e-02
4.536814567450579982e-01 1.855767249834426424e+00 2.744184318881177920e-02
4.586180969580327949e-01 1.855944524235398019e+00 3.645405341235867513e-02
4.639437174040992318e-01 1.856183569362525487e+00 4.639426186865483470e-02
4.685711765870145262e-01 1.856418940482576385e+00 5.498383214353532583e-02
4.732766556394261692e-01 1.856720238301701853e+00 6.365827868822553082e-02
4.784890571460012065e-01 1.857083334568694788e+00 7.322838835738317009e-02
4.835338232990470386e-01 1.857485458638303388e+00 8.254115929243052707e-02
4.874144009146010315e-01 1.857827969649888278e+00 9.043633986589780238e-02
4.896449097579346210e-01 1.857999245933688037e+00 9.604745081327024925e-02
4.906168072750582976e-01 1.858068950841983424e+00 1.004379994924642500e-01
4.911457935258605745e-01 1.858119704024527419e+00 1.057172847761958107e-01
4.914482816805085807e-01 1.858155577337288200e+00 1.131134766583186818e-01
4.914833184759992424e-01 1.858152472653309628e+00 1.221313110509083116e-01
4.914853764014759929e-01 1.858153650699348347e+00 1.223595435883359228e-01
4.921502319764475275e-01 1.858244065866243133e+00 1.306689785846284757e-01
4.957176386647007549e-01 1.858732436729590543e+00 1.397047902757704296e-01
5.005491440567352290e-01 1.859464867603415339e+00 1.493385213083019969e-01
5.055005244977301970e-01 1.860252251593213835e+00 1.594570783041942830e-01
5.095337474431138602e-01 1.860944983049093171e+00 1.685931823392943785e-01
5.117927247656455236e-01 1.861281944766806085e+00 1.759451677958918381e-01
5.127413678069290270e-01 1.861415100624693730e+00 1.804125309114159303e-01
5.132957103414910183e-01 1.861528575631023807e+00 1.858082526394602141e-01
5.135154133108671415e-01 1.861574248441819179e+00 1.935133747653354497e-01
5.146824313002403839e-01 1.861808900184189763e+00 2.018203758362775990e-01
5.184341929127167514e-01 1.862609996231534781e+00 2.105420132238873254e-01
5.226474201133151087e-01 1.863550627984043251e+00 2.195162037312019532e-01
5.273580855638406728e-01 1.864672220473630349e+00 2.299572870586126805e-01
5.315007075222581978e-01 1.865698358136256729e+00 2.390545299625924935e-01
5.347557953644265227e-01 1.866500386070548245e+00 2.473594691553843705e-01
5.362933910502233337e-01 1.866831445148691371e+00 2.532215797379960276e-01
5.370023296808936752e-01 1.867011816837637284e+00 2.584115165923145940e-01
5.373066818163232394e-01 1.867093786036287506e+00 2.662098639885112084e-01
5.385250597293440578e-01 1.867427988332302391e+00 2.744398959638466029e-01
5.421464460356019144e-01 1.868495343231643790e+00 2.833330227444990634e-01
5.464215338070641526e-01 1.869787477253448627e+00 2.932014444562417443e-01
5.506516807881921549e-01 1.871096761084354965e+00 3.031129275123837230e-01
5.546349588102222894e-01 1.872396493987268595e+00 3.124303531375898779e-01
5.581709630493989494e-01 1.873538585496585140e+00 3.217733285325411474e-01
5.596506898782986905e-01 1.873967029110361393e+00 3.277858478700004241e-01
5.610551457175156909e-01 1.874416794619728766e+00 3.348617373672840847e-01
5.646603948498677417e-01 1.875722798082295251e+00 3.438257019265326120e-01
5.685782565501988906e-01 1.877156671842649338e+00 3.532431685096485419e-01
5.725639603719189230e-01 1.878701968282074031e+00 3.621305470513673241e-01
5.762728181714148468e-01 1.880193913013904261e+00 3.683848777259808860e-01
5.798301594373509449e-01 1.881611116718369336e+00 3.722682236507168785e-01
5.799258513205017840e-01 1.881647549729479563e+00 3.723506122986526834e-01
5.839142157841153979e-01 1.883259307221289092e+00 3.763872616022869710e-01
5.872746208785841748e-01 1.884610773471348866e+00 3.820489962995891053e-01
5.910145849872399104e-01 1.886117824343747973e+00 3.903465831154400711e-01
5.943826169996769826e-01 1.887504170861398878e+00 3.979719215533177312e-01
6.054596419264794971e-01 1.892323999112976329e+00 4.235158141396426212e-01
6.088131452683815947e-01 1.893855652003395562e+00 4.313541751925646373e-01
6.117045114977337494e-01 1.895169693684194634e+00 4.386522185462065071e-01
6.134890408083830682e-01 1.895922802576299748e+00 4.445342988155243646e-01
6.165341143763278797e-01 1.897408217099032068e+00 4.527085092309858783e-01
6.199055942315447876e-01 1.899057542302496904e+00 4.607626261798382084e-01
6.234210527170188643e-01 1.900810089369341371e+00 4.692585699064744653e-01
6.267609405813736601e-01 1.902521929184910698e+00 4.771920104526105044e-01
6.304076161093116193e-01 1.904447467772820479e+00 4.851038366898928200e-01
6.304949069321131860e-01 1.904493974080914587e+00 4.852721801250798883e-01
6.334257571179868762e-01 1.906060294810491218e+00 4.904480800869827073e-01
6.364191346813710126e-01 1.907665921047305702e+00 4.965897522823876087e-01
6.402094839778250668e-01 1.909737877029797026e+00 5.052832166742392550e-01
6.435828603259095004e-01 1.911638219552569185e+00 5.126035519321670009e-01
6.464717530870036644e-01 1.913285722373980757e+00 5.186154647714055210e-01
6.497058913984902206e-01 1.915207811907015500e+00 5.240357731547946596e-01
6.497920134638207612e-01 1.915255124411713306e+00 5.241549525715727409e-01
6.529032059419216383e-01 1.917103728709056432e+00 5.278795186286115992e-01
6.561134227033194044e-01 1.919026789052223680e+00 5.306198933409513874e-01
6.590978775507648768e-01 1.920792720467956460e+00 5.337015428627693847e-01
6.622437943960477469e-01 1.922638496359601046e+00 5.391729834142494626e-01
6.650947575981344118e-01 1.924331840788319425e+00 5.461556636215501026e-01
6.679250944937147327e-01 1.926086830352827350e+00 5.534088018328182645e-01
6.707687771448112013e-01 1.927849771588846073e+00 5.605965280636709958e-01
6.734200367940492704e-01 1.929535744800865871e+00 5.669237490701330984e-01
6.735901724252362222e-01 1.929648496301694216e+00 5.672804984590621435e-01
6.769072886962373969e-01 1.931821385171492933e+00 5.731493833862667531e-01
6.796332487073434292e-01 1.933653146870667250e+00 5.758731343907403932e-01
6.823400746008506657e-01 1.935414553725352205e+00 5.775181230775316976e-01
6.854578421721206904e-01 1.937488294232348363e+00 5.811045479332572761e-01
6.886487968260218695e-01 1.939634024650642719e+00 5.853677904482110783e-01
6.915046513399210060e-01 1.941562303678618262e+00 5.889679894431181228e-01
6.943058320202718514e-01 1.943471211716422786e+00 5.921818836655362572e-01
6.971142323696746246e-01 1.945423408304406188e+00 5.947449580431887206e-01
7.002046595324137312e-01 1.947560598292173761e+00 5.971201395486331887e-01
7.002827416657174675e-01 1.947617127907281365e+00 5.971826335924003137e-01
7.033182183888199157e-01 1.949703505156462402e+00 5.994221305873955741e-01
7.065595745678341366e-01 1.951904008871996332e+00 6.039449291172021006e-01
7.094741554135702843e-01 1.953930824890968143e+00 6.099378893451984363e-01
7.123598286063459462e-01 1.955959681074351364e+00 6.165457114829288043e-01
7.157154839154981074e-01 1.958388619867758251e+00 6.217078707053019793e-01
7.182722046408800409e-01 1.960303662990342755e+00 6.239537212773216268e-01
7.211643311435438353e-01 1.962454216953938735e+00 6.237188540034832585e-01
7.212352033271812735e-01 1.962506905979414684e+00 6.236637547421469696e-01
7.240568865770917739e-01 1.964547172758675186e+00 6.213373788330508463e-01
7.269394838462978070e-01 1.966657441118789373e+00 6.183174082085373113e-01
7.270194734096241396e-01 1.966712029889996716e+00 6.182253079945978502e-01
7.302647673175973742e-01 1.969076503742819284e+00 6.158839572199689139e-01
7.332311279909076163e-01 1.971206081953686517e+00 6.168151883494288334e-01
7.359504897467333828e-01 1.973117971878990407e+00 6.199431404033282078e-01
7.393159687668191538e-01 1.975526461903335029e+00 6.265832099144258427e-01
7.394008645394168910e-01 1.975589510164116547e+00 6.267788426436643467e-01
7.425353556234571828e-01 1.977892123110601030e+00 6.340024123607268525e-01
7.453308455457069437e-01 1.979961815845991735e+00 6.384355212798642487e-01
7.480668027756541827e-01 1.982048750631645095e+00 6.406625523898829000e-01
7.505804239890387919e-01 1.983990686491403199e+00 6.409824270939770141e-01
7.531524462246357299e-01 1.985993667261439999e+00 6.390384659069950901e-01
7.558936919403658194e-01 1.988078427174931662e+00 6.358018187081138084e-01
7.588684979236828276e-01 1.990317801332734282e+00 6.343688635349146177e-01
7.621599072565216071e-01 1.992751577684730879e+00 6.361415576425177854e-01
7.653372343361312113e-01 1.995097613924780244e+00 6.404336913702086687e-01
7.685178943073792679e-01 1.997489218390914312e+00 6.463765744303355820e-01
7.712259981648412754e-01 1.999541213723512678e+00 6.515411732404239320e-01
7.740710061227498162e-01 2.001705251698570276e+00 6.556289858456557651e-01
7.769319882857576021e-01 2.003938223753456427e+00 6.584193972692249375e-01
7.799211643004806405e-01 2.006324709902980175e+00 6.601006362553873963e-01
7.826449065586298381e-01 2.008498107666220722e+00 6.609767829326715916e-01
7.855946871771369855e-01 2.010853679619027279e+00 6.619404696093680318e-01
7.885317095369356322e-01 2.013204299928020635e+00 6.627580889906311556e-01
7.916847902133439252e-01 2.015743169223314535e+00 6.634982880776878478e-01
7.917599549808467252e-01 2.015803584944548810e+00 6.635100583149610154e-01
7.947113628331347046e-01 2.018175009647811269e+00 6.639462870998467103e-01
7.947890347980567372e-01 2.018234455473344013e+00 6.639513518085686794e-01
7.974313257686367340e-01 2.020370946762542363e+00 6.642599730303569983e-01
7.999696060728087588e-01 2.022423700970755078e+00 6.646625925575221361e-01
8.028912764494491316e-01 2.024781238502302294e+00 6.651602569678392030e-01
8.110395339743753373e-01 2.031360502186565942e+00 6.661692162531269723e-01
8.137966721109805013e-01 2.033568433969533018e+00 6.667146636218423961e-01
8.166274244841322805e-01 2.035830947087808873e+00 6.678712936728996574e-01
8.200936775977509807e-01 2.038634687085619568e+00 6.683789292263627724e-01
8.225971509956229166e-01 2.040656836794783047e+00 6.686021122735907873e-01
8.253309223142758499e-01 2.042863573603280081e+00 6.686392188511365298e-01
8.282215078115426898e-01 2.045194020695402681e+00 6.687629478362984159e-01
8.315933943426948582e-01 2.047902284396371897e+00 6.694735894033918555e-01
8.346095639157348200e-01 2.050282446705379513e+00 6.720601415752874841e-01
8.378582124390384633e-01 2.052878335520365916e+00 6.774559023374145950e-01
8.379374039161453513e-01 2.052944020321092911e+00 6.776018863349098087e-01
8.408588455693609687e-01 2.055318091174772821e+00 6.824641285628998411e-01
8.436119447795596971e-01 2.057578239597251724e+00 6.845516553940643734e-01
8.462241451764048739e-01 2.059756977384417986e+00 6.847024907763530344e-01
8.487350670596265356e-01 2.061970833550604176e+00 6.828482075379885829e-01
8.513072317249175125e-01 2.064059351815140886e+00 6.790772784295887599e-01
8.543773005037547108e-01 2.066617603227494104e+00 6.743672502070277019e-01
8.567676488706248428e-01 2.068572741725648534e+00 6.711635664793469402e-01
8.594492678081011583e-01 2.070745422184523843e+00 6.696531369624242336e-01
8.621486709665975301e-01 2.072863604143696303e+00 6.704967299053317120e-01
8.622275820801668100e-01 2.072927412666956570e+00 6.705529577089901494e-01
8.652866350626481351e-01 2.075353585655260069e+00 6.743182572929022900e-01
8.680066951766800543e-01 2.077559548680607993e+00 6.785736865496998504e-01
8.706376803905924167e-01 2.079694877032963518e+00 6.828645403560572591e-01
8.732129069080203365e-01 2.081804845418764760e+00 6.848493415590469757e-01
8.755711959654213228e-01 2.083779502470418432e+00 6.849084755397754076e-01
8.756378915453053580e-01 2.083838067377109304e+00 6.848987887459229151e-01
8.782392673911151304e-01 2.085978186126911993e+00 6.837896234898989123e-01
8.810688176566572327e-01 2.088296796340839201e+00 6.836903107868352869e-01
8.838976271189091793e-01 2.090618554092993797e+00 6.848571381272524627e-01
8.867320161395165767e-01 2.092933890140659337e+00 6.860985715218458347e-01
8.896990616704543164e-01 2.095387395314543433e+00 6.872682806476422268e-01
8.897740662323290195e-01 2.095449528288138019e+00 6.872951771825089873e-01
8.926697924584231503e-01 2.097834581952549904e+00 6.880269248182453445e-01
8.928228152574910759e-01 2.097959514717410379e+00 6.880474290731090070e-01
8.960679566013254327e-01 2.100653811157319861e+00 6.883005897235902060e-01
8.991688786758932350e-01 2.103233404440859822e+00 6.883780298013170151e-01
9.023522388869391619e-01 2.105933240348018209e+00 6.878419732914227147e-01
9.049119914278342947e-01 2.108072438040369256e+00 6.856495001890546837e-01
9.049675836770119108e-01 2.108117094979333750e+00 6.855880571369459275e-01
9.074221152201042973e-01 2.110140385555278719e+00 6.817591987401664388e-01
9.103927476777357031e-01 2.112595128557672286e+00 6.789338748275587365e-01
9.131921875414584777e-01 2.114839181429791548e+00 6.789698310987389851e-01
9.162228140938352139e-01 2.117292169000534852e+00 6.804170981162601661e-01
9.163021480265830521e-01 2.117354111618162005e+00 6.804609278930697780e-01
9.191494692760364682e-01 2.119659853126885984e+00 6.818722108751136268e-01
9.222265552216467599e-01 2.122154769868469071e+00 6.831168533846213586e-01
9.223048489765509617e-01 2.122216790476617376e+00 6.831447664896401761e-01
9.250502297476944635e-01 2.124469530024414965e+00 6.837179835694369157e-01
9.277948477759545565e-01 2.126718626096727238e+00 6.840396089137230629e-01
9.306190216376761803e-01 2.129012509855414681e+00 6.849328632927906835e-01
9.334908689798606662e-01 2.131373656991033982e+00 6.866672010428532813e-01
9.362684470034082773e-01 2.133676312172406497e+00 6.866741490797582115e-01
9.387697605684685032e-01 2.135777948692563211e+00 6.860096928950549788e-01
9.417142101142342847e-01 2.138255527991267613e+00 6.848218402659010939e-01
9.444647375123562671e-01 2.140540118111202705e+00 6.835843153405385397e-01
9.474623862679971698e-01 2.143039819263425461e+00 6.824208881681047556e-01
9.504615450391898923e-01 2.145546959184647218e+00 6.814601093453644953e-01
9.535591108301837426e-01 2.148103763055795756e+00 6.806773064084667979e-01
9.566697198489061416e-01 2.150606286208220919e+00 6.809256474192731945e-01
9.567477212675064013e-01 2.150670346188378268e+00 6.809676052294877380e-01
9.597350526812393756e-01 2.153089828841266318e+00 6.828854795103065367e-01
9.624359665510988648e-01 2.155322468710882067e+00 6.831177203731630954e-01
9.625132671816400975e-01 2.155383653663547339e+00 6.831014455805374253e-01
9.652393290432808026e-01 2.157666794979446134e+00 6.820448133807471836e-01
9.678892333293722672e-01 2.159868637162771776e+00 6.804257006033394006e-01
9.706223239654488966e-01 2.162127489293013571e+00 6.787617087491629730e-01
9.734760667822262015e-01 2.164487145445542549e+00 6.771465934688397637e-01
9.764985177563059171e-01 2.166957487432553453e+00 6.758106556746430460e-01
9.791601044272763010e-01 2.169126490298665555e+00 6.749468521882161509e-01
9.821835752932083219e-01 2.171552301277300145e+00 6.749541615741480038e-01
9.855261367574040809e-01 2.174228307897577483e+00 6.773068682610275948e-01
9.856035234038255100e-01 2.174292041050684965e+00 6.773970889913073501e-01
9.884116963389518729e-01 2.176571616229185047e+00 6.802694502109564167e-01
9.912715126089967077e-01 2.178876862604079978e+00 6.827474849249517419e-01
9.940965037100106816e-01 2.181209241835686541e+00 6.842398139993262074e-01
9.966693505986168322e-01 2.183374465583900026e+00 6.837041986749512468e-01
9.990069618875259128e-01 2.185417024156563581e+00 6.813368340325191008e-01
1.001677787227325034e+00 2.187592897975088935e+00 6.769451052707901040e-01
1.004643841072154320e+00 2.190040225691260556e+00 6.720196350684252140e-01
1.007766167964683657e+00 2.192587259187916970e+00 6.682081261410395268e-01
1.011022946142946521e+00 2.195134281946459431e+00 6.676224981840105377e-01
1.013995228772831103e+00 2.197493315908236156e+00 6.694054917585037234e-01
1.016602385065378700e+00 2.199555601746259637e+00 6.718260379538796290e-01
1.019450774534184090e+00 2.201837654223609331e+00 6.743492522944892764e-01
1.022459094332958118e+00 2.204245943454273160e+00 6.762713813442821076e-01
1.025523606041364610e+00 2.206721884230079311e+00 6.770360952243367203e-01
1.033269769024059537e+00 2.213018346283102122e+00 6.682456781441095117e-01
1.033343091463570396e+00 2.213079703396014786e+00 6.681126012062483799e-01
1.036267885122912125e+00 2.215427687130316681e+00 6.634509492121166696e-01
1.039256311260503773e+00 2.217800024424653405e+00 6.614059778131717859e-01
1.039330053773453999e+00 2.217865221284406108e+00 6.613906693543658566e-01
1.042708019615634418e+00 2.220482187665896667e+00 6.621321379093916271e-01
1.045637682092312337e+00 2.222760319503964688e+00 6.638148119490936416e-01
1.048837859603755307e+00 2.225283074783620751e+00 6.654762487567364992e-01
1.051618192918905459e+00 2.227468289357701803e+00 6.662766816337128972e-01
1.054452514785470418e+00 2.229723216994786039e+00 6.664746915152117701e-01
1.057511055886022566e+00 2.232158296850910606e+00 6.652343818708550405e-01
1.060701799138587198e+00 2.234709740271614731e+00 6.638218848908766789e-01
1.063815631225632830e+00 2.237200942905263723e+00 6.623735391152416607e-01
1.063888883543105957e+00 2.237265496621324345e+00 6.623449696286116684e-01
1.066887133384906816e+00 2.239637336845500482e+00 6.611127103538684269e-01
1.069896785819225205e+00 2.241994375123568251e+00 6.600008909242721655e-01
1.073061424598428681e+00 2.244466940504465491e+00 6.588705787030696426e-01
1.076003830656259375e+00 2.246759425101297225e+00 6.578551151287607146e-01
1.078719139856409992e+00 2.248876060864598347e+00 6.569410937425351760e-01
1.081624633268419622e+00 2.251106289794539084e+00 6.567719211681237734e-01
1.084429840665098954e+00 2.253269012716076602e+00 6.584362509583301382e-01
1.087762598172464346e+00 2.255879295073637714e+00 6.600825410839695762e-01
1.090642537101660370e+00 2.258189838079094791e+00 6.589611631154055349e-01
1.093346656612520729e+00 2.260356765570303850e+00 6.566008529704979724e-01
1.096155223303204806e+00 2.262572408643178878e+00 6.533578659425069990e-01
1.099187908478507669e+00 2.264930900564809502e+00 6.497729586496205911e-01
1.099264815857953659e+00 2.264989703572222624e+00 6.496889199486608479e-01
1.102355115333916391e+00 2.267372641186125470e+00 6.470562896879284986e-01
1.102432034001473493e+00 2.267430513348493548e+00 6.470063395480408763e-01
1.105083119285136695e+00 2.269464606364001824e+00 6.457450821770905902e-01
1.108194763343656852e+00 2.271792118720293630e+00 6.461474419224105814e-01
1.111014115871586938e+00 2.273926961311254935e+00 6.478211839688615692e-01
1.114172386173310825e+00 2.276318817013436746e+00 6.498546892607639514e-01
1.117071057624330788e+00 2.278533010657338043e+00 6.510153552417640155e-01
1.120038667132097654e+00 2.280804404621363801e+00 6.514502547709898339e-01
1.122899758939579717e+00 2.283081985224711286e+00 6.500816387304091393e-01
1.125673503347144999e+00 2.285251325786420207e+00 6.463268915900448608e-01
1.128059582018108298e+00 2.287084972340339029e+00 6.419132965504441568e-01
1.130616072968991803e+00 2.289042634995020364e+00 6.376568722124593691e-01
1.133720021757268936e+00 2.291363415497377432e+00 6.352648026295686368e-01
1.136383362514377771e+00 2.293311327534319766e+00 6.349607974218728357e-01
1.139993832538177765e+00 2.295994422404979751e+00 6.358465391114189735e-01
1.142929917361144243e+00 2.298164156021009763e+00 6.367813435767242236e-01
1.146015374277376209e+00 2.300462520638281383e+00 6.373333959601883425e-01
1.148922350605456444e+00 2.302633699930021649e+00 6.370110138066163996e-01
1.152119134086233565e+00 2.305060388697435680e+00 6.355850356149669311e-01
1.154459252470055874e+00 2.306858513559669532e+00 6.325213485737739560e-01
1.157595302397905312e+00 2.309180436513775359e+00 6.272066532219753299e-01
1.160850643568279494e+00 2.311590515445511418e+00 6.247231301573377138e-01
1.163911003632625674e+00 2.313787155702299536e+00 6.236562166619136205e-01
1.166818391013345835e+00 2.315864918230460923e+00 6.231611878548255490e-01
1.169856030214340148e+00 2.318056751546853089e+00 6.229219410146303870e-01
1.172826463053233903e+00 2.320194733600847048e+00 6.225196000190239554e-01
1.175722132071926218e+00 2.322268136467220856e+00 6.218162028872568081e-01
1.178762974663797314e+00 2.324451700296080059e+00 6.209256463127208470e-01
1.181621920733838538e+00 2.326488870924634078e+00 6.206334799606769703e-01
1.184687055070213546e+00 2.328691206428192828e+00 6.220307031343799142e-01
1.187566991995488319e+00 2.330756656608429900e+00 6.230967710677803861e-01
1.190430968852785210e+00 2.332866229823423510e+00 6.219057173778946845e-01
1.193034975479930981e+00 2.334759260297383676e+00 6.193230380236357524e-01
1.195761141702263997e+00 2.336761041674806361e+00 6.158889458495580005e-01
1.198478520255004565e+00 2.338722631279613218e+00 6.125601202676336232e-01
1.201518477783044991e+00 2.340940005295574444e+00 6.094727414853058356e-01
1.201823698757431558e+00 2.341155601087459459e+00 6.092121985122694872e-01
1.204933829163571835e+00 2.343342674076006382e+00 6.068947879556993996e-01
1.208286511113384032e+00 2.345666455903788084e+00 6.067139206804598173e-01
1.208370202807369731e+00 2.345724888032795885e+00 6.067368211676450462e-01
1.211553726940635789e+00 2.347942977783398444e+00 6.077960229722393359e-01
1.214717283343818011e+00 2.350139623612703677e+00 6.089760939273189955e-01
1.217795561553166372e+00 2.352311537916090156e+00 6.094852744447927240e-01
1.220632379794370337e+00 2.354303123898561889e+00 6.093379940163207165e-01
1.223544972417350607e+00 2.356386735859449910e+00 6.075407641877126341e-01
1.226469948112253183e+00 2.358470465492761736e+00 6.033265919682242462e-01
1.229369103822378628e+00 2.360455974743687513e+00 5.978527389240003709e-01
1.229447203996280269e+00 2.360511979860113296e+00 5.977072287677070994e-01
1.232069961941274716e+00 2.362292266681000896e+00 5.935233371093685539e-01
1.234973897196954606e+00 2.364280837137560987e+00 5.912827703624288223e-01
1.237840677632941144e+00 2.366191179722495708e+00 5.910129375463755164e-01
1.241050903404534278e+00 2.368354254930950198e+00 5.916874269463314739e-01
1.243845125541900742e+00 2.370230488597771412e+00 5.921342432878053952e-01
1.246624266305724094e+00 2.372102246010902693e+00 5.921597120476066456e-01
1.249415314519365161e+00 2.373985911945545535e+00 5.915996925406711293e-01
1.252585861629125663e+00 2.376129446487173169e+00 5.905594419351550828e-01
1.255608436710299758e+00 2.378181540335239763e+00 5.893763403153970959e-01
1.264162469177281478e+00 2.384038528754237163e+00 5.835065436723492205e-01
1.264241140184604317e+00 2.384098665157527108e+00 5.834446516188803722e-01
1.266892240282086357e+00 2.385887863450526947e+00 5.813805277317617426e-01
1.269547275755511295e+00 2.387697032457082091e+00 5.795194872750376591e-01
1.272457214647407131e+00 2.389634200767153160e+00 5.776205437769266204e-01
1.275550059651783696e+00 2.391685812545229162e+00 5.757053866001542453e-01
1.278315253163952336e+00 2.393523525316728850e+00 5.741062118828815786e-01
1.281312528818762564e+00 2.395450859646090169e+00 5.732207199701770950e-01
1.284248725008945824e+00 2.397342361662433419e+00 5.739678356562467609e-01
1.287057683507387251e+00 2.399169882452609315e+00 5.748665749106086631e-01
1.289884402007960063e+00 2.400992066053616369e+00 5.752004559010664986e-01
1.293193466376470591e+00 2.403137229289048271e+00 5.748193163482523405e-01
1.293275939519399786e+00 2.403193256949076151e+00 5.748055786339463236e-01
1.296540808768184450e+00 2.405356622414046797e+00 5.738187263774437996e-01
1.299364613189789353e+00 2.407246451070877313e+00 5.710071636330377176e-01
1.302427897948579050e+00 2.409221897557983105e+00 5.659924847603837739e-01
1.305467873133517864e+00 2.411225091470166504e+00 5.607081359817320809e-01
1.308787338053019944e+00 2.413356879875933281e+00 5.556092512376461512e-01
1.312203374733531325e+00 2.415499066941448447e+00 5.531717114703769145e-01
1.315191980398013438e+00 2.417330934036672208e+00 5.527466213337605128e-01
1.318081067236082093e+00 2.419107431298709088e+00 5.531711978017004316e-01
1.320893443959707758e+00 2.420860941863632654e+00 5.534396507890060324e-01
1.323924760789329635e+00 2.422740591286301814e+00 5.533754786847410179e-01
1.327361123421514799e+00 2.424865778597461219e+00 5.527217188271534853e-01
1.330455084642035102e+00 2.426790457730339856e+00 5.516997441103773658e-01
1.333902892343815205e+00 2.428914617083634653e+00 5.512913364768095015e-01
1.336977932954448223e+00 2.430821395170702726e+00 5.514714639692169795e-01
1.339860786114074775e+00 2.432631504841447967e+00 5.497484700520361978e-01
1.342881982123646623e+00 2.434496989479896900e+00 5.465434838826092045e-01
1.345835897227106948e+00 2.436349270709729176e+00 5.431827631263861367e-01
1.349270819838164659e+00 2.438470241645569470e+00 5.394441949538891778e-01
1.352769068408419706e+00 2.440609272348553738e+00 5.362597131118321814e-01
1.355868688700380575e+00 2.442483879573935202e+00 5.338367402596182476e-01
1.358862530532041424e+00 2.444267880795016890e+00 5.319875463205498978e-01
1.362112391636470132e+00 2.446172716739911213e+00 5.316901177744827178e-01
1.365356370596185087e+00 2.448082529171510480e+00 5.321223178315864777e-01
1.368707247515105419e+00 2.450071808584106225e+00 5.325129422530556766e-01
1.372233684260665942e+00 2.452149869374070867e+00 5.324136785946197437e-01
1.375713253326716234e+00 2.454228605771233696e+00 5.315132051140222247e-01
1.378620684964937615e+00 2.456029224445418269e+00 5.288323179207036207e-01
1.381529745430931877e+00 2.457767503681724808e+00 5.253604548742786262e-01
1.384551140429477023e+00 2.459573526563569423e+00 5.226732554075865789e-01
1.387842096012392279e+00 2.461525933304460345e+00 5.203249047043803088e-01
1.391009307151779062e+00 2.463351560118626882e+00 5.184111363820589347e-01
1.394009795418774900e+00 2.465078835025192650e+00 5.167433292159803182e-01
1.397088008948115467e+00 2.466859745878111632e+00 5.150775495219183098e-01
1.400264285980717949e+00 2.468691363674841988e+00 5.133813457039183570e-01
1.403794313757933399e+00 2.470695647373077453e+00 5.115300692702356988e-01
1.407238981139240508e+00 2.472598954096770996e+00 5.105973701391974817e-01
1.410094954866444983e+00 2.474209648789912119e+00 5.108863375186121214e-01
1.413413331700136277e+00 2.476059097930353392e+00 5.108676154969745697e-01
1.416877931843876892e+00 2.478027208442993956e+00 5.104623362781235407e-01
1.420102971756079357e+00 2.479874177595611684e+00 5.091115074045092781e-01
1.423156230364874597e+00 2.481608897639920208e+00 5.058292600557926511e-01
1.426354462680188506e+00 2.483422576969945617e+00 5.010030999642258731e-01
1.429587311607658284e+00 2.485215748598274210e+00 4.961377357855323855e-01
1.432594044430214986e+00 2.486895130862817993e+00 4.927597761890946115e-01
1.435652515295357867e+00 2.488543636399707104e+00 4.912430441444333717e-01
1.438829685267745795e+00 2.490238108238001846e+00 4.908513653003013788e-01
1.442099007608690364e+00 2.491986913922415336e+00 4.905833415979450884e-01
1.445694332636358714e+00 2.493904720877199832e+00 4.901950428621727474e-01
1.449467598443565208e+00 2.495932148599989464e+00 4.891730775351410543e-01
1.453061948103624212e+00 2.497847567177866601e+00 4.877162741031572102e-01
1.456552801469602976e+00 2.499733528530782234e+00 4.860454805466705719e-01
1.460280289134550769e+00 2.501698680870162672e+00 4.846831797598908365e-01
1.463739782483437279e+00 2.503529793413064919e+00 4.844322896165983439e-01
1.467139302551908830e+00 2.505344264909854068e+00 4.834800788572999330e-01
1.467222273933272980e+00 2.505385187721691498e+00 4.834294107750355951e-01
1.470466716996214673e+00 2.507129392813551405e+00 4.804504866826709297e-01
1.473863031206202878e+00 2.508929049360587360e+00 4.761915999698192459e-01
1.477161604602276190e+00 2.510684752671602737e+00 4.720877127137161344e-01
1.480300349498055779e+00 2.512326436728165913e+00 4.686745830551288239e-01
1.483434369227111471e+00 2.513930147308207630e+00 4.664842521211457482e-01
1.486894786221651721e+00 2.515656093087135670e+00 4.658127193991453141e-01
1.490146888102017675e+00 2.517286340372240527e+00 4.655722696991420051e-01
1.493730222739324320e+00 2.519096890849443771e+00 4.653599260691485551e-01
1.496848682492767368e+00 2.520661723771821627e+00 4.649096158302520876e-01
1.499875026975785008e+00 2.522185633250586090e+00 4.639262889097525155e-01
1.502902620194007222e+00 2.523709483920621555e+00 4.625958649728401650e-01
1.506293333609584506e+00 2.525408867059450113e+00 4.608895307809079966e-01
1.509540945590214456e+00 2.527009249215928399e+00 4.595453261034422310e-01
1.512759301194132266e+00 2.528611599861012138e+00 4.583272784661953647e-01
1.513111267107547953e+00 2.528788447358572888e+00 4.580779606966423612e-01
1.516221760675203534e+00 2.530366807509900617e+00 4.555072433920929753e-01
1.519631472620498913e+00 2.532100634871141676e+00 4.523431986568539620e-01
1.519718703957662731e+00 2.532144904018937659e+00 4.522594032506492834e-01
1.522922465177713791e+00 2.533748560374043723e+00 4.495259635544613941e-01
1.532165725218354924e+00 2.538291995238532550e+00 4.424776701023241943e-01
1.532253914930152172e+00 2.538333267355967315e+00 4.424088891679990865e-01
1.535220661998949465e+00 2.539764996208774051e+00 4.404926693150097994e-01
1.538618383094921604e+00 2.541351011234055601e+00 4.398478050719329957e-01
1.541929054032373569e+00 2.542910974165342175e+00 4.395144635270256672e-01
1.545397403673703707e+00 2.544533303925303080e+00 4.390917792111712625e-01
1.548945987032398275e+00 2.546207983005464026e+00 4.382595780051457002e-01
1.552215996238895723e+00 2.547749795158432917e+00 4.371272729650731437e-01
1.555933822632311392e+00 2.549506839894879917e+00 4.356455229803575802e-01
1.559502345350626262e+00 2.551170439244585531e+00 4.347551113869380646e-01
1.563149332078514364e+00 2.552860620353988974e+00 4.342470076956963521e-01
1.566506857579845757e+00 2.554441177287661624e+00 4.333160227346216087e-01
1.569932204324734792e+00 2.556102752515741816e+00 4.306598113597945310e-01
1.570020938232174812e+00 2.556142972159112237e+00 4.305673028918506340e-01
1.573830279146418931e+00 2.557922769785601069e+00 4.265842884469494001e-01
1.577137072223088188e+00 2.559461074376622847e+00 4.231902610974144219e-01
1.580131585407104744e+00 2.560842145319008445e+00 4.202770754912674156e-01
1.583906173595220013e+00 2.562539774354896771e+00 4.180590513579630629e-01
1.587540467055965632e+00 2.564161158100024096e+00 4.169033572827267609e-01
1.590876676399277878e+00 2.565625291253360807e+00 4.160405334696203883e-01
1.594327119663516701e+00 2.567177379037943741e+00 4.149031798741106281e-01
1.598046592385573561e+00 2.568822242593634009e+00 4.135920640659493386e-01
1.601743488237939106e+00 2.570466529249173071e+00 4.121781511532132125e-01
1.605722795478167431e+00 2.572228644578689050e+00 4.104792212740831503e-01
1.609188520457931926e+00 2.573750310814915565e+00 4.092346753582801200e-01
1.612367522610424597e+00 2.575128543497045008e+00 4.085222308478868580e-01
1.616129830537265555e+00 2.576763217168624553e+00 4.074860671062506268e-01
1.619198007811095241e+00 2.578108804099617402e+00 4.064227294642894783e-01
1.622774675285140189e+00 2.579679284399725159e+00 4.037874050202820975e-01
1.625910755926100570e+00 2.581045252300833148e+00 4.009543160049484078e-01
1.629045910048629198e+00 2.582403082691709706e+00 3.981047375445355141e-01
1.632393716103625936e+00 2.583832327319081745e+00 3.958912182906234589e-01
1.635770152027489210e+00 2.585258987151572985e+00 3.943948832283962758e-01
1.639254441537559837e+00 2.586715568605793436e+00 3.930934381150114620e-01
1.643115114659302378e+00 2.588322495385676270e+00 3.916848053116205874e-01
1.646605279256853516e+00 2.589753898499191465e+00 3.903853626276790889e-01
1.650095573698625362e+00 2.591189889108465039e+00 3.890047562480601906e-01
1.653861224432982446e+00 2.592733494337796429e+00 3.874317887182874842e-01
1.657200634088923152e+00 2.594076892434581616e+00 3.863867380047152356e-01
1.660319332222742972e+00 2.595346759539606918e+00 3.855929710578152037e-01
1.663915465939796334e+00 2.596800727712748724e+00 3.846018439003638933e-01
1.667708207041788793e+00 2.598344556855450627e+00 3.834081026247395663e-01
1.671209626779026403e+00 2.599777907109793063e+00 3.820981495237889547e-01
1.674996913581321190e+00 2.601317820750955079e+00 3.805644132140292846e-01
1.678297060242126992e+00 2.602667158228981759e+00 3.791395302230124442e-01
1.681743233267490201e+00 2.604070027284950406e+00 3.773861824515276076e-01
1.685244011695238520e+00 2.605479097574511460e+00 3.750091531602666173e-01
1.688548173886536441e+00 2.606804394369808264e+00 3.729686933948804795e-01
1.691848698181626087e+00 2.608116582097205427e+00 3.711041105024364128e-01
1.695747289464500929e+00 2.609657062865140986e+00 3.690713925580608179e-01
1.695843934240764073e+00 2.609697209989884303e+00 3.690258884411636298e-01
1.699762853602952761e+00 2.611232119810876551e+00 3.671219725840527692e-01
1.703380083943147882e+00 2.612651966432350648e+00 3.654368903289072490e-01
1.706819761186705087e+00 2.613993996170321132e+00 3.638805205584722535e-01
1.710392107281096141e+00 2.615358249928366963e+00 3.625648842461252075e-01
1.714338882358087623e+00 2.616857372593167419e+00 3.613605391568147640e-01
1.717817869483122095e+00 2.618192981717773371e+00 3.602042891184555895e-01
1.721380781632898316e+00 2.619549347588317367e+00 3.589947606337061670e-01
1.725040373319379317e+00 2.620947473300258235e+00 3.576476980470436606e-01
1.728405445363850435e+00 2.622235130720438789e+00 3.563405155724644890e-01
1.731782387964930781e+00 2.623500162640851840e+00 3.552624122273891905e-01
1.735283181910544981e+00 2.624807185269850685e+00 3.541214158919155919e-01
1.738852964143015711e+00 2.626145059572430718e+00 3.529792510705774822e-01
1.742463540816764578e+00 2.627480896670328914e+00 3.516888530506261379e-01
1.745649801620316577e+00 2.628673250904165037e+00 3.503663848393077096e-01
1.749085286396079963e+00 2.629978141075630216e+00 3.483981709076159339e-01
1.752535246638429189e+00 2.631268526778234751e+00 3.464788861561849398e-01
1.756107678004219741e+00 2.632574381934654539e+00 3.445082429273618185e-01
1.759597875537262324e+00 2.633853667648427876e+00 3.429279529968039530e-01
1.762903055709752476e+00 2.635051623452039138e+00 3.416279070870243961e-01
1.766705757211013195e+00 2.636422395504355976e+00 3.402226097428198703e-01
1.770126819989819467e+00 2.637643312494095227e+00 3.389770993268473309e-01
1.773439291959651554e+00 2.638817421384460182e+00 3.378015054768618297e-01
1.777348929332208671e+00 2.640200554289758195e+00 3.364050668221488793e-01
1.781264184124076166e+00 2.641589911423574577e+00 3.350068273766544924e-01
1.784881683932987073e+00 2.642857733953596799e+00 3.338706054350560337e-01
1.788602250829434137e+00 2.644171968029755959e+00 3.326953473809340367e-01
1.788700602328834321e+00 2.644204517183231573e+00 3.326641704138240674e-01
1.792045289263011432e+00 2.645368135990574299e+00 3.315546598432463354e-01
1.795667599758614230e+00 2.646632476669986911e+00 3.303403768347669689e-01
1.799299620120454968e+00 2.647902584728191400e+00 3.291260656105064464e-01
1.810976223919462003e+00 2.651925974174546674e+00 3.251071454620608758e-01
1.814419393957268145e+00 2.653103620386044526e+00 3.239028901844770991e-01
1.818438727796540810e+00 2.654470623724707323e+00 3.223688570433779765e-01
1.818537946205461386e+00 2.654503256481249629e+00 3.223250731139465364e-01
1.821776556800725144e+00 2.655612781769639774e+00 3.210778193551593884e-01
1.825326561304652762e+00 2.656816632449327642e+00 3.197517750039974849e-01
1.829071282339434168e+00 2.658079766780304887e+00 3.183982706213045466e-01
1.833014410709266073e+00 2.659405360058978651e+00 3.170530449747157031e-01
1.836675241789266666e+00 2.660617190399740650e+00 3.158488826244388870e-01
1.840531628245604345e+00 2.661898699129245038e+00 3.146102700550812425e-01
1.844384726626087545e+00 2.663166727489253205e+00 3.133852942167065780e-01
1.848439862121826982e+00 2.664512900314332633e+00 3.121171944999780457e-01
1.848540282514433475e+00 2.664545148000264874e+00 3.120878265573058252e-01
1.851812733648171561e+00 2.665604609192522734e+00 3.110449350285903747e-01
1.855483359444744185e+00 2.666805660502542086e+00 3.098630005187364977e-01
1.859378541476496283e+00 2.668063931594767624e+00 3.086265192700105020e-01
1.863354715606446943e+00 2.669353971278494608e+00 3.073998133082176398e-01
1.866545982529515868e+00 2.670371861450658191e+00 3.064414774121457241e-01
1.869830642954827482e+00 2.671414958816949348e+00 3.054603712842983709e-01
1.873401066188686848e+00 2.672566522901286934e+00 3.043657079641508556e-01
1.876799659041860524e+00 2.673645268092222249e+00 3.033284076870924606e-01
1.880486189459604995e+00 2.674827964772169331e+00 3.021913167007476142e-01
1.884175132891941384e+00 2.676002341922449457e+00 3.011298548890058435e-01
1.884273087066796082e+00 2.676034307543968094e+00 3.011049606349092134e-01
1.887857224132598155e+00 2.677164080828522419e+00 3.000546839158920731e-01
1.891331531698688950e+00 2.678268473276406603e+00 2.989456665454519602e-01
1.891429699813150123e+00 2.678297696121092475e+00 2.989133629190325325e-01
1.895233757681582532e+00 2.679467536102978720e+00 2.977364157001325395e-01
1.898830992855057076e+00 2.680575227780034098e+00 2.965929430960971280e-01
1.902434935204996513e+00 2.681700466875744482e+00 2.954521583894405556e-01
1.905635949550102293e+00 2.682684314429216510e+00 2.944835625910482424e-01
1.909351551123155133e+00 2.683828172721621552e+00 2.934651780091159234e-01
1.912958377479180294e+00 2.684935159461586451e+00 2.925521270630606074e-01
1.916194878019601866e+00 2.685910411875632953e+00 2.917123869411809012e-01
1.919398305039212715e+00 2.686886591507256838e+00 2.909009239236501343e-01
1.923225638957693828e+00 2.688045129051551463e+00 2.899569337538257519e-01
1.927250589053960406e+00 2.689265313293971449e+00 2.889645316670555464e-01
1.927351312311818221e+00 2.689299378520848105e+00 2.889386903408455165e-01
1.931587042202779214e+00 2.690570466935939375e+00 2.879906585570084498e-01
1.935306178866646798e+00 2.691672452167365392e+00 2.872853728749731883e-01
1.939436556591878968e+00 2.692886542245348735e+00 2.865268581679761284e-01
1.939535395534315310e+00 2.692919142759193640e+00 2.865108406864300683e-01
1.943160058065601437e+00 2.694006034128458182e+00 2.857930110289682579e-01
1.946901253396471798e+00 2.695124683506414875e+00 2.850491226928970612e-01
1.950939792087582614e+00 2.696305829894304562e+00 2.841942390174052036e-01
1.954567285369670726e+00 2.697374173716977630e+00 2.834592355591261659e-01
1.958901821072700500e+00 2.698648110945716549e+00 2.828536821717379524e-01
1.962341237907091251e+00 2.699646264002746321e+00 2.823537082110649798e-01
1.966277164589482762e+00 2.700798010931130033e+00 2.817581674046573670e-01
1.966378537471843657e+00 2.700827031606544804e+00 2.817448393821923025e-01
1.970394400646658051e+00 2.702022338554394221e+00 2.807545449936131865e-01
1.970492087218772337e+00 2.702054252447088079e+00 2.807246899557394593e-01
1.974287029034961449e+00 2.703186539111320563e+00 2.795230206681361129e-01
1.977803879295234823e+00 2.704199485903077793e+00 2.784304752692522422e-01
1.981417502812807596e+00 2.705267735361753356e+00 2.773803875399460939e-01
1.985442761466778006e+00 2.706425918249862228e+00 2.765144882124900283e-01
1.989187235824231959e+00 2.707512092649239310e+00 2.758076339544609512e-01
1.993216843494207691e+00 2.708668273990987085e+00 2.751414885813319722e-01
1.997465394650609127e+00 2.709887585896195272e+00 2.744583292913491679e-01
2.001105569759618064e+00 2.710926929360478965e+00 2.738839648508551439e-01
2.005163732983937575e+00 2.712074035198337896e+00 2.732958390714797514e-01
2.009321302366162687e+00 2.713252882201186544e+00 2.727741691030524662e-01
2.013484467425632918e+00 2.714426206883230108e+00 2.724352441941891301e-01
2.017349120836570808e+00 2.715518844227860384e+00 2.721342781882272743e-01
2.021286216906862609e+00 2.716626910041915810e+00 2.717854334889672208e-01
2.021387941500767838e+00 2.716653949091386799e+00 2.717775953235836983e-01
2.025231431118264425e+00 2.717724728694184577e+00 2.714272600704807914e-01
2.025333807322295954e+00 2.717752492006775711e+00 2.714167442072051850e-01
2.028681805756846313e+00 2.718677471734392892e+00 2.712127657846354345e-01
2.032403914100544107e+00 2.719715114792966126e+00 2.711860371264416814e-01
2.036434425125583481e+00 2.720841898931371627e+00 2.710993759275822090e-01
2.036536236278446932e+00 2.720870900855880237e+00 2.710982525647184227e-01
2.040255091591660186e+00 2.721903698577014197e+00 2.709199298563800262e-01
2.044004224996820884e+00 2.722953874061042168e+00 2.705862509391425696e-01
2.047831066425513491e+00 2.724029108832384694e+00 2.702301746406027827e-01
2.051373726058858260e+00 2.725026386584046723e+00 2.699191139574834697e-01
2.055096842420055303e+00 2.726071123976068655e+00 2.695629068039059884e-01
2.058513009394632665e+00 2.727055637065364913e+00 2.688808914176608056e-01
2.068886241679419147e+00 2.730003021346614656e+00 2.662839721502103241e-01
2.072601871170159704e+00 2.731038448625544124e+00 2.653803940609130718e-01
2.076319462782441949e+00 2.732064543497712883e+00 2.646710824301287679e-01
2.080060268873236584e+00 2.733065323226962384e+00 2.643089231057074717e-01
2.084015724870170505e+00 2.734141221010050860e+00 2.640847645748622963e-01
2.087949826054118496e+00 2.735202070840408783e+00 2.641964946469673725e-01
2.091483601773781231e+00 2.736172224112381812e+00 2.643655576715373545e-01
2.095513120861492773e+00 2.737255287504815726e+00 2.644799971324228172e-01
2.095613437325344108e+00 2.737281808912621628e+00 2.644795590050607603e-01
2.099526684019310085e+00 2.738355680284830562e+00 2.645439125501758970e-01
2.099625433913913319e+00 2.738380722197945261e+00 2.645435706704198919e-01
2.103337984410901473e+00 2.739395300244385822e+00 2.644971646564223122e-01
2.107056584646725295e+00 2.740414765717682943e+00 2.644383799365559451e-01
2.110773178047729459e+00 2.741421153449253634e+00 2.644789999502856204e-01
2.114481051323900296e+00 2.742420676694467208e+00 2.647449785301633218e-01
2.118179590678586077e+00 2.743433676316120895e+00 2.649593007223107199e-01
2.121786485188563276e+00 2.744420567761249430e+00 2.651160848419534810e-01
2.126006840701530898e+00 2.745584355614320682e+00 2.651226484973559505e-01
2.129515728194489199e+00 2.746552163429996085e+00 2.651046994421422109e-01
2.133017286375984423e+00 2.747506657843631572e+00 2.652573331365074560e-01
2.136428447953723442e+00 2.748443786055451810e+00 2.654511561901691796e-01
2.139723049581372383e+00 2.749345462900328219e+00 2.656780623455085033e-01
2.143431013546890807e+00 2.750352034074006635e+00 2.658670993065050392e-01
2.143531002964763843e+00 2.750379348799409929e+00 2.658676355165885963e-01
2.147179387095640823e+00 2.751415547146906615e+00 2.657074931579401778e-01
2.150850512201530673e+00 2.752442597491200349e+00 2.648161734392386890e-01
2.154516435185996226e+00 2.753458293019065195e+00 2.639423395789821103e-01
2.158288460197246739e+00 2.754489549144094163e+00 2.634365929227856507e-01
2.162072815760924360e+00 2.755502471839821332e+00 2.632521324003462282e-01
2.165955107403890523e+00 2.756555488182767188e+00 2.631864787738860123e-01
2.169454921005558479e+00 2.757502742981103872e+00 2.631919998044801035e-01
2.173649889344700714e+00 2.758644663396760954e+00 2.632460378685478886e-01
2.177126740065148169e+00 2.759591423038906477e+00 2.633601932071321094e-01
2.180606018181914241e+00 2.760540138715361635e+00 2.635377586549215723e-01
2.184314693278469832e+00 2.761549856097697653e+00 2.638528538644973054e-01
2.188369940409990999e+00 2.762644549998302779e+00 2.644629556304074480e-01
2.192428168936979116e+00 2.763740468208994550e+00 2.650393898019259287e-01
2.196104618883620407e+00 2.764760171576794434e+00 2.654470334792956021e-01
2.199368423029301578e+00 2.765650342074160939e+00 2.657604595628864641e-01
2.203139853088421862e+00 2.766692387306866507e+00 2.660367875667711823e-01
2.206785264597748597e+00 2.767693365906287450e+00 2.663541845777530614e-01
2.210062528623964351e+00 2.768587584263026091e+00 2.666997630737102942e-01
2.214283443648544125e+00 2.769750759787048544e+00 2.673583593393276669e-01
2.214380881334181872e+00 2.769777238309383716e+00 2.673732137250682817e-01
2.218213488760659491e+00 2.770830779322717596e+00 2.679174708059193777e-01
2.218309893861916127e+00 2.770859142207097392e+00 2.679298881937843824e-01
2.221548285257583633e+00 2.771761295784707979e+00 2.683482225645824615e-01
2.225472222192011351e+00 2.772844892009183049e+00 2.687946892904169993e-01
2.229490377701563997e+00 2.773969197330082181e+00 2.692976050394644827e-01
2.232923899541066515e+00 2.774917557859109429e+00 2.697659866911098492e-01
2.236748293746919192e+00 2.775976296101029028e+00 2.704277902693550395e-01
2.236845958518253408e+00 2.776001074671483604e+00 2.704447091803414138e-01
2.240813471169404547e+00 2.777133710982396586e+00 2.706151246689483258e-01
2.240909121829020467e+00 2.777159082683882119e+00 2.706052735169712231e-01
2.244859954453747530e+00 2.778302514023248904e+00 2.702339045738945678e-01
2.248608313646302204e+00 2.779397869162944179e+00 2.699177807354382619e-01
2.252382652664084439e+00 2.780459376272724104e+00 2.697155591744422320e-01
2.252479560139833747e+00 2.780486534374584817e+00 2.697106021284654820e-01
2.255689279056252605e+00 2.781399194653137119e+00 2.697640073712531117e-01
2.259589098807946783e+00 2.782491394559953868e+00 2.700991386881396727e-01
2.263379064459652756e+00 2.783560107431057862e+00 2.705229655586863236e-01
2.266759577616976884e+00 2.784490500836644511e+00 2.710356292060482342e-01
2.270743928992558835e+00 2.785602558483168067e+00 2.716539624907884920e-01
2.274230498477079809e+00 2.786571338024916411e+00 2.722365445390855232e-01
2.277630534204501789e+00 2.787515467063084618e+00 2.728151372421266374e-01
2.281305988453889988e+00 2.788549829725871732e+00 2.734094463035800504e-01
2.284774349172136620e+00 2.789519052644786612e+00 2.741643366406798510e-01
2.288157498979313420e+00 2.790478599667646442e+00 2.748667381577995505e-01
2.291425569192551581e+00 2.791406564316127437e+00 2.756074731855249205e-01
2.294977258976087509e+00 2.792406550466969506e+00 2.763740756032018742e-01
2.305911472807866680e+00 2.795511754329912613e+00 2.786557775672885984e-01
2.306008809210374988e+00 2.795541346265379978e+00 2.786703695185238638e-01
2.309933982750365544e+00 2.796666501606689614e+00 2.795594217904032730e-01
2.313251628693204776e+00 2.797619278515531160e+00 2.803677447860681848e-01
2.316956649390195633e+00 2.798691551223516427e+00 2.812293808073358936e-01
2.320088931654786357e+00 2.799608379764738419e+00 2.819454288014511811e-01
2.323413714922435425e+00 2.800584149404885537e+00 2.826943863424206116e-01
2.327278207222403861e+00 2.801708966889218111e+00 2.835777619897253965e-01
2.330756430300549020e+00 2.802743571167777503e+00 2.841382902541333966e-01
2.334297893279031477e+00 2.803808268168606066e+00 2.843614983694870979e-01
2.337955566101447058e+00 2.804910995285714304e+00 2.846747497561013529e-01
2.341233839125792748e+00 2.805871498219721261e+00 2.850346714105325696e-01
2.344617073128074658e+00 2.806880746222911949e+00 2.855349175271728601e-01
2.348178969699788343e+00 2.807923180290229581e+00 2.862246012780454429e-01
2.352120187433749621e+00 2.809091792714826230e+00 2.870768078376961796e-01
2.355774118968147590e+00 2.810173943296907506e+00 2.879396980587586863e-01
2.359248522869312303e+00 2.811188331698822651e+00 2.888717591659593076e-01
2.362796798561374700e+00 2.812248966160932451e+00 2.898981135236370910e-01
2.366529985902009248e+00 2.813359948529765564e+00 2.909836395083426064e-01
2.370236157185836134e+00 2.814466452662550910e+00 2.921524576260213779e-01
2.373673690586655116e+00 2.815503702768199723e+00 2.931695670530845566e-01
2.377004902388858198e+00 2.816511658915605842e+00 2.941974093977101634e-01
2.380702462078019721e+00 2.817635365574585382e+00 2.953157995475436115e-01
2.383930124810909934e+00 2.818621141777539751e+00 2.963492733111259825e-01
2.387276290636109355e+00 2.819663598284265049e+00 2.972974183429870632e-01
2.390314937449990573e+00 2.820604188749340935e+00 2.982686118582324464e-01
2.392801083067480405e+00 2.821365815882610484e+00 2.990458673804364254e-01
2.393445260095466320e+00 2.821566523356302092e+00 2.992466324084597229e-01
2.396745400622213751e+00 2.822575376703820638e+00 3.003453479107540125e-01
2.400314476520413631e+00 2.823678458654452328e+00 3.015024180294206269e-01
2.404063181406445704e+00 2.824833759432940905e+00 3.027694632621902304e-01
2.407426326858746357e+00 2.825879726295905225e+00 3.039708984764412647e-01
2.411136805834650954e+00 2.827043308761937546e+00 3.053131523450988150e-01
2.414574272500048302e+00 2.828152665100406971e+00 3.063182729686266814e-01
2.417923520815573379e+00 2.829201611203348676e+00 3.072767471805408213e-01
2.420901245481520636e+00 2.830140019585167366e+00 3.081737144657069605e-01
2.423859689474872514e+00 2.831088513572163734e+00 3.091803191194831268e-01
2.427625856884474409e+00 2.832297126493751538e+00 3.105219830959926597e-01
2.430853307393646023e+00 2.833332762393660609e+00 3.116911653112952041e-01
2.434172848555523849e+00 2.834414995515929458e+00 3.128869234781386788e-01
2.437233048110086564e+00 2.835418687025077933e+00 3.139555450562715455e-01
2.440469066036162538e+00 2.836485470421685307e+00 3.151299862567590315e-01
2.443510236445283645e+00 2.837488016618953779e+00 3.162885837961260105e-01
2.446797408910839078e+00 2.838572522421107802e+00 3.175219191513123929e-01
2.450257156954146254e+00 2.839725452598468536e+00 3.188018080613399530e-01
2.450347627301058040e+00 2.839754586473211440e+00 3.188360643808516026e-01
2.453536665517489279e+00 2.840818274102642427e+00 3.198956066519509922e-01
2.456804889147862436e+00 2.841905971274513831e+00 3.210379839149526404e-01
2.460039431244798180e+00 2.842996255459972588e+00 3.222202154952242825e-01
2.463274208989103986e+00 2.844084690171616359e+00 3.233229728224545352e-01
2.466417809268350414e+00 2.845148263911986053e+00 3.243319421986394779e-01
2.469911619434768557e+00 2.846346824714642842e+00 3.254202647192788733e-01
2.473201073815114004e+00 2.847476651909915280e+00 3.264335871869609162e-01
2.476583129745415945e+00 2.848618608568904254e+00 3.275436026859175342e-01
2.480126537309286672e+00 2.849845010884214602e+00 3.286319062697784510e-01
2.480213173088491985e+00 2.849871777881815227e+00 3.286553113242105528e-01
2.483235118257216989e+00 2.850923697494144982e+00 3.295675189449881470e-01
2.486233372742831627e+00 2.851951981297288885e+00 3.305639927764759123e-01
2.489203513342931995e+00 2.852999567041102580e+00 3.312854763037532679e-01
2.491923046083457827e+00 2.853961032816138221e+00 3.318595481998563579e-01
2.495145318905062748e+00 2.855102386121620484e+00 3.325195606140670113e-01
2.498527607293907771e+00 2.856293508566356110e+00 3.332590429828065637e-01
2.501493728412042206e+00 2.857340963768412401e+00 3.339566811653246203e-01
2.501577521393769654e+00 2.857368327552671339e+00 3.339785790576160207e-01
2.504447908364569209e+00 2.858376350936444155e+00 3.347341872669143958e-01
2.507566307363657376e+00 2.859472655108190153e+00 3.355870759725724239e-01
2.510502339900329893e+00 2.860504823990462686e+00 3.364560886932444483e-01
2.513449203769185569e+00 2.861522593398390768e+00 3.374030159915564764e-01
2.516631404683908890e+00 2.862642598118164017e+00 3.383476778604193602e-01
2.516712058220701653e+00 2.862675170316794748e+00 3.383755886501730870e-01
2.520058788599302879e+00 2.863856998466960846e+00 3.394226880129141422e-01
2.523218624041455360e+00 2.864988198651596818e+00 3.404076567959575805e-01
2.526463825668261443e+00 2.866137203632982633e+00 3.414489528324474721e-01
2.529443723444314784e+00 2.867200563046086614e+00 3.424261215249746471e-01
2.532743248261256852e+00 2.868380698783780325e+00 3.434538912005376532e-01
2.532827815773300184e+00 2.868412886827150565e+00 3.434819146378419452e-01
2.536119764167669821e+00 2.869599617101854516e+00 3.445299271565498977e-01
2.539327052104419558e+00 2.870771020869905321e+00 3.455678057810225301e-01
2.542446710981236979e+00 2.871886788272720370e+00 3.466155479071358902e-01
2.545631985828853416e+00 2.873055345457269816e+00 3.476489410272187164e-01
2.548500734062448370e+00 2.874087376501394342e+00 3.486438470376455601e-01
2.551347438490492614e+00 2.875109769759351508e+00 3.496286224900562178e-01
2.560327865769867817e+00 2.878407083224290730e+00 3.528335512188314205e-01
2.563055163796443825e+00 2.879415409951058269e+00 3.536340987851533946e-01
2.566109022769158976e+00 2.880578847606664716e+00 3.536527481446291032e-01
2.569007868718844456e+00 2.881695570519711591e+00 3.535218544643154992e-01
2.571674884448446274e+00 2.882706096513811822e+00 3.535604985411512358e-01
2.574657538144834668e+00 2.883822512612456368e+00 3.537975835545678627e-01
2.577797966685627440e+00 2.885013976629817734e+00 3.541763372745924121e-01
2.580786317514027761e+00 2.886132795858801448e+00 3.547326294643532441e-01
2.583366689800826066e+00 2.887104003814456199e+00 3.553455551652297539e-01
2.585947104638731009e+00 2.888083922737647580e+00 3.560011151295601750e-01
2.588845072580109097e+00 2.889183182499769575e+00 3.567786999672991621e-01
2.591802430438242322e+00 2.890299000228366832e+00 3.576646626814705687e-01
2.594750070780703854e+00 2.891407650089086179e+00 3.585952706417724900e-01
2.597749253672864356e+00 2.892541164275285404e+00 3.596905966578158864e-01
2.600601324569888462e+00 2.893633922608985998e+00 3.606257236782642317e-01
2.603365933787871622e+00 2.894672729078810569e+00 3.615856371365742117e-01
2.606183240379245980e+00 2.895750628822494122e+00 3.625870765530796458e-01
2.608920804487182110e+00 2.896803798401796026e+00 3.635582356688437655e-01
2.611743140189643153e+00 2.897866049772330310e+00 3.646238411686167913e-01
2.611819792282658259e+00 2.897892317019478359e+00 3.646511589985098056e-01
2.615002405539518460e+00 2.899098686780894329e+00 3.657486826547898251e-01
2.617717528202874622e+00 2.900131324705357283e+00 3.666828693820605167e-01
2.620959678369035206e+00 2.901359869319809270e+00 3.678549135299197803e-01
2.623692448036234470e+00 2.902423426389462602e+00 3.685749635941413249e-01
2.626100557470153696e+00 2.903369993589240750e+00 3.681133502092847620e-01
2.628719324243319555e+00 2.904431471262220121e+00 3.671563916767324742e-01
2.631439386033289196e+00 2.905530775987036574e+00 3.661234768004559270e-01
2.631583969537431233e+00 2.905590384071663479e+00 3.660779650643694039e-01
2.634418732734838731e+00 2.906684979064608321e+00 3.658059634170916508e-01
2.637263193042143072e+00 2.907783909658844035e+00 3.659372407480313005e-01
2.640111413684003150e+00 2.908870568202868157e+00 3.663067815796766102e-01
2.642666704252870424e+00 2.909840133091221581e+00 3.667372755343907276e-01
2.645582852623504788e+00 2.910952064787333260e+00 3.673811165239836973e-01
2.648408606409948352e+00 2.912038653935445698e+00 3.681540568547277403e-01
