1.875337650310066717e+00 7.499745084821375363e-01 -1.397206450279915200e-04
1.875465708417684230e+00 7.499603464484553283e-01 -1.810373813476227455e-04
1.875486812748824672e+00 7.499546557026107729e-01 -1.084442848356792472e-04
1.875526887965560441e+00 7.499439378462126049e-01 1.286073126312412451e-04
1.875562905028974825e+00 7.499425808213944222e-01 5.334054142602811686e-04
1.875601126874803182e+00 7.499371834100745371e-01 1.073909025565698491e-03
1.875653164822447039e+00 7.499342493393162945e-01 1.997419225947301511e-03
1.875713322277829720e+00 7.499408409612899895e-01 3.031849906471918016e-03
1.875723141178393005e+00 7.499378806990427693e-01 4.679347341225736402e-03
1.875767413002480621e+00 7.499254186783264053e-01 6.406370235389885308e-03
1.875823284602480046e+00 7.499315578563030549e-01 8.318686645683652861e-03
1.875910874447348498e+00 7.499328909552550604e-01 1.061117417970429064e-02
1.875913696208261205e+00 7.499384620130120638e-01 1.073704484440744442e-02
1.875938901836044836e+00 7.499377084526788195e-01 1.348812674411522042e-02
1.875939651582064993e+00 7.499387313780160325e-01 1.355792070698083260e-02
1.876043111066860947e+00 7.499455162612532755e-01 1.622968781179446804e-02
1.876109649998670470e+00 7.499449008956401430e-01 1.930514377227277728e-02
1.876228857145257889e+00 7.499423314835831356e-01 2.230857181390969585e-02
1.876230970276725030e+00 7.499441642760019677e-01 2.239189047300947297e-02
1.876282830245465050e+00 7.499426487678347852e-01 2.579645087744328324e-02
1.876349955844510919e+00 7.499401337958567781e-01 2.931183132016250414e-02
1.876353062076314027e+00 7.499405697693258821e-01 2.941072833827785421e-02
1.876424153746009793e+00 7.499488190948674360e-01 3.342009616205705164e-02
1.876466288905016322e+00 7.499454825864299012e-01 3.765868302035207948e-02
1.876469211497660883e+00 7.499455800639095449e-01 3.789856361387967248e-02
1.876497968805271421e+00 7.499470060997645016e-01 4.250049527192170662e-02
1.876532668495949574e+00 7.499436109349602031e-01 4.784644498822854947e-02
1.876576825097578061e+00 7.499452224903320197e-01 5.246305042132752561e-02
1.876634639826459727e+00 7.499473275215178258e-01 5.766850682089676161e-02
1.876661779071450820e+00 7.499465491660869398e-01 6.313410442608793915e-02
1.876701145211636446e+00 7.499429499223749795e-01 6.896055277289551977e-02
1.876740535233582197e+00 7.499434073495637731e-01 7.503316433748098702e-02
1.876795526879489584e+00 7.499464275954255132e-01 8.080095786269653191e-02
1.876850742326908739e+00 7.499485205046729774e-01 8.751114711217754250e-02
1.876942085685098904e+00 7.499486974986701027e-01 1.038058861482908657e-01
1.876944609746191039e+00 7.499507823537669982e-01 1.039911027565769558e-01
1.877008469372018373e+00 7.499562354268736186e-01 1.112343754351881875e-01
1.877064261930278644e+00 7.499606239160399035e-01 1.179401880149368032e-01
1.877110979845625360e+00 7.499596911091412910e-01 1.249519737566379962e-01
1.877176648664085956e+00 7.499746666600735079e-01 1.325496558404375413e-01
1.877260924332531999e+00 7.499878867035880692e-01 1.403542293342179836e-01
1.877382519747804235e+00 7.500072976403526770e-01 1.491287555011670263e-01
1.877493686687965235e+00 7.500252591885049336e-01 1.586950212274314542e-01
1.877553337717412507e+00 7.500315438330038553e-01 1.670777359867060274e-01
1.877634692410283135e+00 7.500492254564844474e-01 1.754304357454076202e-01
1.877696376784586896e+00 7.500581605497490534e-01 1.838213554744892175e-01
1.877745738382187612e+00 7.500650309138883198e-01 1.913194051390918471e-01
1.877796031774876973e+00 7.500748010732214421e-01 1.997441987595612312e-01
1.877920797872988379e+00 7.501069912713325127e-01 2.079915080421752549e-01
1.877993425247131531e+00 7.501119034565182364e-01 2.163524796806640116e-01
1.878029959006956018e+00 7.501269300346024016e-01 2.253039856241414729e-01
1.878072557865339887e+00 7.501368085971850119e-01 2.335556527684881922e-01
1.878167315781828606e+00 7.501668505353850103e-01 2.414834288146621710e-01
1.878267763764481124e+00 7.501849209179727307e-01 2.489292227338571750e-01
1.878357947433972441e+00 7.502135246339730612e-01 2.570954367421279252e-01
1.878437337217541581e+00 7.502355956156981920e-01 2.650458339233717209e-01
1.878565315048035700e+00 7.502740139207069170e-01 2.733509391791194565e-01
1.878658378450615007e+00 7.503065908768764558e-01 2.821631016462997632e-01
1.878661554623528351e+00 7.503066571635091941e-01 2.823957201905731851e-01
1.878756708179264212e+00 7.503312239825185026e-01 2.901733067256160314e-01
1.878880804878187316e+00 7.503783783504265337e-01 2.985891348292649683e-01
1.878950020383328035e+00 7.504065099022452223e-01 3.066448826348865397e-01
1.879036520038630753e+00 7.504434907695035628e-01 3.150932783406095172e-01
1.879183046569019133e+00 7.504968279807638920e-01 3.232547861659300636e-01
1.879319489466282356e+00 7.505545296136195699e-01 3.330940642532570495e-01
1.879420872885299021e+00 7.506021882090778696e-01 3.419059350715992207e-01
1.879523899796816222e+00 7.506495864978852683e-01 3.497531588187374751e-01
1.879626575576404113e+00 7.506981727922559244e-01 3.572782829347221911e-01
1.879727238101942310e+00 7.507456896450106498e-01 3.657837468005666892e-01
1.879821654893897076e+00 7.507853112970318543e-01 3.734252573585352675e-01
1.879924138106619624e+00 7.508445706684160337e-01 3.817553575479439298e-01
1.880053541111001758e+00 7.509047625944293980e-01 3.895735056862514867e-01
1.880210860351599678e+00 7.509936144539711700e-01 3.991408843332742151e-01
1.880331787267120580e+00 7.510585654307380121e-01 4.077831162010326915e-01
1.880408313873711990e+00 7.510999712719560462e-01 4.154327525054334336e-01
1.880499286630321398e+00 7.511567024930946301e-01 4.242114087214446383e-01
1.880606383421765448e+00 7.512248826180492056e-01 4.324754033842224676e-01
1.880713150092748531e+00 7.512850394061549864e-01 4.409569716172545562e-01
1.880823850752984194e+00 7.513291533474953932e-01 4.492686394245451464e-01
1.880935700498135743e+00 7.513897197097856306e-01 4.583418239424927321e-01
1.881066619694686803e+00 7.514651034044912414e-01 4.667372347611301597e-01
1.881177011774791463e+00 7.515235668936752766e-01 4.777983263958027749e-01
1.881289941436043112e+00 7.515808872704080601e-01 4.868407261691193866e-01
1.881387668207747277e+00 7.516570414368251019e-01 4.949205920696367889e-01
1.881496026984257774e+00 7.517306985042072620e-01 5.031359348642238105e-01
1.881575959116652097e+00 7.517843599544541400e-01 5.119632691743248865e-01
1.881680593300456339e+00 7.518734665955436602e-01 5.210540538700241253e-01
1.881681476211641613e+00 7.518769509048414124e-01 5.212817071230290145e-01
1.881750623793645660e+00 7.519147761353275339e-01 5.302329142478539037e-01
1.881779668543203776e+00 7.519332904042144161e-01 5.378674282973452403e-01
1.881825341021014397e+00 7.519682427579905681e-01 5.462026650526513594e-01
1.881919628202507466e+00 7.520537782370048108e-01 5.545816646031932473e-01
1.881991752462364387e+00 7.521077021785488315e-01 5.636297101368047402e-01
1.882060709060817905e+00 7.521678254277758269e-01 5.713797745468053302e-01
1.882146679930093880e+00 7.522447273951419211e-01 5.795680044526820840e-01
1.882316530518661768e+00 7.523825837736710653e-01 6.000681044347569992e-01
1.882322515720635581e+00 7.523831935785274538e-01 6.003007050194533178e-01
1.882400795047002307e+00 7.524383084427407331e-01 6.087302309200577355e-01
1.882477505051057154e+00 7.525053847672363849e-01 6.173191125449907224e-01
1.882539666060776939e+00 7.525656482113340928e-01 6.249663310490745083e-01
1.882578086265345840e+00 7.525986335037216923e-01 6.325939915934996050e-01
1.882684180881884384e+00 7.526832674571886095e-01 6.418455189156304641e-01
1.882759330030171263e+00 7.527483725890330435e-01 6.506283409640600812e-01
1.882827148792893590e+00 7.528049317298339815e-01 6.591825189127548112e-01
1.882906110743875150e+00 7.528868746973681469e-01 6.686668294758355557e-01
1.882949049703366962e+00 7.529292965449232433e-01 6.770433505889702497e-01
1.882990453376323758e+00 7.529658270591702562e-01 6.856003459939270517e-01
1.883077892680961707e+00 7.530279616546688981e-01 6.932480603060477975e-01
1.883160933794523650e+00 7.531139707761943525e-01 7.015019816701010269e-01
1.883231523244615513e+00 7.531872896377727056e-01 7.090918230579227322e-01
1.883295673553398997e+00 7.532722201598736067e-01 7.175748724426992409e-01
1.883382209390962236e+00 7.533642165166907212e-01 7.259662148132723924e-01
1.883433254227753206e+00 7.534216303355919520e-01 7.336917270324644358e-01
1.883495447765307640e+00 7.534985786579037059e-01 7.418503956403099675e-01
1.883561084529352003e+00 7.535679202226374107e-01 7.506602967025828299e-01
1.883648248238255940e+00 7.536600107365009071e-01 7.590944040998124365e-01
1.883736463652173621e+00 7.537264072025047223e-01 7.678376841589064083e-01
1.883798439041217687e+00 7.538028094609527940e-01 7.758210163134945381e-01
1.883887522574103635e+00 7.538756317475260316e-01 7.842712287102772128e-01
1.883964345413084995e+00 7.539525344372093318e-01 7.931858075361288840e-01
1.883965871445579809e+00 7.539510788124409446e-01 7.934229854471703813e-01
1.884076114777151423e+00 7.540539435492842335e-01 8.027975077140391269e-01
1.884161562818895019e+00 7.541470972331820732e-01 8.119204537371264019e-01
1.884249058563410850e+00 7.542283844572007512e-01 8.207257599562935990e-01
1.884333396153590190e+00 7.543310608655375837e-01 8.295288757122296630e-01
1.884397189610724777e+00 7.544133850826209020e-01 8.374419571402177409e-01
1.884460559550493519e+00 7.544927794244964403e-01 8.451875569035554037e-01
1.884528058495345437e+00 7.545763436046574180e-01 8.546670987201241410e-01
1.884572235757036029e+00 7.546358501979089084e-01 8.635257726792211486e-01
1.884652531726496383e+00 7.547220624513613085e-01 8.721529215121028855e-01
1.884707356651394994e+00 7.547858757028093057e-01 8.814414332403684993e-01
1.884796103160890191e+00 7.548934301346412745e-01 8.895900092622309741e-01
1.884872059816833145e+00 7.549844076195005860e-01 8.975005200380655745e-01
1.884950292830701812e+00 7.550882301879991987e-01 9.060150523851739912e-01
1.885007817174166656e+00 7.551651114014327204e-01 9.143074957608965381e-01
1.885055633002985953e+00 7.552432998310150136e-01 9.237837920205981268e-01
1.885095530709008038e+00 7.553098582417274720e-01 9.323413474439864457e-01
1.885156812416011407e+00 7.553995528705993445e-01 9.423905748996870280e-01
1.885224824615567396e+00 7.555180059251295210e-01 9.521775298034068635e-01
1.885227324891565859e+00 7.555238830516375348e-01 9.524119743627784684e-01
1.885249822375230755e+00 7.555606808068751068e-01 9.615790201043232788e-01
1.885294383854086764e+00 7.556504030438279118e-01 9.701077537611184631e-01
1.885353228458563235e+00 7.557736503647034532e-01 9.785809836061913902e-01
1.885418215322167468e+00 7.558727763664051524e-01 9.874349376142645962e-01
1.885456645610574578e+00 7.559281214384525605e-01 9.957251913626036233e-01
1.885525399799080182e+00 7.560292164284553307e-01 1.004574776762521271e+00
1.885562024800295555e+00 7.561156869032492622e-01 1.014504923984466123e+00
1.885592615588541854e+00 7.561871777128027494e-01 1.023099969235308437e+00
1.885628259798939776e+00 7.562580369372940980e-01 1.030908202632365711e+00
1.885665037774237662e+00 7.563460825781673780e-01 1.039153379005885114e+00
1.885702186453157791e+00 7.564052547136401738e-01 1.046674061169051040e+00
1.885753147301547639e+00 7.565188162821213647e-01 1.055439648474553183e+00
1.885870308693857744e+00 7.567570019046020446e-01 1.076909731225390798e+00
1.885919000094393949e+00 7.568713373127707866e-01 1.085563868046019786e+00
1.885953198322404267e+00 7.569659534867352324e-01 1.094171945150423486e+00
1.885990185682841158e+00 7.570603204199539693e-01 1.103765917190374202e+00
1.885991511868721382e+00 7.570629597276593570e-01 1.104000198251297027e+00
1.886021672510214797e+00 7.571449853830702903e-01 1.114542690189612495e+00
1.886073296830148793e+00 7.572585144383419120e-01 1.123652773539728145e+00
1.886075586862237641e+00 7.572598839779467461e-01 1.123884856829524548e+00
1.886107965265799047e+00 7.573426472076170146e-01 1.131984859339847826e+00
1.886144898939601466e+00 7.574591564957412482e-01 1.140753271774759270e+00
1.886172232836596629e+00 7.575352688344496599e-01 1.151016074956513258e+00
1.886171484259570708e+00 7.575410375010218633e-01 1.151494027018063138e+00
1.886202099405446919e+00 7.576558528028912720e-01 1.160606400299899699e+00
1.886203820197849490e+00 7.576579585158628172e-01 1.160832577686508715e+00
1.886243670455735710e+00 7.577660665023582265e-01 1.170254675469461603e+00
1.886245466160460849e+00 7.577695256570657900e-01 1.170485456568987503e+00
1.886285987416416621e+00 7.579056328511767360e-01 1.180256791516673953e+00
1.886308283727232471e+00 7.580107715488769715e-01 1.189656329803037371e+00
1.886304414825952902e+00 7.580126480290358959e-01 1.189895302184054593e+00
1.886337572248915295e+00 7.581284903869922598e-01 1.198558381487254021e+00
1.886359322804388006e+00 7.582222238133804471e-01 1.207243688996217035e+00
1.886393657596067586e+00 7.583091449799825856e-01 1.215945413336074088e+00
1.886410353561044362e+00 7.584080189510523651e-01 1.225083374113993262e+00
1.886446828749258176e+00 7.585159055372849846e-01 1.233975485873141542e+00
1.886466357775655300e+00 7.585996641099822524e-01 1.242262232910973152e+00
1.886506113121175776e+00 7.587278093002932655e-01 1.251266677496138513e+00
1.886505416416269565e+00 7.587330554422527795e-01 1.251493679417924554e+00
1.886524045651355452e+00 7.588034669710207458e-01 1.260490620478702750e+00
1.886556460895602250e+00 7.588931360326170994e-01 1.268413566355443667e+00
1.886578122266238999e+00 7.589986271246682570e-01 1.276762067035285941e+00
1.886611749294223817e+00 7.591292346215130493e-01 1.285813555034733158e+00
1.886613536528270130e+00 7.591292203509560910e-01 1.286044388213946732e+00
1.886625771708506427e+00 7.592312713865418949e-01 1.293899058103977318e+00
1.886639515196231409e+00 7.593492981175608003e-01 1.302873969250121000e+00
1.886655833523397385e+00 7.594325568371516066e-01 1.311192958366073080e+00
1.886656666401378635e+00 7.594353159964464250e-01 1.311421403596757296e+00
1.886673261538621693e+00 7.595385983274600683e-01 1.320820402626782908e+00
1.886671049790571653e+00 7.596503694859993994e-01 1.330364808196996096e+00
1.886672047836342792e+00 7.597118584580664358e-01 1.339247359608711108e+00
1.886676674735112247e+00 7.598178942503095445e-01 1.347608963986619113e+00
1.886689487055579040e+00 7.599300370752443134e-01 1.356450851904643651e+00
1.886684830232951082e+00 7.599733748704772252e-01 1.364837772348424627e+00
1.886701102002780406e+00 7.601147330294228954e-01 1.374334233651989257e+00
1.886709600445553470e+00 7.602266563395821963e-01 1.383094782065722894e+00
1.886717143048924905e+00 7.603211896901641564e-01 1.391660767654857356e+00
1.886736924207090604e+00 7.604351714567398890e-01 1.400726043911090901e+00
1.886735405014538181e+00 7.604385404244716762e-01 1.400954131995398866e+00
1.886739328063332444e+00 7.605471452321390657e-01 1.409556676969349498e+00
1.886747960003756219e+00 7.606736263255060582e-01 1.419025846900342502e+00
1.886761765308883954e+00 7.607804992164055591e-01 1.427084871719684456e+00
1.886768393305204849e+00 7.609026051916328859e-01 1.436106769445257392e+00
1.886768087401343275e+00 7.609091746131889655e-01 1.436341788628192395e+00
1.886760390617939542e+00 7.609745584198408519e-01 1.445041665478523418e+00
1.886758608139057269e+00 7.611115792812755965e-01 1.454768169111732901e+00
1.886748543876174189e+00 7.611681875705239575e-01 1.464116751007054074e+00
1.886743471493796731e+00 7.612874586287726730e-01 1.473752844290644903e+00
1.886731146018439720e+00 7.613850485018405223e-01 1.482571963520592950e+00
1.886723166678559549e+00 7.614551057270385614e-01 1.491569720148974376e+00
1.886720114805878090e+00 7.615492291245749001e-01 1.500296576733812115e+00
1.886716186490666081e+00 7.616475450429962546e-01 1.508804689265481835e+00
1.886722758538825095e+00 7.617683300923935308e-01 1.517819452970015526e+00
1.886720204949274171e+00 7.618503150473860952e-01 1.526109739261233944e+00
1.886713303753516646e+00 7.619403199266254756e-01 1.535155459609843120e+00
1.886707860291942040e+00 7.620799654349506014e-01 1.543942220575771351e+00
1.886703813552971454e+00 7.621601458881729352e-01 1.553119977888734571e+00
1.886704031886496269e+00 7.621677516109700568e-01 1.553600565234822373e+00
1.886705066555853127e+00 7.622700908801720576e-01 1.561800263736513594e+00
1.886700011462348447e+00 7.623736697080673030e-01 1.571098741260819720e+00
1.886685274131526091e+00 7.624622512245804451e-01 1.580487321182759031e+00
1.886687135395916926e+00 7.624661416527431790e-01 1.580724158490828479e+00
1.886670518185077139e+00 7.625861056123212078e-01 1.590758391724735210e+00
1.886658953073437450e+00 7.626741703828320285e-01 1.599266261508567766e+00
1.886636634955576541e+00 7.629387308769224330e-01 1.619897728512846191e+00
1.886613065989487525e+00 7.630523670291600169e-01 1.629008837053081749e+00
1.886610154935538297e+00 7.631595380825880737e-01 1.637909466582027518e+00
1.886584217927035567e+00 7.632674507149457277e-01 1.647207001519445324e+00
1.886568448363143080e+00 7.633642464063993271e-01 1.656262153716865138e+00
1.886558031617412423e+00 7.634718688588590929e-01 1.665087782551170292e+00
1.886540946593600943e+00 7.635655939567753681e-01 1.673719548756958941e+00
1.886531162366680725e+00 7.636753844460273388e-01 1.682080282805138882e+00
1.886521103805130828e+00 7.637793388281923779e-01 1.690688306856423573e+00
1.886514140591852406e+00 7.638944157734606222e-01 1.699509073244868551e+00
1.886488910480664583e+00 7.640042992940808686e-01 1.708757707594745989e+00
1.886464855722168155e+00 7.641088382130653001e-01 1.717273928578730180e+00
1.886442715368482403e+00 7.641955960192751141e-01 1.725513796933491495e+00
1.886425440024055211e+00 7.643083881034833382e-01 1.733605894647102019e+00
1.886385512497423589e+00 7.644310109037200096e-01 1.742479229704364085e+00
1.886352945650214608e+00 7.645543323257142365e-01 1.750592954155528735e+00
1.886324868745033356e+00 7.647059951013419621e-01 1.758744931752846519e+00
1.886303699107596099e+00 7.648077985484964536e-01 1.766737001220998193e+00
1.886274358778598614e+00 7.649160745822674023e-01 1.774760596620295727e+00
1.886227678496403160e+00 7.650540128824405706e-01 1.783917227380889203e+00
1.886188040241203234e+00 7.651726509982493818e-01 1.792619534445631713e+00
1.886164876196512852e+00 7.652630507899829126e-01 1.801319348254027064e+00
1.886147723404061782e+00 7.653470625723782783e-01 1.810567089745853897e+00
1.886122304553683904e+00 7.654301329531423281e-01 1.819759981738441112e+00
1.886102095323034300e+00 7.654852796094875345e-01 1.828985451606133905e+00
1.886049001079726395e+00 7.656146401094755527e-01 1.838078913095513522e+00
1.886026025193925593e+00 7.657199438073645226e-01 1.846157040103147517e+00
1.885974376463686042e+00 7.658484727160005390e-01 1.856067136838674303e+00
1.885934692915907762e+00 7.659645916631585560e-01 1.865158124696370878e+00
1.885873121193646584e+00 7.660962358760911028e-01 1.875204209728801530e+00
1.885818843793329869e+00 7.662265803660458507e-01 1.883734593105578004e+00
1.885786881415590921e+00 7.663264371114190121e-01 1.892212064769446478e+00
1.885749367589011127e+00 7.664285703014281914e-01 1.901206769848131195e+00
1.885709902610371635e+00 7.665543669210685973e-01 1.910195742261561413e+00
1.885667208457131094e+00 7.666663410105115650e-01 1.918793449511713156e+00
1.885608025677034227e+00 7.667797326706021765e-01 1.927503251370719317e+00
1.885552596971459494e+00 7.668996229052051916e-01 1.936216767260348748e+00
1.885495319021718963e+00 7.670133438860986530e-01 1.945715041623424790e+00
1.885465568923585966e+00 7.670896799319952830e-01 1.953394171324855932e+00
1.885429629187127976e+00 7.671900318838316135e-01 1.961235030767801257e+00
1.885391872849589756e+00 7.672735546297689835e-01 1.969285136426089489e+00
1.885342096737449680e+00 7.673610056170065974e-01 1.976859138222121892e+00
1.885288431286397559e+00 7.674576011158165123e-01 1.984595026432711240e+00
1.885221477160677894e+00 7.675746931053304412e-01 1.994196636984947535e+00
1.885157739680859867e+00 7.676989004762104774e-01 2.003642335035701549e+00
1.885155968321065911e+00 7.677024573373504301e-01 2.003875823890722607e+00
1.885102351412880184e+00 7.678362000430529744e-01 2.012694883657730749e+00
1.885037920187638605e+00 7.679383355913554920e-01 2.021920240613074959e+00
1.885037223041718280e+00 7.679413083040086407e-01 2.022152162273295417e+00
1.884992655923332316e+00 7.680602184636124985e-01 2.031033055894030603e+00
1.884923270420442387e+00 7.681809593618015297e-01 2.039999464594985490e+00
1.884853886604396456e+00 7.683130335310111025e-01 2.048920146930846897e+00
1.884853150283728684e+00 7.683130766655957844e-01 2.049156278776587126e+00
1.884801418622607638e+00 7.684088832454352147e-01 2.057559652440347442e+00
1.884741227937663632e+00 7.685249744964621765e-01 2.066567742025373633e+00
1.884712273890429168e+00 7.685744996161143483e-01 2.074379483481457953e+00
1.884656769837280255e+00 7.686546039100387029e-01 2.082899246156129536e+00
1.884586962420522260e+00 7.687508032196883612e-01 2.090661226302825693e+00
1.884525333812825831e+00 7.688362021639938426e-01 2.098821588767872282e+00
1.884347221265155303e+00 7.690986903800144381e-01 2.121099874730418833e+00
1.884278006327871013e+00 7.692015241130050196e-01 2.129576563975667636e+00
1.884010126177287026e+00 7.696024231128529847e-01 2.137447503605852894e+00
1.882565833990342163e+00 7.718423198440058641e-01 2.145476670265404895e+00
1.882501532183229687e+00 7.719297289976039256e-01 2.145705505691381187e+00
1.879591890851353586e+00 7.763289064019363028e-01 2.153664182848295194e+00
1.876213330953902192e+00 7.813474116719517637e-01 2.160174049284886877e+00
1.872274056872710757e+00 7.870482415139143928e-01 2.166994333738300416e+00
1.868843779673223571e+00 7.919274248069054778e-01 2.171046177270600896e+00
1.865497343583147005e+00 7.965932869166948427e-01 2.173252626355807404e+00
1.861523923758203081e+00 8.020754632650749505e-01 2.172458566993572759e+00
1.858448477569498047e+00 8.063096793207259472e-01 2.168787801196254250e+00
1.854837808932313203e+00 8.114707666800118346e-01 2.161584841449813332e+00
1.850891277340588337e+00 8.172027230471365922e-01 2.152889310827810210e+00
1.847466546369846307e+00 8.223825096920056588e-01 2.144882166650646127e+00
1.843875934638118830e+00 8.278831526323938705e-01 2.136551904033352933e+00
1.840679708998113062e+00 8.328319156811626600e-01 2.129981416763615520e+00
1.840597282366785770e+00 8.329699511824377733e-01 2.129804847720693672e+00
1.837503675637468525e+00 8.378007472350855744e-01 2.124657569059324125e+00
1.834294989194888537e+00 8.429005533591942267e-01 2.120292922642211142e+00
1.830863086471913537e+00 8.483544506236779803e-01 2.116010567659176278e+00
1.827392088202042908e+00 8.539630924960246450e-01 2.111282263736752096e+00
1.827307804379444178e+00 8.541000493609359756e-01 2.111161708414878380e+00
1.824158917612910935e+00 8.591611762348421166e-01 2.106959945183056071e+00
1.821307115673556298e+00 8.638981243155144929e-01 2.102927798669516513e+00
1.817591445864049637e+00 8.700911415779408742e-01 2.097949028865350840e+00
1.814642772797836701e+00 8.750897955991283617e-01 2.094235189367003258e+00
1.812046488533490374e+00 8.795006341477923373e-01 2.090785409201828315e+00
1.808388411980816235e+00 8.858069750904322692e-01 2.085482089099562231e+00
1.805477599391717369e+00 8.908396364131015988e-01 2.080875185159109630e+00
1.802751706535919096e+00 8.956092470689824836e-01 2.076336534126947964e+00
1.799951656543249179e+00 9.006170488478217884e-01 2.071077651882197834e+00
1.797191576532033430e+00 9.055211760971839663e-01 2.065841590893912727e+00
1.794481185820507196e+00 9.105008867372800241e-01 2.060663921635404350e+00
1.791912427139391806e+00 9.152551082611822819e-01 2.056621980977135333e+00
1.789309127253664311e+00 9.201132314429878445e-01 2.052561756064096965e+00
1.786303556299324358e+00 9.257481925942141476e-01 2.047662384153693615e+00
1.783700894463564612e+00 9.306680112763644486e-01 2.043122397482466379e+00
1.781268776839679768e+00 9.353185889131877540e-01 2.038745291163527540e+00
1.778877461509860591e+00 9.400009435191841733e-01 2.034369138890057105e+00
1.776323323219281880e+00 9.450118382661892857e-01 2.029453781734524842e+00
1.773573328716795405e+00 9.504924522015062438e-01 2.023902029827277627e+00
1.771055979413910464e+00 9.555731987734339405e-01 2.018503662436838209e+00
1.768793538984335223e+00 9.602341448816786862e-01 2.013917341887008217e+00
1.766388721831435582e+00 9.652828444553627207e-01 2.009448703323398089e+00
1.763916026738521659e+00 9.704529484271884332e-01 2.004755101767296210e+00
1.763852740837302813e+00 9.705852733053668135e-01 2.004636124201018443e+00
1.761627561912772366e+00 9.752728575067082240e-01 2.000122652377535726e+00
1.759254645922626592e+00 9.803322024493982267e-01 1.994878001785282962e+00
1.757035266595633027e+00 9.851545973318469596e-01 1.990058385561475296e+00
1.755063128885811841e+00 9.894531020525283438e-01 1.985926220612611592e+00
1.753157176984917687e+00 9.937297989491100658e-01 1.981552151558985120e+00
1.751335553676584889e+00 9.978370822335635992e-01 1.977199262717711958e+00
1.749276651125856397e+00 1.002566030638126104e+00 1.972081219333337465e+00
1.747104830315064472e+00 1.007576416614072379e+00 1.966561283514839609e+00
1.741972667066778335e+00 1.019775829132151701e+00 1.954934208109663007e+00
1.741921527494957767e+00 1.019906439176126334e+00 1.954814344244098390e+00
1.739919099280854198e+00 1.024782154782019283e+00 1.950283868384536934e+00
1.737797612956294424e+00 1.029970700725614030e+00 1.945179783051035338e+00
1.735804845701576227e+00 1.034890488390336705e+00 1.940144608939754711e+00
1.735754900598717843e+00 1.035016519970749727e+00 1.940011684352455967e+00
1.734139825209941144e+00 1.039145875011446618e+00 1.935715242536909741e+00
1.732419245707152999e+00 1.043530567397403130e+00 1.931066561901960243e+00
1.730608229019283462e+00 1.048271031730095615e+00 1.926019727635426504e+00
1.728755232583842005e+00 1.053180049521230011e+00 1.920599672547669057e+00
1.728665238185598474e+00 1.053429456712302592e+00 1.920319971644193213e+00
1.726964635758791777e+00 1.058039821226251842e+00 1.915197492430349868e+00
1.725141396590718967e+00 1.063044091479813602e+00 1.909896174042897687e+00
1.723487974324009242e+00 1.067674087569335795e+00 1.904883269923949962e+00
1.723402121643372364e+00 1.067924433683882235e+00 1.904603430041942547e+00
1.721564863128720368e+00 1.073162708737739113e+00 1.899093662708373875e+00
1.721518364442113702e+00 1.073287372803228612e+00 1.898968161007418720e+00
1.719736684278933669e+00 1.078398117842888082e+00 1.893887071302958969e+00
1.719689154626471650e+00 1.078521295284622372e+00 1.893767637882084021e+00
1.718162635983536024e+00 1.083008303310974085e+00 1.889273620675163246e+00
1.716546084632272651e+00 1.087862935639267503e+00 1.884490474725273090e+00
1.716502422405813411e+00 1.087985647678757051e+00 1.884370229074979530e+00
1.714995649845665548e+00 1.092521296853766977e+00 1.879736464127273576e+00
1.713468226966059937e+00 1.097192962546820416e+00 1.874761752847450502e+00
1.711988868892401205e+00 1.101716144117527829e+00 1.869891314130404325e+00
1.710517096782641744e+00 1.106380043657325229e+00 1.864637909994507181e+00
1.709173014321423212e+00 1.110727600280984051e+00 1.859729192821229615e+00
1.707858086912825479e+00 1.114989579244781925e+00 1.855091728561392594e+00
1.706416481510484084e+00 1.119846052213064214e+00 1.849741319583423582e+00
1.705222735354450458e+00 1.123860900859827705e+00 1.845295096820184888e+00
1.704053877763614500e+00 1.127925248975052197e+00 1.840617375805731593e+00
1.702802875302137586e+00 1.132372508744409201e+00 1.835502719716500586e+00
1.701485749636095557e+00 1.137073291013021459e+00 1.830214392121036537e+00
1.700254150446246060e+00 1.141611852034623897e+00 1.825214613089960247e+00
1.698972573572852696e+00 1.146427818380922670e+00 1.819867557145606218e+00
1.697806155288637431e+00 1.150813102552635137e+00 1.814984570125256269e+00
1.696763113031456882e+00 1.154874332817785509e+00 1.810555578295681478e+00
1.695448156719526089e+00 1.160089337688669175e+00 1.805352572975123859e+00
1.694449507377074227e+00 1.164182031197453560e+00 1.801341853615609168e+00
1.693245507177355336e+00 1.169065456403153958e+00 1.796341204196478136e+00
1.692202203872584798e+00 1.173480206602836251e+00 1.791552031255079225e+00
1.691230437966418920e+00 1.177633016391155474e+00 1.787063608880386401e+00
1.690231440023243881e+00 1.182001101685905553e+00 1.782177886257662047e+00
1.689294496604961671e+00 1.186159387792750541e+00 1.777630088971657196e+00
1.688356992963067960e+00 1.190529355181733973e+00 1.772784964042297684e+00
1.687461937454798777e+00 1.194752813032192718e+00 1.768054257516682881e+00
1.686632767865956506e+00 1.198748667584421890e+00 1.763588776397574609e+00
1.685782387524737302e+00 1.202826863783317046e+00 1.758967658603102002e+00
1.685039441740709520e+00 1.206670298037211486e+00 1.754586481507175444e+00
1.684262241875266630e+00 1.210738989690858247e+00 1.750055695124252297e+00
1.683437682227496346e+00 1.215052120545792480e+00 1.745334562315185911e+00
1.682577569646010796e+00 1.219720040190744426e+00 1.740292141148846561e+00
1.681875456497101240e+00 1.223678818216904496e+00 1.735987037235179331e+00
1.681024505305177330e+00 1.228417858184990052e+00 1.730754227537249390e+00
1.680331786055591969e+00 1.232463772460745011e+00 1.726209389094163660e+00
1.679568297245773056e+00 1.237182605119725665e+00 1.720993071310918943e+00
1.679550245667895680e+00 1.237296446819255547e+00 1.720868934584557364e+00
1.678844006656310839e+00 1.241782735384009628e+00 1.715963224009195764e+00
1.678824364384528645e+00 1.241895562483315230e+00 1.715839429196305499e+00
1.678162622226488043e+00 1.246261143341771849e+00 1.711095274784560472e+00
1.677454589132501006e+00 1.251062051312205714e+00 1.705795738303239828e+00
1.676827969723513112e+00 1.255306243662102084e+00 1.701179774875895667e+00
1.676202603536703029e+00 1.259781070185236107e+00 1.696367309715531846e+00
1.675631368397379362e+00 1.264128780138177977e+00 1.691692275477532981e+00
1.675138389003304029e+00 1.268108920899576164e+00 1.687418152615534517e+00
1.674636051949853988e+00 1.272202942671567527e+00 1.683019100449656191e+00
1.674131512286701984e+00 1.276387648754434112e+00 1.678511031412778687e+00
1.673667160818244071e+00 1.280476998568459868e+00 1.674347802837900856e+00
1.673236944064374843e+00 1.284458347192917627e+00 1.670470028173995924e+00
1.672183495016321242e+00 1.294801280894525508e+00 1.660446153900291044e+00
1.671791117597817955e+00 1.298986164028241852e+00 1.656315137144010352e+00
1.671356792044035755e+00 1.303448413691161711e+00 1.651677755084106414e+00
1.670961362432479502e+00 1.308012449234335239e+00 1.646781781283581658e+00
1.670590936714603236e+00 1.312387916837654656e+00 1.642075068010727446e+00
1.670574124354175183e+00 1.312611794158098810e+00 1.641839583369187672e+00
1.670247484059410370e+00 1.316733731453779255e+00 1.637415122392657407e+00
1.669939318764723790e+00 1.320852637955118203e+00 1.632934641780234397e+00
1.669646082681120580e+00 1.325062942115039055e+00 1.628472702886910817e+00
1.669325145732786231e+00 1.329594296207575965e+00 1.623715260040049291e+00
1.669015975255778272e+00 1.334449042803171004e+00 1.618674450478100546e+00
1.668804201090011041e+00 1.338442654711823332e+00 1.614574632885172001e+00
1.668605885166439151e+00 1.342537407577689024e+00 1.610405688094716625e+00
1.668425135068291043e+00 1.346399970466936269e+00 1.606485326348538800e+00
1.668257892825219191e+00 1.350913210313643198e+00 1.601861587703147016e+00
1.668254358681397820e+00 1.351022686238371850e+00 1.601745946605563242e+00
1.668104696520872565e+00 1.355103456900951242e+00 1.597528204867879831e+00
1.667946465585838034e+00 1.359508911511812412e+00 1.593032423556885790e+00
1.667941875047888933e+00 1.359622640386455084e+00 1.592923466087183160e+00
1.667848864759590155e+00 1.363781966676716806e+00 1.588707853309097473e+00
1.667768911576022361e+00 1.367403806045664805e+00 1.584989788165193092e+00
1.667695888269166149e+00 1.371474333304422366e+00 1.580884699419731421e+00
1.667634877035986340e+00 1.375322331586218416e+00 1.576989696387699702e+00
1.667575071953504073e+00 1.378922704409081268e+00 1.573424576137502529e+00
1.667555828079929636e+00 1.382739341187856574e+00 1.569701088814639434e+00
1.667538211052439046e+00 1.386656403492390943e+00 1.565887529154788238e+00
1.667542562355958324e+00 1.390789373538228402e+00 1.561928653263598310e+00
1.667550758394780841e+00 1.395251598945298710e+00 1.557603385087849013e+00
1.667583221583023301e+00 1.398950565946662561e+00 1.554025727598201012e+00
1.667613578397884488e+00 1.402641051924663484e+00 1.550418789100719508e+00
1.667663240169463545e+00 1.406753789003717614e+00 1.546440921329771623e+00
1.667667581013594802e+00 1.406863103639771184e+00 1.546332907633435116e+00
1.667743180590177898e+00 1.410862011024104801e+00 1.542539688170947443e+00
1.667745718045388292e+00 1.411081200302915173e+00 1.542338895304997015e+00
1.667844946699425623e+00 1.415381148050236071e+00 1.538301583854538412e+00
1.667944848453206896e+00 1.419376850285178460e+00 1.534493659316754188e+00
1.668093870646802923e+00 1.424100073018279566e+00 1.529995449125223006e+00
1.668233282863258449e+00 1.428182689247284864e+00 1.526192478150215193e+00
1.668399620392588156e+00 1.432467534215046356e+00 1.522175597882195586e+00
1.668408966196509580e+00 1.432681013010832505e+00 1.521971256925298333e+00
1.668600286454427817e+00 1.437181222266637359e+00 1.517835684244130734e+00
1.668784754885596966e+00 1.440917046129219781e+00 1.514425355065847523e+00
1.668982761754070676e+00 1.444542272335094246e+00 1.511086218692074823e+00
1.669167305573874938e+00 1.447958797810736442e+00 1.507934912562917340e+00
1.669369187855659353e+00 1.451579546002266907e+00 1.504624829203713654e+00
1.669633497071254524e+00 1.455614926595840464e+00 1.500945504126155905e+00
1.669917101988761532e+00 1.459877045699382592e+00 1.497107564891993814e+00
1.670174383604548840e+00 1.463700890973777424e+00 1.493734782819384543e+00
1.670469466120253488e+00 1.467832252221739298e+00 1.490043999304961897e+00
1.670474454991283553e+00 1.467936030267602998e+00 1.489950043417204384e+00
1.670816561983131221e+00 1.472273044661864594e+00 1.486106000609815680e+00
1.671118492201363992e+00 1.475970092256304156e+00 1.482846247284719032e+00
1.671454359278936819e+00 1.479775570914495741e+00 1.479540962171862484e+00
1.671823315448599301e+00 1.483993329410548734e+00 1.475891357327258957e+00
1.672195942108430922e+00 1.488202767995105980e+00 1.472306025246179262e+00
1.672200818878255113e+00 1.488307009110883428e+00 1.472225019533602408e+00
1.672577227699424629e+00 1.492185839059203545e+00 1.468907045086460750e+00
1.672957286402370070e+00 1.496082526118542422e+00 1.465547741848972407e+00
1.673350178470449645e+00 1.499962268285024214e+00 1.462232629726723632e+00
1.673739358676047395e+00 1.503734019699531910e+00 1.459042867169822788e+00
1.674211189421255686e+00 1.508028155530841241e+00 1.455463012934522737e+00
1.674661648661204927e+00 1.512093188474883831e+00 1.452058222501524831e+00
1.675110692919239197e+00 1.516058465289251922e+00 1.448813097648467885e+00
1.675644943299940515e+00 1.520630122530004735e+00 1.445116279178403795e+00
1.676155143109828272e+00 1.524883642228518799e+00 1.441390757234953357e+00
1.676675626106655992e+00 1.529026154095861845e+00 1.437751012459751898e+00
1.677886003297113904e+00 1.538461309947006139e+00 1.429633633728265352e+00
1.678353065677492983e+00 1.541961926094800095e+00 1.426666768999103052e+00
1.678898772014790541e+00 1.545896423972437095e+00 1.423439056606230491e+00
1.679418358772620801e+00 1.549502271504629158e+00 1.420561504338215597e+00
1.680048172872441903e+00 1.553809187514455292e+00 1.417238203512968253e+00
1.680587302472404510e+00 1.557407730181942451e+00 1.414496626042369476e+00
1.681236657475306817e+00 1.561607582386686621e+00 1.411287402065874330e+00
1.681873533993733627e+00 1.565607738756352951e+00 1.408204949685709195e+00
1.682459092510311560e+00 1.569204691232771509e+00 1.405428816512096724e+00
1.683123871510834979e+00 1.573303475715243982e+00 1.402332043718946819e+00
1.683741276919533902e+00 1.576885841903366225e+00 1.399629759151177044e+00
1.684420034396672650e+00 1.580765490508728277e+00 1.396693444448567245e+00
1.685074271388212530e+00 1.584426967898868277e+00 1.393936436129991074e+00
1.685730435167543284e+00 1.588091896075902287e+00 1.391219923280661241e+00
1.686406907027003133e+00 1.591759906237125932e+00 1.388541140690326303e+00
1.687198991416597682e+00 1.596029813773723216e+00 1.385437111992542158e+00
1.687910198355097258e+00 1.599787411237107770e+00 1.382741050018258200e+00
1.688648951744091686e+00 1.603745806491493342e+00 1.379934080570445420e+00
1.688668950677777225e+00 1.603846191977417623e+00 1.379858324924712720e+00
1.689331684517482390e+00 1.607394922912669610e+00 1.377353874609134499e+00
1.690078677455093326e+00 1.611340103774630439e+00 1.374568219410399861e+00
1.690101344245236614e+00 1.611440962170264779e+00 1.374495548292832714e+00
1.690830915665989309e+00 1.615177968421881882e+00 1.371844762850862320e+00
1.691646835009173122e+00 1.619311501947063636e+00 1.368924651318302654e+00
1.692343077769267623e+00 1.622736442224717024e+00 1.366502511636749517e+00
1.693030020621195453e+00 1.626169145188488319e+00 1.364099188580365940e+00
1.693788491512521643e+00 1.629794159597546255e+00 1.361573977318397466e+00
1.694563132388541726e+00 1.633523871267884342e+00 1.358913351998247920e+00
1.695329935758351780e+00 1.637139220253053917e+00 1.356361546092011316e+00
1.696090717136305104e+00 1.640666329978906823e+00 1.353884203145828691e+00
1.696923206544449503e+00 1.644473482133133491e+00 1.351266605023903722e+00
1.697802061807174523e+00 1.648486171891376584e+00 1.348543194232613596e+00
1.698688042201459636e+00 1.652496755641952753e+00 1.345825781708378299e+00
1.699554054741942322e+00 1.656295958846365934e+00 1.343295946473908931e+00
1.700455507413292100e+00 1.660195078753707865e+00 1.340645772093527199e+00
1.701397654843872287e+00 1.664175043672375676e+00 1.337968863244843876e+00
1.702251773471520346e+00 1.667856491579368772e+00 1.335454226229715546e+00
1.703149866874007934e+00 1.671739106576688449e+00 1.332768146134673204e+00
1.703175107742900263e+00 1.671836582007721894e+00 1.332697697110322599e+00
1.704094337050203523e+00 1.675720182983640338e+00 1.330052002024046942e+00
1.704118207378911398e+00 1.675820462242427533e+00 1.329985790960708902e+00
1.704996612067921635e+00 1.679506737014688778e+00 1.327519667231717770e+00
1.705953617087748064e+00 1.683367162404675987e+00 1.324918657948797485e+00
1.706915952843463868e+00 1.687333347972518549e+00 1.322286815887709688e+00
1.706940582126720507e+00 1.687434719888157186e+00 1.322219388239517013e+00
1.707781505323859195e+00 1.690799891422022139e+00 1.320021707983426884e+00
1.708782270429325401e+00 1.694755140787702619e+00 1.317465207629141322e+00
1.709862800954383477e+00 1.698921966331577993e+00 1.314771076029981112e+00
1.709888452452900109e+00 1.699018867696036050e+00 1.314708757489692514e+00
1.710949989985433461e+00 1.703063461286610014e+00 1.312196058312018243e+00
1.711940256614610023e+00 1.706817318290001939e+00 1.309878072281343231e+00
1.712934006726343661e+00 1.710567927745605621e+00 1.307524892123326676e+00
1.713913161293697307e+00 1.714324236172749316e+00 1.305140704745377134e+00
1.714894454813103319e+00 1.717987498057844231e+00 1.302827265144979263e+00
1.716057618231110693e+00 1.722213158661881849e+00 1.300246233026788323e+00
1.717102301278525811e+00 1.726043982872128346e+00 1.297896440363371928e+00
1.717126045627291431e+00 1.726142950399491838e+00 1.297838411832496153e+00
1.718118074458396372e+00 1.729767967053081001e+00 1.295616841371926453e+00
1.719145013645007491e+00 1.733496259621309932e+00 1.293347663965537908e+00
1.720112034361214404e+00 1.736921485215562555e+00 1.291244556900827067e+00
1.721225213681967681e+00 1.740836229589258100e+00 1.288854460985332073e+00
1.722248931227641666e+00 1.744457076888315861e+00 1.286673569532482020e+00
1.724972928019710805e+00 1.753846614993085362e+00 1.281060984137526004e+00
1.725910281026232784e+00 1.757069736160016493e+00 1.279159595861447229e+00
1.726899787907864248e+00 1.760384212684173555e+00 1.277149229250485796e+00
1.728021621378269757e+00 1.764169189052649411e+00 1.274825237582213111e+00
1.729151805101175388e+00 1.767963856132550360e+00 1.272532657393888433e+00
1.729182083380704338e+00 1.768058442079152082e+00 1.272472123333401761e+00
1.730259437951017443e+00 1.771659406202023224e+00 1.270316844346830898e+00
1.731347533257437732e+00 1.775246308019373220e+00 1.268181968590274433e+00
1.732562340351245345e+00 1.779216310059709816e+00 1.265895039366255359e+00
1.733583172447941134e+00 1.782510910534774284e+00 1.263931666146831168e+00
1.734640931884579462e+00 1.785888764982267674e+00 1.261902127436391963e+00
1.735834921572497080e+00 1.789670337830108870e+00 1.259681474815100177e+00
1.737033164274811803e+00 1.793439574925632218e+00 1.257550160760348978e+00
1.738138966594499513e+00 1.796901999839537467e+00 1.255649670708318455e+00
1.739279360689027332e+00 1.800470927288809531e+00 1.253686925029501076e+00
1.740329006744580687e+00 1.803745628410423629e+00 1.251901533343343642e+00
1.741480952362305823e+00 1.807280119148338748e+00 1.249914929481773074e+00
1.742673258978503670e+00 1.810921741262823126e+00 1.247840032758123385e+00
1.742704501787300408e+00 1.811020985294975016e+00 1.247786127142818557e+00
1.743992136662753767e+00 1.814954732219233202e+00 1.245565385317132456e+00
1.745321745745323172e+00 1.818982338554613110e+00 1.243277949001725835e+00
1.746584446914406730e+00 1.822715140471763196e+00 1.241200271001257072e+00
1.747906283679327544e+00 1.826621880617545379e+00 1.239048950840001773e+00
1.749129898802174843e+00 1.830254816130542306e+00 1.237075534480186034e+00
1.750296336672144681e+00 1.833686564279458864e+00 1.235189146927467174e+00
1.751411322559170980e+00 1.836924331313057657e+00 1.233349603853952647e+00
1.752597985921053425e+00 1.840354670656734637e+00 1.231370472322294018e+00
1.753761456498389881e+00 1.843688820266303541e+00 1.229468540381960739e+00
1.755096492131844821e+00 1.847501870491194076e+00 1.227331542589769509e+00
1.756517381010906931e+00 1.851496344443430031e+00 1.225101909811550982e+00
1.757856902527947351e+00 1.855312840666454077e+00 1.223020354491693995e+00
1.759127000770743798e+00 1.858825820865827483e+00 1.221113605836557481e+00
1.759159731370429025e+00 1.858923635120224072e+00 1.221061331099619895e+00
1.760485649280263853e+00 1.862633799216871111e+00 1.219011794561116524e+00
1.760520091106740015e+00 1.862729468421533863e+00 1.218961673921093114e+00
1.761889142947959064e+00 1.866513190737375982e+00 1.216956828231929855e+00
1.761924692419230221e+00 1.866606804518986973e+00 1.216905831606530652e+00
1.763349914649507744e+00 1.870488464368947445e+00 1.214839493324101127e+00
1.764578114581349055e+00 1.873811345892339331e+00 1.213063065442948174e+00
1.766075149733138172e+00 1.877877642054236462e+00 1.210942448132307891e+00
1.766107290828383691e+00 1.877973336374625379e+00 1.210893900919757238e+00
1.767404712040345327e+00 1.881469424931872192e+00 1.209022165257691572e+00
1.768650772769224444e+00 1.884772944788045468e+00 1.207215124128395045e+00
1.769883646069887684e+00 1.888072204384387165e+00 1.205433677702649309e+00
1.771269589647034071e+00 1.891743021602550145e+00 1.203492381177574178e+00
1.772709180577961563e+00 1.895506804981418325e+00 1.201519153387189398e+00
1.774082112085431540e+00 1.899088180784571867e+00 1.199634298706103719e+00
1.775414067384715855e+00 1.902569284087388679e+00 1.197810363165504377e+00
1.776784983418842057e+00 1.906153018570702073e+00 1.195955717580944100e+00
1.778105466632272424e+00 1.909542547788246392e+00 1.194161006860921859e+00
1.779420955540508276e+00 1.912925919008814812e+00 1.192343391943669673e+00
1.780721692074659579e+00 1.916214702596979791e+00 1.190569398115673083e+00
1.781921222662616211e+00 1.919295641272430020e+00 1.188965426212940324e+00
1.783404303347924991e+00 1.923062009669135097e+00 1.186999234684252835e+00
1.784803110185006814e+00 1.926528454041427141e+00 1.185146967758534897e+00
1.786067078341923242e+00 1.929712373226799782e+00 1.183499411649227895e+00
1.787488737533417638e+00 1.933278775842074193e+00 1.181609987323341437e+00
1.788819628682924767e+00 1.936545187125686240e+00 1.179864070166005696e+00
1.790291384034697231e+00 1.940182639071483583e+00 1.177952838417906989e+00
1.790328088951424590e+00 1.940278146645837198e+00 1.177906228812638068e+00
1.791891375894861804e+00 1.944094391765254670e+00 1.175994101060999997e+00
1.793345820630868559e+00 1.947620163864720366e+00 1.174212491986955875e+00
1.794623438727813269e+00 1.950684504440539202e+00 1.172667486068787568e+00
1.795967523241322805e+00 1.953944124471213017e+00 1.170990146104224472e+00
1.799522093778735288e+00 1.962465593800320596e+00 1.166262197541636070e+00
1.801004673416446655e+00 1.965975258860567676e+00 1.164330260208571000e+00
1.801040916843520412e+00 1.966068726445330928e+00 1.164280097327559771e+00
1.802527847230158464e+00 1.969585738717497758e+00 1.162499688952879140e+00
1.804065696388847506e+00 1.973204403088554937e+00 1.160729109660280978e+00
1.805449332079973601e+00 1.976423669226323954e+00 1.159175184763732824e+00
1.806904039205227575e+00 1.979847144546561521e+00 1.157504864941944600e+00
1.808457602825269017e+00 1.983448018007538893e+00 1.155658380100314853e+00
1.809894048491468954e+00 1.986756275109364145e+00 1.153930440345487085e+00
1.811308724585778629e+00 1.989975620643974263e+00 1.152232538021681130e+00
1.812768880729827448e+00 1.993285962746837559e+00 1.150515337191552634e+00
1.814181601795303855e+00 1.996504256179878700e+00 1.148853152622482110e+00
1.815685498633983652e+00 1.999899969982058101e+00 1.147128100589127619e+00
1.817187747276447052e+00 2.003298658689097955e+00 1.145393143581183271e+00
1.818869207467751714e+00 2.007065151587696938e+00 1.143479930905660247e+00
1.820429000569462996e+00 2.010544942346858655e+00 1.141605684262307019e+00
1.822030884474668655e+00 2.014109924310962363e+00 1.139615759210633072e+00
1.823425611113273836e+00 2.017222809824641860e+00 1.137887867176165413e+00
1.824936423860263446e+00 2.020504252442861137e+00 1.136091552575700270e+00
1.826445673656999169e+00 2.023771595088163178e+00 1.134376384680483962e+00
1.828007520805946307e+00 2.027162998973153663e+00 1.132600268878296346e+00
1.829634237497170135e+00 2.030624465026328984e+00 1.130887476874923969e+00
1.831175172192851308e+00 2.033890632169007340e+00 1.129279135258195232e+00
1.832683274799377315e+00 2.037084239525168261e+00 1.127661016382503378e+00
1.834174318515893853e+00 2.040272816512967768e+00 1.126042695837245367e+00
1.834217173137631107e+00 2.040364286487460710e+00 1.126000385943219273e+00
1.835879502469887958e+00 2.043904707255592257e+00 1.124246453580936445e+00
1.837595313583257228e+00 2.047553958598052670e+00 1.122407203021221100e+00
1.837684985449245412e+00 2.047735293032982185e+00 1.122310752743375550e+00
1.839210242583371180e+00 2.050911106940112916e+00 1.120702677705603501e+00
1.840946022587595765e+00 2.054537500005206407e+00 1.118875100171912385e+00
1.842540558190823630e+00 2.057880616018843867e+00 1.117081552515285958e+00
1.844223967878645176e+00 2.061381780473010572e+00 1.115073815609437302e+00
1.844266918532567301e+00 2.061476093997372416e+00 1.115023310781570354e+00
1.845870848879530346e+00 2.064816177878076253e+00 1.113122815879491245e+00
1.847479341110187523e+00 2.068159415863132455e+00 1.111236188382255463e+00
1.849019695335629265e+00 2.071312287749184300e+00 1.109484530988893880e+00
1.850809128367943313e+00 2.074905982688606265e+00 1.107559502689554387e+00
1.852604698341742129e+00 2.078494734472036143e+00 1.105650779372487902e+00
1.854404206457317850e+00 2.082091129688501852e+00 1.103898567055136670e+00
1.856015740630319488e+00 2.085320257366512831e+00 1.102384537562416389e+00
1.857575868054142765e+00 2.088458951057161173e+00 1.100848729799251968e+00
1.857665392255029024e+00 2.088636538493755967e+00 1.100762617549131850e+00
1.859281127365479902e+00 2.091867744763402648e+00 1.099159707638999617e+00
1.861044904089230290e+00 2.095373349345963199e+00 1.097348850800995645e+00
1.862893056633748934e+00 2.099037569074812204e+00 1.095495940719645844e+00
1.864536646091558003e+00 2.102268751271597402e+00 1.093816303868113460e+00
1.866189825178905082e+00 2.105491503632141992e+00 1.092117700118385049e+00
1.867678655530051746e+00 2.108409007035584093e+00 1.090361170390867551e+00
1.869341545700760276e+00 2.111661428251360384e+00 1.088249980899968605e+00
1.871209432581202092e+00 2.115279984233389143e+00 1.085927404755573811e+00
1.872994005876886359e+00 2.118725487545290775e+00 1.083746436722819118e+00
1.874705518099054613e+00 2.122002418625731135e+00 1.081732787749831504e+00
1.876426457628260547e+00 2.125269209977485918e+00 1.079894091030792813e+00
1.878013025074512399e+00 2.128282968682071452e+00 1.078250232173189715e+00
1.879995975309364020e+00 2.132002985762284197e+00 1.076452002737647851e+00
1.881750161707263169e+00 2.135296717531173893e+00 1.074928395912270407e+00
1.883427066649790094e+00 2.138399096569395752e+00 1.073453942326469290e+00
1.884994004699038328e+00 2.141322240229794005e+00 1.072025776408133568e+00
1.886567222457016246e+00 2.144239684040162075e+00 1.070573747000354237e+00
1.888385712618250389e+00 2.147600905519569725e+00 1.068887153668510059e+00
1.890398806526935704e+00 2.151310605832590817e+00 1.066961909519269058e+00
1.894776137609739175e+00 2.159320027408599074e+00 1.062764646184364059e+00
1.896481060583884215e+00 2.162441635256556083e+00 1.060833508806730219e+00
1.898064554123253700e+00 2.165326871105415663e+00 1.058058331079082759e+00
1.899821018564494590e+00 2.168533307932794862e+00 1.054854228740854660e+00
1.901738663562810183e+00 2.172052206209331260e+00 1.051668907499443195e+00
1.903574549797977911e+00 2.175346445829239528e+00 1.048999961561903227e+00
1.905596460585906593e+00 2.178888797127574328e+00 1.047100804124556195e+00
1.907478560548279800e+00 2.182155847894073464e+00 1.046008376522283179e+00
1.909443399165389632e+00 2.185540409513814453e+00 1.045143985935867104e+00
1.911265172997475226e+00 2.188674531368198117e+00 1.044218760474658225e+00
1.913267254976252163e+00 2.192145648499893795e+00 1.042878209676717072e+00
1.913315642544888506e+00 2.192231997939821930e+00 1.042843849025963499e+00
1.915017520659474837e+00 2.195176160131850018e+00 1.041518955976914906e+00
1.917066552959231007e+00 2.198744218963475383e+00 1.039652475608981108e+00
1.917117061362932695e+00 2.198831160094061765e+00 1.039607433047184948e+00
1.919043078423765980e+00 2.202132247092294826e+00 1.037786917394181829e+00
1.921023020983615881e+00 2.205506346631786130e+00 1.035907603709879332e+00
1.922787421634157390e+00 2.208572943043531467e+00 1.033899519019113145e+00
1.924430253919802825e+00 2.211423387064369805e+00 1.030377016612618934e+00
1.926444388843357780e+00 2.214897455876980281e+00 1.024046270904699574e+00
1.928268278806799962e+00 2.217971414346267878e+00 1.018827009744123879e+00
1.930074337226566961e+00 2.220970729051592318e+00 1.014294443897537423e+00
1.932190097088678060e+00 2.224366891750916064e+00 1.011492477762132802e+00
1.934141146961741775e+00 2.227482229644106582e+00 1.011345175838820554e+00
1.936344728950190941e+00 2.231025354083895351e+00 1.013280466711495853e+00
1.938165580165688073e+00 2.233926967301995248e+00 1.014686621009820655e+00
1.940059927472118195e+00 2.236999022403406201e+00 1.014575748704973135e+00
1.942201276443004776e+00 2.240464601877524942e+00 1.013381322984439725e+00
1.944277837609197590e+00 2.243849402117686687e+00 1.011537593837574134e+00
1.946287755157283916e+00 2.247125803428771551e+00 1.009596282484743313e+00
1.948167168230082957e+00 2.250169248136663747e+00 1.007579090854325399e+00
1.950224277090806480e+00 2.253477438946669409e+00 1.005291209764551885e+00
1.951845440490163952e+00 2.256096555357666844e+00 1.002964397887296855e+00
1.953836387195695856e+00 2.259230405627564053e+00 9.991845792288367445e-01
1.955831532340579715e+00 2.262350457602093634e+00 9.972276138196586315e-01
1.957759497216371880e+00 2.265349268051362941e+00 9.960409508677094959e-01
1.959640422467526344e+00 2.268265957293848167e+00 9.951812188652409130e-01
1.961884273519647781e+00 2.271743069222700750e+00 9.941818601365407515e-01
1.961940730173499237e+00 2.271824698425739530e+00 9.941534378330998400e-01
1.964238072328940543e+00 2.275395361145702289e+00 9.927320973241320345e-01
1.966167790001256188e+00 2.278345165575426989e+00 9.913372005511524865e-01
1.968068412320276961e+00 2.281339646085376316e+00 9.892500253936254984e-01
1.969929794951251756e+00 2.284265308482087420e+00 9.850545087469826377e-01
1.972130930829385953e+00 2.287634973457612908e+00 9.786121547839865542e-01
1.972185314650352073e+00 2.287712363106776614e+00 9.784533789118763369e-01
1.974445160750122774e+00 2.291153438389976760e+00 9.731558976895225976e-01
1.976455577235335603e+00 2.294169560807869601e+00 9.696395930904484484e-01
1.978481420047440098e+00 2.297200240215973022e+00 9.664917682090597983e-01
1.980568696980870236e+00 2.300217519125929755e+00 9.646248056950416094e-01
1.983097672361333830e+00 2.303868732359243054e+00 9.655260602296559247e-01
1.985177346477905225e+00 2.306867749757124386e+00 9.671019470317833155e-01
1.987088044018263666e+00 2.309654812376599864e+00 9.669924906648864615e-01
1.989730018069999717e+00 2.313513245404146268e+00 9.653205320975227766e-01
1.991924567414624647e+00 2.316706400496417739e+00 9.633038343690473182e-01
1.994143258032675892e+00 2.319982291829718157e+00 9.609762089305630139e-01
1.994199710624523725e+00 2.320063812494029598e+00 9.609136780839934167e-01
1.996246051876170213e+00 2.323087176658518160e+00 9.586725749744123837e-01
1.998273464530305077e+00 2.326014714281889439e+00 9.564881762446815205e-01
2.000241929132911434e+00 2.328869621392975375e+00 9.544206855012177249e-01
2.005347152502924946e+00 2.336267863067005734e+00 9.417610904211675127e-01
2.007444800097407889e+00 2.339202581677751080e+00 9.345196392659307350e-01
2.009530075862023590e+00 2.342059679036977649e+00 9.300594704521387701e-01
2.011622378649456699e+00 2.344868017268816551e+00 9.280453063869832375e-01
2.013956444404546353e+00 2.347987874674990039e+00 9.284823197940605954e-01
2.016160568514279827e+00 2.350931708464112369e+00 9.316632188025986139e-01
2.018388521813508696e+00 2.353935333096676352e+00 9.350307326474899261e-01
2.020607981963660649e+00 2.356975473982739544e+00 9.375807772228080816e-01
2.022636811198681439e+00 2.359720154910016188e+00 9.376022859923237585e-01
2.024425141295888686e+00 2.362257320416902839e+00 9.357534223381567262e-01
2.026073527614034919e+00 2.364545773150736885e+00 9.324027903405847084e-01
2.027766253456643852e+00 2.366901753746654791e+00 9.270289326129786955e-01
2.030012421330200656e+00 2.369944560431502811e+00 9.204071789934934467e-01
2.032013479045577498e+00 2.372621906815408188e+00 9.168776328024744737e-01
2.034386326722956717e+00 2.375717687816092827e+00 9.155337570836674654e-01
2.034448381839856879e+00 2.375796083635825617e+00 9.155392113180627067e-01
2.036701072690809688e+00 2.378731934727322805e+00 9.153782517752362402e-01
2.039045659469569394e+00 2.381852810359359474e+00 9.131513671296856982e-01
2.041404810074577636e+00 2.384946217992891082e+00 9.102891357318011467e-01
2.041466533148386109e+00 2.385020427441255197e+00 9.102031931778226115e-01
2.043903255496574367e+00 2.388211381776269793e+00 9.068284893570943694e-01
2.046346585344279490e+00 2.391398668235204639e+00 9.035079187697939718e-01
2.048632650954158585e+00 2.394364072946840061e+00 9.005928759350906310e-01
2.050886528799131803e+00 2.397235172509157852e+00 8.980198338795072344e-01
2.053150830938528681e+00 2.400122106893555873e+00 8.956171371334923359e-01
2.055453463218830379e+00 2.403002927555916379e+00 8.939688164404775428e-01
2.057602958295976947e+00 2.405682820033201885e+00 8.933582244059894428e-01
2.060038663837129302e+00 2.408721106279353652e+00 8.918932781739280502e-01
2.060102411546277157e+00 2.408800889515736898e+00 8.918537423302800304e-01
2.062404679781720152e+00 2.411660298605347030e+00 8.900581707127434017e-01
2.064587646434391743e+00 2.414389595434581537e+00 8.881476702227283360e-01
2.067025359595174194e+00 2.417415019013144040e+00 8.859163135055925231e-01
2.069073845109094645e+00 2.419965475064476568e+00 8.839839205935358102e-01
2.071398096147196277e+00 2.422815307109844163e+00 8.817641227432970741e-01
2.073476499924932437e+00 2.425347030482585264e+00 8.797554237029755475e-01
2.076091573453910044e+00 2.428589710299520199e+00 8.772022195281182766e-01
2.078300959120236602e+00 2.431311081098072258e+00 8.743698961891340771e-01
2.080666282484878060e+00 2.434136286356597623e+00 8.699016996716741890e-01
2.080730869213553103e+00 2.434212716191326287e+00 8.697922832389218817e-01
2.083142189221568241e+00 2.437110329984893298e+00 8.669616723444462103e-01
2.085299366064258031e+00 2.439643708639288811e+00 8.658429409059856807e-01
2.087806961953804219e+00 2.442585847913158137e+00 8.646908556759357323e-01
2.090204613987743709e+00 2.445404553297524153e+00 8.635724945609440928e-01
2.092816229554111729e+00 2.448475288386982474e+00 8.619527310739586445e-01
2.095218818087904111e+00 2.451285287332789498e+00 8.601288300759114547e-01
2.097915770394866541e+00 2.454468633383813270e+00 8.578510855630363530e-01
2.100281914831884311e+00 2.457279273278243359e+00 8.549433801051339321e-01
2.100345201965456265e+00 2.457354772117176900e+00 8.548284736356072111e-01
2.102667484983448354e+00 2.460087171230261660e+00 8.496694527957815435e-01
2.105467069187337170e+00 2.463278578962631471e+00 8.459609474161542408e-01
2.107870255687189331e+00 2.465998895580909789e+00 8.441053976267429704e-01
2.107936112777123228e+00 2.466072613313185613e+00 8.440672198461438569e-01
2.110533686898779404e+00 2.468987182502337063e+00 8.427319659271835794e-01
2.112941535526585035e+00 2.471676671018727678e+00 8.415204238437390405e-01
2.115342474282609686e+00 2.474373441467767609e+00 8.401359275035282792e-01
2.117826613644015143e+00 2.477132038618913512e+00 8.383057009195890030e-01
2.118096949542034757e+00 2.477429260785448228e+00 8.381022669246338541e-01
2.120319979315857140e+00 2.479940220768871217e+00 8.360350094616862959e-01
2.122329366880796098e+00 2.482237196913775534e+00 8.328302327461925003e-01
2.124349409115200427e+00 2.484486258941966064e+00 8.272763467933795800e-01
2.126493924561081439e+00 2.486855898349057625e+00 8.211465584945470964e-01
2.131815368436516422e+00 2.492601393797551967e+00 8.081589135563507220e-01
2.131884489128653914e+00 2.492670919431829724e+00 8.080010269750205198e-01
2.134373450109010584e+00 2.495327858945099564e+00 8.027664187884809843e-01
2.137245069347830206e+00 2.498288052731534314e+00 7.994889460379168700e-01
2.140079518183402030e+00 2.501192035530529267e+00 7.990610793836139258e-01
2.140151716335684018e+00 2.501269207360493851e+00 7.990946303851651500e-01
2.142102275687493673e+00 2.503281650780091461e+00 8.005184033532989352e-01
2.142450907253500070e+00 2.503642376824923410e+00 8.007529884826414257e-01
2.144773041849721729e+00 2.506040583163906987e+00 8.011842219966420764e-01
2.147125907929489319e+00 2.508506944432898234e+00 7.993582627243569494e-01
2.149539791019778878e+00 2.511063731256185427e+00 7.963805734153569515e-01
2.152112367421294081e+00 2.513738035648234614e+00 7.927037980963741459e-01
2.154617826380885948e+00 2.516359239076531917e+00 7.890650730702809534e-01
2.154685014410698152e+00 2.516435047069261799e+00 7.889771890827712575e-01
2.157481620901562369e+00 2.519258575132528044e+00 7.861763800126473356e-01
2.157556555178600011e+00 2.519329858826981017e+00 7.861383058487051434e-01
2.160150875996162068e+00 2.521925129236772811e+00 7.858397469030934390e-01
2.160225368578501559e+00 2.521997765478916520e+00 7.858579860263350536e-01
2.163320505048643483e+00 2.525089677913965769e+00 7.866010547162965993e-01
2.165875511733464709e+00 2.527662017961462837e+00 7.869637579028976315e-01
2.168682217106015386e+00 2.530469627002936317e+00 7.862521249922219679e-01
2.168749424710429974e+00 2.530539139384706537e+00 7.862019725465556608e-01
2.171310114067762420e+00 2.533203608862343970e+00 7.831670940259646274e-01
2.173447726590312712e+00 2.535369647788623837e+00 7.787717374299624185e-01
2.175995670713991359e+00 2.537878288364550983e+00 7.723463529492065049e-01
2.178757482897181852e+00 2.540630897416310763e+00 7.657019735078421929e-01
2.178827238639039265e+00 2.540696971945751947e+00 7.655383037011169733e-01
2.181383803101635710e+00 2.543223359017942720e+00 7.607716905887634828e-01
2.184238851138472270e+00 2.545923745426818208e+00 7.582331085598060794e-01
2.187469743859352445e+00 2.548977342351916420e+00 7.583161586083317918e-01
2.190251546431344121e+00 2.551616611760903375e+00 7.593720345359503687e-01
2.192936062856218005e+00 2.554164715650370177e+00 7.599875039969907764e-01
2.195811880656567183e+00 2.556910017351871289e+00 7.593717433960057717e-01
2.198330238510985968e+00 2.559382537761171417e+00 7.568213267149227486e-01
2.200768431232802413e+00 2.561705317346846034e+00 7.521507714007624745e-01
2.203056321195148382e+00 2.563884736451156776e+00 7.461770240297415091e-01
2.205558742831252861e+00 2.566271723372879787e+00 7.402262641602260773e-01
2.208473137661469465e+00 2.568965257649556300e+00 7.361851069837656025e-01
2.211566900026151306e+00 2.571760860170158480e+00 7.344985191569813887e-01
2.211640708234892561e+00 2.571828070313938674e+00 7.344729892160172247e-01
2.214550540843472692e+00 2.574459747101448315e+00 7.332946088257552564e-01
2.217244696502402412e+00 2.576879940266691982e+00 7.320534899770212434e-01
2.219780737412450300e+00 2.579172217368577158e+00 7.306040197917406109e-01
2.222424458737336739e+00 2.581545920602003719e+00 7.281997808651746729e-01
2.224981770608387421e+00 2.583879652564298190e+00 7.236475160603634826e-01
2.227291238948436281e+00 2.585973264882575062e+00 7.181853990348444627e-01
2.229790262962657810e+00 2.588214256038414263e+00 7.124990029661469881e-01
2.232377099209576166e+00 2.590462277895341003e+00 7.076903551643938250e-01
2.235616710548278263e+00 2.593229184220129824e+00 7.045784299732075207e-01
2.238260543074377384e+00 2.595475258951492670e+00 7.036783916859774557e-01
2.241264217902706246e+00 2.598027406847163157e+00 7.032079272066977804e-01
2.241342191205107248e+00 2.598091560833237779e+00 7.031946995728036720e-01
2.244449674023580865e+00 2.600741108629050835e+00 7.019693104549765694e-01
2.244525390394222164e+00 2.600805522661058689e+00 7.019226705749979089e-01
2.247320282997832042e+00 2.603199378941453368e+00 6.996565927088265191e-01
2.250056146160309911e+00 2.605584393438382662e+00 6.954805841663166399e-01
2.252672697105321031e+00 2.607809903508374383e+00 6.899653779419860911e-01
2.255699827742858155e+00 2.610349894598251286e+00 6.839646162044886735e-01
2.255778767683760400e+00 2.610416659087801072e+00 6.838339995317008757e-01
2.258471228511058193e+00 2.612617923094502803e+00 6.806881322373425913e-01
2.261474559964742781e+00 2.615040600604649601e+00 6.788782364620155052e-01
2.264611195359157225e+00 2.617580516522718614e+00 6.773539223924176511e-01
2.267754997540893047e+00 2.620103343394608153e+00 6.754267704534565597e-01
2.270641097216392623e+00 2.622428952309477701e+00 6.733767224686630914e-01
2.273513856078357431e+00 2.624744432838477692e+00 6.708513788073759976e-01
2.276164609890669155e+00 2.626847690433678384e+00 6.683525737688524870e-01
2.278969899084025474e+00 2.629078670844222643e+00 6.654628927511470060e-01
2.282254422446909459e+00 2.631700093534970808e+00 6.614053411683057382e-01
2.289466840679505566e+00 2.637409971414099275e+00 6.516051341740369818e-01
2.292349738219931155e+00 2.639627995688926365e+00 6.476946573552715414e-01
2.294919225608780700e+00 2.641629524064826207e+00 6.444132662328464489e-01
2.297696965884705289e+00 2.643721271541684903e+00 6.413829427753575674e-01
2.300666429242855138e+00 2.645944053323912915e+00 6.383392096912146041e-01
2.303795638438555837e+00 2.648259891484791684e+00 6.351725774818398618e-01
2.303876624183556210e+00 2.648319901689756506e+00 6.350933290780679252e-01
2.307328019563761323e+00 2.650830540877970876e+00 6.327444374554754836e-01
2.307409828748410163e+00 2.650892041481671235e+00 6.327051426108627474e-01
2.310390519481763771e+00 2.653094868639946480e+00 6.310260043528420626e-01
2.312952511353336682e+00 2.654988450179208925e+00 6.281008872365834161e-01
2.315989382898967719e+00 2.657237060177377597e+00 6.234606336173519336e-01
2.316067920340413977e+00 2.657298947648970344e+00 6.233366843191634477e-01
2.319404926097031083e+00 2.659759858939877653e+00 6.182838522336482345e-01
2.319484946335384823e+00 2.659818238700393245e+00 6.181686561184153161e-01
2.321720293654230272e+00 2.661423936916717192e+00 6.150708297678373349e-01
2.322917559315637259e+00 2.662295355937512653e+00 6.135292135281285031e-01
2.325730743928003275e+00 2.664299856027828817e+00 6.101298045457420605e-01
2.329042576152149380e+00 2.666657480270609781e+00 6.062332668556930093e-01
2.332432557026577591e+00 2.669010191445824187e+00 6.028137130800119703e-01
2.335352684089183839e+00 2.671012140386979539e+00 6.011927609816473117e-01
2.338432831708805004e+00 2.673120314792918784e+00 5.994890449332775928e-01
2.341767777230640668e+00 2.675395731444756287e+00 5.972938348397045516e-01
2.345246762927722273e+00 2.677775006947908931e+00 5.945273817859234589e-01
2.345331947457812483e+00 2.677835128581258495e+00 5.944589677336449274e-01
2.348242612521522332e+00 2.679844134871542494e+00 5.912846582540387530e-01
2.350816703625641324e+00 2.681628043904816572e+00 5.868660159981771152e-01
2.353792350377843512e+00 2.683625967629661879e+00 5.809896512287262560e-01
2.357066273064059914e+00 2.685815762955781949e+00 5.752986080005486613e-01
2.357150633923827066e+00 2.685868993393057735e+00 5.751841268118388362e-01
2.360452675945011958e+00 2.688028925705503447e+00 5.715679716494440621e-01
2.363682768380447996e+00 2.690117870312512594e+00 5.689305331676844935e-01
2.366997379029754711e+00 2.692244660572088666e+00 5.662667081075577480e-01
2.369949268255368668e+00 2.694125809043211195e+00 5.638809735928991262e-01
2.373082686622914661e+00 2.696120633773520403e+00 5.610943384831433844e-01
2.376473556505417140e+00 2.698251561134356713e+00 5.577629891909883231e-01
2.379756697841846957e+00 2.700337987316615340e+00 5.543752314717583785e-01
2.379925151281954587e+00 2.700449175132513258e+00 5.542048761435837134e-01
2.383246607358448177e+00 2.702545995040802840e+00 5.503455319496223241e-01
2.383329709576995192e+00 2.702599298031850061e+00 5.502398559332161154e-01
2.386772354181601052e+00 2.704752576794750674e+00 5.456465647867991819e-01
2.386855046582748940e+00 2.704802367034762511e+00 5.455311462719403259e-01
2.390123617755753216e+00 2.706843471559793102e+00 5.413184215687902867e-01
2.393340198365767613e+00 2.708806303056209952e+00 5.372851275643875102e-01
2.396493658066165988e+00 2.710725583399874239e+00 5.334994964744912416e-01
2.399638385561640774e+00 2.712620129020745452e+00 5.298894994454007579e-01
2.402717668395198292e+00 2.714451059656219911e+00 5.265123506592103153e-01
2.405571312275067708e+00 2.716132935470103593e+00 5.234343407664494574e-01
2.408976637428279055e+00 2.718090656982788289e+00 5.205483312737246848e-01
2.412026643207048071e+00 2.719832942958118505e+00 5.183479386445171144e-01
2.415087441516813094e+00 2.721581809826092879e+00 5.159469456552028266e-01
2.418419270319537517e+00 2.723475845606780688e+00 5.131072600893922253e-01
2.421647597783828765e+00 2.725306671846301043e+00 5.101561003469904376e-01
2.424860285722558295e+00 2.727136191661987397e+00 5.070204198222217906e-01
2.428206381151587490e+00 2.729043307633109983e+00 5.033051188731387793e-01
2.431722822052683419e+00 2.731027170679857452e+00 4.979372172380767125e-01
2.434673130271876929e+00 2.732659028205898899e+00 4.933471330869151905e-01
2.437897153327881483e+00 2.734437565802937620e+00 4.892918306034806375e-01
2.441042490891955907e+00 2.736145941411650462e+00 4.857187663991126558e-01
2.444208478756146885e+00 2.737827477511900476e+00 4.823775251760889504e-01
2.447227810747624410e+00 2.739415693104081839e+00 4.792961758729213373e-01
2.450253963643071131e+00 2.741000921566791426e+00 4.761866833390835385e-01
2.453373803088825245e+00 2.742611861932891415e+00 4.729771798251086734e-01
2.456708584842754561e+00 2.744317473735200963e+00 4.699805772238417334e-01
2.460471943871481493e+00 2.746237147512076149e+00 4.668613351832445746e-01
2.464076740756637740e+00 2.748065532382701903e+00 4.637226608486906820e-01
2.467746577395022456e+00 2.749913547683068948e+00 4.602498669650511021e-01
2.470695401137396274e+00 2.751408931991507156e+00 4.573347212168614173e-01
2.479082803920251266e+00 2.755618532848960633e+00 4.486124034750916256e-01
2.482384839189774262e+00 2.757228193590090193e+00 4.445134262964053340e-01
2.485860092815804112e+00 2.758935187318578119e+00 4.399165406897743158e-01
2.486039295660143367e+00 2.759022636554121277e+00 4.396928094426191258e-01
2.489368205870397421e+00 2.760627626182856176e+00 4.356553629024585983e-01
2.492968840616884396e+00 2.762348207968295277e+00 4.314879456980504902e-01
2.496582789175498807e+00 2.764061623568051296e+00 4.274266483989774823e-01
2.499583122484741793e+00 2.765457041989551445e+00 4.241158379867250861e-01
2.502850598481899169e+00 2.766975920515060139e+00 4.206220743981838317e-01
2.505943370588209262e+00 2.768391950515687761e+00 4.173434546022415925e-01
2.509241659000095659e+00 2.769880467037904914e+00 4.141176958727069701e-01
2.512835155795813513e+00 2.771471013537545769e+00 4.106603685288494621e-01
2.512927274993796090e+00 2.771510681368697604e+00 4.105708433879151631e-01
2.516224330362861306e+00 2.772952775263245684e+00 4.072924092415237673e-01
2.519266051714625920e+00 2.774274576033846529e+00 4.041941527034673687e-01
2.522489478000708552e+00 2.775667551797619925e+00 4.009005508925961858e-01
2.526170728350572325e+00 2.777269605094268901e+00 3.971048789247724198e-01
2.529554519651696864e+00 2.778726301887964212e+00 3.934403636718971642e-01
2.533036726231202351e+00 2.780199534763553082e+00 3.894772001055692989e-01
2.536448894556787792e+00 2.781631502418743018e+00 3.855242172630409803e-01
2.539877391360144010e+00 2.783055854705265730e+00 3.817631453898933103e-01
2.543197807577978864e+00 2.784428172729818574e+00 3.781753472817941941e-01
2.546934868731377755e+00 2.785934416390846824e+00 3.742453260003454352e-01
2.550560220203959005e+00 2.787383412211601907e+00 3.703823670310151250e-01
2.553628580062606179e+00 2.788608021015257510e+00 3.672222855837353195e-01
2.556825062729410902e+00 2.789843561996776966e+00 3.640002343068416413e-01
2.560175404102630559e+00 2.791148829697879030e+00 3.606817135866089430e-01
2.563538555367776972e+00 2.792447855374636134e+00 3.573554776697085988e-01
2.567196877102162045e+00 2.793853126674357146e+00 3.536476651092635981e-01
2.570778784877151502e+00 2.795207509443363936e+00 3.499887954266865386e-01
2.570964947936940526e+00 2.795270993089983058e+00 3.497951489102245626e-01
2.574263355239720052e+00 2.796502085086213008e+00 3.463950215905378105e-01
2.577543827354288553e+00 2.797727738509373285e+00 3.430136102089658690e-01
2.580720271841246305e+00 2.798915620879823152e+00 3.397359845021795111e-01
2.584600887635168487e+00 2.800318402046789501e+00 3.359730012856221304e-01
2.587914056587704792e+00 2.801492915352779445e+00 3.327860146390536067e-01
2.591887741486226471e+00 2.802903375197829838e+00 3.285560982405940633e-01
2.595277662154650056e+00 2.804085598408732949e+00 3.244536996589320044e-01
2.598758360905634390e+00 2.805278086845409469e+00 3.202654221407948976e-01
2.602077579145761987e+00 2.806429667964704500e+00 3.163180530470907637e-01
2.605198105469629155e+00 2.807495383579706516e+00 3.128341003690897071e-01
2.608617602075033126e+00 2.808621467867525645e+00 3.092929368439454318e-01
2.612143829767848757e+00 2.809772162255523398e+00 3.057339461372549083e-01
2.616069871801512292e+00 2.811032926599315918e+00 3.018428903496593874e-01
2.619793927274276069e+00 2.812202469016143791e+00 2.981329600804300539e-01
2.623221206299789721e+00 2.813282484710657894e+00 2.947150454624806182e-01
2.627156143372431085e+00 2.814507754513388083e+00 2.907721561866461468e-01
2.630579766768839090e+00 2.815563929281455380e+00 2.872962436266214281e-01
2.634602900457583718e+00 2.816782189940241210e+00 2.834302862825607283e-01
2.637789256241951374e+00 2.817729344467872821e+00 2.805106864500568342e-01
2.641450914025946783e+00 2.818803369502525857e+00 2.771665731675991839e-01
2.645212493880049642e+00 2.819892005733088070e+00 2.737110454957194516e-01
2.648575836915203929e+00 2.820866228248508190e+00 2.705198947287605904e-01
2.652226440612726499e+00 2.821882031573700544e+00 2.669897507571745154e-01
2.655509785107975862e+00 2.822785912836052624e+00 2.637838050343743745e-01
2.658698843821781121e+00 2.823660499711983629e+00 2.608901350954658804e-01
2.662386264286966675e+00 2.824660147419210343e+00 2.576878474884385373e-01
2.665677436525673460e+00 2.825536488904565768e+00 2.548192804853671167e-01
2.669157015664531230e+00 2.826465461776149546e+00 2.517006437105908101e-01
2.672629517558235968e+00 2.827410245907687525e+00 2.478836149023235513e-01
2.676291474267809889e+00 2.828378891903329695e+00 2.426893131387063418e-01
2.685364163466229748e+00 2.830719350238767529e+00 2.297146139610756477e-01
2.685458996212183980e+00 2.830743014582326911e+00 2.295742494319921445e-01
2.689230809025666247e+00 2.831622136001391787e+00 2.244822863897313336e-01
2.693659854948966981e+00 2.832642425563460353e+00 2.202137987178111600e-01
2.697112962600228148e+00 2.833425690838645039e+00 2.171379839322692407e-01
2.700458762718374484e+00 2.834165488052456272e+00 2.143379397370668571e-01
2.704094037401703066e+00 2.834971871369863727e+00 2.112436765995187316e-01
2.707944600508694677e+00 2.835793157125668262e+00 2.082059122510784011e-01
2.711523145714787475e+00 2.836535977139940101e+00 2.053659468753339101e-01
2.711622436664466562e+00 2.836559926542107313e+00 2.052882890489650114e-01
2.715257016550497227e+00 2.837311066220491451e+00 2.022249116528725965e-01
2.718994988784113609e+00 2.838080649581082859e+00 1.989631854425842061e-01
2.723030953771874874e+00 2.838922544330668707e+00 1.953161049581256248e-01
2.726485180643927198e+00 2.839620418127772883e+00 1.921394450408328292e-01
2.729829926253417582e+00 2.840276260328826741e+00 1.890176387278657555e-01
2.733482897914396581e+00 2.840985385697165189e+00 1.859547758352622648e-01
2.737446413516984478e+00 2.841725840580778595e+00 1.827039294237926548e-01
2.741392408429218275e+00 2.842476517807725589e+00 1.794253509796979451e-01
2.745028207660799247e+00 2.843164944378283376e+00 1.763141784609486007e-01
2.748280704300682498e+00 2.843757510969748825e+00 1.734423449288889363e-01
2.751541003145375530e+00 2.844337416036275545e+00 1.704585314824051678e-01
2.755280480872888571e+00 2.845015736125787953e+00 1.670042654852015584e-01
2.759248656338445294e+00 2.845693465959089341e+00 1.635589867501664740e-01
2.763132815244346396e+00 2.846321851331251818e+00 1.603784015454793321e-01
2.766804830670118065e+00 2.846925852956062375e+00 1.573937065274374769e-01
2.770364405547143249e+00 2.847514823284765573e+00 1.544521731431192091e-01
2.774205887939765525e+00 2.848130806779078927e+00 1.511949148787327390e-01
2.778253990349843328e+00 2.848762284100462505e+00 1.476719637889269687e-01
2.781593876306216018e+00 2.849285619390741431e+00 1.447342520175526059e-01
2.785254806495217839e+00 2.849844665277272870e+00 1.417340129873879140e-01
2.789436561550386440e+00 2.850457682393552794e+00 1.384034196523377946e-01
2.789535314839847402e+00 2.850472433673140848e+00 1.383256928773572980e-01
2.793322712263186958e+00 2.851035645581820432e+00 1.349490077108100594e-01
2.796280001667061921e+00 2.851463724870010097e+00 1.307844044292612584e-01
2.800157743278161249e+00 2.852003222306083607e+00 1.242819769218163894e-01
2.803983983710526928e+00 2.852507964352055669e+00 1.179448961549471458e-01
2.804081328844002741e+00 2.852522066916599819e+00 1.177996602884026356e-01
2.807321238071216918e+00 2.852940511196683904e+00 1.131161470330031837e-01
2.811215205274492757e+00 2.853403205477554216e+00 1.089846137198499515e-01
2.811314852282177590e+00 2.853411130149519970e+00 1.088822321626739115e-01
2.815306134116665859e+00 2.853841265435202779e+00 1.052146299763645904e-01
2.815406639972782621e+00 2.853850124329133209e+00 1.051301217936074228e-01
2.819215492970009507e+00 2.854257431248136356e+00 1.019566673819089497e-01
2.822790058241484878e+00 2.854613801594309663e+00 9.909886800643838423e-02
2.826888707172077631e+00 2.855009680298271846e+00 9.574921369350292144e-02
2.826990851697653184e+00 2.855018141568012258e+00 9.566275317740915995e-02
2.830398916663621200e+00 2.855336016901254048e+00 9.286970233060957980e-02
2.833782763039692121e+00 2.855644090567234894e+00 9.027716242897122767e-02
2.837761106394043331e+00 2.856006638794470920e+00 8.719891757456177395e-02
2.841638446145481112e+00 2.856342133854750553e+00 8.420335169459307323e-02
2.845321807070906761e+00 2.856661391422879781e+00 8.123101079492127397e-02
2.849683839031733168e+00 2.857032228609708735e+00 7.756798529027544853e-02
2.853177710913608944e+00 2.857311159914464938e+00 7.455313282939168840e-02
2.856740748452653023e+00 2.857600101102853341e+00 7.150220981181089341e-02
2.859933958808895227e+00 2.857842421670783839e+00 6.883531513962207193e-02
2.860033659496561853e+00 2.857849102407609365e+00 6.875842527807601856e-02
2.864217440064963593e+00 2.858123514259522491e+00 6.542786037274127275e-02
2.868203726590039970e+00 2.858385689483859959e+00 6.225572154011623643e-02
2.871976046808926597e+00 2.858632720204376199e+00 5.926473875987373074e-02
2.875738413576157004e+00 2.858879151533633589e+00 5.620395132529734661e-02
2.879105006393616328e+00 2.859089145001324272e+00 5.347810612417042836e-02
2.882890134809435345e+00 2.859289985794503330e+00 5.051991757135407268e-02
2.886463825529083316e+00 2.859491172577349971e+00 4.775179229007528448e-02
2.890227373823209156e+00 2.859675513177007300e+00 4.481514462263391091e-02
2.894205916660951949e+00 2.859881434496900798e+00 4.160231537890349274e-02
2.897664006852157748e+00 2.860046775324173840e+00 3.880856797036268124e-02
2.900917561352060137e+00 2.860201484046190679e+00 3.616611008604224409e-02
2.904375593123491583e+00 2.860342293118486090e+00 3.332014524113267873e-02
2.908229337497487244e+00 2.860461263309238777e+00 3.031250413773394978e-02
2.911880650225640466e+00 2.860590392648694635e+00 2.752931556336478056e-02
2.915841781842433811e+00 2.860731628981818542e+00 2.444436262297373583e-02
2.919597854009235327e+00 2.860853782639772191e+00 2.144395384804181556e-02
2.928260010647616873e+00 2.861066738698079703e+00 1.453659987924952983e-02
2.932101444755936370e+00 2.861150321612132341e+00 1.146356906663089509e-02
2.936136432087622428e+00 2.861209201399792512e+00 8.318914148583348919e-03
2.939377061327770324e+00 2.861265449154821727e+00 5.831187730447181736e-03
2.942816724097587766e+00 2.861313526108574923e+00 3.177056512412108121e-03
2.946254240636879018e+00 2.861353197659449510e+00 4.752531034751430301e-04
2.950190364462936365e+00 2.861379272267440044e+00 -2.636073834774001288e-03
2.954621091977128522e+00 2.861391695408933789e+00 -6.195057072569687580e-03
2.958052566015470841e+00 2.861393578276289595e+00 -8.829543704744979848e-03
2.961694897834257212e+00 2.861391389841195565e+00 -1.164193546582058085e-02
2.965021499001622374e+00 2.861379823372513620e+00 -1.419170524840303663e-02
2.968940175561780137e+00 2.861366347570719171e+00 -1.722690183541767533e-02
2.969136980972164608e+00 2.861366120153033155e+00 -1.737500665745900230e-02
2.973341486658542809e+00 2.861322618525783845e+00 -2.061204704357044032e-02
