1.500333164329274993e+00 7.499722851318858519e-01 -1.334213263404111511e-04
1.500468044542323076e+00 7.499578225793597230e-01 -1.750603038216969347e-04
1.500468189627889970e+00 7.499577094059031168e-01 -1.756908846041585807e-04
1.500489876060076222e+00 7.499501852275872738e-01 -1.067832618287741810e-04
1.500522305583112059e+00 7.499418139448860154e-01 1.468865127582983212e-04
1.500559887837086936e+00 7.499392304097768358e-01 5.929237946827859134e-04
1.500600537619830810e+00 7.499340867077837203e-01 1.150563824298827826e-03
1.500644257438801699e+00 7.499301188375685490e-01 1.894062274937904650e-03
1.500703960745541021e+00 7.499373408788102546e-01 2.996568662619824696e-03
1.500814488487134168e+00 7.499414072378849383e-01 4.177343579565556166e-03
1.500933925202930785e+00 7.499407526901135101e-01 5.350016317537576935e-03
1.501079960977796723e+00 7.499405653344737299e-01 7.001036045759866794e-03
1.501140793041679133e+00 7.499308156817904303e-01 9.131917834719437480e-03
1.501181636413492670e+00 7.499397323184572306e-01 1.174290855071043888e-02
1.501245681848415225e+00 7.499413103118893753e-01 1.446699067728088317e-02
1.501335016798917232e+00 7.499465502872609823e-01 1.761588209421093010e-02
1.501406048799232229e+00 7.499422515687820257e-01 2.072350393952270692e-02
1.501467224354430030e+00 7.499376501961149133e-01 2.438539768161643306e-02
1.501511860606385085e+00 7.499351037433654721e-01 2.808135696711963267e-02
1.501580854914777108e+00 7.499409370954430720e-01 3.197901055294125744e-02
1.501645209607165743e+00 7.499463884186282625e-01 3.625945147335676855e-02
1.501690836601843770e+00 7.499451097525478005e-01 4.139074133254729004e-02
1.501722492263072306e+00 7.499443780392323067e-01 4.633936594202200249e-02
1.501724852430790902e+00 7.499446808282553834e-01 4.647097928697233732e-02
1.501767512198312948e+00 7.499450015928531554e-01 5.194395808281508653e-02
1.501814259730378742e+00 7.499470128012911685e-01 5.689812333877904832e-02
1.501865052586593974e+00 7.499463239664968528e-01 6.177013505015199746e-02
1.501932108181206038e+00 7.499441537452601336e-01 6.925530978210728272e-02
1.501967535934203735e+00 7.499477787400423701e-01 7.534666866725148182e-02
1.502034320930796252e+00 7.499448379649665819e-01 8.179480557708469768e-02
1.502070364524896950e+00 7.499472842823717844e-01 8.859982810834642064e-02
1.502177944759654382e+00 7.499537549202893727e-01 1.048263910738813781e-01
1.502230690031171267e+00 7.499595235138792892e-01 1.115415362973981028e-01
1.502305363389831783e+00 7.499712234733986183e-01 1.181935154968506152e-01
1.502367616199266509e+00 7.499742332645397136e-01 1.253222153176872522e-01
1.502436625918863733e+00 7.499813529936606438e-01 1.329284430650934379e-01
1.502495715157776912e+00 7.499876181398340558e-01 1.412693835576168677e-01
1.502592299303584955e+00 7.500165466924871849e-01 1.497345193516373407e-01
1.502663290006501784e+00 7.500259001555057425e-01 1.578378626631369852e-01
1.502672074934734203e+00 7.500238319240761786e-01 1.582890449017275158e-01
1.502763056902146399e+00 7.500337837563587629e-01 1.670288135077533098e-01
1.502843956858109342e+00 7.500460922217300208e-01 1.760338669438593628e-01
1.502901903260125849e+00 7.500577484483690327e-01 1.835141916878269552e-01
1.502978923346264484e+00 7.500770301206082236e-01 1.928048356073251146e-01
1.503060045532018885e+00 7.500863032055254953e-01 2.013615869950826087e-01
1.503139221689845817e+00 7.501019567309010760e-01 2.102209912336238107e-01
1.503140143255359940e+00 7.501036589241936170e-01 2.104486301495414047e-01
1.503270720203796929e+00 7.501310288629121636e-01 2.191772060573367875e-01
1.503378076436105548e+00 7.501562753868714628e-01 2.270084955772061763e-01
1.503472650240268216e+00 7.501780809281741735e-01 2.351621427074391257e-01
1.503590444185127106e+00 7.502067280379902670e-01 2.440071565848805912e-01
1.503724780071248102e+00 7.502470340967700713e-01 2.529337299936598726e-01
1.503825777223539939e+00 7.502829767008434292e-01 2.619653330430569693e-01
1.503940634097123308e+00 7.503147473076882124e-01 2.712773525066196068e-01
1.504025351166601077e+00 7.503393004254401699e-01 2.794593413206273858e-01
1.504072185911131454e+00 7.503501567021962915e-01 2.886473107437935171e-01
1.504178453181826969e+00 7.503853466435234099e-01 2.975799047131170716e-01
1.504268291673105384e+00 7.504321742538614393e-01 3.055666284535583643e-01
1.504380212395259209e+00 7.504726752353150232e-01 3.146868785618265330e-01
1.504473430798163758e+00 7.505110766915522591e-01 3.231680611955773941e-01
1.504474990160797665e+00 7.505118852998525769e-01 3.234005859313667797e-01
1.504598120686943874e+00 7.505610049392263949e-01 3.334540696757269940e-01
1.504717534639118171e+00 7.506121621672867672e-01 3.414851386035586689e-01
1.504837806773025921e+00 7.506636740186820589e-01 3.496462235953913256e-01
1.504967115397554123e+00 7.507245649800761145e-01 3.587830631158499539e-01
1.505111794342242071e+00 7.507813493505107738e-01 3.677121703909162487e-01
1.505243859528065720e+00 7.508471216538801229e-01 3.766428076276145953e-01
1.505349809078082801e+00 7.508921053191598416e-01 3.848762611612399076e-01
1.505433805332599739e+00 7.509338814689298092e-01 3.924419397285691669e-01
1.505577975649253331e+00 7.510124527994204158e-01 4.016996095345422568e-01
1.505702866409653451e+00 7.510780040196572971e-01 4.101528920987106419e-01
1.505851599482881165e+00 7.511626171518616113e-01 4.185248081013943078e-01
1.506017946422194331e+00 7.512388234995209801e-01 4.284541529309580099e-01
1.506126667395556451e+00 7.512925248077361173e-01 4.369234020843159039e-01
1.506131925271677607e+00 7.512957069918024811e-01 4.371507136877130217e-01
1.506247201975175143e+00 7.513524120412642393e-01 4.454284273046832943e-01
1.506348774977007032e+00 7.514063244539583852e-01 4.536660003954298137e-01
1.506471346839211467e+00 7.514811266246872457e-01 4.620991828411973867e-01
1.506476695002342714e+00 7.514817415172130310e-01 4.625534301789145375e-01
1.506589110088538908e+00 7.515487342593418774e-01 4.702908716036993675e-01
1.506687650615216922e+00 7.516051457810521974e-01 4.780140085224008351e-01
1.506801809067430442e+00 7.516740089386828583e-01 4.864646969961253231e-01
1.506906905812306796e+00 7.517255258169202037e-01 4.947150485229729333e-01
1.507021599217919006e+00 7.518093332062396605e-01 5.028938780227995009e-01
1.507038930001509014e+00 7.518203854260786523e-01 5.040168182365958316e-01
1.507155703491463550e+00 7.519037917405750893e-01 5.126219662975683988e-01
1.507246592438253652e+00 7.519781075003608706e-01 5.220733253377759508e-01
1.507251154596027654e+00 7.519811350162891594e-01 5.223041841155419140e-01
1.507375977262041866e+00 7.520426890535127917e-01 5.306720578657835308e-01
1.507475792515430735e+00 7.521133589818543852e-01 5.393900685844379428e-01
1.507580122706559944e+00 7.521894466001780577e-01 5.478173084246283908e-01
1.507673037844727837e+00 7.522641880020884964e-01 5.572253074994623079e-01
1.507774305687182403e+00 7.523400632019477952e-01 5.666938235601025609e-01
1.507859859228249277e+00 7.524044639052950290e-01 5.756181619311622200e-01
1.507940300517546017e+00 7.524657649295259931e-01 5.836250901265254143e-01
1.508012736226478134e+00 7.525344696302267433e-01 5.925698627443134470e-01
1.508085071871875460e+00 7.526022286316511600e-01 6.015153008445105476e-01
1.508152045162132415e+00 7.526682996474681753e-01 6.098617049892733899e-01
1.508312144851786663e+00 7.527999876570027338e-01 6.309765199523839074e-01
1.508380370074584143e+00 7.528603073636441767e-01 6.390700434801832586e-01
1.508447824998055964e+00 7.529158703470304470e-01 6.480671720245363421e-01
1.508519341178259365e+00 7.529692059149759586e-01 6.566689289323144330e-01
1.508588214623038493e+00 7.530333283984148585e-01 6.652809489686998257e-01
1.508653356550126556e+00 7.530964913557819385e-01 6.741448145266395464e-01
1.508756745968070856e+00 7.531787041933439841e-01 6.826963330014729214e-01
1.508818435952071102e+00 7.532361987018235672e-01 6.916329191941263943e-01
1.508874933937884633e+00 7.533004619906177313e-01 6.994473251868873476e-01
1.508949071975390632e+00 7.533677655957380370e-01 7.079455462835058110e-01
1.509000429624693052e+00 7.534326209678935404e-01 7.166864751488052354e-01
1.509087255053659815e+00 7.535094761872677127e-01 7.248027563757706293e-01
1.509150535757983302e+00 7.535826576236387409e-01 7.335325248348910643e-01
1.509239334185626724e+00 7.536616624872991554e-01 7.418089431281407187e-01
1.509299136527014751e+00 7.537304901842758476e-01 7.503687682242947687e-01
1.509406893146036266e+00 7.538338765567038635e-01 7.594592749616650984e-01
1.509412535678936962e+00 7.538373360960529679e-01 7.596933404371077891e-01
1.509492976308183687e+00 7.539259601803425248e-01 7.686789066122190484e-01
1.509545028010421230e+00 7.539837970515533838e-01 7.764066818207091547e-01
1.509633472183268044e+00 7.540777917286932697e-01 7.862175446265916579e-01
1.509710306638179844e+00 7.541435184841760453e-01 7.950651195703400953e-01
1.509801856999655856e+00 7.542301265213939843e-01 8.030433937871510608e-01
1.509885187348425806e+00 7.543113666852699906e-01 8.123671274680648313e-01
1.509961499610855018e+00 7.544033147735655920e-01 8.209250684297783041e-01
1.510029719532112180e+00 7.544630099846717508e-01 8.301917362764825725e-01
1.510031736023286220e+00 7.544646643213203108e-01 8.304279097481979122e-01
1.510101816934801722e+00 7.545560117363145913e-01 8.380984487037790309e-01
1.510176862932858244e+00 7.546426091839448791e-01 8.464764091849180661e-01
1.510254239184202429e+00 7.547392799366743343e-01 8.551346955046527087e-01
1.510299450195051296e+00 7.548090031371182951e-01 8.636653340165019177e-01
1.510361260010393725e+00 7.548961906237916519e-01 8.716808478097789470e-01
1.510449008591011166e+00 7.550038395232394617e-01 8.799252752910209363e-01
1.510533065555945686e+00 7.551218305934588315e-01 8.889324773865376894e-01
1.510598421776188305e+00 7.552143965318289798e-01 8.981601351441940162e-01
1.510667454986549973e+00 7.553064971993830312e-01 9.071692305564759140e-01
1.510724119696785550e+00 7.554001305409971945e-01 9.152575338213083667e-01
1.510798409886437543e+00 7.555172328073208599e-01 9.238316201294620722e-01
1.510865372843600118e+00 7.556124050114481072e-01 9.330180693665998115e-01
1.510863127060339872e+00 7.556151497425704910e-01 9.332546268506330955e-01
1.510928987643005650e+00 7.557092803172850148e-01 9.420183935437249634e-01
1.510987361231136861e+00 7.558009102580738325e-01 9.510765621840807649e-01
1.511044442063423920e+00 7.558942936975456828e-01 9.598939004379066775e-01
1.511104487200989110e+00 7.559827324781233093e-01 9.691594795744800095e-01
1.511167993712682289e+00 7.560965564515282900e-01 9.791411063029974438e-01
1.511171273232505774e+00 7.560988683073432970e-01 9.793734571282525225e-01
1.511218457113996383e+00 7.561775837285394930e-01 9.875913632354144100e-01
1.511264281444162805e+00 7.562544394030417116e-01 9.964689148181068434e-01
1.511305711319139045e+00 7.563238569695190927e-01 1.004116529309269756e+00
1.511347355360186162e+00 7.564079797992382392e-01 1.013615716002213007e+00
1.511408426407238492e+00 7.565034266491161841e-01 1.022966767777853558e+00
1.511408708920073840e+00 7.565046753121952294e-01 1.023197193288856166e+00
1.511468397477970571e+00 7.565931322001050452e-01 1.031897405817242319e+00
1.511491303320916302e+00 7.566628873026158830e-01 1.040715959730259987e+00
1.511517987237614769e+00 7.567369783225048607e-01 1.048697373113657294e+00
1.511568753532393838e+00 7.568313558167505395e-01 1.057980594483521664e+00
1.511608419676071513e+00 7.569221168771593788e-01 1.066443566496168005e+00
1.511668263776746679e+00 7.570255437950669242e-01 1.076039334374973011e+00
1.511715408872319699e+00 7.571096397124517097e-01 1.085215277069994544e+00
1.511717742319681035e+00 7.571103364794787849e-01 1.085455554065023920e+00
1.511808407057823711e+00 7.573286107225949415e-01 1.107933858519033699e+00
1.511844483611837653e+00 7.574452649669202176e-01 1.116466686955658760e+00
1.511877995783974971e+00 7.575377075542713001e-01 1.125064306549238280e+00
1.511896089039540980e+00 7.576229478284036700e-01 1.134055840181782404e+00
1.511953793773460175e+00 7.577686400951729739e-01 1.143478902978750211e+00
1.511991450015952365e+00 7.578782122265156351e-01 1.152445323325055782e+00
1.512024682659228958e+00 7.579498688902333026e-01 1.160936363719994091e+00
1.512049662427899399e+00 7.580415429188797072e-01 1.170500545789146862e+00
1.512051047714061847e+00 7.580450881064977331e-01 1.170729216086636049e+00
1.512079769674328444e+00 7.581515162117467010e-01 1.180062207290415666e+00
1.512114336696136707e+00 7.582556176601225051e-01 1.188754482925782563e+00
1.512148438656936378e+00 7.583617641151904065e-01 1.197215489059464399e+00
1.512189154801358404e+00 7.584762198688881352e-01 1.205017184452317869e+00
1.512223361517557318e+00 7.585758085910658810e-01 1.215057296800020392e+00
1.512236653078260940e+00 7.586669098629276187e-01 1.223701609257594525e+00
1.512267572878967847e+00 7.587833538234902697e-01 1.232555026567874856e+00
1.512294143325198625e+00 7.588764277089665722e-01 1.241799307180008194e+00
1.512307971139073670e+00 7.589570462589537714e-01 1.250512474105816008e+00
1.512322800626116015e+00 7.590795848709440685e-01 1.260206498501181382e+00
1.512362925228340815e+00 7.591848235610708651e-01 1.268541739901021703e+00
1.512391469423924883e+00 7.592863980199953122e-01 1.276644547525691120e+00
1.512411684251431909e+00 7.593874263215816267e-01 1.285631256174186277e+00
1.512442188056941639e+00 7.595074002220769671e-01 1.294868116249635825e+00
1.512461145669258711e+00 7.596239375322494380e-01 1.303418064108435859e+00
1.512474961199223644e+00 7.597625408553863036e-01 1.312016329095014200e+00
1.512501888451436516e+00 7.598754845480886200e-01 1.320486261048591015e+00
1.512511782578338515e+00 7.599764737563471373e-01 1.329942790575154632e+00
1.512531182281678044e+00 7.600997476001917219e-01 1.338392437918740629e+00
1.512552465343441011e+00 7.602124580035474199e-01 1.347785446340009186e+00
1.512552883721960395e+00 7.603099719482113716e-01 1.356377780688280632e+00
1.512572245517950442e+00 7.604798041901853489e-01 1.365976634408812673e+00
1.512580606165883301e+00 7.605869407259885362e-01 1.373797276860911687e+00
1.512594949506599340e+00 7.606906533532028503e-01 1.381455755109518568e+00
1.512594558434659175e+00 7.607589029757333421e-01 1.389789007043080282e+00
1.512598624509307710e+00 7.608538201473354912e-01 1.398295717863324850e+00
1.512600002594953530e+00 7.609024984529584312e-01 1.407138406586109447e+00
1.512604911747317482e+00 7.610183385444291293e-01 1.416746641273502805e+00
1.512605825977074270e+00 7.610213388095879994e-01 1.416981632082446874e+00
1.512604384234739863e+00 7.611168535601496865e-01 1.425635805698930669e+00
1.512609826425731940e+00 7.612063292253443691e-01 1.434928561874236674e+00
1.512601333518366342e+00 7.613071565861408985e-01 1.443623904178781503e+00
1.512587483429616464e+00 7.613847697617406318e-01 1.453195626188338974e+00
1.512583617298455252e+00 7.614944052551156917e-01 1.461830512428371032e+00
1.512588717154144113e+00 7.616035741357746192e-01 1.470183223230670855e+00
1.512586353672217054e+00 7.617033244123824209e-01 1.479109098136411893e+00
1.512575238720467175e+00 7.617545713129035834e-01 1.488183645572861868e+00
1.512578877627911211e+00 7.618760664692380002e-01 1.497471464423016263e+00
1.512575063376149886e+00 7.619726901359689109e-01 1.506018131925835446e+00
1.512571540271013371e+00 7.620581532656195423e-01 1.514488187192318813e+00
1.512569100742332973e+00 7.620615528570330310e-01 1.514721923232625667e+00
1.512567533016111465e+00 7.621694452133563891e-01 1.523187010024237731e+00
1.512565737475900063e+00 7.622857995795623287e-01 1.531699513155633241e+00
1.512549243029549517e+00 7.623949169840675832e-01 1.539977970020942610e+00
1.512538251801810230e+00 7.624941585349729323e-01 1.548474963185531239e+00
1.512527474969005636e+00 7.626222671047971913e-01 1.558122190931626738e+00
1.512518122053820857e+00 7.627200871272120652e-01 1.566967572458300095e+00
1.512517059565387179e+00 7.627219481939710999e-01 1.567198708770598747e+00
1.512512103219764148e+00 7.628141621686180818e-01 1.574817172288849543e+00
1.512513438382911524e+00 7.629146816861672731e-01 1.583623899270678148e+00
1.512494251060679140e+00 7.630033870520654959e-01 1.591114057800060433e+00
1.512492522151522856e+00 7.631027283724847177e-01 1.599718024395900384e+00
1.512489443612458961e+00 7.631561433726785637e-01 1.607947666484215832e+00
1.512476145209033174e+00 7.632396294945344994e-01 1.615625704529399131e+00
1.512460526888644186e+00 7.633279090624307539e-01 1.625055165405074886e+00
1.512431910388025491e+00 7.634233956845917213e-01 1.634353894782854200e+00
1.512430681295827695e+00 7.634300474864849084e-01 1.634586020280877294e+00
1.512382193559711707e+00 7.637257217307458212e-01 1.656844408618878939e+00
1.512351900976701913e+00 7.638344634345697326e-01 1.665446341504392525e+00
1.512321174202213570e+00 7.639680577247870419e-01 1.673894038514646132e+00
1.512294456878945370e+00 7.641227878706932097e-01 1.683706625801391299e+00
1.512264753338048218e+00 7.642225004438505387e-01 1.691940724852013300e+00
1.512238621833018604e+00 7.643627883289669800e-01 1.701075864525251724e+00
1.512214641125416037e+00 7.644856092605474274e-01 1.710299543480072293e+00
1.512216933201626423e+00 7.644917940118581834e-01 1.710531335399806618e+00
1.512192132129089428e+00 7.645946225661469642e-01 1.718998280350964469e+00
1.512163833747009800e+00 7.646984898210608117e-01 1.728429698105282686e+00
1.512130420636773387e+00 7.647842804777428283e-01 1.736594499061705488e+00
1.512094279249442286e+00 7.649131136522643315e-01 1.745756945118805525e+00
1.511991133897609974e+00 7.654056871533660988e-01 1.754119638164518102e+00
1.511337151195588646e+00 7.687826798013802643e-01 1.763553027250114758e+00
1.510392229796305497e+00 7.733893427138455179e-01 1.772314793118972887e+00
1.509314507650673320e+00 7.782579606373756231e-01 1.781411326967522468e+00
1.508237449917823936e+00 7.830857180224332081e-01 1.787715578722961274e+00
1.507212803484389019e+00 7.874706027778003437e-01 1.791194759116736535e+00
1.506106146549655467e+00 7.920011557782332678e-01 1.790874862821381086e+00
1.505251239445446032e+00 7.957314720707805433e-01 1.787539862015734116e+00
1.504320948820601744e+00 7.998281406244349689e-01 1.780778135298864306e+00
1.503346859567994853e+00 8.046328774209999812e-01 1.771176519801036076e+00
1.502411907872691854e+00 8.090026769175558963e-01 1.762952354899897323e+00
1.501568295938256581e+00 8.131375228005884859e-01 1.755285996930765036e+00
1.500791550606724645e+00 8.171168499356237236e-01 1.747791856362802765e+00
1.500018220020743698e+00 8.212441601453968065e-01 1.740573679825416775e+00
1.499191049977904200e+00 8.257950747516727974e-01 1.733249649044951601e+00
1.498472703683863871e+00 8.299847094263290703e-01 1.727481666542513228e+00
1.497735156707651782e+00 8.344130847399008344e-01 1.722691897111245263e+00
1.497032029132534081e+00 8.387696955489041262e-01 1.719101684982622613e+00
1.496313978771281583e+00 8.432432860482769188e-01 1.715665672127594243e+00
1.495638841097137073e+00 8.473613595630995476e-01 1.712504401996333359e+00
1.494928022963980752e+00 8.520816226734287957e-01 1.708108722574642302e+00
1.494284559441384497e+00 8.564309808495325083e-01 1.703553666282263679e+00
1.493731101026325225e+00 8.603896906923417243e-01 1.699371971665271985e+00
1.493122394089516192e+00 8.647781108581514831e-01 1.694833645521983234e+00
1.492576684806213416e+00 8.689231770844580982e-01 1.690515129227518676e+00
1.492083052569635582e+00 8.728646893928855288e-01 1.686297189764260684e+00
1.492068925248421829e+00 8.729786634186773586e-01 1.686172719955441268e+00
1.491594907514611323e+00 8.768884099133600341e-01 1.681916830143776576e+00
1.491581638671735099e+00 8.770010616815839821e-01 1.681797846693094955e+00
1.491068763857200663e+00 8.810612254089291717e-01 1.677688541988209936e+00
1.490591164314551520e+00 8.852942946124442436e-01 1.673735377055389772e+00
1.490082745986756940e+00 8.896967619327413868e-01 1.669619183020784270e+00
1.490070653571253123e+00 8.898119887808803030e-01 1.669507520288192381e+00
1.489600920741662060e+00 8.943271693897251184e-01 1.664926477210049383e+00
1.489134153057937393e+00 8.987014239485056066e-01 1.660396223485780531e+00
1.488663414500581483e+00 9.033939922553961832e-01 1.655478808242407673e+00
1.488223254169616538e+00 9.080906509496516898e-01 1.650495813535354683e+00
1.487821427600294122e+00 9.127642688248885916e-01 1.645662855225888510e+00
1.487468767670862002e+00 9.169896915650360691e-01 1.641598615959355856e+00
1.487124661684273486e+00 9.213151419766052452e-01 1.637442228619477858e+00
1.486814184470689026e+00 9.255143555720490856e-01 1.633415609469450303e+00
1.486463674547626956e+00 9.303980242931249034e-01 1.628543809710210732e+00
1.486194768362381735e+00 9.344834741231722308e-01 1.624549094739177857e+00
1.486187516882854220e+00 9.345964187082385077e-01 1.624442990361240957e+00
1.485936713761963013e+00 9.386931727478560195e-01 1.620491230821307527e+00
1.485657542327077474e+00 9.434343897899188924e-01 1.615937030507343719e+00
1.485420282359429356e+00 9.478056353333753625e-01 1.611673010760876990e+00
1.484957151243614160e+00 9.579767751061150083e-01 1.601655065348515983e+00
1.484805503400114635e+00 9.620025516288095435e-01 1.597538564753998580e+00
1.484658011718122061e+00 9.659136503902490123e-01 1.593775284732868336e+00
1.484651812825686923e+00 9.660234658352069292e-01 1.593671171716868784e+00
1.484539615145153091e+00 9.701504336974913212e-01 1.589835668908032407e+00
1.484427111407880417e+00 9.741778822452049624e-01 1.586034461868100154e+00
1.484351955312869231e+00 9.784151118929744761e-01 1.581929809363960882e+00
1.484260030379549233e+00 9.826397364489762865e-01 1.577863102346003021e+00
1.484260146133143499e+00 9.827487228514685258e-01 1.577753763866070802e+00
1.484216834881250335e+00 9.868393492678935175e-01 1.574003947598342723e+00
1.484176883037499728e+00 9.908428370398435492e-01 1.570387368382359261e+00
1.484170695877411683e+00 9.949367501113628443e-01 1.566592573856589121e+00
1.484155520349760282e+00 9.991382171274919566e-01 1.562683857598609283e+00
1.484160292674069126e+00 1.003214654140941464e+00 1.558891560371852947e+00
1.484185406272265473e+00 1.007843653469409961e+00 1.554483291627359431e+00
1.484236946252690093e+00 1.011795280440519917e+00 1.551029664352335802e+00
1.484309065148914808e+00 1.015854555116808555e+00 1.547538603527152778e+00
1.484378584512408450e+00 1.020225258780167232e+00 1.543689309532791709e+00
1.484456375821005647e+00 1.024684980162899883e+00 1.539738726576488803e+00
1.484555574691157842e+00 1.029136029655858042e+00 1.535745390883710204e+00
1.484689378512911606e+00 1.033787248388676749e+00 1.531516603689316636e+00
1.484802751396615994e+00 1.037587178706450564e+00 1.528144495102353728e+00
1.484950861052368953e+00 1.041598573132148875e+00 1.524654197508248155e+00
1.485136235194640664e+00 1.046028051465888620e+00 1.520775651777190207e+00
1.485342263883544067e+00 1.050251362056045856e+00 1.517032917240441980e+00
1.485348382479016793e+00 1.050358223232833677e+00 1.516937257201101952e+00
1.485568206062768848e+00 1.054348537679314024e+00 1.513558823841161693e+00
1.485794972242682865e+00 1.058650018997840281e+00 1.510045333905084330e+00
1.486035258712447238e+00 1.062738865271186661e+00 1.506732909017322042e+00
1.486291222211137519e+00 1.066603738178460326e+00 1.503561801511626550e+00
1.486543251621368356e+00 1.070361006108975221e+00 1.500416020875239731e+00
1.486813433818995778e+00 1.074426274447376262e+00 1.496977394209451750e+00
1.487079474256653100e+00 1.078375884917737615e+00 1.493643662693410201e+00
1.487390481872017167e+00 1.082641713447556109e+00 1.490037420762489129e+00
1.487682565031936743e+00 1.086588895657599751e+00 1.486817624118757175e+00
1.487974679078862827e+00 1.090320283603172236e+00 1.483842659814300413e+00
1.488311667879597788e+00 1.094465370371783486e+00 1.480587585623397873e+00
1.488320306287211015e+00 1.094572150115687537e+00 1.480506301098523991e+00
1.488668958068441128e+00 1.098485966577279038e+00 1.477391756517854704e+00
1.489033233228103548e+00 1.102619704695460001e+00 1.474045787376251138e+00
1.489043170216699519e+00 1.102725211784179482e+00 1.473957570817199692e+00
1.489389099328447097e+00 1.106420512389333810e+00 1.471112668874830165e+00
1.489746253324510716e+00 1.110009798164583339e+00 1.468391674002639480e+00
1.490100478873194634e+00 1.113601705407228248e+00 1.465629921275179548e+00
1.490456563289200842e+00 1.117183699313383460e+00 1.462842949770665646e+00
1.490836705251593175e+00 1.120862824167170313e+00 1.459937363828072376e+00
1.491224665492014934e+00 1.124632508825463173e+00 1.456974977081078038e+00
1.491643516907112943e+00 1.128514579764443804e+00 1.453977251000156734e+00
1.492046765940087560e+00 1.131976182894667060e+00 1.451288544553770876e+00
1.492490378492916214e+00 1.135849155058318072e+00 1.448390505537123341e+00
1.493009327814485365e+00 1.140244805129164707e+00 1.445131631941846351e+00
1.493478398659049411e+00 1.144118978427626221e+00 1.442254704991340342e+00
1.493491486188754269e+00 1.144225075787485668e+00 1.442179040385645150e+00
1.493980840029345059e+00 1.148077801820115207e+00 1.439300911909595193e+00
1.494505375163362348e+00 1.152253099543501191e+00 1.436199577946849271e+00
1.495014575787593447e+00 1.156202189429590632e+00 1.433269468770506760e+00
1.495574134256100418e+00 1.160269366742848307e+00 1.430263900475418737e+00
1.495587905414867969e+00 1.160375925736187863e+00 1.430185106674892959e+00
1.496111642063845393e+00 1.164227291121647356e+00 1.427421779166339721e+00
1.496656615660371781e+00 1.168175337703002192e+00 1.424635658136108818e+00
1.497203116510763543e+00 1.171900041070178089e+00 1.422035023958755806e+00
1.497788386164399022e+00 1.175939179885374664e+00 1.419217282544803727e+00
1.497803179176414146e+00 1.176041305543269244e+00 1.419145176786142715e+00
1.498387003305735155e+00 1.179868943825570504e+00 1.416514622434967174e+00
1.499857812855312833e+00 1.189372554742752275e+00 1.410123526822884665e+00
1.500492096068350989e+00 1.193292045901931164e+00 1.407462531362425606e+00
1.500508303979156466e+00 1.193395116978547943e+00 1.407393421126092115e+00
1.501099724751749909e+00 1.197012310593657869e+00 1.404895570093511514e+00
1.501721138822751600e+00 1.200819236554613090e+00 1.402274302061315536e+00
1.502352794047615125e+00 1.204610751221121268e+00 1.399710764101263161e+00
1.502993278718387726e+00 1.208416239504922718e+00 1.397214229061078949e+00
1.503698402393175204e+00 1.212541638035029123e+00 1.394542824880530274e+00
1.504338403188060003e+00 1.216215990905068711e+00 1.392190286775076835e+00
1.504976445721433631e+00 1.219800598257272828e+00 1.389849089467127596e+00
1.505645081524280338e+00 1.223598259462053583e+00 1.387393440672507250e+00
1.506351307553689844e+00 1.227384111534480127e+00 1.384975178891572511e+00
1.506985789393597175e+00 1.230739644086672691e+00 1.382845258245590792e+00
1.507620193897978744e+00 1.234131960534663897e+00 1.380688777360477903e+00
1.508352099477164421e+00 1.238007253865383017e+00 1.378319184257960295e+00
1.509041817111360428e+00 1.241662533620991882e+00 1.376156320554402068e+00
1.509771427678685551e+00 1.245418687975798910e+00 1.373925489655277721e+00
1.510481727976306310e+00 1.248966407462698935e+00 1.371813549615614969e+00
1.511180374466651211e+00 1.252419663679764206e+00 1.369725802081870336e+00
1.512059337975344642e+00 1.256670281196898387e+00 1.367178587772353016e+00
1.512781090453291899e+00 1.260223665410400429e+00 1.365065272591968082e+00
1.513504796968099031e+00 1.263766441877055779e+00 1.363015975158436976e+00
1.514268752053964828e+00 1.267511187298573372e+00 1.360884379730654681e+00
1.515044431010937220e+00 1.271229288422914827e+00 1.358785735417765483e+00
1.515912315274615674e+00 1.275356958915926597e+00 1.356438118488904054e+00
1.515957849476882391e+00 1.275557051524114582e+00 1.356321777830415520e+00
1.516774375066147318e+00 1.279284250112049381e+00 1.354210136571338374e+00
1.517626802631359961e+00 1.283300418431665424e+00 1.351967932015448071e+00
1.518537570613661680e+00 1.287420661538501321e+00 1.349675941971048232e+00
1.519370095336975091e+00 1.291126909549760171e+00 1.347615939523128414e+00
1.520279588419901184e+00 1.295240452723023239e+00 1.345310442121500083e+00
1.521195127261485203e+00 1.299251963938925947e+00 1.343113776207325971e+00
1.522078498698122839e+00 1.303051985265163193e+00 1.341031479281055594e+00
1.522833666986945778e+00 1.306353909823154247e+00 1.339226380892081014e+00
1.523691202116784105e+00 1.310068133356364406e+00 1.337231845498183969e+00
1.524520448367773007e+00 1.313564090340689106e+00 1.335364178026283710e+00
1.525304418241494542e+00 1.316838342965289899e+00 1.333698226717892954e+00
1.526315178611332479e+00 1.321027406926412073e+00 1.331533410999798051e+00
1.526335867569070581e+00 1.321127148262497109e+00 1.331485589762963162e+00
1.527268114043682568e+00 1.325010387022332203e+00 1.329446774466892744e+00
1.528168321060054291e+00 1.328688977991480780e+00 1.327553037184949103e+00
1.529167540731383390e+00 1.332765305331675920e+00 1.325474372096947961e+00
1.530048777994084341e+00 1.336337489406528523e+00 1.323680643858392791e+00
1.531076341581575573e+00 1.340410666278121887e+00 1.321659622494254283e+00
1.532020455040505658e+00 1.344168797307665031e+00 1.319805266357992002e+00
1.532931192376733254e+00 1.347832993315649208e+00 1.318005838132800145e+00
1.533866645004381191e+00 1.351501802162529797e+00 1.316211519611238945e+00
1.534755750102764882e+00 1.354943247028156161e+00 1.314566620558340393e+00
1.535690898797765325e+00 1.358601785822898034e+00 1.312786400824540234e+00
1.536663228476045306e+00 1.362363581721972139e+00 1.310965962303756394e+00
1.537625981436109956e+00 1.365995671160757041e+00 1.309258158837960817e+00
1.538578689486912898e+00 1.369641217808297284e+00 1.307519849922269328e+00
1.539615349179778603e+00 1.373574738103419346e+00 1.305669518231367565e+00
1.540657045693116345e+00 1.377406941794502959e+00 1.303850733111604265e+00
1.540682516954845926e+00 1.377507254499959366e+00 1.303799621048651769e+00
1.541652387118163325e+00 1.381044514249933020e+00 1.302150724326627929e+00
1.542616735641306747e+00 1.384579159605184184e+00 1.300532962292422656e+00
1.543626799661070192e+00 1.388214733416551105e+00 1.298837733042508269e+00
1.544772205514468588e+00 1.392339441132986355e+00 1.296960503317936553e+00
1.547298412193182537e+00 1.401363650724609222e+00 1.292887517844993672e+00
1.547328284869152748e+00 1.401458788440776093e+00 1.292839903093524034e+00
1.548474810500388710e+00 1.405469052980811373e+00 1.291073241315714659e+00
1.549407388481013115e+00 1.408693136077217911e+00 1.289682178093979559e+00
1.550339962205996347e+00 1.411922530837750323e+00 1.288276798573579018e+00
1.551322238256146013e+00 1.415356290291878150e+00 1.286732627514313387e+00
1.552284468616889290e+00 1.418669562863561273e+00 1.285354895054861224e+00
1.553271387588134100e+00 1.422089877222814547e+00 1.283973711617476532e+00
1.554410578043818436e+00 1.425999510127984093e+00 1.282332036054927515e+00
1.555413144762912925e+00 1.429421673702567563e+00 1.280901016867886044e+00
1.555441538766191956e+00 1.429517744322074124e+00 1.280861565824734649e+00
1.556521199283681600e+00 1.433132603570824726e+00 1.279357670649979628e+00
1.556550733478418769e+00 1.433232949127914546e+00 1.279317277059640601e+00
1.557573951685841562e+00 1.436639428751463443e+00 1.277900736248241298e+00
1.558570261828624570e+00 1.439967623436147370e+00 1.276482190876093714e+00
1.559668190682556466e+00 1.443667013470286697e+00 1.274984008855941875e+00
1.560849676623597970e+00 1.447553357037830057e+00 1.273412420672152434e+00
1.562045059031010652e+00 1.451438941446493880e+00 1.271902644432333362e+00
1.562076194588308375e+00 1.451534678174760007e+00 1.271866266061510320e+00
1.563161401385794402e+00 1.455111963842659728e+00 1.270476893981350663e+00
1.564237413832038737e+00 1.458604886643785514e+00 1.269070909787412438e+00
1.565249908173175886e+00 1.461898259886359686e+00 1.267759005572612674e+00
1.566428591561621175e+00 1.465664475254443211e+00 1.266283977737235000e+00
1.566455464599250114e+00 1.465761507365495486e+00 1.266247248880530307e+00
1.567617561689180761e+00 1.469551830352988642e+00 1.264740033537033348e+00
1.568577875574790115e+00 1.472639500053196215e+00 1.263539436767041169e+00
1.568608553675770789e+00 1.472735367180623367e+00 1.263501625603119738e+00
1.569689004311350722e+00 1.476123581172662957e+00 1.262180814914395155e+00
1.569813470657490884e+00 1.476507409648355029e+00 1.262026002118442625e+00
1.570935752310050004e+00 1.480085889060799520e+00 1.260626528448924866e+00
1.572154850383100877e+00 1.483934175804525468e+00 1.259148186650728807e+00
1.573347921529951954e+00 1.487698567258820770e+00 1.257674962721789136e+00
1.574636608895310763e+00 1.491654830395979792e+00 1.256135982115655469e+00
1.575775814624299054e+00 1.495205137045676480e+00 1.254785226512995067e+00
1.576884994436715814e+00 1.498676830191944864e+00 1.253478451145798145e+00
1.578038753251759241e+00 1.502241851863167943e+00 1.252176046597893055e+00
1.579236871758131988e+00 1.505894912135754993e+00 1.250893816844963702e+00
1.580367593176388974e+00 1.509359421326750494e+00 1.249674138851732286e+00
1.581564837892997399e+00 1.513016124937444973e+00 1.248343072718540059e+00
1.582792759409813010e+00 1.516773148393669279e+00 1.246965717067886947e+00
1.582822867103295783e+00 1.516870354324605819e+00 1.246934201548592025e+00
1.584095714514221598e+00 1.520709743361409405e+00 1.245546399945881788e+00
1.584126441052771117e+00 1.520804457863988102e+00 1.245511582329432487e+00
1.585348052311535971e+00 1.524441683982119766e+00 1.244225029739641553e+00
1.586522557476559570e+00 1.527890687828370009e+00 1.243028843427246288e+00
1.587800937709737292e+00 1.531631479299351728e+00 1.241689530147817910e+00
1.588979090464016197e+00 1.535077082629513257e+00 1.240448270276730991e+00
1.590133249043251373e+00 1.538414362756526099e+00 1.239270399484272200e+00
1.591327087973738896e+00 1.541845459707635646e+00 1.238066126090324515e+00
1.592520954146506185e+00 1.545290655046129835e+00 1.236867730582666303e+00
1.593859508189872765e+00 1.549108243969218979e+00 1.235564876346248120e+00
1.593895090889039023e+00 1.549202492241544160e+00 1.235527848374529558e+00
1.595081477622181110e+00 1.552640490860959233e+00 1.234376998509178813e+00
1.596378216025353236e+00 1.556367181397825039e+00 1.233145600595094926e+00
1.596411151464551148e+00 1.556461065368765828e+00 1.233115187066178065e+00
1.597635158833176972e+00 1.559983773707995791e+00 1.231836189267901505e+00
1.597798713066591603e+00 1.560464003786242726e+00 1.231648582571817307e+00
1.598920627970821684e+00 1.563692551849600765e+00 1.230509096717981032e+00
1.600146430796517416e+00 1.567212258066426500e+00 1.229242163450572578e+00
1.601379546337187598e+00 1.570730882464059563e+00 1.227982568811290198e+00
1.602581579467408313e+00 1.574168784086087403e+00 1.226837091779596545e+00
1.603840743317629158e+00 1.577697151617833526e+00 1.225728001654295740e+00
1.605216500717904449e+00 1.581515602786131680e+00 1.224521301698917819e+00
1.605250337789101422e+00 1.581610622290762214e+00 1.224492688932221851e+00
1.606387249414866769e+00 1.584744524618520334e+00 1.223545647751025811e+00
1.607669182683169939e+00 1.588248894865942340e+00 1.222444190920118912e+00
1.609021973206996581e+00 1.591970164753638173e+00 1.221234191217337450e+00
1.610222031418591992e+00 1.595300981558716913e+00 1.220156219517316343e+00
1.613131841680804257e+00 1.603265341416743706e+00 1.217681139435958348e+00
1.614409337473747152e+00 1.606773800550792997e+00 1.216589484972915969e+00
1.615597161163730089e+00 1.610007113248425270e+00 1.215489285468262404e+00
1.616711315694046025e+00 1.613026940217450855e+00 1.214443061544504765e+00
1.618275095552255349e+00 1.617280309764216994e+00 1.213008217506262199e+00
1.619521329127643794e+00 1.620578775154671858e+00 1.211954660254156213e+00
1.620820303208430957e+00 1.624076461936823979e+00 1.210799856621384674e+00
1.622284243431641348e+00 1.627967243654234508e+00 1.209524592210204474e+00
1.623553515086927135e+00 1.631364980697136868e+00 1.208447672655917904e+00
1.624743162136800034e+00 1.634552381887393713e+00 1.207173755605778664e+00
1.626285411933818370e+00 1.638669381950581982e+00 1.205350429195233053e+00
1.627519597551840835e+00 1.641957541664367248e+00 1.203901640199432688e+00
1.628854963605128159e+00 1.645477608564083649e+00 1.202760497264306228e+00
1.630047135656535806e+00 1.648586718194395173e+00 1.202113670751614460e+00
1.631492959914994989e+00 1.652379151951440805e+00 1.201326557535453921e+00
1.631531252098361584e+00 1.652472383652822563e+00 1.201307360011206526e+00
1.632862038308531272e+00 1.655942754200858236e+00 1.200503761979887729e+00
1.634195453346810822e+00 1.659429960562722517e+00 1.199574266703824721e+00
1.635652247091799794e+00 1.663205746567071763e+00 1.198490299176552032e+00
1.637007487357554858e+00 1.666681351000453004e+00 1.197486462649651751e+00
1.638299584411147203e+00 1.669971239109311778e+00 1.196503051524023586e+00
1.639494576734433107e+00 1.673063932346594118e+00 1.195595643263866359e+00
1.640913545548479791e+00 1.676727381490912272e+00 1.194531126514640107e+00
1.642432520356809977e+00 1.680560622766289036e+00 1.193414149727380247e+00
1.643889041241195947e+00 1.684295240632822876e+00 1.192015859786411003e+00
1.645201511747173662e+00 1.687653909106202832e+00 1.190667480169433246e+00
1.646625963814979610e+00 1.691294978229824775e+00 1.189232280005421583e+00
1.646664758018404839e+00 1.691389462091668516e+00 1.189196231923299152e+00
1.648066688212006525e+00 1.694941447794060307e+00 1.187936648000865292e+00
1.649396646957080659e+00 1.698301160836447110e+00 1.186788373986555678e+00
1.650831020964860008e+00 1.701935283569697255e+00 1.185626751852540517e+00
1.652167729301472932e+00 1.705276455314313377e+00 1.184593921019073459e+00
1.653565060811719167e+00 1.708747799291994829e+00 1.183715310239947138e+00
1.653605172031390680e+00 1.708840259003200135e+00 1.183689979416068905e+00
1.654927135276446748e+00 1.712112725305274141e+00 1.182971351675973226e+00
1.656405504556323072e+00 1.715758033998295629e+00 1.182105100076759729e+00
1.657919828574287546e+00 1.719495186999079994e+00 1.181213837597429928e+00
1.659318190085490530e+00 1.722946570852367021e+00 1.180325480628910739e+00
1.660636536371423055e+00 1.726199891109802209e+00 1.179495626407572217e+00
1.662003422245519779e+00 1.729547129590468302e+00 1.178565684176221096e+00
1.663461564046959662e+00 1.733141780912691221e+00 1.177377404696537511e+00
1.664708483831069508e+00 1.736198663935600406e+00 1.176258336879458355e+00
1.666100833617679911e+00 1.739618307956879883e+00 1.175046019482494986e+00
1.667362466924421138e+00 1.742676737642201878e+00 1.173935336703415100e+00
1.668954045262169394e+00 1.746472207421941647e+00 1.172637725051886681e+00
1.670496229427893109e+00 1.750180507378283679e+00 1.171411147971855859e+00
1.671877438735713595e+00 1.753519142000881770e+00 1.170321836080352007e+00
1.673298321105614050e+00 1.757038022493789153e+00 1.168435260782805685e+00
1.674527921875033076e+00 1.759925541881001809e+00 1.165355818306237579e+00
1.675728346600573015e+00 1.762870938903694951e+00 1.161879481821632476e+00
1.677098517306182535e+00 1.766077889671452628e+00 1.158355572358974905e+00
1.678548093969025379e+00 1.769463122441547354e+00 1.155545124400817469e+00
1.680014500209024764e+00 1.772770591868479073e+00 1.154755527784895319e+00
1.681527064067616761e+00 1.776247261859777993e+00 1.156007912171413743e+00
1.683208266707114653e+00 1.780071342155532754e+00 1.158502199739183336e+00
1.683249853137486873e+00 1.780164245432751757e+00 1.158564631487214891e+00
1.684707447559386395e+00 1.783484054828039511e+00 1.159847537723470268e+00
1.686157755743602049e+00 1.786812848840378276e+00 1.159969468754667110e+00
1.686197039360803673e+00 1.786904963795395762e+00 1.159974871935430141e+00
1.687683582473929134e+00 1.790329342406717039e+00 1.159687279862051890e+00
1.689291890505977722e+00 1.794014748246264501e+00 1.158900806131293537e+00
1.690839107869196889e+00 1.797606569501413398e+00 1.158026173213128063e+00
1.694670644061997855e+00 1.806443178215543011e+00 1.155502985944285799e+00
1.696246444114403173e+00 1.810016950105422184e+00 1.154437039388818587e+00
1.696285102027525138e+00 1.810109291404039089e+00 1.154407923761984422e+00
1.697672987318693982e+00 1.813342616359118864e+00 1.153112679951755704e+00
1.699088191914392976e+00 1.816718182216317645e+00 1.149860659104236627e+00
1.700513927201612097e+00 1.819989128164914538e+00 1.146106882525406601e+00
1.701905302788770946e+00 1.823080730418430662e+00 1.142680683110008477e+00
1.703471010670002173e+00 1.826543428800950331e+00 1.140506790208995147e+00
1.703649363625048263e+00 1.826914651881798246e+00 1.140405683298783002e+00
1.705291572707631431e+00 1.830506580854698306e+00 1.140683117930370249e+00
1.706744757206586582e+00 1.833655266919026916e+00 1.141874921539910659e+00
1.708316915165886574e+00 1.837069258012574258e+00 1.142968540711545078e+00
1.709753738206378104e+00 1.840214829821841258e+00 1.143594247464790437e+00
1.711534067673114334e+00 1.844157131848132014e+00 1.143545791983985094e+00
1.713268224389570493e+00 1.847996730214077177e+00 1.142963090153899630e+00
1.714998559692068270e+00 1.851851653858316515e+00 1.142010230455318132e+00
1.715039531467045464e+00 1.851941520362450078e+00 1.141985705498583137e+00
1.716636288957996470e+00 1.855534698946696315e+00 1.140577675554929948e+00
1.716672891836957149e+00 1.855620015331757910e+00 1.140521887098166820e+00
1.718023803679347816e+00 1.858671401183184635e+00 1.137870752583256984e+00
1.719632447217079196e+00 1.862262736114726813e+00 1.134076033028606156e+00
1.721122408223131339e+00 1.865499817875376554e+00 1.130864771621707732e+00
1.722725452056029560e+00 1.868999347008504675e+00 1.128129599639746239e+00
1.724244589671355188e+00 1.872296285391928272e+00 1.126152445308440164e+00
1.725955488946217420e+00 1.875877274213136880e+00 1.124825691359135238e+00
1.727386372610802523e+00 1.878831802309115062e+00 1.123888898448521134e+00
1.727429442499251344e+00 1.878924596847697526e+00 1.123857310581600100e+00
1.729286927680135699e+00 1.882791195066185530e+00 1.124017796251566503e+00
1.730920462938239979e+00 1.886199636952170078e+00 1.125600381762793090e+00
1.732492777414830432e+00 1.889492123411620650e+00 1.126955612558753650e+00
1.734037440934814711e+00 1.892753513469447313e+00 1.127748746050966977e+00
1.735791337238946630e+00 1.896459631352181541e+00 1.127805104242581180e+00
1.737362797224733191e+00 1.899818553498524354e+00 1.127452267685168152e+00
1.739054173094254585e+00 1.903446969275615519e+00 1.126598459670437924e+00
1.739137372651222480e+00 1.903628447388959088e+00 1.126551999138152960e+00
1.740645259485700924e+00 1.906909022242206042e+00 1.125119877346219655e+00
1.741970109026951707e+00 1.909860278097849751e+00 1.122579533765903470e+00
1.743478386548348968e+00 1.913066111425604232e+00 1.119041784053366628e+00
1.745060064838216407e+00 1.916383722155803992e+00 1.115601795241353944e+00
1.746509029972879823e+00 1.919404673431923669e+00 1.113027361171508245e+00
1.748077697376869022e+00 1.922679037386797463e+00 1.111111090822498593e+00
1.749643961242699719e+00 1.925883556727243651e+00 1.109731312413446913e+00
1.751228593116197496e+00 1.929097330202960148e+00 1.108589070839998136e+00
1.752766199871203412e+00 1.932245667076151197e+00 1.106904202516567182e+00
1.754508837636397089e+00 1.935860745430769914e+00 1.104069229703894761e+00
1.756313053344272346e+00 1.939441347993384968e+00 1.103887768808165415e+00
1.758089108793025268e+00 1.942948199010288368e+00 1.105481003679980034e+00
1.760040632048945231e+00 1.946849933694652535e+00 1.107829052878049003e+00
1.760084281998973932e+00 1.946937535037298384e+00 1.107887520566972706e+00
1.761820327110483753e+00 1.950431846400066727e+00 1.108923661972024188e+00
1.761864735248862335e+00 1.950525139331416691e+00 1.108919721837668737e+00
1.763659432308800401e+00 1.954182859150078500e+00 1.108306753431923308e+00
1.765080571975283785e+00 1.957158010581933061e+00 1.106337879458747508e+00
1.766856589518577270e+00 1.960783244815348603e+00 1.102748709999137988e+00
1.768508929975530553e+00 1.964198933936308400e+00 1.099569987340852650e+00
1.770173400740269187e+00 1.967525661872326470e+00 1.097010961263080953e+00
1.771879886292422768e+00 1.970956942030979819e+00 1.095148060675028567e+00
1.771926356581077222e+00 1.971042576471582652e+00 1.095101663931296043e+00
1.773635249531610114e+00 1.974400718586422077e+00 1.093632617701723486e+00
1.775498117606604476e+00 1.978022118157607423e+00 1.092385115752453117e+00
1.777142191250066450e+00 1.981202502234952645e+00 1.091319606164900868e+00
1.778840826438240708e+00 1.984460898371625426e+00 1.091026527994496398e+00
1.780450299475015541e+00 1.987527659003438529e+00 1.092072680753134684e+00
1.784681767746423509e+00 1.995710504818488440e+00 1.094651544717954783e+00
1.786235382423520424e+00 1.998733701834837451e+00 1.095494810690027965e+00
1.787856733483663918e+00 2.001928224579986981e+00 1.095263528643714457e+00
1.789549289646218622e+00 2.005285403687847356e+00 1.094059492381083354e+00
1.791094477708351507e+00 2.008380244780847868e+00 1.092484107665299353e+00
1.792795181861404741e+00 2.011786744374675973e+00 1.088492834277894339e+00
1.794552901995849048e+00 2.015231651041086813e+00 1.083682830000178843e+00
1.796205666995949413e+00 2.018429827160648227e+00 1.079336802990860100e+00
1.798034443186666609e+00 2.021914585144788390e+00 1.075644894484674818e+00
1.798080303067414398e+00 2.022000480046423299e+00 1.075573613349785296e+00
1.799696772562807912e+00 2.025045690817697697e+00 1.073517752406573544e+00
1.801670018202675472e+00 2.028676416954479755e+00 1.072172726082615046e+00
1.803224564096858717e+00 2.031563670657473786e+00 1.070960546093021826e+00
1.804997721019613088e+00 2.034817892209098034e+00 1.069548444683237731e+00
1.806924371034393406e+00 2.038327910185015579e+00 1.070362000637028688e+00
1.806973564737942572e+00 2.038416399738825380e+00 1.070410808906693045e+00
1.808922783583126970e+00 2.042009165433374296e+00 1.071977315305794098e+00
1.810573886592945270e+00 2.045028599843089268e+00 1.073033458802753470e+00
1.812437292798771526e+00 2.048484265068842181e+00 1.073692754880836819e+00
1.812485778706510287e+00 2.048572046871314001e+00 1.073701606728669766e+00
1.814442794842385798e+00 2.052187576289091098e+00 1.073454855722283829e+00
1.816247256622079531e+00 2.055554822730502718e+00 1.072610250939096677e+00
1.817922647554232718e+00 2.058693746254350643e+00 1.071639060993068604e+00
1.819310378062569011e+00 2.061308596298391027e+00 1.069696444999154838e+00
1.820989185277499534e+00 2.064422297936101991e+00 1.065646645629459099e+00
1.822691392791099929e+00 2.067603323340803101e+00 1.061543348083792360e+00
1.824321653822808198e+00 2.070621006596117475e+00 1.058265944273218961e+00
1.826226928762776591e+00 2.074088276580955181e+00 1.055457858205669064e+00
1.827969892268572760e+00 2.077213542930398837e+00 1.053621127794338364e+00
1.829882689974162258e+00 2.080574773699209956e+00 1.052699450867516928e+00
1.831656773747198486e+00 2.083695017322256149e+00 1.053480469583124801e+00
1.831754937342586542e+00 2.083871324041651096e+00 1.053544757640144880e+00
1.833542109269577836e+00 2.087021631237814923e+00 1.054437157459646945e+00
1.835238208248540559e+00 2.090001979841265012e+00 1.054848665544865893e+00
1.836910548263597009e+00 2.092958090466296106e+00 1.054901922167480022e+00
1.838952602427569971e+00 2.096547016219926007e+00 1.054346564242870876e+00
1.840733252304634027e+00 2.099682408529882416e+00 1.053554669103084818e+00
1.842542861689018263e+00 2.102895048904723563e+00 1.052576667256406751e+00
1.842591093712426353e+00 2.102982813311783161e+00 1.052548326121448996e+00
1.844656937399254071e+00 2.106686492778036879e+00 1.050711144405813480e+00
1.846332807962638434e+00 2.109712525995825150e+00 1.047035174149828496e+00
1.848094564923864258e+00 2.112824987763205264e+00 1.042543226541545298e+00
1.849880658588612725e+00 2.115957372865787889e+00 1.038343372978472123e+00
1.851697825989058632e+00 2.119114763526533274e+00 1.034902952045938962e+00
1.853402355256566603e+00 2.122027494404422399e+00 1.032606869277536976e+00
1.855440888801937138e+00 2.125437830698125197e+00 1.031480853490009730e+00
1.857386576328594385e+00 2.128688681528594806e+00 1.032850647942580746e+00
1.859305576775494240e+00 2.131923809579339579e+00 1.035618794866887127e+00
1.861082289049071692e+00 2.134904967114673813e+00 1.036565322025236879e+00
1.861132726364891798e+00 2.134990237419763126e+00 1.036577805033913835e+00
1.863192917653077263e+00 2.138496479708131837e+00 1.036082224073655356e+00
1.863243689091483635e+00 2.138580377951240230e+00 1.036049603287402032e+00
1.864952742516203132e+00 2.141494843388517921e+00 1.034815664431290472e+00
1.865003666656625203e+00 2.141578504833131724e+00 1.034773170797179009e+00
1.866843242994033591e+00 2.144745071652830237e+00 1.033328499463334493e+00
1.868768195373927465e+00 2.148071364248372639e+00 1.031828013478000239e+00
1.870995610879315540e+00 2.151815783847262242e+00 1.030114575048257430e+00
1.872717198797069882e+00 2.154710778329175014e+00 1.028778270665933192e+00
1.874562133687293519e+00 2.157892156701680442e+00 1.026624190847220675e+00
1.876548677694289902e+00 2.161206472490231789e+00 1.021735343643468408e+00
1.878338299604869643e+00 2.164180659916059568e+00 1.016974309473540616e+00
1.880143330214397501e+00 2.167157321431285588e+00 1.013262979567859601e+00
1.881986587985128745e+00 2.170122854701291626e+00 1.011718495236991977e+00
1.884136404367757089e+00 2.173558371933200561e+00 1.012800353713806611e+00
1.886149618608295109e+00 2.176812347788423363e+00 1.015459959791621403e+00
1.887899592180545927e+00 2.179626507453959583e+00 1.017748100438561787e+00
1.889929742603473573e+00 2.182925963698423288e+00 1.018994188626538344e+00
1.891946143963670446e+00 2.186267045448986757e+00 1.017543818038194825e+00
1.891994733385116811e+00 2.186350740582081897e+00 1.017486298319704385e+00
1.894032422375104829e+00 2.189746871556325747e+00 1.014304576601831709e+00
1.895958602859385778e+00 2.192922035325113317e+00 1.010841403718495624e+00
1.897806704897005314e+00 2.195919041034183117e+00 1.007719644621439592e+00
1.899976178252944958e+00 2.199461790525183424e+00 1.004706019951394413e+00
1.902399780538306384e+00 2.203326837667952898e+00 1.002126967291434578e+00
1.904390172357513844e+00 2.206431716164905854e+00 1.000588050588348876e+00
1.909636820458217921e+00 2.214591283204397243e+00 9.991055376637741903e-01
1.911708434037441284e+00 2.217806747685547197e+00 9.990684639560086788e-01
1.911762758554440111e+00 2.217890707436516173e+00 9.990661517459888952e-01
1.913742893725696836e+00 2.221010837121105475e+00 9.987426310021833009e-01
1.915799983546135232e+00 2.224204300550644220e+00 9.976551783503847526e-01
1.917878516274956979e+00 2.227481298493772854e+00 9.964011256676494899e-01
1.917932237577557597e+00 2.227568210992955322e+00 9.963683077433310720e-01
1.919944718419091423e+00 2.230740083695868847e+00 9.945799161070788541e-01
1.919996650241056813e+00 2.230825978996352710e+00 9.945085740835221122e-01
1.921865281071311937e+00 2.233766695244443490e+00 9.911541046196898908e-01
1.923787965965945368e+00 2.236771465856261187e+00 9.869571823209211114e-01
1.925808389019264766e+00 2.239933203741044210e+00 9.829285839973317396e-01
1.927970503340078690e+00 2.243245245213173256e+00 9.791994796265940382e-01
1.930226221690581889e+00 2.246609583731535409e+00 9.771507937944984290e-01
1.932378091555106536e+00 2.249787739446209578e+00 9.777082691444201057e-01
1.934743565636909191e+00 2.253307699484607518e+00 9.798993920860362694e-01
1.936698603061016488e+00 2.256227010775881947e+00 9.816793677947538432e-01
1.938950985108497838e+00 2.259632018738686465e+00 9.817935810999967039e-01
1.939006457888833745e+00 2.259716615504807180e+00 9.817618594732179238e-01
1.941024075841030427e+00 2.262759340977540834e+00 9.798129844950060896e-01
1.942853772159875092e+00 2.265559395920091479e+00 9.770230422115537827e-01
1.944936528063683001e+00 2.268717286587509818e+00 9.736423019121636102e-01
1.946799699550375573e+00 2.271507080521070865e+00 9.708185636924282491e-01
1.949056740946001565e+00 2.274887410852447278e+00 9.679414763727413051e-01
1.950997133448371557e+00 2.277759917001180856e+00 9.658547779980530823e-01
1.953382319623879981e+00 2.281215427125127704e+00 9.637395273133426699e-01
1.955458283418149090e+00 2.284202908108018182e+00 9.624598519106095651e-01
1.957339832716615380e+00 2.286914119295243797e+00 9.617078762608765041e-01
1.959231269298232991e+00 2.289636263610117517e+00 9.608861139744402369e-01
1.961375830033924794e+00 2.292677401327782860e+00 9.597465037297379098e-01
1.963393276098747364e+00 2.295545491517135162e+00 9.585395286415197003e-01
1.965561882471293043e+00 2.298666285695161182e+00 9.570534117869259338e-01
1.967679309317370340e+00 2.301705828553441080e+00 9.554922616887159270e-01
1.969793855168729735e+00 2.304729463375517096e+00 9.538542489092627363e-01
1.972181228849131607e+00 2.308164321184060341e+00 9.510877028834411329e-01
1.974063125735704194e+00 2.310858988121449631e+00 9.477116536230789645e-01
1.974117468837224054e+00 2.310941045597572518e+00 9.476050916826594950e-01
1.976547548073080085e+00 2.314397726709416681e+00 9.436421666203774761e-01
1.978819279606075288e+00 2.317592208425439892e+00 9.403722633477960002e-01
1.981257226674253857e+00 2.320956872612401245e+00 9.378811104611652905e-01
1.983671868107369063e+00 2.324237401978831663e+00 9.373386234476595025e-01
1.986038266378075789e+00 2.327478303387044534e+00 9.375810676556891599e-01
1.988251998183281133e+00 2.330491215495916091e+00 9.378384275836865180e-01
1.990376797379356910e+00 2.333404649131241904e+00 9.375597505873113358e-01
1.992494644730812059e+00 2.336358526960860438e+00 9.354353430322503993e-01
1.994889467801983285e+00 2.339689408991679542e+00 9.321553530585676706e-01
1.996909028886393767e+00 2.342471204574263943e+00 9.291346642208019313e-01
1.999160688986316048e+00 2.345568660296931451e+00 9.261538012535694975e-01
2.001465709209167887e+00 2.348675292980187734e+00 9.234518145028681735e-01
2.003660712742837635e+00 2.351638718764144542e+00 9.211911054713002311e-01
2.005989718706231884e+00 2.354700945674017998e+00 9.197492651947516418e-01
2.008239323269455312e+00 2.357664177516992865e+00 9.187318588617983117e-01
2.010800171079495158e+00 2.361005926815540334e+00 9.169982225832965517e-01
2.013274551854341343e+00 2.364265821140362434e+00 9.151200320818884126e-01
2.015801087913578371e+00 2.367598577595465770e+00 9.129768205696348060e-01
2.018030815080971152e+00 2.370550941530249922e+00 9.109856873192606619e-01
2.020216845818915807e+00 2.373413621940066331e+00 9.090068101593915539e-01
2.022357562836262446e+00 2.376172367833444099e+00 9.071200555437146651e-01
2.024421336178558128e+00 2.378864058414666971e+00 9.052441537015839534e-01
2.026761184449799025e+00 2.381947641034473317e+00 9.024904687564297978e-01
2.029058108842042962e+00 2.384888910446710142e+00 8.987313130636943592e-01
2.031382599698543512e+00 2.387855757501537113e+00 8.952716538999256901e-01
2.033779054467330205e+00 2.390835641441752202e+00 8.937141129055097277e-01
2.035975358525568435e+00 2.393560479914176753e+00 8.928910328002221952e-01
2.038437156625479751e+00 2.396612403226777044e+00 8.919531845312691498e-01
2.044540416145251616e+00 2.404153735485161203e+00 8.886728594812494109e-01
2.046875559872341377e+00 2.407050408021485843e+00 8.872056165718757992e-01
2.049248792525100171e+00 2.409999751436629367e+00 8.852330142841086102e-01
2.051339524055920904e+00 2.412590680737927595e+00 8.822790394284539817e-01
2.053609531832121249e+00 2.415400827753805046e+00 8.784984147036715152e-01
2.055845859011098842e+00 2.418105907353023110e+00 8.751786229470992495e-01
2.057970320246252705e+00 2.420679208409628469e+00 8.733002244831440386e-01
2.060310953517199284e+00 2.423474151114027642e+00 8.719475792699944439e-01
2.062583494421414088e+00 2.426176330706886652e+00 8.707525880942895702e-01
2.062647606849677295e+00 2.426251850620502637e+00 8.707186639365288583e-01
2.064880360554941063e+00 2.428928673534830551e+00 8.692520237917891190e-01
2.066945191867568088e+00 2.431423088742204364e+00 8.669219438154656121e-01
2.069522624987419679e+00 2.434544121527203231e+00 8.637758608491286072e-01
2.071903768880599905e+00 2.437359601556770450e+00 8.608062843137286313e-01
2.074340579485956404e+00 2.440246870095066800e+00 8.579381564700084839e-01
2.076652760572264889e+00 2.442966982317629210e+00 8.555010384211451102e-01
2.078998175132240611e+00 2.445706288539145845e+00 8.532628936377787410e-01
2.081203520322304268e+00 2.448235130095618661e+00 8.516816772117439260e-01
2.083793738568410880e+00 2.451191145220641410e+00 8.503963082129949447e-01
2.086369537596041379e+00 2.454132928283567772e+00 8.491774013391634179e-01
2.086434335863031730e+00 2.454207192304250551e+00 8.491503106864410899e-01
2.089007694691732198e+00 2.457133659579195939e+00 8.474572705421393737e-01
2.089071843871585177e+00 2.457206309403880073e+00 8.473909518780805561e-01
2.091652175435700478e+00 2.460171412355185439e+00 8.445278864878587033e-01
2.091716734838043656e+00 2.460248949639544769e+00 8.444529784504930525e-01
2.094313700763543729e+00 2.463238675470154071e+00 8.414220221222121765e-01
2.094379282023441924e+00 2.463311070060339780e+00 8.413456366914096041e-01
2.097055348195644875e+00 2.466384119075155645e+00 8.383249961127458016e-01
2.097120780694253561e+00 2.466457293281067997e+00 8.382509778067677164e-01
2.099544202527913850e+00 2.469204991206094491e+00 8.356309509658172985e-01
2.101801920482142982e+00 2.471731313641235328e+00 8.332797900006371217e-01
2.104266338617075682e+00 2.474490552789000652e+00 8.307854952174662522e-01
2.106778560178821813e+00 2.477256134422381351e+00 8.287653432805132114e-01
2.109287003158254681e+00 2.480017862811433993e+00 8.270332154902712007e-01
2.111834381632215152e+00 2.482834659510281483e+00 8.247991467543909216e-01
2.114445863530775682e+00 2.485708434107585685e+00 8.222002715085303670e-01
2.114513965714093668e+00 2.485782513810700145e+00 8.221314737803138151e-01
2.116981019832048005e+00 2.488509133632407000e+00 8.195314426113257111e-01
2.119747382362958898e+00 2.491540699908632028e+00 8.165895787049922694e-01
2.122451966211539975e+00 2.494475672521632603e+00 8.137436572688450109e-01
2.122519448539709863e+00 2.494550653868229162e+00 8.136774305005740615e-01
2.125057290179008351e+00 2.497260635520679450e+00 8.110921844514181744e-01
2.127816123093364098e+00 2.500183756050315065e+00 8.083546602651021651e-01
2.130239260477874375e+00 2.502747897548168954e+00 8.061593529926218693e-01
2.132994349969795422e+00 2.505664747645306889e+00 8.036826648633764725e-01
2.135471627813766204e+00 2.508274004553404879e+00 8.013047668578698879e-01
2.137813523506329805e+00 2.510746091720345241e+00 7.990117243596656094e-01
2.140094039108230817e+00 2.513117931048787224e+00 7.967532517896200872e-01
2.142495638430322202e+00 2.515643172774077119e+00 7.943514059969198904e-01
2.145261724570541872e+00 2.518525101167512048e+00 7.915887702925850089e-01
2.147644505207570997e+00 2.520961678774927162e+00 7.892274877993370463e-01
2.149944476882787114e+00 2.523321361185374201e+00 7.869823278061237604e-01
2.152751911598507206e+00 2.526179291303897401e+00 7.841577814112073996e-01
2.155338523619276359e+00 2.528809425106245623e+00 7.816102423587505399e-01
2.157995689115348892e+00 2.531490269928732495e+00 7.790108312797922041e-01
2.160604990464085606e+00 2.534121579496644294e+00 7.763990593105516425e-01
2.163442989313962617e+00 2.536938541616818199e+00 7.735795678935651898e-01
2.163516209229311649e+00 2.537006872371858179e+00 7.735062215732380064e-01
2.165872659795929245e+00 2.539337433676018385e+00 7.711376328315915352e-01
2.168587944219454666e+00 2.542002139596950983e+00 7.684399144259376202e-01
2.170951130610045965e+00 2.544302919552287712e+00 7.661156404438057566e-01
2.173540474658592458e+00 2.546807302762882586e+00 7.635470469013497796e-01
2.176481991609356292e+00 2.549646431504060118e+00 7.606300545226101217e-01
2.178919475900156222e+00 2.552017652571779927e+00 7.581872613900958457e-01
2.178991290658912838e+00 2.552087494996691852e+00 7.581146739695445724e-01
2.181384814828644991e+00 2.554380795114480129e+00 7.557217554557288386e-01
2.184053223341144712e+00 2.556946304857384611e+00 7.529945138549097861e-01
2.186435941049285958e+00 2.559221099904881225e+00 7.505754797818209312e-01
2.192609021190473406e+00 2.565074623222229455e+00 7.443016033290200673e-01
2.192681316679455428e+00 2.565141511927678142e+00 7.442279400263943634e-01
2.195448910318516855e+00 2.567754412450902635e+00 7.413920536839414543e-01
2.198149140456616468e+00 2.570276484048784393e+00 7.386492130183213156e-01
2.200879730226415365e+00 2.572784648646311290e+00 7.358363345650773546e-01
2.203759656211049744e+00 2.575436948294242523e+00 7.328475003389156583e-01
2.206598522913188809e+00 2.577992280202934694e+00 7.302493204702638074e-01
2.209779632666492688e+00 2.580883383558202127e+00 7.272064412898806562e-01
2.212436136944153198e+00 2.583278183958031882e+00 7.244216065141642069e-01
2.215036058456492540e+00 2.585617543082211256e+00 7.215862835150522736e-01
2.217855688748072041e+00 2.588121704197058559e+00 7.185621298705316962e-01
2.220320325150379581e+00 2.590290703606793699e+00 7.159205628924147913e-01
2.222791737044629734e+00 2.592486463805967922e+00 7.132733721476196553e-01
2.225717129158915064e+00 2.595049594419128969e+00 7.101582814805862398e-01
2.228417910248832623e+00 2.597418872821176450e+00 7.073327875750946570e-01
2.231486497648678125e+00 2.600042455941409258e+00 7.044744884913962668e-01
2.234445430734960603e+00 2.602597598118489675e+00 7.018565329825394716e-01
2.237375398219657363e+00 2.605147047692888407e+00 6.988145970452001032e-01
2.240292086978214137e+00 2.607659289006925896e+00 6.955477028976002618e-01
2.243006484784389798e+00 2.609976494715184003e+00 6.924088181166043743e-01
2.245795590420623267e+00 2.612356016334259401e+00 6.890916433638761829e-01
2.248685184074843413e+00 2.614768853924774206e+00 6.857966044291617935e-01
2.251449287798937604e+00 2.617058561720092769e+00 6.827068979119553793e-01
2.254437751934189826e+00 2.619548105720425291e+00 6.794219633991729346e-01
2.257255954821528743e+00 2.621843928414522740e+00 6.767979258255510944e-01
2.260300009119056597e+00 2.624303239477691285e+00 6.742892347007612974e-01
2.263266831780760491e+00 2.626702291056426830e+00 6.718336878065427342e-01
2.266326500987413173e+00 2.629145937841302683e+00 6.691556990941863736e-01
2.266405525071174765e+00 2.629205246328244705e+00 6.690824987474567331e-01
2.269254886294515661e+00 2.631516260386080663e+00 6.661487267344551322e-01
2.272232286977467819e+00 2.633920116970549952e+00 6.620869452282659440e-01
2.275164543261297467e+00 2.636259611734808495e+00 6.580438693721109011e-01
2.277717947999403858e+00 2.638264181573842571e+00 6.545858601083088812e-01
2.280476073827328864e+00 2.640406660192581079e+00 6.515975252127984563e-01
2.283108151413589582e+00 2.642418473061342699e+00 6.492538807239802701e-01
2.286133560793833119e+00 2.644734098741603923e+00 6.466427131883212276e-01
2.289162825055994777e+00 2.647037039798142644e+00 6.439658527528641097e-01
2.292501660444735467e+00 2.649589219068881896e+00 6.408356408838242757e-01
2.295123690588342313e+00 2.651570625141271176e+00 6.383275760339702787e-01
2.298070375880032046e+00 2.653774270323546070e+00 6.353549446722928096e-01
2.300757612184126444e+00 2.655785717316389238e+00 6.323783955036721416e-01
2.303726257615321238e+00 2.657993044610267752e+00 6.282501760305762017e-01
2.306686374913716975e+00 2.660187301282571859e+00 6.239810227695298250e-01
2.309514667208637295e+00 2.662248412014898591e+00 6.206990337069134833e-01
2.312651743312991837e+00 2.664535475542694432e+00 6.173887613779140970e-01
2.315492449802303732e+00 2.666569424262338117e+00 6.145278982579090998e-01
2.318519908310195721e+00 2.668727879385287771e+00 6.114343680308335083e-01
2.321376718079438906e+00 2.670750371729075923e+00 6.085009851587335206e-01
2.324400679087053057e+00 2.672867926083641876e+00 6.053980396491814853e-01
2.327251699071660518e+00 2.674861133099420307e+00 6.024780177566205763e-01
2.330284229712809019e+00 2.676963041409432975e+00 5.992570814647131261e-01
2.333363424951373943e+00 2.679072912654110183e+00 5.966895108022490790e-01
2.336289656534914716e+00 2.681102134038500395e+00 5.939854780438993398e-01
2.339509191803555765e+00 2.683352566878895118e+00 5.899053258261952593e-01
2.342779542297532380e+00 2.685575820694482196e+00 5.853842821804188246e-01
2.342861018921853500e+00 2.685629507125238291e+00 5.852706350359491161e-01
2.345903852286672198e+00 2.687686705334857429e+00 5.813241979005943083e-01
2.353165522561711409e+00 2.692532769790055625e+00 5.723029715363873171e-01
2.356142216264789369e+00 2.694495961346710544e+00 5.687653028057206850e-01
2.359203092990353134e+00 2.696456201709756861e+00 5.658489445686384345e-01
2.362184855567228681e+00 2.698337056060109873e+00 5.638889555753865412e-01
2.365422281440936025e+00 2.700375015424226088e+00 5.617181680336723604e-01
2.368566691304292426e+00 2.702356914928273124e+00 5.593493940208764670e-01
2.371583088297513520e+00 2.704267585197360102e+00 5.566963458355630445e-01
2.374675861877741045e+00 2.706231026997384603e+00 5.523863800616328756e-01
2.377344002322164584e+00 2.707949486127130267e+00 5.480612550778308778e-01
2.380396053246451871e+00 2.709825480561339983e+00 5.430671643627018597e-01
2.383773530446716915e+00 2.711907607948208287e+00 5.381853023449552076e-01
2.386952946053446656e+00 2.713838729095429780e+00 5.346902812751090917e-01
2.389888753472421357e+00 2.715588373477661577e+00 5.318673879748305744e-01
2.393267724545935948e+00 2.717590492548875858e+00 5.287964506379543295e-01
2.393357889792324666e+00 2.717639299932870678e+00 5.287123292026492116e-01
2.396547148555554507e+00 2.719520537383529835e+00 5.257540475657082046e-01
2.400021363996275525e+00 2.721547135996345013e+00 5.224054142962001324e-01
2.403221192565948350e+00 2.723408723241677265e+00 5.192765190382007123e-01
2.406777393646975405e+00 2.725428312665607589e+00 5.165133335696008299e-01
2.410199772966966858e+00 2.727370964634677097e+00 5.146721028503962181e-01
2.410286461099155453e+00 2.727421012297726932e+00 5.146276423490083740e-01
2.413300362938897159e+00 2.729157229245312788e+00 5.121693414434075331e-01
2.416535867580361430e+00 2.731043775650724204e+00 5.075478944910152279e-01
2.419542397004193823e+00 2.732750977053060915e+00 5.024418735044805517e-01
2.422841216264623565e+00 2.734601620293006796e+00 4.969067261289550341e-01
2.425786143792777239e+00 2.736252536926141232e+00 4.922969939895751601e-01
2.428681960087391012e+00 2.737829966759682598e+00 4.883928019202603554e-01
2.431978933681574695e+00 2.739590054327317947e+00 4.850299960175077918e-01
2.435273986188498441e+00 2.741320667571941705e+00 4.825870421418085865e-01
2.439107070792266185e+00 2.743318595672756821e+00 4.798449859810734464e-01
2.442400658243244038e+00 2.745022484666244544e+00 4.772702790272099205e-01
2.445588784228844847e+00 2.746682237498855983e+00 4.744930149804387765e-01
2.449302599287724647e+00 2.748610786916581894e+00 4.709073381663311797e-01
2.451697351302706274e+00 2.749850994667784043e+00 4.685077604010027819e-01
2.452761763433330078e+00 2.750398567665727878e+00 4.674120054581610284e-01
2.456472072370182502e+00 2.752264871829867232e+00 4.643024711371577795e-01
2.459793842166974276e+00 2.753934559411607808e+00 4.620837376356458637e-01
2.462805236665746023e+00 2.755458064598727663e+00 4.584721253850078115e-01
2.466222303928966575e+00 2.757204102709417626e+00 4.529161394075395530e-01
2.469438540830731998e+00 2.758832353081273059e+00 4.473295584880003228e-01
2.472514408616576898e+00 2.760336024522400233e+00 4.421403815302376583e-01
2.475751449977054985e+00 2.761905280578889066e+00 4.374870917028872985e-01
2.478997584817497213e+00 2.763450820378358763e+00 4.333064102340993262e-01
2.482207400530806130e+00 2.764940573239332178e+00 4.297912197498273690e-01
2.485996466096489499e+00 2.766675217149050070e+00 4.270916847619516954e-01
2.489299721992908054e+00 2.768168554372581802e+00 4.249999441116382726e-01
2.492234420687594820e+00 2.769498630807802009e+00 4.229232071971931739e-01
2.492325446826343605e+00 2.769538618882477987e+00 4.228584855787499985e-01
2.496157401720958902e+00 2.771277045024217234e+00 4.194925676742623510e-01
2.499450058806557795e+00 2.772745778974831765e+00 4.164129421273993770e-01
2.503296672711924131e+00 2.774484792840033798e+00 4.126678910953275881e-01
2.506502551982524807e+00 2.775898383230795741e+00 4.094075201892276028e-01
2.509592791591778393e+00 2.777233173349643369e+00 4.068397290672756128e-01
2.512619820212005806e+00 2.778547516587981825e+00 4.044759396530379081e-01
2.515818630754355745e+00 2.779954390246621720e+00 4.001722057398096055e-01
2.518971858469494229e+00 2.781310239496431080e+00 3.949765496496143724e-01
2.522399883277276711e+00 2.782784388682760124e+00 3.893132394451838119e-01
2.525418243779309346e+00 2.784055178734288649e+00 3.846969023655222863e-01
2.531336472047102326e+00 2.786497896847945022e+00 3.768365758919102193e-01
2.533734476977349992e+00 2.787473284452761213e+00 3.737487170749302368e-01
2.536921356873927724e+00 2.788739970288279579e+00 3.701260993748538564e-01
2.540029765984949339e+00 2.789939061329374859e+00 3.678122535420230710e-01
2.543387071982579961e+00 2.791232516552482057e+00 3.656718005976187791e-01
2.543480594739674139e+00 2.791269094486608981e+00 3.656142273143055954e-01
2.547030181495261836e+00 2.792618341978579721e+00 3.630367243083358897e-01
2.550415065163479156e+00 2.793913799020869781e+00 3.601019763232264359e-01
2.553798332107071190e+00 2.795199202556735596e+00 3.570596397542824540e-01
2.557100723511533502e+00 2.796426381969551844e+00 3.543173691935301850e-01
2.560609041968505029e+00 2.797736721438619512e+00 3.524465675480522031e-01
2.564212641546558036e+00 2.799056176557722875e+00 3.505388550245378543e-01
2.564308993036581885e+00 2.799089287733016906e+00 3.504811496216036493e-01
2.568245051736038675e+00 2.800545324032428507e+00 3.474987255043444634e-01
2.571718944544293173e+00 2.801828665746203484e+00 3.445242310058236890e-01
2.575076592875774839e+00 2.803073352098155890e+00 3.413952241475418092e-01
2.578244683563176043e+00 2.804246691755164722e+00 3.369082559886715789e-01
2.581646453730091384e+00 2.805450736599171879e+00 3.303223659603393703e-01
2.585227815022415054e+00 2.806679316220191733e+00 3.233198116831868529e-01
2.588703202569217598e+00 2.807872667996682559e+00 3.172637608759176220e-01
2.592031781897400577e+00 2.808989422600820518e+00 3.128333645939094798e-01
2.595193263063496403e+00 2.810017767422062995e+00 3.093309090245970339e-01
2.598950367227849778e+00 2.811230194853566289e+00 3.056465041668376958e-01
2.602213064813048149e+00 2.812248630704823338e+00 3.026571706759736413e-01
2.605376223568940830e+00 2.813234686588506506e+00 2.997854022708758004e-01
2.608947793906428281e+00 2.814326167961978875e+00 2.972035405219327631e-01
2.612497968028388406e+00 2.815417801321433267e+00 2.950329068059563964e-01
2.615659603727454652e+00 2.816380764637368195e+00 2.929953745372221863e-01
2.618910068243722300e+00 2.817357914564167842e+00 2.905077957944650624e-01
2.622348905487436710e+00 2.818410223438118312e+00 2.874743549526277975e-01
2.626357165294467944e+00 2.819629973929948186e+00 2.836910319401624303e-01
2.629899765084207530e+00 2.820687996484659621e+00 2.802229267130740831e-01
2.634054493823442478e+00 2.821876980813498470e+00 2.767404707049981871e-01
2.637933412899765351e+00 2.822980213980994080e+00 2.744939710908618213e-01
2.641602515557904596e+00 2.824003326022769045e+00 2.723259289622913526e-01
2.645256675574531258e+00 2.825027901921790985e+00 2.698456323057938366e-01
2.648927433852776403e+00 2.826081299071578457e+00 2.667256943413827130e-01
2.652228165217155542e+00 2.827013600826960626e+00 2.636281600520608559e-01
2.655513391056245620e+00 2.827947845993381559e+00 2.587372234784478531e-01
2.658867570599271701e+00 2.828816936126862025e+00 2.518040945403241526e-01
2.662490839789211527e+00 2.829781569171197386e+00 2.444759117246988189e-01
2.666127549288620724e+00 2.830707603149067886e+00 2.382440044728348083e-01
2.669628427056285780e+00 2.831575035786255690e+00 2.333531801704837871e-01
2.672868152752542859e+00 2.832359547946593725e+00 2.297386018727884394e-01
2.676613876443203477e+00 2.833220743211590786e+00 2.261931631270523990e-01
2.679932268641880277e+00 2.833987801413279328e+00 2.233898141863977227e-01
2.683863772460093777e+00 2.834873979708962821e+00 2.205788641176578135e-01
2.683961998452319531e+00 2.834895780164463197e+00 2.205161818436298105e-01
2.687464722404508066e+00 2.835683730866773278e+00 2.180549304064957339e-01
2.690706214028546928e+00 2.836402449327643183e+00 2.155004359610738218e-01
2.694610802141872874e+00 2.837251351433003776e+00 2.122481703143338505e-01
2.698242500780922093e+00 2.838051004470602656e+00 2.090165970661042039e-01
2.701955179647822725e+00 2.838852481800071104e+00 2.056173902694422295e-01
2.705960745547359991e+00 2.839709525568624660e+00 2.018968787953286659e-01
2.709608270389762374e+00 2.840455642494132960e+00 1.988558184911098925e-01
2.713138515917429050e+00 2.841158083366984943e+00 1.965703076416608630e-01
2.716960365807242539e+00 2.841919077562946150e+00 1.940074294496405560e-01
2.717059700662037613e+00 2.841938647636445214e+00 1.939426609434832249e-01
2.721070182537402182e+00 2.842746463678281099e+00 1.908625873963699648e-01
2.724603102184206094e+00 2.843439605975763396e+00 1.878904525758920141e-01
2.724702936940741171e+00 2.843460435754687321e+00 1.878073768368293539e-01
2.728803970212898999e+00 2.844272492407625030e+00 1.841407225600028008e-01
2.732540218672697030e+00 2.844996862859237918e+00 1.806843285064144988e-01
2.736516742468204200e+00 2.845729502900238295e+00 1.774070664055782398e-01
2.736615772069321828e+00 2.845746499167689514e+00 1.773449425673171986e-01
2.740475301774860206e+00 2.846428975349964752e+00 1.748339360305186663e-01
2.749379322399736036e+00 2.847984332332555990e+00 1.688837538678844286e-01
2.749481104013395516e+00 2.848002355671605645e+00 1.688132909772726287e-01
2.753493084913434252e+00 2.848722291699652853e+00 1.655838513682755253e-01
2.753591463164327457e+00 2.848736957687626692e+00 1.654925753167996449e-01
2.757059937052600773e+00 2.849337915170099489e+00 1.626548535531937567e-01
2.761145862997414380e+00 2.850002105817043496e+00 1.598731435416615998e-01
2.761244747233329910e+00 2.850020695408391980e+00 1.598083624213141041e-01
2.764764296887402661e+00 2.850605240649424221e+00 1.571525577118967065e-01
2.768013506119859635e+00 2.851154990189900484e+00 1.530413833359828002e-01
2.771164143273765035e+00 2.851649161887833905e+00 1.471460248691899286e-01
2.774596364589985598e+00 2.852211003183629856e+00 1.403748544827506939e-01
2.777826042748598567e+00 2.852711814715269689e+00 1.341278794458892476e-01
2.781374195195498444e+00 2.853251500872212354e+00 1.284270510488055572e-01
2.785348587884742599e+00 2.853787364170705221e+00 1.232856684005370074e-01
2.788648424555294270e+00 2.854197033689687135e+00 1.199242023755102554e-01
2.791957344952281872e+00 2.854603762577652581e+00 1.170045826090625046e-01
2.795791492063631090e+00 2.855058966605390491e+00 1.138447949731201531e-01
2.799513576573693818e+00 2.855477556943375017e+00 1.108453534828467146e-01
2.803737821787487761e+00 2.855946645543351536e+00 1.073398907245717432e-01
2.807335989189971848e+00 2.856340616824962542e+00 1.044015552894958648e-01
2.811345863756510077e+00 2.856764515210248323e+00 1.013238917185255300e-01
2.814967115288419031e+00 2.857120971282907540e+00 9.859429082445471393e-02
2.818865388498370095e+00 2.857506440701515604e+00 9.562864949861100972e-02
2.819381675897793649e+00 2.857558990255789411e+00 9.520998867838899316e-02
2.823371952808755303e+00 2.857953042998878423e+00 9.198983299287816218e-02
2.827346677677682329e+00 2.858335911833325138e+00 8.873917611894580060e-02
2.827445261583530822e+00 2.858343871138969927e+00 8.865485775414047587e-02
2.831246969079066478e+00 2.858684703832858887e+00 8.567882638399061668e-02
2.835164454356926989e+00 2.859020650950292008e+00 8.275573614550882362e-02
2.839241101544301760e+00 2.859360534075308991e+00 7.978822631952497968e-02
2.843240466903051100e+00 2.859692707014449553e+00 7.672466083885857990e-02
2.843338861658815997e+00 2.859702452595464184e+00 7.664761525480164039e-02
2.847305677560544090e+00 2.860017306963012818e+00 7.348186074864546113e-02
2.850870428763490949e+00 2.860296821940647050e+00 7.055650706317331822e-02
2.854841708227424668e+00 2.860592221117877365e+00 6.727655894435978501e-02
2.858736184900427357e+00 2.860867475272057980e+00 6.432238943383955521e-02
2.862423544545508403e+00 2.861120776414490141e+00 6.162961294022772929e-02
2.862522395846523793e+00 2.861125426962320972e+00 6.155710558414043826e-02
2.866492961038878740e+00 2.861384639034290966e+00 5.855474479286305184e-02
2.870758035545613929e+00 2.861664903724856934e+00 5.525924246571181642e-02
2.870855146451788187e+00 2.861670883849564362e+00 5.518334564556900967e-02
2.874516897887194222e+00 2.861879724504067024e+00 5.226093665943803285e-02
2.878280326799128819e+00 2.862110097160069255e+00 4.912569985082402418e-02
2.882149196556429871e+00 2.862321999133363271e+00 4.591662399492382751e-02
2.886320370958006976e+00 2.862515622643039492e+00 4.270474528888441174e-02
2.889907009870250842e+00 2.862675712374862513e+00 4.012226530108256584e-02
2.893591253511683004e+00 2.862841659855767329e+00 3.739666695675355340e-02
2.896964176841275940e+00 2.862979506603331892e+00 3.488124465647477607e-02
2.900826243684832662e+00 2.863108344069916100e+00 3.191322713296761843e-02
2.904878237084313142e+00 2.863241053552016968e+00 2.870987524819104686e-02
2.908251805954717106e+00 2.863366372111975977e+00 2.610932914928086948e-02
2.912223413653494575e+00 2.863484195646316177e+00 2.320969870602418786e-02
2.912321034912767281e+00 2.863487333001546009e+00 2.313790873794517589e-02
2.916086954728056568e+00 2.863580026337893436e+00 2.031780476306999095e-02
2.919938242036145493e+00 2.863677657000996302e+00 1.739052423361800437e-02
2.923785663117253630e+00 2.863769748127537706e+00 1.443849773626785897e-02
2.927442113647500843e+00 2.863830945321970578e+00 1.156317197371009922e-02
2.931584439453275515e+00 2.863923909394972878e+00 8.275113048878171215e-03
2.935438764313860194e+00 2.863959852704985654e+00 5.348402040636775559e-03
2.938993340080342520e+00 2.863980446262464508e+00 2.724875525686154196e-03
2.942837929035440503e+00 2.863992961119544045e+00 -1.345049896305898767e-04
2.946478311590805088e+00 2.864012451269034365e+00 -2.880182070780582144e-03
2.950502470984804226e+00 2.864030379788824465e+00 -5.952431835521377126e-03
2.954124230956883146e+00 2.864042475492730055e+00 -8.749829477538596106e-03
2.954320985498338104e+00 2.864041607403126743e+00 -8.904012168241180747e-03
2.963161017914779372e+00 2.863965552943430914e+00 -1.556683877953503325e-02
2.966497822207584178e+00 2.863929431710766416e+00 -1.806907782352493164e-02
2.970218614486842768e+00 2.863886886246119534e+00 -2.088128883837825356e-02
2.974521376381588311e+00 2.863809644026900081e+00 -2.417209922588269000e-02
2.978141604096641082e+00 2.863741221379901614e+00 -2.698211164936900608e-02
