3.552490981337599885e-04 1.124964209964839146e+00 -1.202199048036799189e-04
4.727971353882184924e-04 1.124948499069895691e+00 -1.536802938241615404e-04
4.921055914560087952e-04 1.124947111192861726e+00 -2.016433563618737061e-04
4.934054483927488577e-04 1.124947304629086098e+00 -2.041940815309130060e-04
5.199180888361271125e-04 1.124951519591823157e+00 -4.373648133075857028e-04
5.431233559039655434e-04 1.124972958755294350e+00 -8.704615738385453657e-04
5.441659838940279825e-04 1.125012070538063957e+00 -1.475268918972192896e-03
5.561480584934941351e-04 1.125069091987923153e+00 -2.363612319594254885e-03
5.440340870888835112e-04 1.125108530353141623e+00 -3.611251728862251587e-03
5.429729211255326926e-04 1.125108267636210302e+00 -3.645594461937137678e-03
5.149633626022817601e-04 1.125138882178118527e+00 -4.909539099421911766e-03
5.282986099043596173e-04 1.125195209373239136e+00 -6.482238792113165400e-03
5.403248562909426789e-04 1.125253866565417038e+00 -8.196269075632870577e-03
5.144915619043829991e-04 1.125311874964387115e+00 -1.020026357001337959e-02
4.980888914864062267e-04 1.125385439562101686e+00 -1.253786397268734192e-02
3.466623023355777655e-04 1.125421817635061439e+00 -1.458961182936244737e-02
2.351387654699194085e-04 1.125472977650961548e+00 -1.756230363922647170e-02
1.909745841240581554e-04 1.125534490313677916e+00 -2.046029902436870621e-02
1.536567324874338336e-04 1.125586148649608820e+00 -2.414085839455389071e-02
1.589074849144764268e-04 1.125643503548050761e+00 -2.756239675609079010e-02
1.335858957447200179e-04 1.125698697261414472e+00 -3.216634300371089272e-02
6.904704650659287957e-05 1.125790942615059631e+00 -3.606318923420619160e-02
9.423600165980872134e-05 1.125802863543865051e+00 -4.065246356822838081e-02
1.073915280629597624e-04 1.125829493996711061e+00 -4.613352406334719769e-02
1.558468828118803051e-05 1.125903057416948849e+00 -5.087879098102719710e-02
-6.403116527303742700e-06 1.125953819193257877e+00 -5.651548206531065849e-02
-7.192307310416312660e-06 1.125954368629762614e+00 -5.666738939087882787e-02
-1.634223932756723174e-05 1.126021823707221481e+00 -6.199390238148853871e-02
-1.513617686195525835e-04 1.126045438639010410e+00 -6.775757439755805689e-02
-1.570762693552038569e-04 1.126114972802036540e+00 -7.324178124545227542e-02
-1.530941498415969160e-04 1.126199483860666595e+00 -8.013361859429209144e-02
-1.521327100085512196e-04 1.126203504753771734e+00 -8.029903585205376559e-02
-2.024652573237653574e-04 1.126261606132433535e+00 -8.632368215177467496e-02
-3.342118996678897225e-04 1.126305171731363242e+00 -9.301374641145603028e-02
-3.073601130701153483e-04 1.126352742423349262e+00 -9.939619074858765946e-02
-3.764558397520989530e-04 1.126389117159231734e+00 -1.058758464815611616e-01
-3.584750699610825264e-04 1.126437207150595921e+00 -1.131973249587243657e-01
-3.418611060284071357e-04 1.126483094746523639e+00 -1.198659232733853275e-01
-3.945694297555410457e-04 1.126550890183462883e+00 -1.278427281568284002e-01
-4.666483302248475296e-04 1.126606884649535179e+00 -1.364711583482035584e-01
-4.673848661748622457e-04 1.126604632383303439e+00 -1.367026754640719155e-01
-4.538955744276818027e-04 1.126657719294120730e+00 -1.452389098148990920e-01
-4.308757336545648853e-04 1.126671933870003528e+00 -1.535760302511647857e-01
-3.729025041204134250e-04 1.126719214038663930e+00 -1.618369465975695587e-01
-3.334437865555803238e-04 1.126763990209847854e+00 -1.701873035750109397e-01
-2.961520101644535274e-04 1.126798469058748031e+00 -1.778383845096007665e-01
-2.569728515457933571e-04 1.126832948614456154e+00 -1.864825581861033477e-01
-2.265668398435879971e-04 1.126868784961860381e+00 -1.949067773182089902e-01
-1.821890253930619208e-04 1.126894426407978989e+00 -2.031846436840928638e-01
-1.254348877401251228e-04 1.126925955200210216e+00 -2.120777355004395959e-01
-4.827636596803352997e-05 1.126942883445827936e+00 -2.206464191878602654e-01
3.987890734886978539e-05 1.126944428449870639e+00 -2.293859728385670704e-01
1.095317949790161616e-04 1.126980876421946887e+00 -2.386287668819234431e-01
1.952005799698147692e-04 1.126981376809172319e+00 -2.477052924805133449e-01
2.680939929762746199e-04 1.126995619252425529e+00 -2.556114837354566127e-01
3.767033281341022888e-04 1.127012619814553362e+00 -2.645227598753099318e-01
4.227390326024260681e-04 1.127012712773638459e+00 -2.732295697595741868e-01
5.136239523562055598e-04 1.127016070566287054e+00 -2.821105297760984065e-01
6.083034773777251658e-04 1.127015827779270563e+00 -2.917576117626397014e-01
7.189478637212864953e-04 1.127017594005782941e+00 -3.018308105431691812e-01
7.964408319818747084e-04 1.127020083271750961e+00 -3.103822137947432336e-01
8.797877348634478012e-04 1.127021244579733628e+00 -3.197112785227098630e-01
9.739807478526124607e-04 1.127016546082114656e+00 -3.283510584889348660e-01
1.188488124161848902e-03 1.127001669466107137e+00 -3.505705532649786571e-01
1.276207152692047930e-03 1.126995870163933766e+00 -3.600939974125602627e-01
1.325444910874711002e-03 1.126998106982322057e+00 -3.699675561548042002e-01
1.376176949829610585e-03 1.126991719724694807e+00 -3.777814946388774464e-01
1.437570114027092449e-03 1.126998624286384532e+00 -3.868796703085812805e-01
1.524680629487851213e-03 1.126989632909961125e+00 -3.958625039005002622e-01
1.634014523541484076e-03 1.126967536471821685e+00 -4.060219223385600484e-01
1.708830320541775138e-03 1.126952923217380276e+00 -4.128820559895493014e-01
1.733438046476548644e-03 1.126956579441600548e+00 -4.157957792116359075e-01
1.842304180859885565e-03 1.126929146470144527e+00 -4.243433676206023741e-01
1.939614791586372067e-03 1.126918637738715923e+00 -4.323938600730524717e-01
2.031083984619971861e-03 1.126909562925051622e+00 -4.429821300771042969e-01
2.180340708008030037e-03 1.126878687499841103e+00 -4.533257784446353411e-01
2.184050622511542195e-03 1.126876427227375910e+00 -4.535760146613013188e-01
2.300101792229038156e-03 1.126841428097846043e+00 -4.632111039440253153e-01
2.306837319709667544e-03 1.126840903249405335e+00 -4.634494525205979376e-01
2.398505067995278239e-03 1.126826436883267002e+00 -4.719128388658199169e-01
2.479482043772074373e-03 1.126807146336299192e+00 -4.810795302035287824e-01
2.537538265813904514e-03 1.126800292693619365e+00 -4.897346137197516325e-01
2.599195006964982735e-03 1.126794303298101374e+00 -4.981456495990549960e-01
2.681413246371340542e-03 1.126785287241230726e+00 -5.071013471802210404e-01
2.785455712672989248e-03 1.126749024937484300e+00 -5.157562814058386236e-01
2.882875375123529482e-03 1.126719124352209889e+00 -5.252091506644240848e-01
2.985280101789132556e-03 1.126701311236872893e+00 -5.349129989997780665e-01
3.104287873859516711e-03 1.126648501963192883e+00 -5.433847130010119875e-01
3.221554877590182553e-03 1.126609774042777179e+00 -5.525385312974211427e-01
3.384265267263986132e-03 1.126544998614705584e+00 -5.632877834739956624e-01
3.495348570266086641e-03 1.126491923089856462e+00 -5.712667483420655890e-01
3.603326359593643502e-03 1.126457774056657923e+00 -5.805511396906302135e-01
3.676228569201953067e-03 1.126431750647414853e+00 -5.899696147260979906e-01
3.785405702170445419e-03 1.126398699909706647e+00 -6.002358089626603777e-01
3.881791084481216181e-03 1.126365808955787973e+00 -6.101810345180376238e-01
3.982805777074535647e-03 1.126323797774388291e+00 -6.198945680794858415e-01
4.100474574912416070e-03 1.126275654008602300e+00 -6.304750386617401503e-01
4.203977726623682465e-03 1.126224895586135366e+00 -6.401236530018797888e-01
4.321868486882318727e-03 1.126171633335230959e+00 -6.500040374192023185e-01
4.392677720090248927e-03 1.126147944527445377e+00 -6.585176909772494369e-01
4.475933373805127125e-03 1.126114665667649506e+00 -6.667819066825971808e-01
4.584572015753914098e-03 1.126072306211845842e+00 -6.759968710442233464e-01
4.696615086535453620e-03 1.126014576816398272e+00 -6.851684224256525679e-01
4.810556727830948842e-03 1.125963451018102024e+00 -6.952286539289862510e-01
4.911331124668461001e-03 1.125903661776732845e+00 -7.053043976419757222e-01
5.026253722460689854e-03 1.125832111315657302e+00 -7.151642094683249296e-01
5.148623876563562796e-03 1.125773304740243175e+00 -7.248150135687657647e-01
5.244010237894454474e-03 1.125731058544617191e+00 -7.336767366022863834e-01
5.366965511843034553e-03 1.125659093038544389e+00 -7.442809023105663169e-01
5.458697193484435273e-03 1.125636180182463919e+00 -7.540253697269975186e-01
5.538245017376867974e-03 1.125599850024912918e+00 -7.630768246020496193e-01
5.601091406988868704e-03 1.125556529581673182e+00 -7.718375561394433815e-01
5.670936601996856563e-03 1.125525185095217040e+00 -7.803098801804458917e-01
5.735208510377953761e-03 1.125493728103199587e+00 -7.890480005967701604e-01
5.827753766646091849e-03 1.125436483348353889e+00 -7.980855590143631773e-01
5.905331003751193575e-03 1.125391592489892290e+00 -8.071230789362469071e-01
5.976070908661729186e-03 1.125366849218787380e+00 -8.168184803777180925e-01
6.059133841826942757e-03 1.125323963700738172e+00 -8.251333308481955120e-01
6.132289285757618058e-03 1.125283102451656081e+00 -8.331996712463892729e-01
6.208260737129656093e-03 1.125238014401254594e+00 -8.415334532667692047e-01
6.299069745215053751e-03 1.125188699443586460e+00 -8.498660470226203634e-01
6.393058135844710554e-03 1.125121182255860663e+00 -8.587670022399487291e-01
6.574163622892079117e-03 1.125003537614382765e+00 -8.816764179972937931e-01
6.575325931519049316e-03 1.125003975867019834e+00 -8.819208426859179717e-01
7.100540040010941412e-03 1.124385926800337998e+00 -8.912763529733862544e-01
8.874982463690908596e-03 1.122186162625451677e+00 -8.988317972912680531e-01
1.244808243102186324e-02 1.117687384250402705e+00 -9.073045943500857025e-01
1.725287793485435345e-02 1.111496196199873276e+00 -9.164688880924101166e-01
2.161832726258470366e-02 1.105789034456879261e+00 -9.222767702817784574e-01
2.633156546371605983e-02 1.099546653511353167e+00 -9.253306603828592714e-01
3.092703460991738651e-02 1.093462014801867888e+00 -9.251059487387057745e-01
3.104655961542989590e-02 1.093302175385808983e+00 -9.250604882228765646e-01
3.540351687566720834e-02 1.087547406036925235e+00 -9.212738465928095311e-01
3.940707194933632668e-02 1.082310011689531892e+00 -9.149255442976881314e-01
4.427633947229730332e-02 1.076061984622847412e+00 -9.062417240400697516e-01
4.942947952512466436e-02 1.069528626126250437e+00 -8.971969549276901379e-01
5.414038993115189574e-02 1.063665971889293127e+00 -8.887891444600837243e-01
5.867656342603971148e-02 1.058090515999424053e+00 -8.809140716978393071e-01
6.347182756856348251e-02 1.052282378917316352e+00 -8.726918136941721471e-01
6.675748751919588497e-02 1.048296808755781573e+00 -8.688997571325079994e-01
6.884989277068793989e-02 1.045842829539765706e+00 -8.679875467251044752e-01
7.011505441890568402e-02 1.044343280956757436e+00 -8.670018726196344616e-01
7.094955890517345987e-02 1.043370525180020714e+00 -8.636089180566323131e-01
7.137848558867737614e-02 1.042861572724827823e+00 -8.563936662144023826e-01
7.146673941826642285e-02 1.042764958270053777e+00 -8.485498023752864327e-01
7.152600952698254244e-02 1.042700057515322909e+00 -8.404242045295270414e-01
7.153010702443962643e-02 1.042691639763444700e+00 -8.393252699901286862e-01
7.160513929665006383e-02 1.042614116430394589e+00 -8.317182627870571832e-01
7.167311040051158044e-02 1.042536601988964140e+00 -8.220755314534459179e-01
7.167817290648544060e-02 1.042532784781258881e+00 -8.216356480550243147e-01
7.174853974164252524e-02 1.042456370832783641e+00 -8.132748291849730693e-01
7.180588216563592308e-02 1.042386986257325621e+00 -8.053360884548036447e-01
7.184029899741606329e-02 1.042348523101729540e+00 -7.972848012603045431e-01
7.190645826914657257e-02 1.042284115037746872e+00 -7.879459128147068281e-01
7.199282984137184149e-02 1.042203947485932813e+00 -7.789890342088408026e-01
7.199510652128807142e-02 1.042200379447107750e+00 -7.787693267065272096e-01
7.249389015211174514e-02 1.041711659546531443e+00 -7.705198204975720611e-01
7.505028863943663531e-02 1.039272366265458603e+00 -7.617484039886986968e-01
7.993613945659809594e-02 1.034713850201638197e+00 -7.524144225212056059e-01
8.007588306707136283e-02 1.034581977348341342e+00 -7.521790626352311548e-01
8.594755558911598703e-02 1.029197013066591726e+00 -7.417760713595555888e-01
8.608737587060805163e-02 1.029070198127060021e+00 -7.415055208816182519e-01
9.157918664795916541e-02 1.024174873037170475e+00 -7.316882373930226890e-01
9.710915485266165270e-02 1.019337114208814565e+00 -7.218791458964836094e-01
9.726048465586778491e-02 1.019217579823959774e+00 -7.216122740721713225e-01
1.024759360541408759e-01 1.014805037429449941e+00 -7.129558552853646480e-01
1.082269486860800156e-01 1.009994573367401172e+00 -7.058375701568824212e-01
1.132707690988025429e-01 1.005811999380407773e+00 -7.004651337069111028e-01
1.183413569742288174e-01 1.001623950922052142e+00 -6.935557473589070154e-01
1.240054254382367549e-01 9.970332030439360560e-01 -6.854348411330988267e-01
1.301076159651027297e-01 9.921639783942582946e-01 -6.770933152470125505e-01
1.349847855436577815e-01 9.883738535709738482e-01 -6.711492602910350547e-01
1.408654260939452008e-01 9.838225252166001855e-01 -6.651824679886797487e-01
1.467266857619393128e-01 9.793352144243336888e-01 -6.585186556409149405e-01
1.522827686547649773e-01 9.751148401642197872e-01 -6.526606172752694723e-01
1.576906848941184436e-01 9.711090014828700490e-01 -6.472542596200819842e-01
1.634346452819976370e-01 9.668516638358815030e-01 -6.413448645803445647e-01
1.691199354053853632e-01 9.626632858992177910e-01 -6.344029757772677858e-01
1.747289359607400727e-01 9.586268717250564508e-01 -6.283997310753746124e-01
1.800202510035919523e-01 9.548629768652000527e-01 -6.233252432347122785e-01
1.849538700402247604e-01 9.513725119837492805e-01 -6.188069973989304140e-01
1.982346883387263448e-01 9.420644326178033712e-01 -6.039290213017223241e-01
1.983893186287708499e-01 9.419613768716423863e-01 -6.037200270205677066e-01
2.038115620999219613e-01 9.382389572046623272e-01 -5.970023238902381069e-01
2.092559778351717470e-01 9.345902905308383080e-01 -5.915953350199301131e-01
2.150908377672471616e-01 9.307331394223663512e-01 -5.860325343610961468e-01
2.154027692368654101e-01 9.305190523235244981e-01 -5.856978125192591200e-01
2.215982356940370268e-01 9.264256586060695131e-01 -5.786116561298441097e-01
2.279246503065966989e-01 9.223213285852183141e-01 -5.713447349895995897e-01
2.339383554955461464e-01 9.184655669764760777e-01 -5.645612823616424913e-01
2.396598312501211914e-01 9.148362372743307214e-01 -5.581574307420105185e-01
2.453851975660878704e-01 9.112804979711019993e-01 -5.518400104147277441e-01
2.509474349758851752e-01 9.078706561953391319e-01 -5.459176303108537187e-01
2.570783781551844172e-01 9.041809249735398568e-01 -5.397649559533637120e-01
2.572298811542378938e-01 9.040890636762636268e-01 -5.396138278564356350e-01
2.626131624301197842e-01 9.008880430292844910e-01 -5.339585202481309523e-01
2.684414422150508961e-01 8.974762195406561505e-01 -5.266653431308733202e-01
2.747554311434295959e-01 8.938406901332793808e-01 -5.184274060948401708e-01
2.804491269835697742e-01 8.905959542874030133e-01 -5.112358373117065202e-01
2.863903262394816296e-01 8.873472504169929165e-01 -5.057446631983403273e-01
2.919625510968106297e-01 8.843040500336554199e-01 -5.004562049849394789e-01
2.980804278706697397e-01 8.809716731171279847e-01 -4.935935241291712905e-01
3.035217188722901804e-01 8.780429989622355880e-01 -4.872595706609065269e-01
3.093848018348273055e-01 8.749461245215032212e-01 -4.805732663789430981e-01
3.158512852166248663e-01 8.716069930449242831e-01 -4.727717074988099233e-01
3.160113917818192508e-01 8.715257733289879516e-01 -4.725716774948074406e-01
3.218850799196468770e-01 8.685375840073783493e-01 -4.655219357890515441e-01
3.280395321569588019e-01 8.654808000749611985e-01 -4.590526491318931979e-01
3.335802470424936716e-01 8.627816557074958759e-01 -4.533843633118659344e-01
3.395245823227553972e-01 8.598901038926463070e-01 -4.469516039737032043e-01
3.454064807902530454e-01 8.570976442929931771e-01 -4.396366228590402048e-01
3.510174764563874228e-01 8.544817856677804357e-01 -4.320270544750638986e-01
3.562866203388062591e-01 8.520639094120232571e-01 -4.249262059214027332e-01
3.619631996671513474e-01 8.495143003498113465e-01 -4.176114475275393700e-01
3.676101184648533637e-01 8.470297192067535175e-01 -4.101065741584956625e-01
3.727039568411824599e-01 8.448264023664162625e-01 -4.037565471796210614e-01
3.781996768111408058e-01 8.425048511176618238e-01 -3.977838180287146530e-01
3.841091757446138955e-01 8.400676535018307689e-01 -3.916877561290799115e-01
3.892003078957028128e-01 8.379821643546938592e-01 -3.861754895731151493e-01
3.945158293432842189e-01 8.358364048697737303e-01 -3.792594191412586579e-01
4.002424127257904751e-01 8.335778828201089174e-01 -3.716706161715884749e-01
4.060852025673205579e-01 8.313255462257995720e-01 -3.641039523776552489e-01
4.119442795590047557e-01 8.291042761543410133e-01 -3.562361026513212736e-01
4.176763198914739128e-01 8.269838478732649545e-01 -3.482965519957694767e-01
4.237270847345480651e-01 8.248021466218156128e-01 -3.399906911994302616e-01
4.294127172259447067e-01 8.228070253058410444e-01 -3.321768613095053002e-01
4.354919822309476496e-01 8.207338905267695939e-01 -3.244421425730961150e-01
4.356462032586033706e-01 8.206810395828856297e-01 -3.242723036205671372e-01
4.416516909341301478e-01 8.186902420011010761e-01 -3.175654619290169678e-01
4.418004856339637354e-01 8.186380092664898855e-01 -3.173880654259214618e-01
4.472403960909731024e-01 8.168735110871581107e-01 -3.109798415130639038e-01
4.526880179111116287e-01 8.151444735408825970e-01 -3.046460210628849641e-01
4.581160683901978614e-01 8.134600536291478612e-01 -2.984110363826087964e-01
4.584193507213566443e-01 8.133697328324944742e-01 -2.980579311198450765e-01
4.645256656023527553e-01 8.115073449309269105e-01 -2.904131152125813964e-01
4.702956461340345728e-01 8.097938077413566749e-01 -2.822609538138334817e-01
4.754570703621381345e-01 8.083131117283419709e-01 -2.749892944800727546e-01
4.805677065820857519e-01 8.068889260533491647e-01 -2.681593954372447630e-01
4.863099741422988176e-01 8.053296506424724166e-01 -2.601335850302605723e-01
4.916194694494294137e-01 8.039319296581310947e-01 -2.525998547194511223e-01
4.972660898292879939e-01 8.024834571067134270e-01 -2.449197159685402303e-01
5.028398048774533891e-01 8.010864002481266066e-01 -2.374177268565451360e-01
5.080497183680956486e-01 7.998411915182745968e-01 -2.304229524412653440e-01
5.081981374729078738e-01 7.998060954476750029e-01 -2.302295054638902327e-01
5.137521173164151245e-01 7.985288475692592369e-01 -2.231038357641623171e-01
5.190724254864417242e-01 7.973323714969793308e-01 -2.164899990289375908e-01
5.245279740218112829e-01 7.961500612336731564e-01 -2.098890411442380921e-01
5.301005321093372746e-01 7.949836052512148088e-01 -2.032017553148777744e-01
5.354927121133664647e-01 7.938946015882313301e-01 -1.967569483823119747e-01
5.413916666275888634e-01 7.927298111559566429e-01 -1.894556062243633321e-01
5.546821518069874335e-01 7.902857023185998475e-01 -1.712351035239240704e-01
5.599869582899595910e-01 7.893944915906355719e-01 -1.636177080305781517e-01
5.651418663785270358e-01 7.885457137593164800e-01 -1.561889212442002794e-01
5.658777632616425191e-01 7.884327515348974469e-01 -1.551290111056168042e-01
5.712702786198911031e-01 7.876034300808874011e-01 -1.471684010982458324e-01
5.768145405160399752e-01 7.867951324715345418e-01 -1.391093065863224787e-01
5.819980387773594499e-01 7.860741251032550281e-01 -1.315567859685848051e-01
5.872332736152370281e-01 7.853891023699060003e-01 -1.240447756660835316e-01
5.927568259798630113e-01 7.847285832526316174e-01 -1.159481203611197053e-01
5.983878623924923090e-01 7.840893090414831068e-01 -1.076363227580949128e-01
6.032605731122856474e-01 7.835782454829756105e-01 -1.006412169539533663e-01
6.081103919008592484e-01 7.831095525890909848e-01 -9.390058640952018976e-02
6.134229867252859458e-01 7.826193365301004068e-01 -8.624120588596689840e-02
6.190323742475660751e-01 7.821383159911987626e-01 -7.804246779289099323e-02
6.242766283410950967e-01 7.817448799598596398e-01 -7.004379249860294421e-02
6.299039419473524415e-01 7.813728845158594005e-01 -6.182047124196151516e-02
6.345227217642230855e-01 7.811078028481375224e-01 -5.526700769799505059e-02
6.394671420133941631e-01 7.808409375642666461e-01 -4.810202827098189471e-02
6.449490738207863672e-01 7.805921118175748186e-01 -3.992565438891603619e-02
6.450886970510730789e-01 7.805899655744868992e-01 -3.971407426899041526e-02
6.509298230787552431e-01 7.803810734752931744e-01 -3.123925404048502261e-02
6.512011013322894781e-01 7.803737396516473579e-01 -3.082574070977332423e-02
6.569117167629784371e-01 7.802153847384545315e-01 -2.238256068538330840e-02
6.626400276364242670e-01 7.801074117674046127e-01 -1.375119991036869403e-02
6.627801083570512564e-01 7.801046844970729310e-01 -1.354044469764951672e-02
6.685676783946996604e-01 7.800491856079324604e-01 -4.665640305139610172e-03
6.735110093434113487e-01 7.800475226165818343e-01 2.819093834763133997e-03
6.788236734858885679e-01 7.800693219389871480e-01 1.068684441802381785e-02
6.840805650940032789e-01 7.801445596162754903e-01 1.835182260068275381e-02
6.889939942157262687e-01 7.802474076912022660e-01 2.560636309935794899e-02
6.944792000108763741e-01 7.804080613829961210e-01 3.428671842287344534e-02
6.993341250146399846e-01 7.806070283470478710e-01 4.163383094320936839e-02
7.040031608908486893e-01 7.808132843442892046e-01 4.868572155630252613e-02
7.090292628396682728e-01 7.810761697997921083e-01 5.607651250566235424e-02
7.134294925924253850e-01 7.813313515350295280e-01 6.257254232812824168e-02
7.184619052540406337e-01 7.816644651685198397e-01 7.027357569715872443e-02
7.234471915513871476e-01 7.820466727469338464e-01 7.796713546886550883e-02
7.278965578485762089e-01 7.823904969465551584e-01 8.478457423567367646e-02
7.322742093705473243e-01 7.827769552081489390e-01 9.162087878511983308e-02
7.370842091333209556e-01 7.832243660667574936e-01 9.920370706657719029e-02
7.421218318789841728e-01 7.837578169913395065e-01 1.073131950755676078e-01
7.474955462482089086e-01 7.843570764988463395e-01 1.158165270715425382e-01
7.476237834088494960e-01 7.843702923860368381e-01 1.160130300540638953e-01
7.522056464120183694e-01 7.849177325336839095e-01 1.230183279887582110e-01
7.564014885319352288e-01 7.854578591922373176e-01 1.293754986977433963e-01
7.608486680145242209e-01 7.860360882960933937e-01 1.362617450581617429e-01
7.656553288655811862e-01 7.867213843138751717e-01 1.438441374401491779e-01
7.704298122849244645e-01 7.874250918969941671e-01 1.513177658732970665e-01
7.749099324112824760e-01 7.881137581234418654e-01 1.584343870176535829e-01
7.795342263504333458e-01 7.888773836710201159e-01 1.654505373608201046e-01
7.796558364826519094e-01 7.889021128480959710e-01 1.656438909929096037e-01
7.841198310529703397e-01 7.896556550209614667e-01 1.725391636532470352e-01
7.884792618838469824e-01 7.904269369985187366e-01 1.792734440430633902e-01
7.934144806943742578e-01 7.913371436797111969e-01 1.870639715451112295e-01
7.980988272911141435e-01 7.922491274121874483e-01 1.943531907858803143e-01
8.024695138538955330e-01 7.931173215429421219e-01 2.013392246350846071e-01
8.074203426726376254e-01 7.941483275917284868e-01 2.093246042224897185e-01
8.118982166535326783e-01 7.951092596065668650e-01 2.165329211775400553e-01
8.166962904998079642e-01 7.961752199561964449e-01 2.243512446413916950e-01
8.168187492914479320e-01 7.962043741755036041e-01 2.245388159488778956e-01
8.213539324652510132e-01 7.972698726960584237e-01 2.317774248425270300e-01
8.253662157770509378e-01 7.982159390042993241e-01 2.382541728724917596e-01
8.298683955699850401e-01 7.993340279567338058e-01 2.453995133445588950e-01
8.344641649636745928e-01 8.004892486050121381e-01 2.528309250108480843e-01
8.392932452758875561e-01 8.017587752379651267e-01 2.606211307707108071e-01
8.394088958042232873e-01 8.017890436593783088e-01 2.608145305046613016e-01
8.489955013939476380e-01 8.044204837369306471e-01 2.770560287511697473e-01
8.532984063440636202e-01 8.056788378524248895e-01 2.844781814080885596e-01
8.574559351235270244e-01 8.068986033239988753e-01 2.914482416812927412e-01
8.615726259222373784e-01 8.081584507462614697e-01 2.982759152648050138e-01
8.661044736570348013e-01 8.095555503498275129e-01 3.058676238147449711e-01
8.699642661988795656e-01 8.107877905162769183e-01 3.121340329327531027e-01
8.740187236530728709e-01 8.121114504307038739e-01 3.187360695481373241e-01
8.786901800500307447e-01 8.136708908457610523e-01 3.263760176210631081e-01
8.788054003413862114e-01 8.137096138400126133e-01 3.265564070745425318e-01
8.831864735994279236e-01 8.152036056604157199e-01 3.336238274668643644e-01
8.870662483723256164e-01 8.165518471824126934e-01 3.399801960881129181e-01
8.916152190797789201e-01 8.181699330513306778e-01 3.473283938113281843e-01
8.955856242501475384e-01 8.196234834402997826e-01 3.537740652559413501e-01
8.999434877331801141e-01 8.212430890061381827e-01 3.610403841983457762e-01
9.037318575679085253e-01 8.226897799581438520e-01 3.674001176897577214e-01
9.074213901381648073e-01 8.241136459702418371e-01 3.735047117393778815e-01
9.109918630753278679e-01 8.255130855855334904e-01 3.792841677922755839e-01
9.150585002873871110e-01 8.271455094173096878e-01 3.859803959752966529e-01
9.191411131243334420e-01 8.288232431039008752e-01 3.927974640939497775e-01
9.229902434317297510e-01 8.304140778989004268e-01 3.993263709665127448e-01
9.264742156781143878e-01 8.318990212317765032e-01 4.053175434419667433e-01
9.308962013513999434e-01 8.338079271031345607e-01 4.128808422421502144e-01
9.346760700250676956e-01 8.354723753775930017e-01 4.192387518589957285e-01
9.384592275735325062e-01 8.371520591158044811e-01 4.254465481324316567e-01
9.422002046791378982e-01 8.388462053058132195e-01 4.316783806104605437e-01
9.466590178482411355e-01 8.408910324344429643e-01 4.390437377816016062e-01
9.467633298692539334e-01 8.409385958786865789e-01 4.392078513070132861e-01
9.506469047829352315e-01 8.427926882039009637e-01 4.455783520988727542e-01
9.543124867372713149e-01 8.445584282865460368e-01 4.516029795329064012e-01
9.584898939330891432e-01 8.465847473241561172e-01 4.584149289288684814e-01
9.621647857775879054e-01 8.484123485635661766e-01 4.643608916616909776e-01
9.662005941630553707e-01 8.504627459655047517e-01 4.709283667946800311e-01
9.698076945468068200e-01 8.523147045944896583e-01 4.768380721864818317e-01
9.743937559164753681e-01 8.547028754008306750e-01 4.846895933940499335e-01
9.783649615987055626e-01 8.567948168919307106e-01 4.914724465519567653e-01
9.820848698870212612e-01 8.588085773833731285e-01 4.978607437283605885e-01
9.860007500046890083e-01 8.609597453639878939e-01 5.043622927105856357e-01
9.860986971657312861e-01 8.610157344630245957e-01 5.045294045321331300e-01
9.896141380598442172e-01 8.629470378988521873e-01 5.102920023420756124e-01
9.932830854924821207e-01 8.650184909509586184e-01 5.162713310074842354e-01
9.964602145609517958e-01 8.668378369647082859e-01 5.215206537646487339e-01
1.000210085813300065e+00 8.690246497937615944e-01 5.275892740607350806e-01
1.004039731052631668e+00 8.712819608646953373e-01 5.338571677675892913e-01
1.004140018740993678e+00 8.713417526909728039e-01 5.340155039961814731e-01
1.008051190394278596e+00 8.736458100602995103e-01 5.403395257291897513e-01
1.011623817791008406e+00 8.758195069904745056e-01 5.461068856976996067e-01
1.015558925447301641e+00 8.782381526426065177e-01 5.525306672611658421e-01
1.018918125644624029e+00 8.803215612687218528e-01 5.580288495583234365e-01
1.022456136162777307e+00 8.825442300734942513e-01 5.638106621685572417e-01
1.025682527232537389e+00 8.845986466549859983e-01 5.691926400589797375e-01
1.029077111566963909e+00 8.867902274340326851e-01 5.748320245804026118e-01
1.032366682707078986e+00 8.889375418864770007e-01 5.802487750377726128e-01
1.035370817792578002e+00 8.909023016739692213e-01 5.851682571927755427e-01
1.038361487419182438e+00 8.928991381300093177e-01 5.899602922595419408e-01
1.041517763366491378e+00 8.950349773670958076e-01 5.949488028106552084e-01
1.044920443899659324e+00 8.973586169845184646e-01 6.004559328606229318e-01
1.048143740535457891e+00 8.995617022072476265e-01 6.056952730833006227e-01
1.051429445842442467e+00 9.018441995789476806e-01 6.110475959349578323e-01
1.054786173536136351e+00 9.042165717185760565e-01 6.164586878667774883e-01
1.058032646805676436e+00 9.065372926253716379e-01 6.216458619062330548e-01
1.058120236121812940e+00 9.066009285975791254e-01 6.217857245379224684e-01
1.061603685672824149e+00 9.091175615345314931e-01 6.273369587595298835e-01
1.065013730042511098e+00 9.115832529561094244e-01 6.327657219222920792e-01
1.068647860436301666e+00 9.142556409914879278e-01 6.385976950645377848e-01
1.068737109060694968e+00 9.143208586362194801e-01 6.387338209255766230e-01
1.071581869987082936e+00 9.164274568415313738e-01 6.432733787594415720e-01
1.079758451759294635e+00 9.226462414058291817e-01 6.562813128912733385e-01
1.082878852431335304e+00 9.250571728210679190e-01 6.612977177613802438e-01
1.086156528625559892e+00 9.276242031750862038e-01 6.664478108716946902e-01
1.089510997393311698e+00 9.302661680414846535e-01 6.716043886719423872e-01
1.092347723311695384e+00 9.325165895947081784e-01 6.759891250174395738e-01
1.095483287761702007e+00 9.350496337163876071e-01 6.808080660155608754e-01
1.098285066182124625e+00 9.373233714753032020e-01 6.851074480334692351e-01
1.101218559417519227e+00 9.397444267667389717e-01 6.896613887617719652e-01
1.103899348761597343e+00 9.419817307076463475e-01 6.937729758510312594e-01
1.106808153028169706e+00 9.444303905822586387e-01 6.981385724617189537e-01
1.109549635600032280e+00 9.467616240561965713e-01 7.022440517342468658e-01
1.112517085521327997e+00 9.492990541216577149e-01 7.066776098496031500e-01
1.115399962079655305e+00 9.517682779331257947e-01 7.110259297396799294e-01
1.115717783423251230e+00 9.520459809246077931e-01 7.115136279510922979e-01
1.118577938033703090e+00 9.545492452676112016e-01 7.157812675067800612e-01
1.121583534527902826e+00 9.571791924794932349e-01 7.203359050835327348e-01
1.124723834894612473e+00 9.599681254281746678e-01 7.250561533564531258e-01
1.127475836510164919e+00 9.624075009907198108e-01 7.292354828073233097e-01
1.130298699925717409e+00 9.649278706006851891e-01 7.335243195453045040e-01
1.133385618669856987e+00 9.677426402763937840e-01 7.380466680980317662e-01
1.136400457403294428e+00 9.705234369392168325e-01 7.423757729564889329e-01
1.139687686553912505e+00 9.735758785952290939e-01 7.471533213017179653e-01
1.142419623678762930e+00 9.761419470804770793e-01 7.512081594182751232e-01
1.145000354115697228e+00 9.785773910153285904e-01 7.550179075943048712e-01
1.147967556396752409e+00 9.813611954498662193e-01 7.593710323602584911e-01
1.150917700261776755e+00 9.841682967209127719e-01 7.636595988328859219e-01
1.153764926257301315e+00 9.869303972375660372e-01 7.677409536157057124e-01
1.156598273527265963e+00 9.896991957551123376e-01 7.717314413220904834e-01
1.159353102129068391e+00 9.923822553653171008e-01 7.756887277916508783e-01
1.161887757623523587e+00 9.948594639161543185e-01 7.792790345302076371e-01
1.164843363700271750e+00 9.977863632325321142e-01 7.834827365710868019e-01
1.167464471735019549e+00 1.000439532632364070e+00 7.871499516141114983e-01
1.170016598279672859e+00 1.003026272814257602e+00 7.906927568529276140e-01
1.172767873596036736e+00 1.005844503477331564e+00 7.944962964624823210e-01
1.175289266668051003e+00 1.008449353295810536e+00 7.979906990145465562e-01
1.178160597367936102e+00 1.011426256887737463e+00 8.019470668816989223e-01
1.178231565550841964e+00 1.011504497217612597e+00 8.020481396793096573e-01
1.181088816852950529e+00 1.014491499928520835e+00 8.059784880789074846e-01
1.183874255188774649e+00 1.017416853203006788e+00 8.097228527047353186e-01
1.186451477392454601e+00 1.020108515218971723e+00 8.132466178093901155e-01
1.188990140708281462e+00 1.022824681898823362e+00 8.167052050528185170e-01
1.191588225790564559e+00 1.025623974770795810e+00 8.201741146783332326e-01
1.194171024243523505e+00 1.028426871460389247e+00 8.236307798802683378e-01
1.196706267345190255e+00 1.031153271990218778e+00 8.270016604912628910e-01
1.199569159608251834e+00 1.034263545728025591e+00 8.308614051593549155e-01
1.202120113447978200e+00 1.037082509953466625e+00 8.342529478155203959e-01
1.204593504962829353e+00 1.039844291646082608e+00 8.375398408349002954e-01
1.207122877536290106e+00 1.042701434278376915e+00 8.407921050623504700e-01
1.209901048113497746e+00 1.045844956473361620e+00 8.443980801795389901e-01
1.212213129200154782e+00 1.048473925984735988e+00 8.473560758525465753e-01
1.214508080639625121e+00 1.051094513615134174e+00 8.503270012053709692e-01
1.216860731552310115e+00 1.053819332896853478e+00 8.533076846474315635e-01
1.219534971161805981e+00 1.056922376926321183e+00 8.566747501774998330e-01
1.222032040498908456e+00 1.059797117167787794e+00 8.598517689101908834e-01
1.224585725051906326e+00 1.062750065169979052e+00 8.630996218352837701e-01
1.226771028957163612e+00 1.065324091922850602e+00 8.659138399878538728e-01
1.229081942880762668e+00 1.068062120464009057e+00 8.688396129270723467e-01
1.234803933974508494e+00 1.074898242979330565e+00 8.758703427662828389e-01
1.237214588283406247e+00 1.077814129248994890e+00 8.787912846422440971e-01
1.239477440881797232e+00 1.080576122806318429e+00 8.815049293616217252e-01
1.241730731731560899e+00 1.083352435457907381e+00 8.842305319425309840e-01
1.244042996927531952e+00 1.086208945232846057e+00 8.869494539170812430e-01
1.246675427248430834e+00 1.089464723273005697e+00 8.900326604176646006e-01
1.249037595717700233e+00 1.092414357000537573e+00 8.927950462272430388e-01
1.251353367795571048e+00 1.095289978543521059e+00 8.955544513176042498e-01
1.253826892553209449e+00 1.098393327420839949e+00 8.985400831955639989e-01
1.256375355675712235e+00 1.101589277334933614e+00 9.015470009017103603e-01
1.258442851338534174e+00 1.104220567496108529e+00 9.039967954094203506e-01
1.260646407534184776e+00 1.107042414834992439e+00 9.065124105621269468e-01
1.262825463620314670e+00 1.109839898996253016e+00 9.090114141663128144e-01
1.265012929028572986e+00 1.112653048080290086e+00 9.114845785471736850e-01
1.267539649388533585e+00 1.115963741958946764e+00 9.143184376947315339e-01
1.267603964331893263e+00 1.116041319978480884e+00 9.143846638499443236e-01
1.269691127746618298e+00 1.118802048476256195e+00 9.166401000212437422e-01
1.272151833070543026e+00 1.122031233680874651e+00 9.193450009925151489e-01
1.274350598911245136e+00 1.124944718567132851e+00 9.218013296371920795e-01
1.276662940889308206e+00 1.128054977423617489e+00 9.243273691234732414e-01
1.279271230264172221e+00 1.131559914314124615e+00 9.271832535706696632e-01
1.281324576717362218e+00 1.134335592818842553e+00 9.293857837675536526e-01
1.283399396341637910e+00 1.137106874461191186e+00 9.315950687461046487e-01
1.285636304366873706e+00 1.140132261306363137e+00 9.339373590830138960e-01
1.287840796693040968e+00 1.143157617287174022e+00 9.362161218706613885e-01
1.290005716619461840e+00 1.146115992801440386e+00 9.385080479074466853e-01
1.291966548524289715e+00 1.148826640007546418e+00 9.405193913895408819e-01
1.293864238619576001e+00 1.151467481021938299e+00 9.424861917204616635e-01
1.294102877921359473e+00 1.151789831966821165e+00 9.427235420273530897e-01
1.296407511477732699e+00 1.155010254574814876e+00 9.451054982790653147e-01
1.298828901656184254e+00 1.158381154921529932e+00 9.476070891414790642e-01
1.301230428340980794e+00 1.161756489159790684e+00 9.500513861328293563e-01
1.301290296671167912e+00 1.161841475570797311e+00 9.501078269393178344e-01
1.303498492267260556e+00 1.164982521063910870e+00 9.523210102656998188e-01
1.305884978374222127e+00 1.168380219875575055e+00 9.546924788273667417e-01
1.308031741264160885e+00 1.171454576190057884e+00 9.568090682740936215e-01
1.310225812996978823e+00 1.174602259223281431e+00 9.589752424028076261e-01
1.312192303827878659e+00 1.177427564630356027e+00 9.609118569070025373e-01
1.314314791206587119e+00 1.180516312693109082e+00 9.629619457443127084e-01
1.316614326488307229e+00 1.183855767345662446e+00 9.651318125069928699e-01
1.318571646540402931e+00 1.186694950013587269e+00 9.669272662167954779e-01
1.320927831040540568e+00 1.190140732509890942e+00 9.690774727931272814e-01
1.320984788982606517e+00 1.190222954599169825e+00 9.691257275051561315e-01
1.323080489129112136e+00 1.193324513334264481e+00 9.710453606790098169e-01
1.325347490735525824e+00 1.196670134437664235e+00 9.731724192951912711e-01
1.327498457791968844e+00 1.199877073374319814e+00 9.750989469358157802e-01
1.329684289487445659e+00 1.203166529939268869e+00 9.771232819423747440e-01
1.331885569411475512e+00 1.206441283846543033e+00 9.792229936378922250e-01
1.334021263498508469e+00 1.209649001201489327e+00 9.811394873671448469e-01
1.335960830029542912e+00 1.212608787426439294e+00 9.828617103033979729e-01
1.338234801154121634e+00 1.216067239498381580e+00 9.848756557270309520e-01
1.340351933370091286e+00 1.219280462767770468e+00 9.866883948003440929e-01
1.340402527882452732e+00 1.219366276408110572e+00 9.867404343918071419e-01
1.342498582645901051e+00 1.222580873624763864e+00 9.885067324915013387e-01
1.342558172992289744e+00 1.222665320259093358e+00 9.885472969710994429e-01
1.344589884039095740e+00 1.225801438255269327e+00 9.902759163916293739e-01
1.346671538960448000e+00 1.229023433656887709e+00 9.920520807012482845e-01
1.348805566424786662e+00 1.232331988944916912e+00 9.938096467577500759e-01
1.350851760739267604e+00 1.235475955317448804e+00 9.954867940467464482e-01
1.352811705733617753e+00 1.238535466459606216e+00 9.971034757481639366e-01
1.354830084928808631e+00 1.241684479886441483e+00 9.988129596661021736e-01
1.356919594955433794e+00 1.244929848310721843e+00 1.000570855473430720e+00
1.359081781473985728e+00 1.248337772806184853e+00 1.002402387059265765e+00
1.359136120371219114e+00 1.248424068758329675e+00 1.002451057611521090e+00
1.361134939520940446e+00 1.251578547146021236e+00 1.004113066060841053e+00
1.363015685858495862e+00 1.254571316665316072e+00 1.005616151388924795e+00
1.367710116811465593e+00 1.262093109123784362e+00 1.009223949319706826e+00
1.369742874801980870e+00 1.265337801892602254e+00 1.010772531354797055e+00
1.371916177008475790e+00 1.268867205710669799e+00 1.012348579324845455e+00
1.373709640582809088e+00 1.271786195335612657e+00 1.013641738942995030e+00
1.373764756819522814e+00 1.271872777007497568e+00 1.013681741751255583e+00
1.375675823983282031e+00 1.274964667416899067e+00 1.015093546864763940e+00
1.377799710524658439e+00 1.278399474579988704e+00 1.016654167575016920e+00
1.379599069903564734e+00 1.281321480936786328e+00 1.018075558968673411e+00
1.381432118186358915e+00 1.284338733091514362e+00 1.019503584506934901e+00
1.383354883594919205e+00 1.287515187128117411e+00 1.020895284802414205e+00
1.385233736694895024e+00 1.290623264232103384e+00 1.022252004017023319e+00
1.386998647742044621e+00 1.293542391842492867e+00 1.023489058343305613e+00
1.388863683691011319e+00 1.296662582870320213e+00 1.024754519583759071e+00
1.390977395845423015e+00 1.300206401711305748e+00 1.026178392768471337e+00
1.392799416963006465e+00 1.303229698584460694e+00 1.027420744380992845e+00
1.394688398594640111e+00 1.306424862824643318e+00 1.028659075734582151e+00
1.396523546205118427e+00 1.309533806085478869e+00 1.029807213099423135e+00
1.398387295436053668e+00 1.312652398189689151e+00 1.030946674535927921e+00
1.400279603993847433e+00 1.315846942952006104e+00 1.032095577053671942e+00
1.402260271203354947e+00 1.319226998541900064e+00 1.033329928652256369e+00
1.404259893995969399e+00 1.322608771453781973e+00 1.034736720662650988e+00
1.406265597250468957e+00 1.326009028086632124e+00 1.036296348889623298e+00
1.408055017258501795e+00 1.329054222392345164e+00 1.037686541119410943e+00
1.409829861800024675e+00 1.332094621695779191e+00 1.038812192504263932e+00
1.409880859429326394e+00 1.332180976118493065e+00 1.038840832448569840e+00
1.411593191536431480e+00 1.335139995998050111e+00 1.039830613883128363e+00
1.413449625262073850e+00 1.338356231858842893e+00 1.040825123371639460e+00
1.415302085922347741e+00 1.341575440305858846e+00 1.041833224029766969e+00
1.417401823723605903e+00 1.345240435636017695e+00 1.042942101937640809e+00
1.419561520091379148e+00 1.348998125383865432e+00 1.044045013417252754e+00
1.421195394273464530e+00 1.351869420880801087e+00 1.044947298804133062e+00
1.423054040095441897e+00 1.355099878028263483e+00 1.045952016972071297e+00
1.424879585652634395e+00 1.358243609440301425e+00 1.046899199968139182e+00
1.426888557941921265e+00 1.361738446903126398e+00 1.047936990930502299e+00
1.428604060781773599e+00 1.364704508379745329e+00 1.048823811745627443e+00
1.430363211868092232e+00 1.367779399112102112e+00 1.049994632176504128e+00
1.432233808926037355e+00 1.371019227396588214e+00 1.051360799163039594e+00
1.433999132632603812e+00 1.374092013924602007e+00 1.052636256131295633e+00
1.436191592797545047e+00 1.377946135775967917e+00 1.054117144681739227e+00
1.438149026507797412e+00 1.381364830077680406e+00 1.055410471646884396e+00
1.439836829463289058e+00 1.384339821907363710e+00 1.056396288009915141e+00
1.441590134747767538e+00 1.387497710819732388e+00 1.057055002315706815e+00
1.441639246554543563e+00 1.387585353690894863e+00 1.057068958520696267e+00
1.443552848628288476e+00 1.391019911817060972e+00 1.057742400632254220e+00
1.445392023231856671e+00 1.394349221725100119e+00 1.058410083467086649e+00
1.445441592124549368e+00 1.394436539052788415e+00 1.058427439950450744e+00
1.447110428242737390e+00 1.397426469103176583e+00 1.059099701140569172e+00
1.448763039770318395e+00 1.400407852404697451e+00 1.059757770237512720e+00
1.450456775030212864e+00 1.403499907784303780e+00 1.060458536071990920e+00
1.452102332197662493e+00 1.406481041617979377e+00 1.061104644297405697e+00
1.453923288962437610e+00 1.409760070968894663e+00 1.062089624027199752e+00
1.455833761993533759e+00 1.413193784765603755e+00 1.063374092454926423e+00
1.457648217694750947e+00 1.416466686730960101e+00 1.064567687742363544e+00
1.459293622291407022e+00 1.419466586139392028e+00 1.065517699537621654e+00
1.460931999796279301e+00 1.422473577874563633e+00 1.066417766427796954e+00
1.462952106256823592e+00 1.426180428938015332e+00 1.067436627834816631e+00
1.467309859350194978e+00 1.434211253575971012e+00 1.069443214605620973e+00
1.467358736062879698e+00 1.434297944548115877e+00 1.069465655008228211e+00
1.469311225378652219e+00 1.437913530476897517e+00 1.070098622399590527e+00
1.471143026952148380e+00 1.441367089763168519e+00 1.070340456238433990e+00
1.472852498517909225e+00 1.444535721311464460e+00 1.070627623163085795e+00
1.474630773188635224e+00 1.447884351327759500e+00 1.070972254349881858e+00
1.476455333146833082e+00 1.451247041253147074e+00 1.071407534096795011e+00
1.478156420124485670e+00 1.454430193192941978e+00 1.071856889621912501e+00
1.480034961132734805e+00 1.457890059540856154e+00 1.072629204534566005e+00
1.480128822544618306e+00 1.458068986684198709e+00 1.072688611122176505e+00
1.482102154850883480e+00 1.461715814341274955e+00 1.073896626846488900e+00
1.482151449094030182e+00 1.461805279759354148e+00 1.073925216122934456e+00
1.484164817104977274e+00 1.465532002580522963e+00 1.075111991451782822e+00
1.484214026644411266e+00 1.465621038546896848e+00 1.075137571596464614e+00
1.486161503592649868e+00 1.469269978220556272e+00 1.076077491992364354e+00
1.487983503774923610e+00 1.472647784307509422e+00 1.076914567605628203e+00
1.490068070455235372e+00 1.476561453478601571e+00 1.077803810454076583e+00
1.491915032947339625e+00 1.480031327443055655e+00 1.078547251157011999e+00
1.491962547445820908e+00 1.480120678729393013e+00 1.078567868337082736e+00
1.493719737029750139e+00 1.483477460723527264e+00 1.078836825319031689e+00
1.495624700025072418e+00 1.487119871002612559e+00 1.078849880123009530e+00
1.497463553293944649e+00 1.490587806065691412e+00 1.078845191433588813e+00
1.499143063618357807e+00 1.493788237194588753e+00 1.078983255642332884e+00
1.500876628959614489e+00 1.497074530955708749e+00 1.079193788761829920e+00
1.502636497966839624e+00 1.500365213879136794e+00 1.079543416718965920e+00
1.504265945605332222e+00 1.503384103316072862e+00 1.080508095108106748e+00
1.506025256838811721e+00 1.506693843277214118e+00 1.082224272326368419e+00
1.507979873180342434e+00 1.510383150683798581e+00 1.083456121473381106e+00
1.509573913269574019e+00 1.513404206458789814e+00 1.084379527028816570e+00
1.511291011601796130e+00 1.516703514293077815e+00 1.085076802962554154e+00
1.513054501028453736e+00 1.520090860451588366e+00 1.085682044598113238e+00
1.514870832789428690e+00 1.523560975646863547e+00 1.086220474188186458e+00
1.516536693512106515e+00 1.526760632976395193e+00 1.086650138746390493e+00
1.518376846266997537e+00 1.530328797465134727e+00 1.087043005212489977e+00
1.520244766965940020e+00 1.533961300799216332e+00 1.087094671939582868e+00
1.521885432681455264e+00 1.537140998129572278e+00 1.086683809673147483e+00
1.521979994743916098e+00 1.537321479957300063e+00 1.086653561407061819e+00
1.523661197138152401e+00 1.540597882679324293e+00 1.086333097104597911e+00
1.525285195180544173e+00 1.543800415605319110e+00 1.086139090879523428e+00
1.527062909072798069e+00 1.547267456030681387e+00 1.086039137102294605e+00
1.528865871299798229e+00 1.550730885022634009e+00 1.086312044437685032e+00
1.530484747736057027e+00 1.553821974181652799e+00 1.088324779911251650e+00
1.532253090236817217e+00 1.557207565470169142e+00 1.091500833171367368e+00
1.533754406673608406e+00 1.560147819327991181e+00 1.092748701577078707e+00
1.535425025596257820e+00 1.563424962237411009e+00 1.093272360696293077e+00
1.536901913388417418e+00 1.566348317578317939e+00 1.093327401803114274e+00
1.538937280247527628e+00 1.570352796719985733e+00 1.093157940312639465e+00
1.539025953342718411e+00 1.570529398426528278e+00 1.093143971979223750e+00
1.540508404831427702e+00 1.573457705845394017e+00 1.093073942833397538e+00
1.541989196988028832e+00 1.576399160160585122e+00 1.093009244047031814e+00
1.543698225331634699e+00 1.579774577979184080e+00 1.092961374568808486e+00
1.545331609246444193e+00 1.583053877785829622e+00 1.092586541428040681e+00
1.546973423304973227e+00 1.586298093257832331e+00 1.091582634599726820e+00
1.548802114444460587e+00 1.589892922270238929e+00 1.090474245309016821e+00
1.550520284310454855e+00 1.593271192859891272e+00 1.089545417627410417e+00
1.552165070519473167e+00 1.596455178478794146e+00 1.089016748828407932e+00
1.553940859087964865e+00 1.599849019871954603e+00 1.089436494663470034e+00
1.555744484236468494e+00 1.603324807945229802e+00 1.092018712109315226e+00
1.557528283695676974e+00 1.606822446303934449e+00 1.097039739833483241e+00
1.559263227137179575e+00 1.610218338359856727e+00 1.103552502905055022e+00
1.560931186230787526e+00 1.613529757634926121e+00 1.107638777132158525e+00
1.562563528455941819e+00 1.616827819542375755e+00 1.108895327740038406e+00
1.564101757492295297e+00 1.620098720231083256e+00 1.107753573968892846e+00
1.565508757378216265e+00 1.623045044750279553e+00 1.104749744289688307e+00
1.567049053231473810e+00 1.626180132249913202e+00 1.101066608833055849e+00
1.570971139425664687e+00 1.634033205693236512e+00 1.094000089501583783e+00
1.571011950779795496e+00 1.634124662001952943e+00 1.093933684231555459e+00
1.572602633506765768e+00 1.637308320173586296e+00 1.091731474448102812e+00
1.574277400276752337e+00 1.640619380955960604e+00 1.090418637363209653e+00
1.575961912110967145e+00 1.643909161836400346e+00 1.089589816265137401e+00
1.577662394068644502e+00 1.647224499144779752e+00 1.089094446276872796e+00
1.577708917182071735e+00 1.647312113441585790e+00 1.089087388906690990e+00
1.579545989067005829e+00 1.650805729362317065e+00 1.089672695427423621e+00
1.581493756598258527e+00 1.654565661488132555e+00 1.093457288383328230e+00
1.583238596163266676e+00 1.657955257303766583e+00 1.098865386994531956e+00
1.583285302795065075e+00 1.658049610688876463e+00 1.098998863285584715e+00
1.585045245596825358e+00 1.661536978212206250e+00 1.103152451118597499e+00
1.585091448830001193e+00 1.661628391219293732e+00 1.103212515382046011e+00
1.586769224439333215e+00 1.665017771909277577e+00 1.104244821719421399e+00
1.588235511624912943e+00 1.667989271911444638e+00 1.103563387628909043e+00
1.589907210698050744e+00 1.671439900110097465e+00 1.101743250655526696e+00
1.591508885299687259e+00 1.674685651490577465e+00 1.099961660069729286e+00
1.593076405763961034e+00 1.677837992008805568e+00 1.098495648094322430e+00
1.594691607967748670e+00 1.681105771969332752e+00 1.097618516422232737e+00
1.596350568372553624e+00 1.684416096265449969e+00 1.096030422575803298e+00
1.597802310521608815e+00 1.687303492289034867e+00 1.093753896847410534e+00
1.599571466785919327e+00 1.690839561668187496e+00 1.091431349270912232e+00
1.601274187923380943e+00 1.694217111830875977e+00 1.089859218740088620e+00
1.603071417907162344e+00 1.697673644209900079e+00 1.088728773980329301e+00
1.603116460981716784e+00 1.697762628083010927e+00 1.088705834512585291e+00
1.604791530499262819e+00 1.700994608562755417e+00 1.088203269783453830e+00
1.606578640357996246e+00 1.704394506372236329e+00 1.089725793063965664e+00
1.608500566420565381e+00 1.708076636508143231e+00 1.093650863958406827e+00
1.610196825869677495e+00 1.711381108108769311e+00 1.096418365694327601e+00
1.612015530133481755e+00 1.714942135432564019e+00 1.098507463289612796e+00
1.612062369669630568e+00 1.715031701056295432e+00 1.098540422101222269e+00
1.613750532500503265e+00 1.718401269545385190e+00 1.098899102468543942e+00
1.615520699441911345e+00 1.721971884590993263e+00 1.098607712717226237e+00
1.615564284837508913e+00 1.722060479570955760e+00 1.098599981202584841e+00
1.617468935293815413e+00 1.725866814709878128e+00 1.098197602813747231e+00
1.617512719221868567e+00 1.725953279983090560e+00 1.098189760503309964e+00
1.619212667720836718e+00 1.729389333637428416e+00 1.097370289422397782e+00
1.620880710974920591e+00 1.732704244116487269e+00 1.094833308312489928e+00
1.622692459571669854e+00 1.736329420070310769e+00 1.091358276251580772e+00
1.624614169206821002e+00 1.740150627685957296e+00 1.088438510880226140e+00
1.626247615356063436e+00 1.743332053832483908e+00 1.086553785322020849e+00
1.628029665518395452e+00 1.746715563595277576e+00 1.085656254710165136e+00
1.629824440046710343e+00 1.750094780199844546e+00 1.085764709312163845e+00
1.629871735037544456e+00 1.750183236775276541e+00 1.085801724667686763e+00
1.631626290252043754e+00 1.753527991409163711e+00 1.088236622164460377e+00
1.631673677884984741e+00 1.753616107343899166e+00 1.088321292729400813e+00
1.633650535066936138e+00 1.757390192693735198e+00 1.091164883402168106e+00
1.635379797749492159e+00 1.760734101882966307e+00 1.093148065704759864e+00
1.637176306147157367e+00 1.764194015500506030e+00 1.094627868303366780e+00
1.637221963322859963e+00 1.764283866007246182e+00 1.094659283955934148e+00
1.638995565081820871e+00 1.767766658704696958e+00 1.095392767365467979e+00
1.639042001371555646e+00 1.767858022234460424e+00 1.095393505491616626e+00
1.640674658578426870e+00 1.771057131277743890e+00 1.095317499685613205e+00
1.642585653055245620e+00 1.774808362544052276e+00 1.095070528160044132e+00
1.644490408303758588e+00 1.778535612693828316e+00 1.094759361501005390e+00
1.646117794659308409e+00 1.781745631725657919e+00 1.094456475841653287e+00
1.647715870456340825e+00 1.784923892179643978e+00 1.093409855423975507e+00
1.649121862711442343e+00 1.787658410935856423e+00 1.091324322052594553e+00
1.650770683963605823e+00 1.790894656062410384e+00 1.088376697215982070e+00
1.652504766992636265e+00 1.794343916443572606e+00 1.085767429469306267e+00
1.654141778112742101e+00 1.797494577805638816e+00 1.084366639729325454e+00
1.656045790577443722e+00 1.801092328652791563e+00 1.085040323446888832e+00
1.657351107989762706e+00 1.803574123984095889e+00 1.087460038048468025e+00
1.658175642088525636e+00 1.805169183598902549e+00 1.089682419797421309e+00
1.659987352409695749e+00 1.808654227713281770e+00 1.095786662019260671e+00
1.661819948044514161e+00 1.812226595896033743e+00 1.099554000249536756e+00
1.663479693151112437e+00 1.815530091119332834e+00 1.100046017515178942e+00
1.664949066201385719e+00 1.818496761666526851e+00 1.099000325820379098e+00
1.664990390623877214e+00 1.818578069245991635e+00 1.098949900282193637e+00
1.669023617670331028e+00 1.826661476939191342e+00 1.091789282052237464e+00
1.669069704097391194e+00 1.826748320365874978e+00 1.091704031986555190e+00
1.670617051235247841e+00 1.829851973889259353e+00 1.088722163358001982e+00
1.672208473179639832e+00 1.832952725153092821e+00 1.084992006258988839e+00
1.674014869076035250e+00 1.836445208349391844e+00 1.081328376744828734e+00
1.674058380844215987e+00 1.836535660710950646e+00 1.081242318916019851e+00
1.675780273501650264e+00 1.839835503724938981e+00 1.078965279244547437e+00
1.677607216886588315e+00 1.843300914293323434e+00 1.077680338228631074e+00
1.679191715936019014e+00 1.846222225533895589e+00 1.077197004123969792e+00
1.680992630148491651e+00 1.849579542360482609e+00 1.078899755310321673e+00
1.682871958933874756e+00 1.853115327732885120e+00 1.083513851730081301e+00
1.684795676737351311e+00 1.856755200903431380e+00 1.090709286908136066e+00
1.686605886054965975e+00 1.860254422449683975e+00 1.097899599361945366e+00
1.688330600162483597e+00 1.863641415090886877e+00 1.101753184390549478e+00
1.689903336363242969e+00 1.866815946491914513e+00 1.102787694349675940e+00
1.691470895607952940e+00 1.870079960382077910e+00 1.101654085525447968e+00
1.692750336570769010e+00 1.872667486321935471e+00 1.098857898264786748e+00
1.694268159629644943e+00 1.875736451769839164e+00 1.093161315734790362e+00
1.695921837545873112e+00 1.879015855090411025e+00 1.087056496134478412e+00
1.697575628922289415e+00 1.882309379429172314e+00 1.080749833259190940e+00
1.699308603741537027e+00 1.885559558233782074e+00 1.074447637819150536e+00
1.701134539172786342e+00 1.888986249779521565e+00 1.069162037548333721e+00
1.703055743685512713e+00 1.892548121069730138e+00 1.066204841558676897e+00
1.704810331999808692e+00 1.895753382872247261e+00 1.064658360106051971e+00
1.705060015868662182e+00 1.896208468852265128e+00 1.064536339458708625e+00
1.706925242781521801e+00 1.899575329298969217e+00 1.064863631627285034e+00
1.708771796531161291e+00 1.902918345325537164e+00 1.068207087439744907e+00
1.710795399689827745e+00 1.906671341513388018e+00 1.074620869593626349e+00
1.712831621030286078e+00 1.910453334151306581e+00 1.082244208221755821e+00
1.714471966300405992e+00 1.913548384452887774e+00 1.086687165968305058e+00
1.716141526895370584e+00 1.916748071884281757e+00 1.088335943199841616e+00
1.717732346078991501e+00 1.919910694298909704e+00 1.087791990837255751e+00
1.719258335957751571e+00 1.922907404718229740e+00 1.084990169852068531e+00
1.720816538414561059e+00 1.925888762707163471e+00 1.080508846764187680e+00
1.722412651878040046e+00 1.928961553462313461e+00 1.075656824282938517e+00
1.724154315573467988e+00 1.932227386040235029e+00 1.070442371738109744e+00
1.725752785393100508e+00 1.935230935494450133e+00 1.065699281579877367e+00
1.727401890038905430e+00 1.938298685071055960e+00 1.062230054610863172e+00
1.729308862925566403e+00 1.941779541541007070e+00 1.059449117718286981e+00
1.729359195169333674e+00 1.941868687525140080e+00 1.059407177181288073e+00
1.731277366169873710e+00 1.945260627650671648e+00 1.059113914775381193e+00
1.733020142465879765e+00 1.948381957690224819e+00 1.061229094412449614e+00
1.734804963921563026e+00 1.951623804185583566e+00 1.065460859933776483e+00
1.736860681199174472e+00 1.955392467972879800e+00 1.072478093916230613e+00
1.738874562956514103e+00 1.959103484018536623e+00 1.079132335364228812e+00
1.740716214481594193e+00 1.962544365159862858e+00 1.082140366417076782e+00
1.742318832313782817e+00 1.965625339745042943e+00 1.082291338386798696e+00
1.743946008814045490e+00 1.968785555929656983e+00 1.080121837309244492e+00
1.745700366647632951e+00 1.972140807503418802e+00 1.074562151536321286e+00
1.747410782440518506e+00 1.975323030871282581e+00 1.067682596376822390e+00
1.748939699416717675e+00 1.978116960176326433e+00 1.061716012710177015e+00
1.750544137009953927e+00 1.981106079361846239e+00 1.056676510221226994e+00
1.752518596673211082e+00 1.984702644970528063e+00 1.051952373744393876e+00
1.754502354470486747e+00 1.988255639807297026e+00 1.048787095791492652e+00
1.756397356774765939e+00 1.991523667705331180e+00 1.048217659255943568e+00
1.758484830578500135e+00 1.995164144052651300e+00 1.050586221964265432e+00
1.760517963466307512e+00 1.998721089904037296e+00 1.055962844533962386e+00
1.762167767575667066e+00 2.001647057935781682e+00 1.061092268706292474e+00
1.766900742146136016e+00 2.010198624553315661e+00 1.070135763256471639e+00
1.766948015470123590e+00 2.010286925471597375e+00 1.070215334948128483e+00
1.768596816583177134e+00 2.013298243144361788e+00 1.072544925426978768e+00
1.770132549402524180e+00 2.016193010896789151e+00 1.073022944946996349e+00
1.771587885649879235e+00 2.018987290169325544e+00 1.071719586474986441e+00
1.773110550277552155e+00 2.021858799483713831e+00 1.068689602254126125e+00
1.773181297090598019e+00 2.021981175841359502e+00 1.068511934974574196e+00
1.774501066164391849e+00 2.024444052315311104e+00 1.063737184649874434e+00
1.776312182969661979e+00 2.027799407442361090e+00 1.055159979108125201e+00
1.778304853270786134e+00 2.031394804925848785e+00 1.046471468726009268e+00
1.780252094824235076e+00 2.034852367097835568e+00 1.039982766927141533e+00
1.782350333959647370e+00 2.038456859495494378e+00 1.036714205712928161e+00
1.784336341902448941e+00 2.041829697491891249e+00 1.036282110527179556e+00
1.786491450282176263e+00 2.045507871302964187e+00 1.038916592373290815e+00
1.786546107666736383e+00 2.045598406053639629e+00 1.039015177848974014e+00
1.788589748935169199e+00 2.049100237547153647e+00 1.043134183815955573e+00
1.790529050687771795e+00 2.052410466922230281e+00 1.046425880249163054e+00
1.792380990260516116e+00 2.055606128939226895e+00 1.048809441532327025e+00
1.794200833795708494e+00 2.058826607817843435e+00 1.049294339807728793e+00
1.796039221033657540e+00 2.062111054818945632e+00 1.047472181714327100e+00
1.797500078323466477e+00 2.064706960730414931e+00 1.043961327805665196e+00
1.799388168760004625e+00 2.067977627798464724e+00 1.038251280144428579e+00
1.801555246579594982e+00 2.071761111542637313e+00 1.032272090043693469e+00
1.801603240368841119e+00 2.071844605857289245e+00 1.032139695532859003e+00
1.803542413035502889e+00 2.075159781436681783e+00 1.027827205992750237e+00
1.805475957858926561e+00 2.078392423859604321e+00 1.026079254414991260e+00
1.807690204678616519e+00 2.082055210943774881e+00 1.026947681517916600e+00
1.809414470063260172e+00 2.084919397833354004e+00 1.028670035679524641e+00
1.811510972116821216e+00 2.088396470878043143e+00 1.030851959361605896e+00
1.813547012321867768e+00 2.091781890886567297e+00 1.032496389406782900e+00
1.813601629682620064e+00 2.091872113459109173e+00 1.032512275176252547e+00
1.815663638973242788e+00 2.095350172423252388e+00 1.032939542938489330e+00
1.815713908402127874e+00 2.095435259006106499e+00 1.032923985468172656e+00
1.817710559168667306e+00 2.098805545570812114e+00 1.032030746513452391e+00
1.819582897551498046e+00 2.101984656938498564e+00 1.031001406006470500e+00
1.821408912683587955e+00 2.105072084804232802e+00 1.029960209320924358e+00
1.823581742681081863e+00 2.108800356935693010e+00 1.028167698098000349e+00
1.825440423900875242e+00 2.111928430123627187e+00 1.024463435826319380e+00
1.825538544701477361e+00 2.112096281298033951e+00 1.024230008668149283e+00
1.827466257345714773e+00 2.115318253291797568e+00 1.020312649168507280e+00
1.829465442133888287e+00 2.118603358403325920e+00 1.018953880507053045e+00
1.831434380475615908e+00 2.121803374708307821e+00 1.020021919721911585e+00
1.833464685749827350e+00 2.125127817876877767e+00 1.023483561713185663e+00
1.833515560421954849e+00 2.125214322620271545e+00 1.023602135864793539e+00
1.835499690320255173e+00 2.128481496293249897e+00 1.027048867636744856e+00
1.835603407090158123e+00 2.128655249786690185e+00 1.027149647588610604e+00
1.837279269942968085e+00 2.131477189290979624e+00 1.027713416847144456e+00
1.838898391355568318e+00 2.134272106559280680e+00 1.026382100405887732e+00
1.840702984670769871e+00 2.137328453248048987e+00 1.022645343954524444e+00
1.842645880510848766e+00 2.140622372986023869e+00 1.017580306943393076e+00
1.844583753522917924e+00 2.143820810842306912e+00 1.012894749222718715e+00
1.846275675405212313e+00 2.146550250432499141e+00 1.009543596189870662e+00
1.848278648598695728e+00 2.149821816831171795e+00 1.007029212838354448e+00
1.850145284311539573e+00 2.152820246508135860e+00 1.005381155948555927e+00
1.852055116875961804e+00 2.155832137079890742e+00 1.004262247471817027e+00
1.854078414632638339e+00 2.159002925744527790e+00 1.004192394877954309e+00
1.856241849992668946e+00 2.162403278489655634e+00 1.006293335974604020e+00
1.858359861998650109e+00 2.165753625073900679e+00 1.008658414374441037e+00
1.858414198361661107e+00 2.165841715263682410e+00 1.008713408349771967e+00
1.860594884491491463e+00 2.169306521561946255e+00 1.009985894732072120e+00
1.860650011321938413e+00 2.169391898495180104e+00 1.009984551631545768e+00
1.862567780648765936e+00 2.172465879772234487e+00 1.009662941541000114e+00
1.864360073527693284e+00 2.175353118380732198e+00 1.009011671111264441e+00
1.866354412787530448e+00 2.178556589863868354e+00 1.008149132433068473e+00
1.868379966616735555e+00 2.181816021393900851e+00 1.006887716209473371e+00
1.868432814473025338e+00 2.181901603288351588e+00 1.006818188280533599e+00
1.870362957517600844e+00 2.185030072743638030e+00 1.003536389771926274e+00
1.872021446290081492e+00 2.187711600936872003e+00 9.986934367164158610e-01
1.876400266765242852e+00 2.194623234946442736e+00 9.865233741079715291e-01
1.878328624309577144e+00 2.197575608475918152e+00 9.817534477765248457e-01
1.880222382956018290e+00 2.200444049878528485e+00 9.780963315318181861e-01
1.882332915961546060e+00 2.203569838369224598e+00 9.762076272679056643e-01
1.884505539500654692e+00 2.206802549528536161e+00 9.768311412459237397e-01
1.886707832939860552e+00 2.210066810464933695e+00 9.794551140656853061e-01
1.888838756408468544e+00 2.213228968048070122e+00 9.822432692571042567e-01
1.890953124225050352e+00 2.216403914040895540e+00 9.844191318295798521e-01
1.892989130662513730e+00 2.219489483177396583e+00 9.848993656510783845e-01
1.893048366094288948e+00 2.219573428429830297e+00 9.848926419344042893e-01
1.894887482145004354e+00 2.222392938076355406e+00 9.841007201220470790e-01
1.897043984925564475e+00 2.225718145882299659e+00 9.824720500284889191e-01
1.899089678380917467e+00 2.228874564469896402e+00 9.808340368790566810e-01
1.901107528291775095e+00 2.232009303111979204e+00 9.784196217194545131e-01
1.903104110132396443e+00 2.235036710961445294e+00 9.749155896751121597e-01
1.903161396128952410e+00 2.235117185987861799e+00 9.747990084376516595e-01
1.905182006409998685e+00 2.238163730499095116e+00 9.709917278235941085e-01
1.907468979557215727e+00 2.241524141727202490e+00 9.692386920327725752e-01
1.907528398606436415e+00 2.241609238604526766e+00 9.692297800873505009e-01
1.909639073032218581e+00 2.244677368896570879e+00 9.703383219583644470e-01
1.909979993422388889e+00 2.245178603903423387e+00 9.707205024253271475e-01
1.912020496534115876e+00 2.248171526647960494e+00 9.728404997528993237e-01
1.914119735664570721e+00 2.251249641212663910e+00 9.743449272217975521e-01
1.916180084179832877e+00 2.254299462171689861e+00 9.754534715170051218e-01
1.917966244183118452e+00 2.256966602549064227e+00 9.755381282770597684e-01
1.919985228145702383e+00 2.260033531640154969e+00 9.739049835423571055e-01
1.921956345246754072e+00 2.262953988153350693e+00 9.700518467034937586e-01
1.924013082465579005e+00 2.265988212272120883e+00 9.636941827120153459e-01
1.924067308497154238e+00 2.266065876604047347e+00 9.635249189770025424e-01
1.926130429258884780e+00 2.269136953223770625e+00 9.580451177549501596e-01
1.928197472994239048e+00 2.272166387027474421e+00 9.538434818115317793e-01
1.930466896212063688e+00 2.275435733566725460e+00 9.505105189500913099e-01
1.932764556394586997e+00 2.278642191670185113e+00 9.500896514479396648e-01
1.932822023575484938e+00 2.278724696668889660e+00 9.501225125236303359e-01
1.934904416495468071e+00 2.281637738394424630e+00 9.517477016857642802e-01
1.937122246942021508e+00 2.284749776314951575e+00 9.519874168131056136e-01
1.939493349776907127e+00 2.288097452831930667e+00 9.513021428261262402e-01
1.939607996749280749e+00 2.288261150812278100e+00 9.512434503280945419e-01
1.941717335610406492e+00 2.291281166051281293e+00 9.496306549054457369e-01
1.944005840315280675e+00 2.294527367586439937e+00 9.475784523581919361e-01
1.944059160148154719e+00 2.294608821764183126e+00 9.475319394254472227e-01
1.946229038553060953e+00 2.297694908879241993e+00 9.456666439714127570e-01
1.948379080534936136e+00 2.300725872789586735e+00 9.437761633172969677e-01
1.950642317282519800e+00 2.303864294239118315e+00 9.418961453950617235e-01
1.952841682474847795e+00 2.306999581355875684e+00 9.391820202777007021e-01
1.955028083375520032e+00 2.310046764271439734e+00 9.354689632647614772e-01
1.957038153433118710e+00 2.312806504996983925e+00 9.338943716835108599e-01
1.959770307800415612e+00 2.316500220590327785e+00 9.341090149923734209e-01
1.962251884211898556e+00 2.319856101724169672e+00 9.351214432000957144e-01
1.964498299116162139e+00 2.322911454056472813e+00 9.360007871664787205e-01
1.966816445895908760e+00 2.326080267043704186e+00 9.359089541010867652e-01
1.966876754326605248e+00 2.326164459372655813e+00 9.358900371771367022e-01
1.969044358692858543e+00 2.329154000719784623e+00 9.350120646701505223e-01
1.971275719697029416e+00 2.332411755147476562e+00 9.320697840990301852e-01
1.973452750940619671e+00 2.335393943085832813e+00 9.263979363060929062e-01
1.975292484892370748e+00 2.337898425065279895e+00 9.210871452759157307e-01
1.977402379489536566e+00 2.340714404449129926e+00 9.158539999075182569e-01
1.977638860699847623e+00 2.341041408831621595e+00 9.153325898989600473e-01
1.979969567240429162e+00 2.344133689939131848e+00 9.108215227644836931e-01
1.982336896744960830e+00 2.347162393045057804e+00 9.089371767466660756e-01
1.984701974385276735e+00 2.350215893672543910e+00 9.096998624270342670e-01
1.986939651936668660e+00 2.353114320300569773e+00 9.128824711144508663e-01
1.992640512922231100e+00 2.360601453273291295e+00 9.168795760167318676e-01
1.994602680571669007e+00 2.363216801399778966e+00 9.155659618617821849e-01
1.996580606770399502e+00 2.365825345608460140e+00 9.129491661437655337e-01
1.998661798364520514e+00 2.368605674666156347e+00 9.080892674954700317e-01
1.998892219495366662e+00 2.368912058465765913e+00 9.075066676153459300e-01
2.000950157681112174e+00 2.371611354650903003e+00 9.023998800796246833e-01
2.003014342597056796e+00 2.374276424055479229e+00 8.980821866100486828e-01
2.005095686512549769e+00 2.376937208500393695e+00 8.945993969289397496e-01
2.007559409286829410e+00 2.379992139598757106e+00 8.928889492976382902e-01
2.009884291335905182e+00 2.382896292653461146e+00 8.933202550046165369e-01
2.012269771126324436e+00 2.385858315014842024e+00 8.926496323736097249e-01
2.014595015585201043e+00 2.388758783801010033e+00 8.910908229175168449e-01
2.016800946262131689e+00 2.391494917814286136e+00 8.892329037411967896e-01
2.019477571967558838e+00 2.394828493414867143e+00 8.868064876437358190e-01
2.019542137368707024e+00 2.394904766063786994e+00 8.867432609331589166e-01
2.021796336577980302e+00 2.397710386931334092e+00 8.846498378293561338e-01
2.024191480258553444e+00 2.400648386987515259e+00 8.824796138897591513e-01
2.026390436713869647e+00 2.403364860055921870e+00 8.804760455395337360e-01
2.028432868455058991e+00 2.405901637438269791e+00 8.780968665531937445e-01
2.030627966515598626e+00 2.408591207847460502e+00 8.751523264842039351e-01
2.033031071960936131e+00 2.411471120028678250e+00 8.737526421482605388e-01
2.035227565160290464e+00 2.414090858739033507e+00 8.730347321637704772e-01
2.037818135903316730e+00 2.417172784168085897e+00 8.722235045302064727e-01
2.037947110065507328e+00 2.417329292168092447e+00 8.721729011243763985e-01
2.040330330036970619e+00 2.420155475858206451e+00 8.710923509324598468e-01
2.042847975768072200e+00 2.423138861365081276e+00 8.695666023812568257e-01
2.045117526094546889e+00 2.425814428260361311e+00 8.680429332373504892e-01
2.047233470944477052e+00 2.428327428904669016e+00 8.664006465981624050e-01
2.049277000876183585e+00 2.430760480933435552e+00 8.643514311811271167e-01
2.051519272492684287e+00 2.433440877318663986e+00 8.601606579452856227e-01
2.053685267699546735e+00 2.435988290240632903e+00 8.552106329217344927e-01
2.055950321702469274e+00 2.438607513522820014e+00 8.506497266982840921e-01
2.058350248750452138e+00 2.441377020907080198e+00 8.484574958295207914e-01
2.058486733445274108e+00 2.441528769575593394e+00 8.484056360538244634e-01
2.061079550049100817e+00 2.444463549543413272e+00 8.484908028510107503e-01
2.063557970170894151e+00 2.447289552133222301e+00 8.495194201926127286e-01
2.063621250628059567e+00 2.447366706299945349e+00 8.495528866513881727e-01
2.065860909875353979e+00 2.449908611276811143e+00 8.497618348204136751e-01
2.068186183135352962e+00 2.452538390668721924e+00 8.490621565740821275e-01
2.070751562455035444e+00 2.455482796137829826e+00 8.478651643174917041e-01
2.073243841463705994e+00 2.458358043180089325e+00 8.460652978588247830e-01
2.075677506847547260e+00 2.461248713199130300e+00 8.422064882308789580e-01
2.078017029565450535e+00 2.463849771561132496e+00 8.368571707213312560e-01
2.080706833284992729e+00 2.466866368929643727e+00 8.310622302506848191e-01
2.083152276442347350e+00 2.469585823613194897e+00 8.284969899406240401e-01
2.085740317639327213e+00 2.472401670147129860e+00 8.282629482150294375e-01
2.088455229549081249e+00 2.475389003035310065e+00 8.291872933718696936e-01
2.091018433965645240e+00 2.478171893863936770e+00 8.296686635091812256e-01
2.093783097220118794e+00 2.481208639457827658e+00 8.293809472817366135e-01
2.093852588536821102e+00 2.481282886346204197e+00 8.293429627517513447e-01
2.096368751294591437e+00 2.484049481114698477e+00 8.268704494872838318e-01
2.098434702994142143e+00 2.486481468862752564e+00 8.223169649891556299e-01
2.101066465821574969e+00 2.489347415451345302e+00 8.149600054772655477e-01
2.101131733978779614e+00 2.489417699372642900e+00 8.147760460873681998e-01
2.103599290606370076e+00 2.492075000719769395e+00 8.086690156133767848e-01
2.103946207890857956e+00 2.492441825660917765e+00 8.080113190095919995e-01
2.106760446646503748e+00 2.495410949948519530e+00 8.045140564444321907e-01
2.109795115372209651e+00 2.498562376800834706e+00 8.041204824243782801e-01
2.109867544479864687e+00 2.498633770685540600e+00 8.041511466754206472e-01
2.112318815319900178e+00 2.501186362710742905e+00 8.054298573657499016e-01
2.114607908350226495e+00 2.503575591156012692e+00 8.063777588586580336e-01
2.117369967386192098e+00 2.506476426884499453e+00 8.064190935865636067e-01
2.119841567943726357e+00 2.509125937435599862e+00 8.040584733552375019e-01
2.122150347391911218e+00 2.511581753351950219e+00 7.994188289329315911e-01
2.124708323189466341e+00 2.514224846997761276e+00 7.928564514647505890e-01
2.124776443529168724e+00 2.514292515076498091e+00 7.926728826282949392e-01
2.127214420441555731e+00 2.516787011976919786e+00 7.865379223884458870e-01
2.130057214399948329e+00 2.519730264054134139e+00 7.810913585741133813e-01
2.132557453922257817e+00 2.522242601829388420e+00 7.773668181205167782e-01
2.135222420337294924e+00 2.524858662376077589e+00 7.756670643151490907e-01
2.137795653382654759e+00 2.527384063273520276e+00 7.762529687804327061e-01
2.140256125009219801e+00 2.529812111986021961e+00 7.778498888796775423e-01
2.142753872266587312e+00 2.532277249022527599e+00 7.793001247907962448e-01
2.145222742806204508e+00 2.534744505861491248e+00 7.784027142837424140e-01
2.147559888043349297e+00 2.537138071776683823e+00 7.756119959067272474e-01
2.149638012066430015e+00 2.539241563861260431e+00 7.712524611711492062e-01
2.155594292474179774e+00 2.545066517269019890e+00 7.565224178715794778e-01
2.158208049152277486e+00 2.547525477039554787e+00 7.507077168516889110e-01
2.161172484766524793e+00 2.550326376702236608e+00 7.455110863743014127e-01
2.163659344865100920e+00 2.552607667895352428e+00 7.435209029241663936e-01
2.166637871537402393e+00 2.555336992153459441e+00 7.423354763684175683e-01
2.166711020653121267e+00 2.555406223435801927e+00 7.422959424326394107e-01
2.169835107435191368e+00 2.558270102791887712e+00 7.402699681129455422e-01
2.172677328270253838e+00 2.560855628307650900e+00 7.381287813507159123e-01
2.175364416854908889e+00 2.563295394369117908e+00 7.360184442434525298e-01
2.178204719159226865e+00 2.565865251428627758e+00 7.335310401525919621e-01
2.180846187518938883e+00 2.568251807914592177e+00 7.313601933665928589e-01
2.183358639725483830e+00 2.570491920148668896e+00 7.312067747819143149e-01
2.185988281985006498e+00 2.572861835570625644e+00 7.326164458110371314e-01
2.188362065987070171e+00 2.574991103877603216e+00 7.337041863454523138e-01
2.190809387996903279e+00 2.577209091616079029e+00 7.338622167076026548e-01
2.193751582023924840e+00 2.579876254661360502e+00 7.327148781375018016e-01
2.196236953133476888e+00 2.582144481639292444e+00 7.307637920787113384e-01
2.198759383206896345e+00 2.584580319933802883e+00 7.267518042686588187e-01
2.201272067391036202e+00 2.586850084872212463e+00 7.209064473242124960e-01
2.204208822904386800e+00 2.589487719788556852e+00 7.129064924012590287e-01
2.204280933303101708e+00 2.589552851570482872e+00 7.127158747284227935e-01
2.207170933654071021e+00 2.592131004751775158e+00 7.055235376835253813e-01
2.207245382740909090e+00 2.592192648654636500e+00 7.053718207880997904e-01
2.210536170751208562e+00 2.595022820314165202e+00 7.008323838061744082e-01
2.213700264379456772e+00 2.597680104329446849e+00 6.997992122197486120e-01
2.216464878256207527e+00 2.600024418868432274e+00 7.005185211865598838e-01
2.219062170019955982e+00 2.602199326295727033e+00 7.008980230300086989e-01
2.222143827506135150e+00 2.604798546079592381e+00 7.000149592980502433e-01
2.224783264724297105e+00 2.607078761739034078e+00 6.971683179465936187e-01
2.227297384876358866e+00 2.609207873786520082e+00 6.926851100606430389e-01
2.230122759739112226e+00 2.611599539805003367e+00 6.867932506269468496e-01
2.232637907319497295e+00 2.613705235407467242e+00 6.818078082684748686e-01
2.235771032801284974e+00 2.616266207016709089e+00 6.783231464311454406e-01
2.238772683140947350e+00 2.618666229892089525e+00 6.764828051626148309e-01
2.241591381146113893e+00 2.620932792572720604e+00 6.751361501738325499e-01
2.244789749147393376e+00 2.623485521232872486e+00 6.733886977829457443e-01
2.248149341926362954e+00 2.626164301888744390e+00 6.710341737993167355e-01
2.250880615793112050e+00 2.628337014442660546e+00 6.689107436386524386e-01
2.253355271669026827e+00 2.630318568104623278e+00 6.664049229952289100e-01
2.256433588142156221e+00 2.632788589243110877e+00 6.621834057444899724e-01
2.259638677005712193e+00 2.635334343881396535e+00 6.577109102754015169e-01
2.262871289642744976e+00 2.637884303884210357e+00 6.534501118001552200e-01
2.265516812433349347e+00 2.639969360966389900e+00 6.501041060711221231e-01
2.268483215473396708e+00 2.642275155291331501e+00 6.467528911720420437e-01
2.271803217874064806e+00 2.644817342827505691e+00 6.431812231948280667e-01
2.274903106100920169e+00 2.647170955008081528e+00 6.399545570192469723e-01
2.278086768675800844e+00 2.649589912590756491e+00 6.366190638580412342e-01
2.281040265267992417e+00 2.651808447464806484e+00 6.335444607062322708e-01
2.284204193750082990e+00 2.654151931436471656e+00 6.306572191106809555e-01
2.284290345770185304e+00 2.654215701561805751e+00 6.305993918290409006e-01
2.287203617506623488e+00 2.656326797032722009e+00 6.293104202997324981e-01
2.290375057308912332e+00 2.658678017952123440e+00 6.262989510620017297e-01
2.290449289738985872e+00 2.658731095792315369e+00 6.262077728349433325e-01
2.293262389134081314e+00 2.660814942608087375e+00 6.218655417942159369e-01
2.296177587100784567e+00 2.662950014779775998e+00 6.170161625512763370e-01
2.299298970210900794e+00 2.665214419506487076e+00 6.119751095122999418e-01
2.302307463294927636e+00 2.667354687018068660e+00 6.076870295313940851e-01
2.305094345586162330e+00 2.669305017118669632e+00 6.042902953076333405e-01
2.307910448011382787e+00 2.671234445703558613e+00 6.016316404805648332e-01
2.310674723894918792e+00 2.673129575827213777e+00 6.011245673936430611e-01
2.314095481928447384e+00 2.675492022180954166e+00 6.014694111998155623e-01
2.314180478513904848e+00 2.675549338075523753e+00 6.014778847686577112e-01
2.317144012124330743e+00 2.677583421211970016e+00 6.009554933970927548e-01
2.324251288265660520e+00 2.682522202660690969e+00 5.908903495000775719e-01
2.324405767730628458e+00 2.682628608662962044e+00 5.906268086318142707e-01
2.327529099369605614e+00 2.684771638375561764e+00 5.847151424899966754e-01
2.330532072249034137e+00 2.686807873952719916e+00 5.788498509911640388e-01
2.333845764473816420e+00 2.689036234120247837e+00 5.730319984386558207e-01
2.334009843366261272e+00 2.689145094406011793e+00 5.728034657628516824e-01
2.336823570015044371e+00 2.690947347327218964e+00 5.700970086195754627e-01
2.340478482132554827e+00 2.693294268556691851e+00 5.682207729661820084e-01
2.343618210225095755e+00 2.695301128452551875e+00 5.667012878673931553e-01
2.343957881787348096e+00 2.695518176528503229e+00 5.665349265985218929e-01
2.347074629203636853e+00 2.697490889645004053e+00 5.646651478436524041e-01
2.350361645683409773e+00 2.699576829520783594e+00 5.618982139833441636e-01
2.353566911483412571e+00 2.701594986298661016e+00 5.590402159584371145e-01
2.353651863756152096e+00 2.701645731155156938e+00 5.589607187574245906e-01
2.356446196739621080e+00 2.703391537107968645e+00 5.564358225755252629e-01
2.359511748572224121e+00 2.705374824261093547e+00 5.524060954100067367e-01
2.362826840761393488e+00 2.707477990990611261e+00 5.471255626592066434e-01
2.365907224077620885e+00 2.709401525954823420e+00 5.422121930331083028e-01
2.369087205608897850e+00 2.711341973252944015e+00 5.375419251672829413e-01
2.371894089841614317e+00 2.713056242805956142e+00 5.338758055990022733e-01
2.374991987376962932e+00 2.714916361470942618e+00 5.302712167759159323e-01
2.377941953109638185e+00 2.716667506995402270e+00 5.269919028945321271e-01
2.378289980213366128e+00 2.716873240901196418e+00 5.266134606532780760e-01
2.381601286066618695e+00 2.718808947122881570e+00 5.234641796229390076e-01
2.384655998325226012e+00 2.720580730216138221e+00 5.222691364897203981e-01
2.387542690687562086e+00 2.722240870745621599e+00 5.217383848959339376e-01
2.391013272973301795e+00 2.724224054576025011e+00 5.207417604489967822e-01
2.394287661123985167e+00 2.726113376803771082e+00 5.190599026241625724e-01
2.394462364596929405e+00 2.726213217692705193e+00 5.189581666282366834e-01
2.397611884875798793e+00 2.728022037595247085e+00 5.162974372682457291e-01
2.400574535449036873e+00 2.729739898846228030e+00 5.115162540129395419e-01
2.403697752226674034e+00 2.731466046802272896e+00 5.043573793763488355e-01
2.407218269362473961e+00 2.733454302727037710e+00 4.969576115921397474e-01
2.407306236941893829e+00 2.733507202704968719e+00 4.968045303219155162e-01
2.411084433502602931e+00 2.735597822318680983e+00 4.911113389044145516e-01
2.414370219653585892e+00 2.737370798052356946e+00 4.877466903566062273e-01
2.417496837163765733e+00 2.739027363623694811e+00 4.849093152017637243e-01
2.417954220178319957e+00 2.739271951076331035e+00 4.844998748273263156e-01
2.421243772915766090e+00 2.741015688129984085e+00 4.816050271496258306e-01
2.424816469837857813e+00 2.742886137303277572e+00 4.783777494197233859e-01
2.424906846752350020e+00 2.742930224324680921e+00 4.782961410633972954e-01
2.428646714813140317e+00 2.744868152552396801e+00 4.747137483170372207e-01
2.432388298927580905e+00 2.746809448618299676e+00 4.710498677287549563e-01
2.432478478424250135e+00 2.746858068534896891e+00 4.709663788099905934e-01
2.435648126482242493e+00 2.748463839387649266e+00 4.687110095591233150e-01
2.438995889178441345e+00 2.750142900296818738e+00 4.682410760312950004e-01
2.442307414601455839e+00 2.751831379758565177e+00 4.677160916119708634e-01
2.445597545386692051e+00 2.753514014736399229e+00 4.662281638709671050e-01
2.448389671430551751e+00 2.754957249188927371e+00 4.632062175233111478e-01
2.451501615140573964e+00 2.756522797914089828e+00 4.573861305430607649e-01
2.451582553824464661e+00 2.756563615349423735e+00 4.572093499514784942e-01
2.454754274457906504e+00 2.758137174827169247e+00 4.506020421897535266e-01
2.457833693278146825e+00 2.759665291393627040e+00 4.453765107238647492e-01
2.461307204232045631e+00 2.761345126026748531e+00 4.404021539797613460e-01
2.464372019361934285e+00 2.762808006315843556e+00 4.367555307017213506e-01
2.467829606970624479e+00 2.764442419691941044e+00 4.330975893963788237e-01
2.471379277292645948e+00 2.766096402423459999e+00 4.294924285839855083e-01
2.471468724110063686e+00 2.766135403821730510e+00 4.294003306010616416e-01
2.474927644088368517e+00 2.767729650555174281e+00 4.259206782355404175e-01
2.478669190037305015e+00 2.769433184755442312e+00 4.221627580950509939e-01
2.481950347202736218e+00 2.770918349007553072e+00 4.188686780534147114e-01
2.485027509387957245e+00 2.772283833275341891e+00 4.159044968801007269e-01
2.488686149403244841e+00 2.773881069606924044e+00 4.144560735665923645e-01
2.492283507498836759e+00 2.775473842200320895e+00 4.136273936110207439e-01
2.492377602003803094e+00 2.775515374445766792e+00 4.136010030356737643e-01
2.495407094764326761e+00 2.776850461775731027e+00 4.121388963679742390e-01
2.498762893110407113e+00 2.778363602555015355e+00 4.085712145433330611e-01
2.498920847153888403e+00 2.778434259411397100e+00 4.083488111091920225e-01
2.501742200088460599e+00 2.779647789487646570e+00 4.033959832116402189e-01
2.509105937115181373e+00 2.782849730808471200e+00 3.886034112777022598e-01
2.512475680463339689e+00 2.784261891824775681e+00 3.820761254828928255e-01
2.515908303994343065e+00 2.785682717068524106e+00 3.768470190353101490e-01
2.519448079629215353e+00 2.787081295758414790e+00 3.732307738233223704e-01
2.522620508767590142e+00 2.788327970376077047e+00 3.709103570451942056e-01
2.525756741404463046e+00 2.789531570896094159e+00 3.688764996017300235e-01
2.529521571236395427e+00 2.790988363244992776e+00 3.663533120023581002e-01
2.533154874615696883e+00 2.792365893978863145e+00 3.647842110665707183e-01
2.536607923585194602e+00 2.793679107417853746e+00 3.640120753738778081e-01
2.539886870758009785e+00 2.794931106659107378e+00 3.626029788248206764e-01
2.542863089791335351e+00 2.796079805343989477e+00 3.606682174386066086e-01
2.546112074846520468e+00 2.797317277450550144e+00 3.579742713005752419e-01
2.549647074826099757e+00 2.798655629424176006e+00 3.546066153053771819e-01
2.553082126089327719e+00 2.799980157146903625e+00 3.511585325782510258e-01
2.556593837371319289e+00 2.801317628915410474e+00 3.475062458570916668e-01
2.556687127533750381e+00 2.801351665053220863e+00 3.474058575350989497e-01
2.560317653704120122e+00 2.802719334101189563e+00 3.436807577172439343e-01
2.560409019756562099e+00 2.802751919566935701e+00 3.435553899163856229e-01
2.563507457913593246e+00 2.803889985568714049e+00 3.384980213458038678e-01
2.563957543195603428e+00 2.804041593248236097e+00 3.376671230462428008e-01
2.567671995058883994e+00 2.805383980164440239e+00 3.311382405205140489e-01
2.571062749377594603e+00 2.806599306866899735e+00 3.257109879609231262e-01
2.574450783968709633e+00 2.807769096850981860e+00 3.208163371109977735e-01
2.578326149914597742e+00 2.809082637266516080e+00 3.160154637002374756e-01
2.578421115440630018e+00 2.809111595481040613e+00 3.158983438882831951e-01
2.581951523505675361e+00 2.810293138752224529e+00 3.120953285630506668e-01
2.585235076489044381e+00 2.811352521076293520e+00 3.093070918389718704e-01
2.588886388664695559e+00 2.812521488912969048e+00 3.063876250153750869e-01
2.592611102271134893e+00 2.813682900210006999e+00 3.034366299026283742e-01
2.596243269817118282e+00 2.814844777566092304e+00 3.003210826734872829e-01
2.599794115399579830e+00 2.815959621107558597e+00 2.970875229474403967e-01
2.603718548299470914e+00 2.817179284065303158e+00 2.933680168903273766e-01
2.606972593834093743e+00 2.818180741927470478e+00 2.901821214518893188e-01
2.610299600370546091e+00 2.819157232781417832e+00 2.875271456508834422e-01
2.613970631868772543e+00 2.820238939942298018e+00 2.856935355770758855e-01
2.617423163646712236e+00 2.821251451429263923e+00 2.840401369863592151e-01
2.621169941939230696e+00 2.822351366624145097e+00 2.816268534129770518e-01
2.624515514705112906e+00 2.823336817999473780e+00 2.790093584605402022e-01
2.628345701296579406e+00 2.824456554292108734e+00 2.755999665879250160e-01
2.628441507907315788e+00 2.824482933751415459e+00 2.755122888815252913e-01
2.632427596427016958e+00 2.825615849599145246e+00 2.725091193619602614e-01
2.635938394272239194e+00 2.826586434858096908e+00 2.714219818076740731e-01
2.639500515382791068e+00 2.827591671544342766e+00 2.700347271602576149e-01
2.642859057436996117e+00 2.828574353244584394e+00 2.668138575874226537e-01
2.645653689003923503e+00 2.829339617216417579e+00 2.620145608324460085e-01
2.648767187949152557e+00 2.830195514227838771e+00 2.553074470106574956e-01
2.652446619923325866e+00 2.831220003655247730e+00 2.471283719419587188e-01
2.656209133606818540e+00 2.832217889300878699e+00 2.395615985873435494e-01
2.659602965130543506e+00 2.833092313598752021e+00 2.340953437999356290e-01
2.663243327469907662e+00 2.833986821935226885e+00 2.298231106059108741e-01
2.667216621682911182e+00 2.834918985372133271e+00 2.259065855720570892e-01
2.670987096985979026e+00 2.835789777875368678e+00 2.227205859317765713e-01
2.674761798823458658e+00 2.836641827371079394e+00 2.196077854154740439e-01
2.678113223507549101e+00 2.837393423174127349e+00 2.168440092831816213e-01
2.681475890929318151e+00 2.838141784318243488e+00 2.139389765833529244e-01
2.684862302065815776e+00 2.838873485647678940e+00 2.114728382214997315e-01
2.689119093165123875e+00 2.839781850068013647e+00 2.086679949177074889e-01
2.697416862595489295e+00 2.841532113405156323e+00 2.028453633517634802e-01
2.700876580502411972e+00 2.842249583728079898e+00 2.001324047908377701e-01
2.704113025650803248e+00 2.842901071349527964e+00 1.972027696366141503e-01
2.707508987926379618e+00 2.843573955927380492e+00 1.945967550974343763e-01
2.711533957245503057e+00 2.844373834290720104e+00 1.921623655931506136e-01
2.715616711645771897e+00 2.845156708531402234e+00 1.896880949036844344e-01
2.715718081611600443e+00 2.845175152611806979e+00 1.896269049513255589e-01
2.719740687579141447e+00 2.845938926270003666e+00 1.866247256744518745e-01
2.723684947609779083e+00 2.846694567440395840e+00 1.834271517987623168e-01
2.727307236667549262e+00 2.847396942301436251e+00 1.803848971943685098e-01
2.731523820699953475e+00 2.848192832241061012e+00 1.767279425944202065e-01
2.735221594623906682e+00 2.848853914425383049e+00 1.737592457752370756e-01
2.739242377374291770e+00 2.849547940392131551e+00 1.716810164183248388e-01
2.742606985648671891e+00 2.850128827186074965e+00 1.700133676138957661e-01
2.746374149126566522e+00 2.850791940767172239e+00 1.676790386428416157e-01
2.746570150781494579e+00 2.850824332613160372e+00 1.675528348716864013e-01
2.750281470876048573e+00 2.851485532114417687e+00 1.647442199846033128e-01
2.753891438659772817e+00 2.852174140941998726e+00 1.597643757027747136e-01
2.757172548771748666e+00 2.852703104748821161e+00 1.531911440411015402e-01
2.760365168212220333e+00 2.853192930717486142e+00 1.462291096413053382e-01
2.763891290190476635e+00 2.853751556746260576e+00 1.391241427463349167e-01
2.767839885180735315e+00 2.854380618358912436e+00 1.328307804770730294e-01
2.771387924660789981e+00 2.854860203783624151e+00 1.278882380797017326e-01
2.775092232023660177e+00 2.855331438049131698e+00 1.238232356633986175e-01
2.778797978034895699e+00 2.855794823763178947e+00 1.207269910498495469e-01
2.782888098656335796e+00 2.856288711822304371e+00 1.178674634443993147e-01
2.786983276191950853e+00 2.856766355882416342e+00 1.152405676252231254e-01
2.790686013805559362e+00 2.857186126945506999e+00 1.126256986625310819e-01
2.794063142752203355e+00 2.857563770028024752e+00 1.101783985485841055e-01
2.797663996035567369e+00 2.857975826860578827e+00 1.072264426707498081e-01
2.801057662200467480e+00 2.858344872907273793e+00 1.043693604373562844e-01
2.804747247801905097e+00 2.858753112670480157e+00 1.011427859162258719e-01
2.808939712280837941e+00 2.859187093018950243e+00 9.779217906284697059e-02
2.812802341953234198e+00 2.859566036427888314e+00 9.501732497604126193e-02
2.817092200659347068e+00 2.859997180948339768e+00 9.173959342709943343e-02
2.820792696697078217e+00 2.860341176743401270e+00 8.884951789941906986e-02
2.824179620576229510e+00 2.860650872335927630e+00 8.610522029201600480e-02
2.827663302069114426e+00 2.860945078022780308e+00 8.320102819837435493e-02
2.831638404629352568e+00 2.861301081872537733e+00 7.979684838128854596e-02
2.835127654060340507e+00 2.861569122901240103e+00 7.705696328863745337e-02
2.839024254873307562e+00 2.861858448511036102e+00 7.440545638582443666e-02
2.842900432763455498e+00 2.862140444105150561e+00 7.181008292713085550e-02
2.846478672687804856e+00 2.862391922436385183e+00 6.921352779369513430e-02
2.849861750832664242e+00 2.862628932485299149e+00 6.663360729601151833e-02
2.853640518766436873e+00 2.862897280828683222e+00 6.358117976414809358e-02
2.857110104542514240e+00 2.863113843928816848e+00 6.074534090140176756e-02
2.860602531887213029e+00 2.863324126567304617e+00 5.824938300578114819e-02
2.864199391902879643e+00 2.863548325489824187e+00 5.585129593679421384e-02
2.868178465949311917e+00 2.863785560000289721e+00 5.311507990513120864e-02
2.872151402887276106e+00 2.864005725222203758e+00 5.023291263282260444e-02
2.875929855899700183e+00 2.864200590870561225e+00 4.739639399273305742e-02
2.879492518669125811e+00 2.864384267956604280e+00 4.463751277564688424e-02
2.883361358725520684e+00 2.864568807376736803e+00 4.178171696006918040e-02
2.886843292114941395e+00 2.864706631571515505e+00 3.941293091850379265e-02
2.890214110357678390e+00 2.864860177869859470e+00 3.706549757160289976e-02
2.893786511693692276e+00 2.864992888018414341e+00 3.445577956269375852e-02
2.903185641192425948e+00 2.865354348974062049e+00 2.720840856693646989e-02
2.903286212289629464e+00 2.865358180942444655e+00 2.713739652482587139e-02
2.907240594570570824e+00 2.865467922541898638e+00 2.423357627213483870e-02
2.907338974311647117e+00 2.865472201420272036e+00 2.416313375354214171e-02
2.911511167725535643e+00 2.865571394794385274e+00 2.112856275530860389e-02
2.915363734711192478e+00 2.865649265102907961e+00 1.833566121847792288e-02
2.918919338486238857e+00 2.865718099688517650e+00 1.568626124877425809e-02
2.922565170266866019e+00 2.865799956773724233e+00 1.293243663872539230e-02
2.926407228859382759e+00 2.865874899627272043e+00 9.954784514982660190e-03
2.930534081689071702e+00 2.865950448235832226e+00 6.705066677470085217e-03
2.933885433593415026e+00 2.865996245505903151e+00 4.157029981152937995e-03
2.937735052995990692e+00 2.866051560280882704e+00 1.354764836382531864e-03
2.941364530048558024e+00 2.866060549653199896e+00 -1.286602775477828408e-03
2.944700049114540086e+00 2.866083767083992928e+00 -3.730166422200834227e-03
2.948520953699871772e+00 2.866110103318455948e+00 -6.646295035022186520e-03
2.948618660395115665e+00 2.866105674559578098e+00 -6.725045681416596567e-03
2.952061176333721004e+00 2.866106793133658570e+00 -9.416086851555238377e-03
2.955992689545710039e+00 2.866089073399208154e+00 -1.252347888429722507e-02
2.959828577781518977e+00 2.866074886824010015e+00 -1.542110372298286999e-02
2.963361752059306742e+00 2.866037845808040885e+00 -1.800727379704861533e-02
2.966995859249563328e+00 2.866004433545915386e+00 -2.067621413083687437e-02
2.970813107912916529e+00 2.865950924571798897e+00 -2.352804092517501999e-02
2.970913116801533249e+00 2.865949332397391025e+00 -2.359804789809197278e-02
2.974525065129117518e+00 2.865882544224344741e+00 -2.635578353183122904e-02
