3.000349689763926353e+00 1.999971442451865533e+00 -1.428609668795518162e-04
3.000459723196442052e+00 1.999960383465681169e+00 -1.771846265149369247e-04
3.000484878808218348e+00 1.999951396610088805e+00 -8.905910489102241085e-05
3.000511700750616573e+00 1.999948272304858943e+00 1.997192425798075357e-04
3.000549618025484033e+00 1.999947226546557433e+00 6.531115159915034871e-04
3.000590598002385700e+00 1.999941563404402656e+00 1.228583905950403126e-03
3.000635233252483047e+00 1.999939624076602085e+00 1.979742795008582884e-03
3.000689043888171259e+00 1.999946477503624420e+00 2.928935811784905054e-03
3.000753444127751468e+00 1.999942373545896768e+00 4.191615074477400907e-03
3.000837729704128876e+00 1.999935255303131321e+00 5.476861492549732306e-03
3.000892896777254570e+00 1.999933886989487153e+00 7.600655032931571096e-03
3.000945066168717812e+00 1.999940903516763901e+00 9.493193336689711298e-03
3.000974168266204778e+00 1.999940706150907799e+00 1.209242634905252807e-02
3.001016969841083348e+00 1.999963668106781611e+00 1.458904653338806943e-02
3.001076766141511420e+00 1.999959957580182968e+00 1.715618122991547853e-02
3.001132475424253876e+00 1.999959119562794152e+00 2.030974630113769816e-02
3.001203297327229791e+00 1.999959816474378371e+00 2.424803792973145855e-02
3.001261478146588502e+00 1.999949361990043473e+00 2.777391350331833569e-02
3.001323613255944878e+00 1.999951145391645202e+00 3.145071200457816296e-02
3.001433231069987162e+00 1.999961594676846754e+00 3.542387977371856678e-02
3.001501277747638863e+00 1.999962882303476075e+00 4.019138734632735771e-02
3.001534656168799664e+00 1.999963791815843717e+00 4.596314483408334151e-02
3.001580802900183365e+00 1.999961407808334535e+00 5.140075348922692328e-02
3.001676773268637799e+00 1.999985974317767035e+00 5.634021286190141198e-02
3.001728208321249980e+00 1.999984905118527445e+00 6.197058982460409288e-02
3.001771734401113001e+00 1.999980527582145173e+00 6.840697371266173110e-02
3.001814028909275400e+00 1.999982526604144883e+00 7.413609153141038910e-02
3.001867353488400170e+00 1.999986744111626802e+00 7.969932710893554151e-02
3.001871496619446855e+00 1.999987106832789019e+00 7.986795947395416984e-02
3.001937924064178809e+00 1.999987813009676874e+00 8.635326850627524087e-02
3.002002955417686803e+00 1.999984946046345691e+00 9.255412354677490516e-02
3.002037030148048569e+00 1.999988559995732107e+00 9.969166751605726406e-02
3.002088791772761667e+00 1.999996681314294200e+00 1.070116151268575011e-01
3.002191080019914970e+00 2.000005749779004027e+00 1.142174632849114607e-01
3.002230268978999916e+00 2.000007456351606372e+00 1.210198342296863044e-01
3.002259040764328812e+00 2.000012994409225087e+00 1.290148592780148151e-01
3.002355217876758520e+00 2.000040164443118940e+00 1.367782658787064232e-01
3.002461750834264365e+00 2.000047933121262833e+00 1.451920440092525633e-01
3.002529301952193475e+00 2.000059536611963118e+00 1.544129218941679149e-01
3.002600937182787977e+00 2.000069818737661542e+00 1.632408498219495574e-01
3.002602458846541200e+00 2.000070602146053922e+00 1.634676989077896159e-01
3.002680060258572592e+00 2.000088520239663659e+00 1.715705511222552215e-01
3.002944377953949751e+00 2.000137295394197601e+00 1.956340428661107189e-01
3.003007979441548070e+00 2.000145786491401179e+00 2.035536343243820601e-01
3.003054306526016237e+00 2.000157493997398728e+00 2.110804267485521801e-01
3.003138257315542070e+00 2.000172669194986597e+00 2.189776489239776136e-01
3.003192087341607142e+00 2.000179878577108550e+00 2.276639848425592860e-01
3.003271448086906492e+00 2.000201062321598222e+00 2.351746839913982923e-01
3.003397518416025314e+00 2.000232769346594885e+00 2.434755188637620082e-01
3.003472693932584647e+00 2.000259505711929453e+00 2.521128983692094705e-01
3.003575544773724904e+00 2.000282555586166300e+00 2.611928286244937225e-01
3.003664554388924657e+00 2.000305876483527534e+00 2.698664951426799630e-01
3.003745804400845376e+00 2.000333074436634995e+00 2.789935627320312417e-01
3.003746976041564043e+00 2.000334683893543630e+00 2.792229344051477824e-01
3.003819142868927816e+00 2.000359428003646745e+00 2.870447656609277920e-01
3.003879534584972699e+00 2.000380801868266278e+00 2.946452280152789260e-01
3.003961698732346086e+00 2.000409805538396757e+00 3.029685881005703130e-01
3.004046635068759130e+00 2.000440214461391975e+00 3.115420037904580997e-01
3.004165686630798415e+00 2.000490640123492536e+00 3.204939595702241406e-01
3.004243735487428069e+00 2.000526975436459853e+00 3.295528611797051699e-01
3.004245991233021051e+00 2.000526585512489852e+00 3.297857194471112696e-01
3.004351456711633173e+00 2.000577668512566465e+00 3.378781739336725876e-01
3.004472339479534071e+00 2.000626657861407143e+00 3.463236976288827096e-01
3.004567600394113747e+00 2.000663415022214231e+00 3.552811064237554883e-01
3.004678721986660417e+00 2.000718953005229839e+00 3.634639510164440201e-01
3.004783986627763248e+00 2.000768112397539600e+00 3.721313217071129942e-01
3.004908261326851182e+00 2.000827557219504005e+00 3.800752890429059394e-01
3.005026911868116990e+00 2.000873716023092719e+00 3.878387130917186898e-01
3.005151266912425623e+00 2.000930493264934551e+00 3.962122840165939186e-01
3.005202955903521378e+00 2.000956206625653433e+00 4.038045348724175199e-01
3.005315029353191836e+00 2.001012322355318673e+00 4.122877032558899257e-01
3.005423208447894456e+00 2.001081226341957731e+00 4.200460426153683202e-01
3.005528030746781987e+00 2.001139907523492134e+00 4.288326018795083350e-01
3.005655672066846140e+00 2.001210728441863651e+00 4.376774406212446400e-01
3.005793958721699077e+00 2.001286784194863166e+00 4.475623265631574754e-01
3.005908990246181300e+00 2.001357162821801428e+00 4.550249498223647993e-01
3.005956299823435707e+00 2.001378096576804211e+00 4.630636217836969215e-01
3.006022422864303767e+00 2.001422121280347799e+00 4.710834670555353321e-01
3.006126384416821562e+00 2.001481410526264160e+00 4.793526060973379854e-01
3.006225294855936703e+00 2.001537842609869777e+00 4.874846922363356705e-01
3.006326435121550844e+00 2.001590735506317831e+00 4.958104408582263423e-01
3.006444443219220997e+00 2.001663143877342232e+00 5.045954716919304195e-01
3.006562961061499450e+00 2.001747692739562989e+00 5.137091517477739844e-01
3.006565253893655587e+00 2.001748704242071408e+00 5.139346561470365948e-01
3.006647634140899861e+00 2.001804121329231911e+00 5.216589441349571699e-01
3.006739777972856853e+00 2.001869375853118527e+00 5.298781454326982887e-01
3.006845420308953631e+00 2.001924745962671892e+00 5.384531272919960143e-01
3.006935251890141547e+00 2.001993695192765710e+00 5.473287938138978737e-01
3.007023530093213548e+00 2.002058248331308743e+00 5.569724031029607003e-01
3.007124202191806539e+00 2.002110661563576421e+00 5.656411579919000676e-01
3.007203318589420249e+00 2.002174387646849407e+00 5.742338729445625178e-01
3.007271863328856654e+00 2.002224752099064808e+00 5.830453944539877309e-01
3.007372637266210624e+00 2.002309123551790915e+00 5.914972094777605216e-01
3.007499661117359668e+00 2.002407196982643356e+00 6.008385631298036600e-01
3.007503827685096276e+00 2.002409741593255355e+00 6.010663365698436511e-01
3.007590217107120267e+00 2.002490698281782056e+00 6.091994838950066660e-01
3.007687924468363860e+00 2.002560907206157648e+00 6.187901385562252221e-01
3.007780576483343626e+00 2.002638426179647269e+00 6.273150715740409833e-01
3.007885652752123384e+00 2.002714406210029718e+00 6.358321131373194657e-01
3.007957841863971638e+00 2.002777289839821506e+00 6.449116201354063715e-01
3.008025988544960061e+00 2.002832709224009466e+00 6.532449987345466669e-01
3.008119504670984323e+00 2.002891986040111760e+00 6.608954465481846619e-01
3.008198395066854491e+00 2.002965334393119079e+00 6.687473345315433360e-01
3.008265653963791753e+00 2.003026760217256896e+00 6.763642912181961897e-01
3.008330347791787318e+00 2.003081624939879735e+00 6.846660465869213175e-01
3.008407335221317425e+00 2.003150891204292350e+00 6.922525877674213790e-01
3.008474859594294060e+00 2.003212495495063195e+00 7.011795812946644002e-01
3.008542361364051843e+00 2.003285530613455379e+00 7.096956154996770794e-01
3.008607635328975238e+00 2.003346200668914001e+00 7.174069012804528134e-01
3.008680877196574510e+00 2.003424978678935986e+00 7.259362596663377909e-01
3.008794314981970697e+00 2.003508513908745847e+00 7.356995194351243494e-01
3.008794363143143524e+00 2.003512164903646919e+00 7.359287665943973211e-01
3.008867963129983281e+00 2.003581549375970994e+00 7.453285212999558595e-01
3.008924874656354831e+00 2.003640283436258773e+00 7.533608358872616595e-01
3.009014182727780096e+00 2.003729541899196942e+00 7.620936880191978569e-01
3.009099851511543022e+00 2.003805323994881427e+00 7.699994602266178045e-01
3.009180340743027315e+00 2.003889437744892366e+00 7.802129006847277060e-01
3.009265263088800602e+00 2.003979473707463210e+00 7.892331314170136780e-01
3.009270419863293355e+00 2.003984609859898125e+00 7.894607321761146768e-01
3.009330355894709097e+00 2.004033357119359593e+00 7.987316536154572821e-01
3.009408950141164052e+00 2.004103942676480177e+00 8.074475181068875296e-01
3.009626224637874881e+00 2.004344473925988357e+00 8.307966758993114986e-01
3.009683850835619179e+00 2.004418228932636659e+00 8.389182708264163457e-01
3.009756512705632048e+00 2.004528588372505471e+00 8.481338454767870516e-01
3.009816142290237639e+00 2.004621772511627320e+00 8.562384054199103645e-01
3.009881853104553251e+00 2.004693880561099650e+00 8.641517001252581043e-01
3.009922990111511876e+00 2.004758930451090215e+00 8.720681821723644811e-01
3.009981050622021037e+00 2.004833593837308747e+00 8.811418151850817226e-01
3.010062883262916600e+00 2.004936183051268195e+00 8.894921580669784555e-01
3.010132629057582943e+00 2.005046467780539743e+00 8.975061811599593931e-01
3.010214722648691943e+00 2.005171265827354610e+00 9.057112779805458480e-01
3.010285900593538067e+00 2.005273464849999687e+00 9.152481560492429224e-01
3.010336334426644722e+00 2.005348678517586691e+00 9.240208781832116580e-01
3.010394961912940204e+00 2.005428882806682633e+00 9.341986393047395643e-01
3.010459376421980693e+00 2.005514549354164622e+00 9.428124417365534304e-01
3.010521461111947517e+00 2.005626766230303559e+00 9.520791065960618749e-01
3.010560986013278484e+00 2.005703860775876812e+00 9.607669981248230240e-01
3.010580386197770242e+00 2.005761674845474740e+00 9.696195923363931657e-01
3.010639150447405044e+00 2.005909643302905998e+00 9.798572413336777975e-01
3.010672901199605178e+00 2.005974411863682860e+00 9.889194296603960321e-01
3.010714469640444868e+00 2.006054087367256766e+00 9.981657191262423012e-01
3.010765304004185072e+00 2.006147398686564109e+00 1.006702951918112543e+00
3.010799807390343918e+00 2.006208496932596841e+00 1.015076621410395896e+00
3.010838689108630728e+00 2.006290952210107115e+00 1.023141785875270049e+00
3.010888983717534551e+00 2.006381816246382677e+00 1.031929184099765084e+00
3.010892437492669771e+00 2.006384171792296556e+00 1.032155983271350719e+00
3.010937555602172466e+00 2.006479567705211409e+00 1.041262776908312704e+00
3.010939435226728467e+00 2.006481531896903370e+00 1.041499623261275431e+00
3.010988981227129102e+00 2.006580254023755838e+00 1.049927455645386809e+00
3.011030870038130303e+00 2.006690861664761183e+00 1.058420937429334518e+00
3.011054606530332745e+00 2.006750003301551288e+00 1.066382000240091887e+00
3.011084201196760901e+00 2.006842967739195682e+00 1.075785404229757658e+00
3.011135801820829183e+00 2.006967639468428377e+00 1.084280534931064466e+00
3.011147651576862927e+00 2.007032343174912192e+00 1.093279234769698904e+00
3.011181661205718285e+00 2.007105887911288633e+00 1.101430711235726223e+00
3.011235419116324419e+00 2.007203906916429581e+00 1.110717570775929586e+00
3.011263202844166820e+00 2.007301723165976881e+00 1.118125615817455509e+00
3.011265603812789404e+00 2.007303840581340371e+00 1.118363990396548990e+00
3.011294805594035839e+00 2.007392984749659437e+00 1.127545551853383010e+00
3.011294704885727036e+00 2.007394420268797663e+00 1.127780241948503903e+00
3.011323320250618885e+00 2.007474541943585322e+00 1.137483153934571778e+00
3.011357852580822225e+00 2.007565958765148650e+00 1.145549159020432528e+00
3.011393601741008563e+00 2.007674892400292954e+00 1.153967025125943513e+00
3.011430797837698403e+00 2.007801041070371717e+00 1.163640474857285056e+00
3.011457589354710862e+00 2.007873285033246802e+00 1.172152329772561341e+00
3.011497163863947613e+00 2.007969561302087591e+00 1.181210323293553799e+00
3.011509227471594663e+00 2.008050375887723060e+00 1.190965469685863809e+00
3.011510621303117752e+00 2.008053385942178082e+00 1.191195173219793180e+00
3.011534083614208157e+00 2.008152834167148182e+00 1.199975364850618398e+00
3.011566264702894014e+00 2.008267022466772911e+00 1.208018887406301145e+00
3.011572802251731851e+00 2.008326428149179055e+00 1.215889974803728402e+00
3.011605901236722449e+00 2.008428279966373520e+00 1.225002293163102607e+00
3.011634804145897348e+00 2.008523646760203896e+00 1.233329340607340896e+00
3.011668886880745521e+00 2.008628703708493557e+00 1.242835354342163301e+00
3.011707886089644237e+00 2.008751127195013364e+00 1.251349247554675026e+00
3.011707519303928215e+00 2.008770636035668744e+00 1.260011095190578079e+00
3.011723445210588768e+00 2.008862312184232835e+00 1.268750569191045674e+00
3.011748084367293465e+00 2.008962281551949225e+00 1.277502509932833208e+00
3.011752442405619234e+00 2.009052621798209426e+00 1.286296244011007284e+00
3.011762721383766550e+00 2.009164959504056380e+00 1.294671143584282369e+00
3.011771564873876983e+00 2.009257537454951503e+00 1.302650424779896232e+00
3.011789053100113023e+00 2.009362148365878564e+00 1.310988322336002820e+00
3.011802567515500240e+00 2.009448726045786504e+00 1.320606162297865760e+00
3.011804472063698501e+00 2.009451762029590860e+00 1.320839894574488138e+00
3.011814186555696438e+00 2.009611162683500041e+00 1.330000809577292165e+00
3.011819256098804853e+00 2.009707570389104969e+00 1.339261022216112318e+00
3.011842671181462094e+00 2.009841664512070025e+00 1.348023693083507668e+00
3.011846444375156917e+00 2.009912653102710944e+00 1.356322360497528301e+00
3.011858155248753999e+00 2.010013888571636986e+00 1.365184060433235924e+00
3.011880956484656924e+00 2.010144471399822219e+00 1.374740384855097863e+00
3.011890476387231619e+00 2.010239252151441836e+00 1.382358804735337898e+00
3.011910289940782359e+00 2.010363981598447758e+00 1.390184180372531442e+00
3.011913015639337665e+00 2.010472906465106568e+00 1.397550428235116105e+00
3.011925570057774504e+00 2.010569172719459896e+00 1.405401052667938133e+00
3.011945763710281998e+00 2.010716359680729592e+00 1.413901356628320505e+00
3.011952730089312080e+00 2.010789935744049295e+00 1.422399946359264922e+00
3.011966852467702349e+00 2.010893964803987188e+00 1.430308383927354932e+00
3.011983740046342284e+00 2.011191643295970000e+00 1.455632832418494838e+00
3.011986769394299213e+00 2.011289081495364339e+00 1.463574793717222988e+00
3.011986654776234396e+00 2.011403039905820034e+00 1.472359430101032762e+00
3.011979727234289861e+00 2.011485791311264038e+00 1.481084424860222848e+00
3.011994009822529517e+00 2.011605547494148549e+00 1.489131279547067255e+00
3.011989408916130539e+00 2.011659401074773701e+00 1.497124915318586158e+00
3.011981146035194623e+00 2.011739651717589616e+00 1.506178493183633282e+00
3.011981041966332651e+00 2.011851435755013018e+00 1.514935747699622359e+00
3.011983754071088981e+00 2.011953650152681128e+00 1.523729554637093919e+00
3.011987358601456943e+00 2.012060213915597195e+00 1.532498383739291370e+00
3.011975191309442579e+00 2.012154515055118775e+00 1.541498928007432045e+00
3.011977098264036812e+00 2.012158657350210600e+00 1.541731657995376370e+00
3.011971975076298325e+00 2.012265063052613989e+00 1.550231514776597486e+00
3.011971062170694324e+00 2.012266089706918226e+00 1.550463381575515553e+00
3.011970067479834423e+00 2.012361363818807813e+00 1.559065871370257650e+00
3.011960298892517152e+00 2.012486828445594345e+00 1.568573901505469381e+00
3.011944727607934968e+00 2.012603451375373886e+00 1.576672588405502617e+00
3.011940407535112385e+00 2.012706712724886327e+00 1.584779929278010480e+00
3.011937027162364444e+00 2.012787610203196298e+00 1.592440648453887331e+00
3.011922223988270808e+00 2.012913828589306675e+00 1.601498204570981354e+00
3.011900615716421203e+00 2.013019483504550511e+00 1.610037842468060365e+00
3.011891750142435598e+00 2.013126801030060697e+00 1.619528435368161157e+00
3.011894848141633663e+00 2.013249156415871433e+00 1.628687290181950464e+00
3.011873457354173222e+00 2.013346657051015676e+00 1.637059383089183306e+00
3.011869405377581632e+00 2.013451979639595990e+00 1.646072263475458319e+00
3.011858938014994713e+00 2.013558940423592070e+00 1.654588581411558623e+00
3.011840628670821474e+00 2.013644180692649499e+00 1.662528478410247645e+00
3.011819377784828333e+00 2.013743034300128798e+00 1.670602220990497822e+00
3.011793275872241882e+00 2.013845993391501832e+00 1.678332327485928310e+00
3.011772366619407837e+00 2.013947326979272923e+00 1.686555314978395170e+00
3.011755485045580549e+00 2.014038530982333874e+00 1.695252884720059194e+00
3.011730497656794903e+00 2.014166654203201734e+00 1.704176442826292881e+00
3.011711777328521134e+00 2.014287409166497067e+00 1.712918291218520350e+00
3.011681809789022779e+00 2.014375480082062353e+00 1.719042736902458124e+00
3.011676788595216259e+00 2.014397020436669905e+00 1.720903520248644014e+00
3.011650789989929855e+00 2.014484195489228302e+00 1.729186430295003962e+00
3.011618213772961017e+00 2.014614744729187112e+00 1.738721283482033808e+00
3.011595296913455844e+00 2.014716303566028266e+00 1.747189892883193929e+00
3.011559347804810827e+00 2.014821979989390055e+00 1.755954710674314301e+00
3.011531763983370080e+00 2.014924146187258458e+00 1.763589884259073370e+00
3.011511117802984305e+00 2.015031371801983440e+00 1.773138686777474105e+00
3.011474425642223007e+00 2.015149130123361054e+00 1.781845247885504246e+00
3.011437728622243348e+00 2.015267483589057829e+00 1.790340978999476862e+00
3.011400711838325694e+00 2.015384266506790922e+00 1.798536341395233551e+00
3.011360082557384299e+00 2.015497069198426860e+00 1.807965405913390722e+00
3.011326134709398694e+00 2.015622344924801190e+00 1.817440733281787013e+00
3.011324926495734466e+00 2.015623570163413980e+00 1.817672655034275664e+00
3.011296502209214410e+00 2.015743197860763392e+00 1.826700948970638949e+00
3.011253598291600220e+00 2.015865717551836411e+00 1.835617752203191788e+00
3.011187452568913958e+00 2.016021511590238458e+00 1.844778702750802690e+00
3.011158655422359498e+00 2.016107718743371802e+00 1.852590428143720214e+00
3.011101877701519491e+00 2.016227146557043159e+00 1.862219060540158067e+00
3.011066670660502709e+00 2.016315409432425376e+00 1.870235156799939347e+00
3.011060129134359720e+00 2.016317858444563793e+00 1.870694503018180521e+00
3.011020682145419070e+00 2.016401826876128123e+00 1.879117476154569033e+00
3.010966380823373534e+00 2.016533707715615797e+00 1.887541817707854452e+00
3.010936355487533689e+00 2.016637432414417841e+00 1.896213594970607375e+00
3.010896393098275059e+00 2.016734262521705290e+00 1.904569179436268689e+00
3.010860943738518536e+00 2.016836944527453213e+00 1.912701242980707539e+00
3.010461808112633086e+00 2.017943944933387357e+00 1.921107511395831358e+00
3.009260232861007633e+00 2.021182734594801911e+00 1.928851753376271461e+00
3.007521804656630326e+00 2.025717311631462625e+00 1.936922996825002796e+00
3.005849545041373805e+00 2.029873707277655814e+00 1.944432217286768516e+00
3.004068780481625733e+00 2.034158248414867476e+00 1.951084164685308764e+00
3.002485094150845413e+00 2.037996500198395733e+00 1.954781660834581158e+00
3.000502449518662740e+00 2.042678815918532287e+00 1.956066152610471898e+00
2.998817411000754607e+00 2.046590639434239467e+00 1.954219083522416689e+00
2.997158828773332839e+00 2.050365034460085223e+00 1.948200445901996813e+00
2.996494987828953516e+00 2.051659676243616115e+00 1.941593194433109737e+00
2.996494373370640396e+00 2.051657567164774765e+00 1.941408706084220004e+00
2.996644634971506793e+00 2.051127231089721281e+00 1.933884931180668509e+00
2.996664037711509909e+00 2.050958627799341016e+00 1.925344501992861890e+00
2.996688219664892294e+00 2.050742512443009424e+00 1.917439358023956153e+00
2.996689948434454909e+00 2.050643550420298666e+00 1.908893929725625105e+00
2.996661564833834834e+00 2.050536870175539317e+00 1.901315768895432079e+00
2.996692497076413719e+00 2.050305581342003691e+00 1.893234286927697685e+00
2.996490555460325389e+00 2.050741517220141308e+00 1.884468333604849111e+00
2.995535511847958521e+00 2.053639607237820464e+00 1.876112901510015307e+00
2.991593317988616718e+00 2.066114356064866708e+00 1.853301452839013486e+00
2.990352335158135588e+00 2.070376476434268032e+00 1.845371072222211861e+00
2.989057803582092276e+00 2.074910057640273475e+00 1.837152154575860230e+00
2.989022531418759510e+00 2.075033397671654622e+00 1.836960229421890967e+00
2.987732316208536076e+00 2.079699537798397557e+00 1.830394836226897137e+00
2.986494179332837895e+00 2.084175078808290227e+00 1.825115234740763981e+00
2.986464349680753028e+00 2.084279442286112616e+00 1.824978051861894324e+00
2.985428325987799614e+00 2.088235188734440584e+00 1.818811274716979565e+00
2.984223749183267049e+00 2.092926106883550297e+00 1.810664150953275042e+00
2.984193986805680154e+00 2.093038359279752125e+00 1.810472809261511884e+00
2.983174331299223159e+00 2.097225380605320488e+00 1.803764650667961655e+00
2.982046050847546592e+00 2.101808272810227862e+00 1.797165575988771913e+00
2.980843043228399658e+00 2.106885781066801577e+00 1.790250368609370257e+00
2.979875631816242709e+00 2.110931456839429288e+00 1.784827405109362441e+00
2.978910934937739619e+00 2.115204582587838722e+00 1.777555944757468920e+00
2.977921963392188509e+00 2.119887909521267044e+00 1.769264456033581512e+00
2.977054583784589425e+00 2.123972609058627725e+00 1.762667463945124080e+00
2.976187090623019227e+00 2.128313691711060773e+00 1.756538314435708736e+00
2.975452727701116018e+00 2.132176950863956311e+00 1.751714247700371985e+00
2.974652882756187111e+00 2.136355169826724687e+00 1.746108075734846388e+00
2.973912672368047794e+00 2.140489917695895805e+00 1.739798664498717118e+00
2.973275574698489354e+00 2.144159588833281394e+00 1.733376422965972052e+00
2.972536925679026165e+00 2.148576901215455415e+00 1.724650718530436055e+00
2.971866125489820210e+00 2.152766338959153369e+00 1.716118814815411175e+00
2.971250429170614105e+00 2.156895117743903079e+00 1.707647796285441055e+00
2.970539681443587376e+00 2.161710231762666634e+00 1.697873997534465440e+00
2.969934238120768288e+00 2.166260803826275172e+00 1.688314576821045465e+00
2.969463990547556165e+00 2.170236881793439210e+00 1.680297652669147102e+00
2.968974493684556126e+00 2.174482045986714240e+00 1.673231085508146032e+00
2.968557784206155237e+00 2.178639675288274180e+00 1.667543519961298681e+00
2.968545854497249170e+00 2.178757798491404163e+00 1.667400790257560494e+00
2.968162214724816561e+00 2.182744439140729131e+00 1.663079460981414570e+00
2.967784580358990176e+00 2.186845342722558261e+00 1.658547229846162541e+00
2.967454954454554983e+00 2.190741641935846751e+00 1.654414084398805551e+00
2.967137038180521547e+00 2.194627438007325182e+00 1.650866584061400744e+00
2.966819196472539222e+00 2.198531968525245794e+00 1.647773160435729300e+00
2.966497411518205229e+00 2.202731374975863243e+00 1.644935843943261533e+00
2.966246582759187067e+00 2.206486326223668470e+00 1.642471425150087594e+00
2.965906337343438448e+00 2.210948261359442668e+00 1.638759185359600412e+00
2.965562927067332488e+00 2.215873686439577828e+00 1.633776033935085081e+00
2.965555081960393746e+00 2.215983634444925521e+00 1.633662605839796722e+00
2.965275018251284589e+00 2.220608988951115137e+00 1.629355786570695130e+00
2.965046657923752438e+00 2.224421525742255934e+00 1.626165831916911220e+00
2.964811656426104225e+00 2.228840100592708318e+00 1.622742700139436112e+00
2.964575666247678765e+00 2.233267294156918492e+00 1.619582757386310634e+00
2.964359793167339330e+00 2.237467365840079214e+00 1.616428675831990569e+00
2.964177407569571265e+00 2.241443873809168874e+00 1.612786483188556774e+00
2.963990319731585554e+00 2.245990156845472541e+00 1.608775866408242328e+00
2.963829036884779278e+00 2.250550741690706680e+00 1.605194963312012835e+00
2.963689207296918759e+00 2.254560845440082062e+00 1.602454788965925747e+00
2.963686267326155033e+00 2.254669111210337640e+00 1.602383961946472146e+00
2.963547208723985804e+00 2.259382990116349355e+00 1.598749187506563363e+00
2.963421778329885736e+00 2.264015209216019731e+00 1.594959300717859518e+00
2.963318572167687570e+00 2.268081685194670349e+00 1.591922867801640162e+00
2.963247630063640337e+00 2.271957257786323403e+00 1.589149651230856941e+00
2.963180746283629929e+00 2.275807739652488060e+00 1.586835280808112758e+00
2.963117867849884846e+00 2.280290514065952401e+00 1.584531408038574618e+00
2.963118497942617946e+00 2.280400389684582141e+00 1.584472961111138778e+00
2.963046541643463705e+00 2.284734976716335630e+00 1.581665611547959038e+00
2.963000274551830682e+00 2.288866235829746465e+00 1.578801152425742149e+00
2.962998852710107212e+00 2.288978253153443720e+00 1.578722281105154002e+00
2.962955343871580105e+00 2.292697837059814781e+00 1.576235894777735069e+00
2.962935382221060454e+00 2.296489998755232520e+00 1.573915067212093399e+00
2.962932744613590241e+00 2.300416373035237605e+00 1.571661501693384588e+00
2.962941961105371558e+00 2.304221027217540740e+00 1.569616013810957611e+00
2.962928208324291379e+00 2.307883134461837127e+00 1.567344352314008926e+00
2.962954400471398575e+00 2.311992901913386245e+00 1.564625771784685204e+00
2.962976338258194176e+00 2.315969472031733645e+00 1.562129258062510573e+00
2.962978676237219222e+00 2.316077485251075707e+00 1.562060724655739641e+00
2.963008244446041051e+00 2.319633019976877097e+00 1.560172404192952778e+00
2.963050007484691939e+00 2.323401581947339700e+00 1.558379667579538941e+00
2.963118165047014418e+00 2.327491081297266007e+00 1.556413509516000326e+00
2.963174771374815553e+00 2.331477891128305391e+00 1.554544815654756773e+00
2.963219359299568811e+00 2.335316107959256371e+00 1.552466939958266234e+00
2.963282472712240878e+00 2.339370898623859496e+00 1.550141861281495670e+00
2.963372979093677806e+00 2.343845794434799235e+00 1.547719113238378963e+00
2.963474314299785917e+00 2.347896368091566544e+00 1.545693203022884266e+00
2.963576839765981408e+00 2.352278975021156793e+00 1.543615228631052272e+00
2.963680585696504277e+00 2.356218047896043277e+00 1.541865846174079513e+00
2.963786809582736659e+00 2.360431691548639410e+00 1.539839374664586868e+00
2.963901390463536067e+00 2.364022291360849959e+00 1.538059498353727683e+00
2.964060264615476559e+00 2.368448046755464276e+00 1.535938986525385186e+00
2.964223594241227389e+00 2.372681219919652307e+00 1.533972182776584203e+00
2.964361494224462490e+00 2.376582147317858773e+00 1.532278225927944826e+00
2.964515172027113010e+00 2.380469303871539211e+00 1.530769333676735178e+00
2.964673026087016439e+00 2.384748716962538762e+00 1.528944827290432906e+00
2.964816057860267584e+00 2.388501629611339272e+00 1.527325537813019274e+00
2.964971499417782930e+00 2.392152302928198804e+00 1.525784876232123555e+00
2.965123903019763141e+00 2.395794770229516146e+00 1.524284540959944811e+00
2.965297832464108829e+00 2.399761777246096184e+00 1.522674760887621437e+00
2.965497457470027243e+00 2.404021959900999317e+00 1.521036812053051746e+00
2.965681793782461106e+00 2.407869144350739621e+00 1.519584618529049358e+00
2.966304007489835470e+00 2.420296947199800375e+00 1.514485128492517374e+00
2.966531634913832871e+00 2.424425576432196472e+00 1.512804696939426652e+00
2.966744706735013448e+00 2.428139347089875333e+00 1.511447766699653306e+00
2.966987917771357619e+00 2.432062121193764970e+00 1.510074637244662066e+00
2.967192316238770999e+00 2.435633814142727616e+00 1.508825539096316337e+00
2.967412357426105984e+00 2.439415714055600315e+00 1.507493908731904808e+00
2.967644367444828291e+00 2.443283404206010534e+00 1.506187022594750013e+00
2.967873091116047579e+00 2.447060865408849484e+00 1.504867829116957489e+00
2.968126053593358904e+00 2.450835474530227653e+00 1.503564556782851502e+00
2.968347405260781890e+00 2.454298231986795642e+00 1.502399525908853173e+00
2.968587590872546755e+00 2.457938653668176432e+00 1.501184394216803941e+00
2.968615519318044349e+00 2.458344648427179813e+00 1.501043249069427432e+00
2.968883861052987516e+00 2.462173592782789466e+00 1.499791751746891943e+00
2.969190743902238250e+00 2.466410066147756819e+00 1.498440537214382751e+00
2.969454867934695041e+00 2.470152384069540741e+00 1.497179502918217553e+00
2.969709935784373478e+00 2.473668108418721090e+00 1.496063377144159379e+00
2.970009887790381331e+00 2.477773219674911154e+00 1.494840045565061670e+00
2.970272248226274669e+00 2.481486047610059753e+00 1.493703883358319828e+00
2.970553868790067664e+00 2.485192721587758058e+00 1.492535836533470439e+00
2.970894374829471829e+00 2.489295048975596725e+00 1.491242965291782463e+00
2.971166032947315294e+00 2.492686535559512251e+00 1.490205984011193197e+00
2.971450025909619264e+00 2.496371226084351136e+00 1.489108557125495835e+00
2.971762079819225022e+00 2.500041964365214753e+00 1.488050739077802387e+00
2.972055441190016190e+00 2.503838137751967174e+00 1.486884293983863126e+00
2.972063720397185804e+00 2.503936290570530687e+00 1.486856899087009021e+00
2.972377640712361657e+00 2.507594460887474064e+00 1.485817643292705936e+00
2.972695210224226336e+00 2.511558631859222235e+00 1.484671146162561461e+00
2.972980114235142857e+00 2.514915725148497039e+00 1.483734062254640662e+00
2.973274920710232028e+00 2.518450400938032629e+00 1.482784918085197523e+00
2.973565017817237699e+00 2.521589125961044342e+00 1.481957828961343759e+00
2.973878882524283451e+00 2.525031652387783154e+00 1.481010463303210400e+00
2.974162549589139726e+00 2.528268633002752619e+00 1.480101788342417235e+00
2.974497573575045628e+00 2.531882106672500576e+00 1.479171338342955000e+00
2.974801526966432519e+00 2.535397546038336447e+00 1.478250877112994299e+00
2.975126714011218976e+00 2.539003170267009502e+00 1.477344722988929604e+00
2.975436879003208190e+00 2.542495899095831291e+00 1.476467709564843078e+00
2.975784119081484658e+00 2.546110785220385253e+00 1.475987042703728491e+00
2.976120235890175714e+00 2.549633994300731565e+00 1.476994754589924241e+00
2.976450839245199820e+00 2.553220056359021051e+00 1.478124497191939835e+00
2.976775699375252771e+00 2.556784315727704815e+00 1.478832579314832252e+00
2.977111969894091548e+00 2.560331086596153494e+00 1.478887606009136046e+00
2.977422470945845223e+00 2.563859235067928122e+00 1.478665495555383069e+00
2.977720514951279096e+00 2.567099442724074088e+00 1.478142476031971908e+00
2.978034026044223292e+00 2.570781823896373108e+00 1.477239253298090027e+00
2.978309180040811466e+00 2.574163812139770968e+00 1.476277920149758449e+00
2.978584532774533500e+00 2.577665714377426642e+00 1.475191967646298341e+00
2.978944582547724984e+00 2.581706669771912210e+00 1.473917445989338049e+00
2.979289156887954260e+00 2.585634991872072685e+00 1.472720683363718530e+00
2.979593389797755343e+00 2.589010056966905449e+00 1.471694091697602902e+00
2.979895727588953047e+00 2.592468069069695069e+00 1.470646885208645616e+00
