1.500347589099145340e+00 1.499971219315525017e+00 -1.380959484309798554e-04
1.500461325320125106e+00 1.499958069043190401e+00 -1.739823037577693603e-04
1.500482708560280765e+00 1.499951823743062240e+00 -1.102614206570066714e-04
1.500514539557070259e+00 1.499936334571061902e+00 9.206942502383972011e-05
1.500556427466988252e+00 1.499935517730679901e+00 5.967550165638383286e-04
1.500599439557962045e+00 1.499929466027212444e+00 1.216948132707827398e-03
1.500646700422530344e+00 1.499927412643399904e+00 2.009876954690064266e-03
1.500699412511438124e+00 1.499937114758496337e+00 3.115170407910467561e-03
1.500804503692273473e+00 1.499930003846983828e+00 4.413028227866208804e-03
1.500805650619239984e+00 1.499930513394815756e+00 4.446970955928775983e-03
1.500850198365601518e+00 1.499923778757407122e+00 6.158574561247787821e-03
1.500878705014143000e+00 1.499922573545324100e+00 8.049787456908626473e-03
1.500930139223998649e+00 1.499926054366425454e+00 1.026751168890267622e-02
1.500930778002522947e+00 1.499929729302716730e+00 1.033432695146671576e-02
1.501006517950635777e+00 1.499928468289160932e+00 1.275965162620833031e-02
1.501139663450097528e+00 1.499927268002553049e+00 1.560516347848212200e-02
1.501220785076338382e+00 1.499927889787345592e+00 1.839819465253249992e-02
1.501280091098419645e+00 1.499926777570329772e+00 2.146394596399594720e-02
1.501340279511451214e+00 1.499919098510589910e+00 2.473028155636992562e-02
1.501389233132682799e+00 1.499916174698836979e+00 2.883442961668273088e-02
1.501464554516959149e+00 1.499925588434286139e+00 3.315667914872848232e-02
1.501569921536624275e+00 1.499927082649281207e+00 3.753666039297012813e-02
1.501617395184197790e+00 1.499927650142082403e+00 4.196631157784305038e-02
1.501681294702637892e+00 1.499932471662959621e+00 4.679192801717364097e-02
1.501718640791720238e+00 1.499931076606400682e+00 5.181958235003820967e-02
1.501759932204508541e+00 1.499934277072416666e+00 5.709231809310453404e-02
1.501804948967181641e+00 1.499933398380994154e+00 6.231140743131022980e-02
1.501877790188724804e+00 1.499935448238680857e+00 6.779643099452148380e-02
1.502007398122797932e+00 1.499937055619829263e+00 8.384571214434435871e-02
1.502008389797974575e+00 1.499937556840126529e+00 8.401284546566159528e-02
1.502069391888442018e+00 1.499940802578537014e+00 9.027605412910580385e-02
1.502115717126121019e+00 1.499944013737199100e+00 9.702380439139923762e-02
1.502178356927496683e+00 1.499945043421126334e+00 1.038255400862757583e-01
1.502271519631378727e+00 1.499956430575400734e+00 1.107576382121986669e-01
1.502349545245888152e+00 1.499970910359462728e+00 1.175789898258104704e-01
1.502423886723895707e+00 1.499973480146885807e+00 1.249002376019538590e-01
1.502507296421068173e+00 1.499982779590839366e+00 1.331184673611498503e-01
1.502508302293709352e+00 1.499982596431852500e+00 1.333363618451133825e-01
1.502572981289577392e+00 1.499993405717546802e+00 1.425850380561118347e-01
1.502662841062200050e+00 1.500009787385588211e+00 1.503707218387940747e-01
1.502720489833316186e+00 1.500015484488291362e+00 1.582540649250562537e-01
1.502786338105714936e+00 1.500029420784991130e+00 1.666142145610259306e-01
1.502834771872246344e+00 1.500035271468716402e+00 1.754988261853964449e-01
1.502918552897970272e+00 1.500049685822797851e+00 1.856680857640262972e-01
1.502919923810311253e+00 1.500050671790477352e+00 1.858934151657107292e-01
1.503024069411400099e+00 1.500070500265676010e+00 1.958093143459800622e-01
1.503104744331414722e+00 1.500084387520757678e+00 2.037252288205930739e-01
1.503168127780285523e+00 1.500097845168754995e+00 2.121338759341186431e-01
1.503209743454918756e+00 1.500107396810059113e+00 2.201195489668423821e-01
1.503276966673525950e+00 1.500119487932639384e+00 2.282998609292999082e-01
1.503393546766914612e+00 1.500153368386775155e+00 2.370917986745476880e-01
1.503397093074336999e+00 1.500153505896657080e+00 2.373099883007118160e-01
1.503520366509777606e+00 1.500187069250475069e+00 2.446135764961498982e-01
1.503603476752801704e+00 1.500208380904111571e+00 2.528254355364533135e-01
1.503671373782015319e+00 1.500232875554975198e+00 2.613559820141423407e-01
1.503675655427354041e+00 1.500232327121675313e+00 2.618123072363813808e-01
1.503781536020883713e+00 1.500266870843697253e+00 2.697117355645191616e-01
1.503861041189012759e+00 1.500292119494597731e+00 2.788183017513804485e-01
1.503976489305007824e+00 1.500333361150960165e+00 2.872409305605699292e-01
1.504072650425232416e+00 1.500359991476134525e+00 2.954605393586964279e-01
1.504175961252927518e+00 1.500395550694839875e+00 3.034007752708770544e-01
1.504259510905985753e+00 1.500427930354189199e+00 3.111925662208680499e-01
1.504355080674573131e+00 1.500467462203236790e+00 3.195371719365407981e-01
1.504465876581220884e+00 1.500500233396106164e+00 3.286142882232868101e-01
1.504548996598001898e+00 1.500546129281409957e+00 3.368366933896713156e-01
1.504659645703469106e+00 1.500599736498421155e+00 3.452203450419102371e-01
1.504806650484422414e+00 1.500656130912922492e+00 3.547513266947632804e-01
1.504814010646075229e+00 1.500660911317735380e+00 3.549805066692733324e-01
1.504959681430892759e+00 1.500713296740369129e+00 3.645387421752824819e-01
1.505068936796634782e+00 1.500771187907613546e+00 3.727180496275403487e-01
1.505204811552965705e+00 1.500830160548048076e+00 3.813558326919481711e-01
1.505307519344543987e+00 1.500894357532420953e+00 3.896270817423794219e-01
1.505396202985715304e+00 1.500942892592184830e+00 3.985224718404126176e-01
1.505516862751121288e+00 1.500999530806399029e+00 4.069852094499324391e-01
1.505627049691187658e+00 1.501050659284647537e+00 4.172005542720424454e-01
1.505726243075590665e+00 1.501111480129340592e+00 4.255222710201797542e-01
1.505837037316917426e+00 1.501174563146729035e+00 4.354988489099477778e-01
1.505956695482632668e+00 1.501242355572993681e+00 4.437403414099048704e-01
1.506068142773256069e+00 1.501308428756587210e+00 4.525360896054719806e-01
1.506220769697195427e+00 1.501369495293915834e+00 4.613673053981360295e-01
1.506220938782776297e+00 1.501369331923518180e+00 4.615992477334941446e-01
1.506302694408118814e+00 1.501413729441729128e+00 4.694621541399225384e-01
1.506388640419139113e+00 1.501461002521529586e+00 4.772982694304370721e-01
1.506509452171453711e+00 1.501534636729432437e+00 4.858450284916672746e-01
1.506606708978475817e+00 1.501604546444111454e+00 4.934950420398703796e-01
1.506719440413582634e+00 1.501683699962983676e+00 5.016342764448245006e-01
1.506724023269695678e+00 1.501687126478348677e+00 5.018562236294654699e-01
1.506811145657409812e+00 1.501738278926836312e+00 5.098314518115331095e-01
1.506916389872704709e+00 1.501810772015121254e+00 5.187561862981558969e-01
1.507045123244552531e+00 1.501886077536858766e+00 5.276868983065561292e-01
1.507135572126705680e+00 1.501949256291455148e+00 5.362419990004335668e-01
1.507140000078881048e+00 1.501952050765623214e+00 5.364750156815690785e-01
1.507243786842903610e+00 1.502016035516417825e+00 5.457897774090103571e-01
1.507365411572124891e+00 1.502108485800465187e+00 5.548763364910638263e-01
1.507451653706019634e+00 1.502181375428340404e+00 5.628803344266021247e-01
1.507733866539382461e+00 1.502365330260041265e+00 5.836729200067806156e-01
1.507862529053127787e+00 1.502436678585557184e+00 5.924523808069449560e-01
1.507957758845271945e+00 1.502505183986931891e+00 6.005684833127593603e-01
1.508053538254181536e+00 1.502565337515161970e+00 6.088152241539673826e-01
1.508157070356519913e+00 1.502618329024826727e+00 6.166046937114307847e-01
1.508245427295918484e+00 1.502697618900411314e+00 6.253743272680161169e-01
1.508246450802867011e+00 1.502697861786175704e+00 6.256028641163271509e-01
1.508288848265757709e+00 1.502725946584208438e+00 6.345951876325970353e-01
1.508382019747723124e+00 1.502811606610788608e+00 6.439936676811285343e-01
1.508435267101409183e+00 1.502869316843074676e+00 6.531550911051446917e-01
1.508550485316749956e+00 1.502977238148018646e+00 6.627901327074856574e-01
1.508551371452701684e+00 1.502978703232186630e+00 6.630260503744775935e-01
1.508600179001792885e+00 1.503014719714435898e+00 6.714937483988329125e-01
1.508668762542221042e+00 1.503085908674107740e+00 6.800320163966027120e-01
1.508706286278439057e+00 1.503117799317938097e+00 6.879036146804233809e-01
1.508753469431781014e+00 1.503166080706038077e+00 6.964781487197764243e-01
1.508820751289868145e+00 1.503226719046430793e+00 7.041261663205431454e-01
1.508899567008212816e+00 1.503309779327701490e+00 7.128874211843845288e-01
1.508994855879751018e+00 1.503405275573615585e+00 7.218104221316098412e-01
1.509091923906368260e+00 1.503494341555903002e+00 7.311043550734103169e-01
1.509194423568880339e+00 1.503583794679481445e+00 7.395026209942375806e-01
1.509272387477383903e+00 1.503647237044869023e+00 7.488952960076386001e-01
1.509364010653358568e+00 1.503728284579938013e+00 7.580126155137479893e-01
1.509368000214862837e+00 1.503733225992950340e+00 7.582426806199397129e-01
1.509435097776582690e+00 1.503804791003455099e+00 7.667767345255555034e-01
1.509503758862051015e+00 1.503881195810641502e+00 7.752672795339133893e-01
1.509564279110026108e+00 1.503962827903552402e+00 7.836306042130884997e-01
1.509632451232626904e+00 1.504029304224910879e+00 7.921757078021662846e-01
1.509699851294804551e+00 1.504115473796419078e+00 8.009320688390414444e-01
1.509741749289885027e+00 1.504155494019031147e+00 8.085709141491774776e-01
1.509801731576361439e+00 1.504215201958663650e+00 8.162935087440243986e-01
1.509854976998259657e+00 1.504293526301306638e+00 8.237605012249852310e-01
1.509917700898340209e+00 1.504392120275506173e+00 8.329434563492056354e-01
1.509971004581575071e+00 1.504475365242115892e+00 8.413828883334337760e-01
1.510038229161200452e+00 1.504551003988036317e+00 8.495516775387921271e-01
1.510088823362400579e+00 1.504631262852264673e+00 8.573008952523525350e-01
1.510145064005671278e+00 1.504716402171354828e+00 8.649594384019874127e-01
1.510207219673039836e+00 1.504805853279086447e+00 8.725418759273911862e-01
1.510257749063073751e+00 1.504890710000544196e+00 8.814410516884446656e-01
1.510290932337770009e+00 1.504958399000791536e+00 8.902016382227688762e-01
1.510351457795141350e+00 1.505032298519330292e+00 8.987592355759769225e-01
1.510387992162470328e+00 1.505088872837007985e+00 9.068968655996899608e-01
1.510424219264661083e+00 1.505145599078792973e+00 9.165593158896574444e-01
1.510484632825090046e+00 1.505220933574087816e+00 9.253627257777381487e-01
1.510536221028572657e+00 1.505304722554869246e+00 9.346512381320168927e-01
1.510540972184692743e+00 1.505308914590576030e+00 9.348830989273111403e-01
1.510606679299198341e+00 1.505418724635011252e+00 9.431565739957347150e-01
1.510657693984881034e+00 1.505512421990510052e+00 9.517064579777543276e-01
1.510738803253515616e+00 1.505626673348967826e+00 9.609731445271982864e-01
1.510780825890822854e+00 1.505697112390743886e+00 9.690219019403516487e-01
1.510829238776944417e+00 1.505779150644525943e+00 9.774747182644760723e-01
1.510888090543201612e+00 1.505866338292084272e+00 9.872430572995715137e-01
1.510926325533447079e+00 1.505934437423836147e+00 9.959655314932165382e-01
1.510993775008177442e+00 1.506036571423310821e+00 1.005515662065347371e+00
1.511061879327148638e+00 1.506129450835487438e+00 1.013492089625721793e+00
1.511106721678753706e+00 1.506204455968997769e+00 1.021235955666900397e+00
1.511157950490302104e+00 1.506287109881611297e+00 1.030592577998400206e+00
1.511196951156912105e+00 1.506353245087974857e+00 1.039406167048528395e+00
1.511265487217868797e+00 1.506465918045197361e+00 1.048461747103564656e+00
1.511302155959384885e+00 1.506547770106947626e+00 1.057080473564716350e+00
1.511708900998500527e+00 1.507303420121314241e+00 1.066124349734578036e+00
1.513443410606140516e+00 1.510505314606256366e+00 1.075609458019815001e+00
1.515177571763776765e+00 1.513773047320310150e+00 1.084660640722206137e+00
1.516915141435268399e+00 1.517164060490669319e+00 1.094053449967626657e+00
1.520857731618530106e+00 1.525180848599305250e+00 1.108656832487402211e+00
1.522439643944222043e+00 1.528481365041700180e+00 1.113018492936233672e+00
1.523950632302422337e+00 1.531630847041901999e+00 1.115402807530169849e+00
1.525498232001281762e+00 1.534865251601646552e+00 1.114489352495753094e+00
1.526968209720087399e+00 1.537937414737527320e+00 1.110361971575501094e+00
1.528729685036303021e+00 1.541570438476481897e+00 1.103904897125491225e+00
1.530295399966732584e+00 1.544738029205342089e+00 1.100988744024388177e+00
1.531945695783074823e+00 1.548095916237856917e+00 1.101242114580862852e+00
1.533635267213271369e+00 1.551507748152298749e+00 1.104704110840634579e+00
1.535127640554998951e+00 1.554521562003782442e+00 1.109875101326989633e+00
1.536643791491391076e+00 1.557640810755839267e+00 1.115445514514149306e+00
1.538056342482198469e+00 1.560645591348952754e+00 1.119100708199144867e+00
1.539443123092852916e+00 1.563615341156359362e+00 1.120608802959824457e+00
1.541072655736433372e+00 1.567152336127241252e+00 1.118132286528390251e+00
1.542321549647479140e+00 1.569730084705453832e+00 1.113773278076397810e+00
1.543850512219429261e+00 1.572901305164091879e+00 1.107810090958387228e+00
1.545448672360401732e+00 1.576187668432408762e+00 1.102491407464353701e+00
1.547006795202876317e+00 1.579369823229155090e+00 1.098930880293762069e+00
1.548451941945936161e+00 1.582320866917283908e+00 1.097005540979228089e+00
1.549940243161227249e+00 1.585338383576563315e+00 1.096016649972131773e+00
1.551598394574679185e+00 1.588640579460808722e+00 1.095795458783311416e+00
1.553314231979397553e+00 1.592029498070897109e+00 1.095993117948637074e+00
1.555175471490487737e+00 1.595672716865398577e+00 1.096882530266331868e+00
1.555222916806360267e+00 1.595761844473504887e+00 1.096929316494311246e+00
1.557196484965566174e+00 1.599615417461503153e+00 1.100426563849887573e+00
1.558908852345021634e+00 1.603029481340747964e+00 1.106764785527514894e+00
1.560579194420549376e+00 1.606392597224640229e+00 1.114347848735526059e+00
1.560666174890046332e+00 1.606575601639873785e+00 1.114737963023070488e+00
1.562249159235071572e+00 1.609826105029172671e+00 1.120592343993605411e+00
1.563845696145024666e+00 1.613181271674994477e+00 1.123770681257380666e+00
1.565385128312693164e+00 1.616523334224507558e+00 1.124713759934485857e+00
1.566802196836296845e+00 1.619663148595386959e+00 1.123176388353538391e+00
1.566836172429406204e+00 1.619744575972634548e+00 1.123097198319158663e+00
1.568178001132727539e+00 1.622701691381609690e+00 1.118821179752610639e+00
1.569752939937991476e+00 1.625986211933923897e+00 1.112290885719189992e+00
1.571261676974869292e+00 1.629074317568086849e+00 1.105828519608985649e+00
1.571306411321131469e+00 1.629161644294597089e+00 1.105661299020018307e+00
1.573086308986001880e+00 1.632822706024803949e+00 1.100174997986405279e+00
1.573131721167517538e+00 1.632912121590915477e+00 1.100073657362895752e+00
1.574639210365151865e+00 1.635973544563173565e+00 1.097343501473429850e+00
1.576486803652041191e+00 1.639621960015295699e+00 1.095653824475488536e+00
1.578167848042296484e+00 1.642932395555947611e+00 1.094533553186959773e+00
1.580095714554507813e+00 1.646681999483434300e+00 1.094288128380166425e+00
1.581828800114380318e+00 1.650045790522466138e+00 1.096516721954049922e+00
1.583719925567206976e+00 1.653734551421061960e+00 1.102207491313078602e+00
1.585296888329622789e+00 1.656882517681982359e+00 1.108666778019152810e+00
1.587123049400573693e+00 1.660557147710304715e+00 1.112959126855386449e+00
1.588759473150762380e+00 1.663964496773988611e+00 1.113819995462734580e+00
1.590307933467979273e+00 1.667211510833459309e+00 1.112554670341624696e+00
1.591773926831933972e+00 1.670278103084247512e+00 1.109554381928361089e+00
1.593498255256368790e+00 1.673871230034836843e+00 1.105582753265562657e+00
1.595207457006482699e+00 1.677397662009864732e+00 1.102526226074231008e+00
1.596792306188902888e+00 1.680566189008786182e+00 1.100444619571676386e+00
1.598363362650639496e+00 1.683795213942286040e+00 1.098706944963302012e+00
1.600131292821211915e+00 1.687329195674878157e+00 1.096315047901112116e+00
1.601878180272740204e+00 1.690799196283279571e+00 1.094663345001887222e+00
1.603711334744350792e+00 1.694340338484089603e+00 1.094238350609934241e+00
1.605421634736052150e+00 1.697647909508582575e+00 1.096283380182522915e+00
1.607214005707296334e+00 1.701196558835499806e+00 1.100759215363558363e+00
1.608949949606899299e+00 1.704668622254723598e+00 1.107281991579912139e+00
1.610882757280118760e+00 1.708590215291046377e+00 1.114958124540568640e+00
1.610927497313623169e+00 1.708681713813581471e+00 1.115105222066162804e+00
1.612416432845820813e+00 1.711728004330527853e+00 1.118458994364619707e+00
1.613993691287400445e+00 1.715047666163873830e+00 1.119509286362404099e+00
1.615443027774903451e+00 1.718193677616541848e+00 1.118328100200726816e+00
1.616894318242259487e+00 1.721273836286878911e+00 1.114174915366730856e+00
1.618418229054091828e+00 1.724499865072792293e+00 1.108465406706794720e+00
1.622373601152492739e+00 1.732575863358404744e+00 1.095556509046521132e+00
1.624063500962494633e+00 1.735933055231208666e+00 1.091025791123442223e+00
1.624108176597157227e+00 1.736021950378948464e+00 1.090932687418270763e+00
1.625681694408799283e+00 1.739067836708331427e+00 1.088818610181420121e+00
1.627188037860904490e+00 1.741938848906699366e+00 1.088285722910762754e+00
1.629125952885977169e+00 1.745636369395015208e+00 1.088832221546673473e+00
1.630835111729216358e+00 1.748911754603160951e+00 1.092200888663029223e+00
1.632542214778008649e+00 1.752243722536164228e+00 1.098379714369341453e+00
1.634235223636543832e+00 1.755587667994120027e+00 1.106328920325942100e+00
1.635880843740898039e+00 1.758894744158007395e+00 1.113551194549543544e+00
1.637473049456181773e+00 1.762117766579738287e+00 1.117603456196569534e+00
1.639111645272703699e+00 1.765594721731431394e+00 1.118947467795710748e+00
1.639154240024078613e+00 1.765683816751890678e+00 1.118948629270278161e+00
1.640484324278016937e+00 1.768509626946121793e+00 1.118082452390625869e+00
1.642007819435330251e+00 1.771742247056661723e+00 1.114536842974021891e+00
1.643346205197639076e+00 1.774494322623849651e+00 1.109057419951734236e+00
1.644948557826859226e+00 1.777817522506754955e+00 1.102453686581089443e+00
1.646382744369381701e+00 1.780717665518861903e+00 1.097488796400335920e+00
1.648094044032740291e+00 1.784130386250103451e+00 1.092231456561429281e+00
1.649616534251673095e+00 1.787169252681261700e+00 1.088058332739251455e+00
1.651119036272076679e+00 1.790123327786431240e+00 1.085271036488853813e+00
1.652819881974027183e+00 1.793341690304322888e+00 1.083528911358983438e+00
1.654782438021256352e+00 1.797014910703220947e+00 1.083239048287520490e+00
1.656687176577346765e+00 1.800657042508611250e+00 1.085702075026162117e+00
1.656736670062074257e+00 1.800750245953868678e+00 1.085807980861265731e+00
1.658529664382638380e+00 1.804195705206397049e+00 1.090526199931795892e+00
1.660331638440505353e+00 1.807649276085818935e+00 1.093867851168869088e+00
1.662036672325589493e+00 1.810962607048991924e+00 1.095260691985988633e+00
1.664249550737437744e+00 1.815327677502776682e+00 1.095171768873717477e+00
1.665977046366482028e+00 1.818787760387170493e+00 1.094209807378400789e+00
1.667606714621828523e+00 1.822030097589279585e+00 1.093168322101974788e+00
1.669266215223048189e+00 1.825296359729800866e+00 1.091942982980183441e+00
1.670918347637418977e+00 1.828570835326020827e+00 1.090905856515817174e+00
1.672529417567340193e+00 1.831747648311911503e+00 1.089601432541400294e+00
1.674400782612943672e+00 1.835395651387487614e+00 1.086123837475297282e+00
1.676007617385153026e+00 1.838578101517835295e+00 1.083254522019713173e+00
1.677736969971394876e+00 1.841913224882538280e+00 1.080862344046615853e+00
1.679521970806430842e+00 1.845297497038300039e+00 1.079612458686942444e+00
1.681307592222218261e+00 1.848633484532730575e+00 1.080882868406487063e+00
1.683100781461419171e+00 1.852027462354900678e+00 1.084559535079409276e+00
1.684795864419603939e+00 1.855245961642647545e+00 1.090116103479211729e+00
1.686391003357798013e+00 1.858317426805984995e+00 1.095676237836546330e+00
1.688217143430750466e+00 1.861879625826651008e+00 1.099303488111941229e+00
1.689656960591632728e+00 1.864790901667587431e+00 1.099895845800428429e+00
1.691129661418550034e+00 1.867784257941773163e+00 1.098652778918289830e+00
1.692683824602792209e+00 1.870920926800621498e+00 1.094841862858337622e+00
1.694427878439631829e+00 1.874346751989429016e+00 1.089456835577513827e+00
1.696116155498003986e+00 1.877675808247655009e+00 1.084571076775679099e+00
1.697607502377415756e+00 1.880557442554845693e+00 1.081131922855187222e+00
1.699072226458658630e+00 1.883437506166974806e+00 1.078364307253088850e+00
1.700581342292802223e+00 1.886344970514976405e+00 1.075588168138522427e+00
1.702170170665337601e+00 1.889412083240200602e+00 1.073428674686851991e+00
1.703936062727695822e+00 1.892694776591859585e+00 1.072041406739573377e+00
1.705822969741110251e+00 1.896157477258490598e+00 1.073022849576592330e+00
1.707670231338752842e+00 1.899594339769113738e+00 1.076873922360635616e+00
1.709676285708416010e+00 1.903363930215471900e+00 1.083109191435731145e+00
1.711412164424334525e+00 1.906643300058535884e+00 1.088971367014503810e+00
1.715447659746727194e+00 1.914504292060454249e+00 1.094612441413164605e+00
1.716912635314281399e+00 1.917570160178557970e+00 1.093016739944251636e+00
1.718420383992677269e+00 1.920645142360139390e+00 1.088543578699319392e+00
1.718456328092356822e+00 1.920710421845224447e+00 1.088434700368277719e+00
1.720124072727298170e+00 1.923949016020242819e+00 1.082376138500005691e+00
1.721786668791885244e+00 1.927147116899095014e+00 1.076773498156186060e+00
1.723292985162627300e+00 1.929991229572881384e+00 1.072046743582971917e+00
1.725207819446048507e+00 1.933654993495249830e+00 1.067101744501331106e+00
1.726903423422196271e+00 1.936825220363046052e+00 1.063377603266404847e+00
1.728577854826026439e+00 1.939894447159464352e+00 1.061115067709916593e+00
1.730288333559935277e+00 1.942921289319776701e+00 1.060891426522308612e+00
1.732231711628927640e+00 1.946429348235725332e+00 1.063255909192476034e+00
1.734324030966663432e+00 1.950194590564493291e+00 1.068697420853133684e+00
1.734378576516381720e+00 1.950290911596467058e+00 1.068846630463553327e+00
1.736190829163657856e+00 1.953632118050831368e+00 1.074830124262228681e+00
1.737944171737127341e+00 1.956892932196417689e+00 1.078540603283140165e+00
1.739710197021903770e+00 1.960236031336830553e+00 1.079297313251024848e+00
1.739758456434288947e+00 1.960319103200829360e+00 1.079282913616614881e+00
1.741554323718657704e+00 1.963812162749721146e+00 1.077372521206341638e+00
1.743138717954962669e+00 1.966825109354864543e+00 1.073002613498429403e+00
1.744798098199660252e+00 1.970032753998392616e+00 1.067713601210653396e+00
1.746403874094986763e+00 1.973067487611090742e+00 1.062992634360975464e+00
1.748162340267107373e+00 1.976307276709334815e+00 1.059419925676274188e+00
1.749991529942150681e+00 1.979637126525881641e+00 1.057241293082731737e+00
1.750040498977958325e+00 1.979726115288937383e+00 1.057197582089083543e+00
1.751702978048679693e+00 1.982700401365653065e+00 1.055387370897316712e+00
1.753275625100774171e+00 1.985493293479583921e+00 1.054272508946190401e+00
1.755366466752866339e+00 1.989169360911287487e+00 1.055366963815426828e+00
1.755416693903732117e+00 1.989259736520256672e+00 1.055430940956047392e+00
1.757221597586140716e+00 1.992435827007135840e+00 1.058481517825931695e+00
1.759145250661978466e+00 1.995881612890981316e+00 1.062717011684164437e+00
1.760850790566773405e+00 1.998965848573077908e+00 1.066264813890314134e+00
1.762592203131207125e+00 2.002128851896336936e+00 1.068180600009187797e+00
1.764210557667449386e+00 2.005104885714234175e+00 1.068946957623304161e+00
1.764257020159131883e+00 2.005189607763069315e+00 1.068951607106379598e+00
1.765888606169387698e+00 2.008241963010738207e+00 1.068226934720832855e+00
1.767611517519132480e+00 2.011540299536124454e+00 1.065216289085415768e+00
1.769225792376101891e+00 2.014434908557800163e+00 1.059835199113122295e+00
1.770899797311741519e+00 2.017527954960576686e+00 1.053598912901563933e+00
1.772470381781303672e+00 2.020378474319423301e+00 1.048766935760343966e+00
1.774225354257266130e+00 2.023531609840172329e+00 1.044995868362263769e+00
1.776060104755206037e+00 2.026759002718601543e+00 1.042703639483672617e+00
1.778091852739118517e+00 2.030247213388622463e+00 1.041483179855518415e+00
1.780320815812864943e+00 2.034020181318497933e+00 1.040979880022985027e+00
1.782162377744917814e+00 2.037172695832802916e+00 1.042948850543103489e+00
1.784341171788040414e+00 2.040919901490212407e+00 1.047252756429402520e+00
1.786415787427903856e+00 2.044519303229101137e+00 1.050530257564139758e+00
1.788250797066130104e+00 2.047739050101693881e+00 1.052735427611393826e+00
1.790185950004579807e+00 2.051142155542731160e+00 1.053329050301297531e+00
1.792120355412070598e+00 2.054600204790029139e+00 1.052656660588510595e+00
1.792168515206462587e+00 2.054687135628873840e+00 1.052630321182094653e+00
1.793816768202459500e+00 2.057627812140752077e+00 1.051048855881566935e+00
1.795519942404308456e+00 2.060716773662631951e+00 1.046906952887344922e+00
1.795828250934109693e+00 2.061265991815942833e+00 1.045925001735317661e+00
1.797715950482572378e+00 2.064562594878158741e+00 1.039821911704943425e+00
1.799769268263557320e+00 2.068166267390513458e+00 1.034154574848521913e+00
1.801648447381257290e+00 2.071409955763309441e+00 1.029664256558199931e+00
1.803494572300412990e+00 2.074539809590067563e+00 1.026775026935288215e+00
1.805633322870912938e+00 2.078078113430935403e+00 1.025136075477448117e+00
1.807590696945855502e+00 2.081309044186135715e+00 1.026173332082492617e+00
1.809807329544739218e+00 2.084991286139371347e+00 1.029979045079040256e+00
1.811621087211753967e+00 2.087994545627301246e+00 1.032622552673814420e+00
1.816343395426453178e+00 2.095943562086855838e+00 1.035357196992052087e+00
1.816391410202470080e+00 2.096031471635940502e+00 1.035379472131265022e+00
1.818389357676182483e+00 2.099457871545843624e+00 1.035217428593271816e+00
1.820307927062478459e+00 2.102783969972133793e+00 1.033704094267758222e+00
1.821931517574993054e+00 2.105608229707581103e+00 1.032103460541469397e+00
1.823673944433208627e+00 2.108688265623675839e+00 1.029846220044302374e+00
1.825451562924590654e+00 2.111651687657046139e+00 1.025432154575341981e+00
1.827205234940401102e+00 2.114597105616354611e+00 1.020763456044116113e+00
1.829249200279085219e+00 2.117972463424568463e+00 1.016680750803631739e+00
1.831174483707005640e+00 2.121063812303981777e+00 1.015606898182742635e+00
1.833300982475830621e+00 2.124507148038426330e+00 1.017295897750432054e+00
1.835364057268264348e+00 2.127878133564270247e+00 1.021831499987324587e+00
1.837239077222690309e+00 2.130958493227604222e+00 1.026724169579307899e+00
1.839197622682121835e+00 2.134207124263002520e+00 1.030280569272601809e+00
1.839248380950441852e+00 2.134293403035790515e+00 1.030329705288684394e+00
1.841288045675522511e+00 2.137712417922107200e+00 1.030701694424910997e+00
1.841334551541261355e+00 2.137792294550682204e+00 1.030682562367926769e+00
1.843079805272620941e+00 2.140792422531640593e+00 1.028672056259472001e+00
1.844808554228917430e+00 2.143715385791354233e+00 1.024166442553321454e+00
1.846810665831231102e+00 2.147086813528090055e+00 1.017304151072128793e+00
1.848905399684416917e+00 2.150572959295141473e+00 1.010794752755627135e+00
1.850825026739515877e+00 2.153735131216221621e+00 1.006287780145679545e+00
1.852590995961305165e+00 2.156582028307930443e+00 1.003046931577944445e+00
1.854333981344746807e+00 2.159374367800897865e+00 1.000417964720663688e+00
1.856162621976938265e+00 2.162219746712139123e+00 9.996104253648949722e-01
1.858212765790349108e+00 2.165408629590539924e+00 1.000996818905407704e+00
1.860053074153242170e+00 2.168301079455845048e+00 1.004033982501426836e+00
1.861884265173593178e+00 2.171187854182814903e+00 1.006657545374244789e+00
1.863904915318001176e+00 2.174382459981995197e+00 1.008470998091026694e+00
1.865772453571224343e+00 2.177363425538008102e+00 1.009258968944213297e+00
1.867635952046160730e+00 2.180325978368181872e+00 1.008836133759244191e+00
1.869565627473498637e+00 2.183479260033813318e+00 1.007351935628617134e+00
1.871202792794622649e+00 2.186091726112883382e+00 1.004517494278174050e+00
1.872958882519757173e+00 2.188883497699288139e+00 9.990269349180692648e-01
1.875002093511374923e+00 2.192141473358290238e+00 9.927698661475324871e-01
1.876969833944589716e+00 2.195251999469990611e+00 9.878149073606210528e-01
1.878897134097327948e+00 2.198245570635742663e+00 9.839678841080575777e-01
1.881085163182908637e+00 2.201553487590059532e+00 9.820806700050618288e-01
1.881144392376353336e+00 2.201641093246415881e+00 9.820658584516676060e-01
1.883437933249629159e+00 2.205070828488119972e+00 9.827686354431763860e-01
1.885461972920480456e+00 2.208112146410314391e+00 9.841056206647926796e-01
1.887523418854998969e+00 2.211207580379048743e+00 9.852330008284743146e-01
1.889568345251272152e+00 2.214303171543555493e+00 9.856827222127966248e-01
1.891410526177787377e+00 2.217084387951057778e+00 9.852889499204822155e-01
1.893287347051352043e+00 2.219923200665499863e+00 9.842664746649604224e-01
1.895119686094229206e+00 2.222678325153014445e+00 9.830105516951936906e-01
1.896923080971539388e+00 2.225437083804084448e+00 9.816506853961792789e-01
1.898948818128114668e+00 2.228525222862757005e+00 9.801232487395373782e-01
1.900976920132988912e+00 2.231643028645297289e+00 9.783790889111263489e-01
1.902786356125496514e+00 2.234357316946323113e+00 9.754869204374198022e-01
1.904720305067814312e+00 2.237269287069870494e+00 9.723482222288412080e-01
1.907183659007984033e+00 2.240878084948909610e+00 9.717172596970591325e-01
1.907240842728210151e+00 2.240965144201208847e+00 9.717385538325414851e-01
1.909187487048156884e+00 2.243826058027837522e+00 9.731098913087404823e-01
1.911221144744732703e+00 2.246821169159029630e+00 9.748452789653431205e-01
1.913251068662607857e+00 2.249803026251600446e+00 9.763233729576594744e-01
1.915359790522169314e+00 2.252939697087575688e+00 9.769264583212283748e-01
1.917561393307118278e+00 2.256245802914287779e+00 9.763847021213777344e-01
1.919423925365339123e+00 2.259065999430292848e+00 9.751884376277611954e-01
1.921112036204177143e+00 2.261598500470904050e+00 9.724240491824180932e-01
1.922923227944135505e+00 2.264260995908059737e+00 9.669733470503163453e-01
1.924896746498130362e+00 2.267197320322088316e+00 9.607963898238284228e-01
1.926854792159017560e+00 2.270044663729592127e+00 9.555712370192488425e-01
1.929008770536745798e+00 2.273178253363659529e+00 9.513018650001606735e-01
1.931002751375140214e+00 2.276024551047777678e+00 9.484552209833941872e-01
1.933284251028525524e+00 2.279183433764822908e+00 9.473100130958134191e-01
1.939109653122843557e+00 2.287319346154255584e+00 9.492478976434910454e-01
1.941418909743341192e+00 2.290529635337355430e+00 9.497440707998936471e-01
1.943493698794169333e+00 2.293479963521466658e+00 9.494633330716463204e-01
1.945496120597959067e+00 2.296318236871365936e+00 9.480729143803632297e-01
1.947713707528311078e+00 2.299491778813998799e+00 9.459645524902603464e-01
1.947770198511471929e+00 2.299573776557567228e+00 9.459068157374247443e-01
1.949898174268483331e+00 2.302578398190959774e+00 9.437806440922501539e-01
1.949957026730443577e+00 2.302656848956536884e+00 9.437225366972117335e-01
1.952113546029160762e+00 2.305713486466662410e+00 9.412789213222613194e-01
1.954183620690590262e+00 2.308636954016754839e+00 9.375667789932948804e-01
1.956264989953973021e+00 2.311535012089627639e+00 9.337586386463524457e-01
1.958622198788676494e+00 2.314719780230170887e+00 9.318811881887377746e-01
1.961013832803260915e+00 2.317952839813258947e+00 9.323888909445189332e-01
1.963359795189102197e+00 2.321120364096997513e+00 9.337550067102513562e-01
1.965628788550735306e+00 2.324181664092396460e+00 9.346664601652000526e-01
1.965688121879249461e+00 2.324264962400388157e+00 9.346798619114891071e-01
1.968122624504533569e+00 2.327593926911864841e+00 9.342127134611600825e-01
1.970305638873327325e+00 2.330576967851175407e+00 9.331383798095724824e-01
1.972296199283062990e+00 2.333318487079602654e+00 9.319325712695907260e-01
1.974078452746745427e+00 2.335785567756070158e+00 9.298191657302602442e-01
1.975875515145372852e+00 2.338204521347771792e+00 9.255294014940367298e-01
1.977854648386976777e+00 2.340916759235367905e+00 9.203539110509016963e-01
1.979896232445901960e+00 2.343610985651873424e+00 9.156320003598569235e-01
1.982174196715974723e+00 2.346609861753867765e+00 9.130925177594716446e-01
1.984574919781792568e+00 2.349713660109445712e+00 9.132338346907656890e-01
1.986782107978923406e+00 2.352578493287376116e+00 9.156532920092903538e-01
1.988867140868862071e+00 2.355290366235850197e+00 9.182703574815801462e-01
1.990923910236216621e+00 2.358000411956635567e+00 9.201233881453352303e-01
1.993290792164591041e+00 2.361110937301883261e+00 9.194188257993666236e-01
1.995336745469991513e+00 2.363861653227188775e+00 9.163686762286153975e-01
1.997477590865562425e+00 2.366683386229225583e+00 9.106806412618753122e-01
1.999621088678399383e+00 2.369493732447450984e+00 9.042891102891797983e-01
2.002064243928058485e+00 2.372652845120323484e+00 8.977074196173607801e-01
2.002123019441945928e+00 2.372732249305312457e+00 8.975669469326719163e-01
2.004353828026820938e+00 2.375586547994668507e+00 8.934899724761814488e-01
2.006928173620619482e+00 2.378771770662482243e+00 8.917722761063793246e-01
2.009561578981306162e+00 2.382035417529027033e+00 8.924259335651770764e-01
2.009624262750965062e+00 2.382114118017774729e+00 8.924248096280890108e-01
2.011865391719589002e+00 2.384914363330043585e+00 8.918998497140300241e-01
2.014211394114380216e+00 2.387815442832816437e+00 8.905845544849663176e-01
2.016544667688383807e+00 2.390718318739188053e+00 8.889217762515204679e-01
2.018888886171817720e+00 2.393608872080282168e+00 8.871294962397605621e-01
2.021480797369608506e+00 2.396806225973679094e+00 8.850300481310260370e-01
2.023814873475137333e+00 2.399683043014764650e+00 8.830609255612219544e-01
2.026404562370990980e+00 2.402864333810387443e+00 8.808465233826746621e-01
2.028559433353835928e+00 2.405503016575198494e+00 8.790041718298988727e-01
2.031150567616574865e+00 2.408608679889608251e+00 8.773734351644876250e-01
2.033538941354738228e+00 2.411498330680473590e+00 8.762531366049889359e-01
2.035723488528048186e+00 2.414119096698431388e+00 8.752098026691349508e-01
2.038039132305917711e+00 2.416909153226317830e+00 8.738157966172749314e-01
2.040462884488233986e+00 2.419836435886071335e+00 8.721460802944869251e-01
2.042701050665045592e+00 2.422544898948249426e+00 8.704521342494230263e-01
2.045128004098103691e+00 2.425438723490831006e+00 8.685381601278443497e-01
2.048006645591283537e+00 2.428886115680847002e+00 8.661243565004546063e-01
2.050768400582515305e+00 2.432233216218991245e+00 8.631821873385543409e-01
2.053039032221078752e+00 2.434884293225172414e+00 8.586437627330842925e-01
2.059232034937941158e+00 2.442065599161110434e+00 8.506131687881313130e-01
2.061617577494395892e+00 2.444778214661400106e+00 8.495501666596508850e-01
2.064060657038027102e+00 2.447570077570236258e+00 8.496162307294610194e-01
2.066651635259963093e+00 2.450498971414932114e+00 8.495870004708602208e-01
2.069080279369593711e+00 2.453273113704535824e+00 8.490032662626845195e-01
2.071691051212194878e+00 2.456268613010939017e+00 8.476897966301665255e-01
2.073988176867044952e+00 2.458979513901301317e+00 8.446285410191052279e-01
2.076214312655359606e+00 2.461502774644676261e+00 8.396391836231150707e-01
2.078360968651824958e+00 2.463973577232727585e+00 8.340666006734016591e-01
2.080859824018146842e+00 2.466772599043469683e+00 8.287436386984330383e-01
2.083190004651600979e+00 2.469327636255465919e+00 8.262610557715817095e-01
2.085726021737595914e+00 2.472069135341551149e+00 8.260382250451074881e-01
2.088661619495822297e+00 2.475264947803963889e+00 8.277985583447319273e-01
2.091086434856947562e+00 2.477910887786137994e+00 8.293558173498629671e-01
2.093583184856173673e+00 2.480657055933560340e+00 8.296079566635631286e-01
2.095963137962464806e+00 2.483339341684191570e+00 8.275726326269872146e-01
2.097888455610643188e+00 2.485493103823497307e+00 8.240524934598409956e-01
2.100313797672243687e+00 2.488183954872661641e+00 8.179389573557016568e-01
2.102868473634493363e+00 2.490918206970309967e+00 8.110095583532553887e-01
2.105538497168118361e+00 2.493789037287017951e+00 8.044733867996561871e-01
2.105607554684429505e+00 2.493860663498125962e+00 8.043406065537929139e-01
2.108119497055603198e+00 2.496499154411936594e+00 8.008777734938996584e-01
2.111327459798969741e+00 2.499787998516733722e+00 7.999161388707978215e-01
2.114128942432525360e+00 2.502678341878318946e+00 8.020892004705517664e-01
2.116611772954863468e+00 2.505264311908092179e+00 8.044185695618749632e-01
2.119029376076976057e+00 2.507788542746682836e+00 8.056860434430113127e-01
2.121329690577405724e+00 2.510211796516152560e+00 8.046995316140782561e-01
2.123378822850709557e+00 2.512377531840835232e+00 8.022159845777340204e-01
2.125803592001088482e+00 2.514967166679978661e+00 7.964406849367960950e-01
2.128408667291217249e+00 2.517681422266130120e+00 7.891119389777349058e-01
2.130945628571140560e+00 2.520249294349430791e+00 7.828097398922426731e-01
2.133492364047039569e+00 2.522817411413121214e+00 7.793591395399039889e-01
2.136399901083506414e+00 2.525679594625403368e+00 7.785789236326690066e-01
2.138786411217564076e+00 2.528028368996769970e+00 7.799277798889554525e-01
2.141418044978481650e+00 2.530651751373598213e+00 7.808640895033701623e-01
2.144209562684734394e+00 2.533459686820570766e+00 7.788768091375847247e-01
2.146327458871136074e+00 2.535626027387267278e+00 7.755026650292091706e-01
2.148950210598447708e+00 2.538244558083783353e+00 7.697809087606014566e-01
2.151336157051100706e+00 2.540643926959555543e+00 7.644761647443008012e-01
2.154113679480832655e+00 2.543323576835805788e+00 7.588422862795303203e-01
2.156903917512842384e+00 2.546025219673316187e+00 7.546972158851217305e-01
2.159678257230496889e+00 2.548633316878872623e+00 7.531301762287642143e-01
2.162217215317685515e+00 2.551010789233537857e+00 7.538090878798038297e-01
2.165012923932687627e+00 2.553634681878723889e+00 7.556206790776280879e-01
2.165085274271292270e+00 2.553704454321598760e+00 7.556726187620559365e-01
2.168065747266924692e+00 2.556515551879368964e+00 7.564593569576207877e-01
2.170657880109416737e+00 2.558988400767369775e+00 7.544429421317275786e-01
2.173231563577678660e+00 2.561597759195928692e+00 7.502268146332831122e-01
2.173292258685172396e+00 2.561658226059197574e+00 7.500980956779486064e-01
2.176247157283805578e+00 2.564467201001396468e+00 7.431580147030315553e-01
2.178978920320084001e+00 2.567040391802462906e+00 7.366250199319008818e-01
2.181832969083966844e+00 2.569644628544461185e+00 7.303548029659002738e-01
2.184678010875359622e+00 2.572217045698801829e+00 7.268175835447419075e-01
2.187524010808073793e+00 2.574737118662212776e+00 7.260778786839654497e-01
2.190371000029997628e+00 2.577269820695332392e+00 7.272848451976134942e-01
2.193053683173551427e+00 2.579661418777527970e+00 7.285590629190720202e-01
2.199730728893917409e+00 2.585723173207123082e+00 7.262296777118490976e-01
2.202318203396272711e+00 2.588044662142237939e+00 7.219959267514948209e-01
2.204904351739586321e+00 2.590324341429300681e+00 7.157486474934637855e-01
2.207593865920978171e+00 2.592656287957211259e+00 7.086245151128821584e-01
2.210230548200362577e+00 2.594969953187024281e+00 7.039396803422215410e-01
2.213244829227465793e+00 2.597524510746074711e+00 7.017373098200334613e-01
2.216574596129308183e+00 2.600341505333830128e+00 7.011983385081546061e-01
2.219098844218274191e+00 2.602474027587323047e+00 7.009953293564390453e-01
2.222377972008552138e+00 2.605259246356275149e+00 6.992743403293510962e-01
2.222450906088806022e+00 2.605320783193657341e+00 6.992015884497904121e-01
2.225205781950184036e+00 2.607740783043895672e+00 6.951872650009006671e-01
2.227990090467188544e+00 2.610065250226893951e+00 6.893121264998764985e-01
2.231000974227714373e+00 2.612596049146962862e+00 6.837226237295345177e-01
2.234023752704848764e+00 2.615075888140620197e+00 6.805875003107730858e-01
2.234100965040303866e+00 2.615138629777949308e+00 6.805237820704838070e-01
2.237088272490436403e+00 2.617551166984252831e+00 6.784340383816251929e-01
2.237166545650244309e+00 2.617612309176845731e+00 6.783883614028990428e-01
2.239745561803822227e+00 2.619679301271425231e+00 6.768663742086461488e-01
2.242481751804275447e+00 2.621872825341056590e+00 6.750917425184066456e-01
2.245208746716105708e+00 2.624049075826118127e+00 6.731415542361812721e-01
2.248169983756596491e+00 2.626406139770760095e+00 6.707390730179383365e-01
2.251062803055547512e+00 2.628703216748492721e+00 6.682096285141900793e-01
2.254172687199933023e+00 2.631190175258648623e+00 6.648516394366267290e-01
2.256941036332080763e+00 2.633358976416634967e+00 6.601477947776566158e-01
2.259817763399897039e+00 2.635635714642716287e+00 6.560392168588835560e-01
2.262699791934609461e+00 2.637888509282451999e+00 6.523530373594818021e-01
2.262778757063767632e+00 2.637950193094404483e+00 6.522616513714908359e-01
2.266111167103832091e+00 2.640511547811439819e+00 6.487125371032975707e-01
2.269115851127231132e+00 2.642818851422394921e+00 6.456427759722038751e-01
2.272221457158054125e+00 2.645160949775579695e+00 6.424863236411508804e-01
2.275175121160487812e+00 2.647390503924869520e+00 6.394829750646620070e-01
2.278350364150505847e+00 2.649789857827797412e+00 6.362650216511737122e-01
2.281176506713430197e+00 2.651881181973549495e+00 6.336139448033843991e-01
2.284037538152882352e+00 2.653968623426363749e+00 6.326540202787506173e-01
2.287007193214161127e+00 2.656150975698162497e+00 6.327325103186139943e-01
2.289966359685794650e+00 2.658334213457448580e+00 6.306373459302230255e-01
2.292906189441903830e+00 2.660525370338792328e+00 6.262504217956343933e-01
2.296005263058082502e+00 2.662761165250167039e+00 6.197594868784620514e-01
2.299107178436034182e+00 2.665007915110934711e+00 6.133769180098039842e-01
2.302334355023893497e+00 2.667308829731488196e+00 6.076561483642980432e-01
2.305344452078679218e+00 2.669456935836104439e+00 6.030889013945558430e-01
2.308400958503878275e+00 2.671542282940664315e+00 5.999795958379131600e-01
2.311553728558108922e+00 2.673696960376816811e+00 5.992492711056617294e-01
2.314887028554430515e+00 2.675980707110888535e+00 6.000233119709540430e-01
2.317753846093802750e+00 2.677953289620190525e+00 6.004168469218637005e-01
2.320727220970766780e+00 2.680001887889223333e+00 5.995313494752946282e-01
2.323965957350428546e+00 2.682270244968124828e+00 5.959973394033755145e-01
2.326740526184163826e+00 2.684153012701888663e+00 5.906829631055247054e-01
2.329570993727450468e+00 2.686084865613913131e+00 5.840259639682727766e-01
2.332329735921055303e+00 2.687941822849898799e+00 5.780420404559050152e-01
2.335127904666911558e+00 2.689796227645562254e+00 5.741245657041158523e-01
2.338265848531319691e+00 2.691825967298309585e+00 5.712046736280423920e-01
2.341672236691402009e+00 2.694009619108619802e+00 5.685281323422237687e-01
2.344555638506181872e+00 2.695855781366534032e+00 5.663589703350134785e-01
2.347322710907646215e+00 2.697613594572740858e+00 5.642055825143164061e-01
2.350198780512680941e+00 2.699444653469833533e+00 5.616785411047177101e-01
2.353717290356049929e+00 2.701692367228953451e+00 5.583788641146507636e-01
2.353801868211797377e+00 2.701742718120845765e+00 5.582987326504276204e-01
2.356653197331378014e+00 2.703538623823727782e+00 5.552892847708467139e-01
2.364030621959706036e+00 2.708206459750435613e+00 5.442537006411195533e-01
2.367539949191284077e+00 2.710375171592900756e+00 5.388375393842398386e-01
2.371125467572048784e+00 2.712580862389587288e+00 5.338071376187069061e-01
2.374500759479814871e+00 2.714594416364902507e+00 5.297845126973315111e-01
2.374588871665478162e+00 2.714646297248687112e+00 5.296881532905362011e-01
2.377619277736321202e+00 2.716433872058930721e+00 5.264890125464462001e-01
2.380764383593658717e+00 2.718275965585157383e+00 5.233791206813369623e-01
2.384112292836433333e+00 2.720196398526411485e+00 5.204596730969163199e-01
2.387575106408533987e+00 2.722171511660878007e+00 5.195972201979219829e-01
2.390998289509191910e+00 2.724134418530590462e+00 5.191825501569039547e-01
2.391085196796616685e+00 2.724185054791305127e+00 5.191731113994252356e-01
2.394193943393743140e+00 2.725962866774654270e+00 5.179836728032394255e-01
2.394368801200568164e+00 2.726057742018835661e+00 5.178674146903891051e-01
2.397569288322778380e+00 2.727915573225486945e+00 5.153107413266025949e-01
2.400457892905743407e+00 2.729603295101261651e+00 5.109969655106340047e-01
2.403438770101743227e+00 2.731267668365980672e+00 5.049695697107827730e-01
2.406757622737682567e+00 2.733147660553061353e+00 4.985501009668094619e-01
2.409897553255840652e+00 2.734897945829329657e+00 4.940369821696450892e-01
2.412956775895496175e+00 2.736562350827214996e+00 4.903813010022443630e-01
2.416680246765588791e+00 2.738547335263038285e+00 4.866371821920565388e-01
2.419979830562781764e+00 2.740295762960392345e+00 4.834797785379055246e-01
2.423348092484478578e+00 2.742079279354489252e+00 4.802846279429069942e-01
2.426802271890599272e+00 2.743911159243248576e+00 4.769469819018805068e-01
2.430445524328972873e+00 2.745816485974209353e+00 4.733499719920146731e-01
2.433864870616666565e+00 2.747568665016877354e+00 4.703499920999945072e-01
2.437007190749428620e+00 2.749160019048979997e+00 4.692904620276934780e-01
2.440339546696007389e+00 2.750857041261543401e+00 4.687363010036021960e-01
2.443629773978135855e+00 2.752523852105449365e+00 4.679798553460196020e-01
2.447364523304989881e+00 2.754423429806438506e+00 4.654065592963677611e-01
2.450128699322045911e+00 2.755858370720437378e+00 4.615841392237011176e-01
2.453435054601795340e+00 2.757495129714605753e+00 4.544825569315967817e-01
2.456844982536821931e+00 2.759179227919980715e+00 4.472962840735412171e-01
2.459672558249661911e+00 2.760563676780436015e+00 4.423926930657177126e-01
2.459761504661109655e+00 2.760603645090565994e+00 4.422477473504431988e-01
2.463378207179877766e+00 2.762343460540652718e+00 4.376362373508356773e-01
2.463470441031003766e+00 2.762387679965678799e+00 4.375403587465808708e-01
2.467197244376296617e+00 2.764151232366145905e+00 4.337399230706902586e-01
2.470382131047562879e+00 2.765637532295825984e+00 4.305788954537686508e-01
2.473761334835212100e+00 2.767212086651970715e+00 4.271712667561480270e-01
2.476861307180195038e+00 2.768624295913841848e+00 4.240691503279615526e-01
2.479963231614411789e+00 2.770047487174623235e+00 4.208981693360552279e-01
2.483264677104048967e+00 2.771527965275693894e+00 4.181452453668692559e-01
2.487270326442862611e+00 2.773300856316896823e+00 4.170043124700688608e-01
2.491233126813422238e+00 2.775072763755989769e+00 4.159298929675757650e-01
2.494633537934474177e+00 2.776568820832805429e+00 4.146444360103442306e-01
2.498316311258158784e+00 2.778233590701308486e+00 4.115943845366474285e-01
2.500908540127651847e+00 2.779405154030099023e+00 4.079325215218519429e-01
2.503499543367988966e+00 2.780520984992327804e+00 4.027344978966488909e-01
2.506698446112528345e+00 2.781905435355817247e+00 3.959310427678758293e-01
2.509898239619618110e+00 2.783289169276683683e+00 3.896205716114756190e-01
2.513659691423168141e+00 2.784880875673527711e+00 3.836243217077803247e-01
2.517543961017485898e+00 2.786474548863737688e+00 3.784852956390792889e-01
2.521105654350294323e+00 2.787897058733230349e+00 3.745365657148463923e-01
2.524683169717577336e+00 2.789289920497075137e+00 3.709939962457201590e-01
2.528157827481402720e+00 2.790643160361911068e+00 3.677794320561401653e-01
2.531740723376576518e+00 2.792039692077529445e+00 3.644991186569953578e-01
2.535264805863339355e+00 2.793383641630346581e+00 3.616699818641058162e-01
2.538884132190900367e+00 2.794740478203280531e+00 3.600278793857034088e-01
2.538980712891785174e+00 2.794776496998073068e+00 3.599858783326375100e-01
2.542932492983727144e+00 2.796268362291130849e+00 3.577658723429548160e-01
2.546159302189278328e+00 2.797465875983165873e+00 3.556317552452037400e-01
2.549900201221202423e+00 2.798869909489209107e+00 3.527511504774251683e-01
2.558926448006402232e+00 2.802200131691954255e+00 3.448405600280238237e-01
2.562395540840378239e+00 2.803470610622698533e+00 3.415931578171628180e-01
2.565666058645623693e+00 2.804669478238694502e+00 3.378624825753779315e-01
2.568766250503519810e+00 2.805783095106758829e+00 3.325678364168656587e-01
2.572067156538872634e+00 2.806951680127071302e+00 3.264776936213606429e-01
2.575330376543411681e+00 2.808105770678525737e+00 3.207901358747541898e-01
2.579400043881666882e+00 2.809487559833474535e+00 3.148286673957660375e-01
2.583212643209911619e+00 2.810763977301032668e+00 3.101941476386077534e-01
2.583308702993619477e+00 2.810793595182597748e+00 3.100953633554038857e-01
2.586721641873032773e+00 2.811883923313176936e+00 3.069310736680100904e-01
2.590096567572169661e+00 2.812944195643537704e+00 3.043090521320187536e-01
2.593460338256571962e+00 2.814004468286165572e+00 3.017424184108213336e-01
2.597304163815350009e+00 2.815194011561784393e+00 2.986272009735218558e-01
2.601156064061697748e+00 2.816368291658904344e+00 2.953301821470706301e-01
2.604978497978152951e+00 2.817543787836597424e+00 2.918907399463880337e-01
2.605076274794587476e+00 2.817574050190536639e+00 2.918002590513437133e-01
2.608671140835554070e+00 2.818648325682801214e+00 2.893259020997825948e-01
2.608767925832918610e+00 2.818677915127978828e+00 2.892804770510508106e-01
2.612427286074323618e+00 2.819763692104004349e+00 2.874234044380429287e-01
2.615700442345789689e+00 2.820723535450725183e+00 2.856244008356783604e-01
2.618971728729238002e+00 2.821688626310863590e+00 2.834616364902311503e-01
2.622429110379481010e+00 2.822686761831515234e+00 2.807655447200603227e-01
2.626163494738810833e+00 2.823773081532103824e+00 2.775347093714378155e-01
2.626263699592810585e+00 2.823802983483218121e+00 2.774520489820432312e-01
2.629868035845264629e+00 2.824838653237748964e+00 2.745078396330475345e-01
2.633677964348123623e+00 2.825909230669045868e+00 2.732625607706446469e-01
2.637172651457478700e+00 2.826887231277378287e+00 2.722358073640379628e-01
2.640713446720460045e+00 2.827905426955350077e+00 2.701120316530107313e-01
2.644352026516127552e+00 2.828962824656879427e+00 2.655635210036302873e-01
2.647417608384751375e+00 2.829802940660433919e+00 2.594292211642644785e-01
2.650679076682512125e+00 2.830688967912656118e+00 2.517629951661913834e-01
2.653999891918843890e+00 2.831610245689313743e+00 2.445014866241133344e-01
2.657392953919138101e+00 2.832499626354218591e+00 2.380686734648530534e-01
2.661396156243359457e+00 2.833524959134111398e+00 2.324097620918237628e-01
2.661591969115300493e+00 2.833573741968444359e+00 2.321617660599224475e-01
2.665547192633781926e+00 2.834504765782105196e+00 2.277168308309197586e-01
2.665644619846637031e+00 2.834526318140436096e+00 2.276283019936395369e-01
2.669473459617230482e+00 2.835414930013705703e+00 2.244388559376808978e-01
2.672729598780542393e+00 2.836145005717299661e+00 2.217752752966659358e-01
2.676773385772990288e+00 2.837049352394588553e+00 2.183496122852158494e-01
2.676872873725423041e+00 2.837071173831039239e+00 2.182648311510097805e-01
2.680830788593094205e+00 2.837938965812322856e+00 2.151862681332050442e-01
2.684179510660358758e+00 2.838675915108359149e+00 2.130563369346184510e-01
2.688114711024135239e+00 2.839520395375493500e+00 2.103795019728786631e-01
2.691546479717056073e+00 2.840264665874474570e+00 2.077793005711503216e-01
2.695070645697587253e+00 2.841024355931597523e+00 2.048779435593793552e-01
2.698510090950767104e+00 2.841749926221041278e+00 2.018124806355530987e-01
2.702812632013312566e+00 2.842661292921895733e+00 1.978875285583641952e-01
2.706442629820537960e+00 2.843406026524465613e+00 1.944877569320093424e-01
2.710299625120583755e+00 2.844153625071816016e+00 1.912888677468068954e-01
2.713804306983413461e+00 2.844843320169599288e+00 1.893799397136123330e-01
2.717873823338598172e+00 2.845616702851183621e+00 1.871646880804107571e-01
2.721514888546490596e+00 2.846295881279698570e+00 1.849209854963748123e-01
2.724798029596046778e+00 2.846932166354676941e+00 1.825459125590106757e-01
2.728338831721094593e+00 2.847608308163317226e+00 1.795948514369335447e-01
2.732453990465208982e+00 2.848381951710834858e+00 1.759162694740848965e-01
2.736119540801942307e+00 2.849041711280206002e+00 1.730061121569547999e-01
2.739637109474818644e+00 2.849657107196415851e+00 1.711981932838353149e-01
2.743398426634840348e+00 2.850308079706857178e+00 1.692949278516129863e-01
2.747364015034602147e+00 2.850991577409500266e+00 1.669760234255137643e-01
2.750915458064273178e+00 2.851612837095831132e+00 1.644346805664835265e-01
2.754243304354363708e+00 2.852223462291028522e+00 1.604942520265908723e-01
2.757212551665459088e+00 2.852747849803948910e+00 1.548366503234126501e-01
2.761181551465180739e+00 2.853370296978520848e+00 1.454727175772826120e-01
2.764779941944093267e+00 2.853958128776667102e+00 1.374451979947032831e-01
2.773433104529678950e+00 2.855184031433656067e+00 1.232570332164729249e-01
2.777364862690631320e+00 2.855677191466970299e+00 1.178105916412469367e-01
2.777463075464113196e+00 2.855688153599634127e+00 1.176982546818530206e-01
2.781393272346153633e+00 2.856138954347474890e+00 1.139893901174493934e-01
2.784949226268897071e+00 2.856544524330727253e+00 1.126074413564642357e-01
2.788363089851533250e+00 2.856931787191895999e+00 1.117222185521631467e-01
2.792078028819704461e+00 2.857345844201247154e+00 1.103559102110310552e-01
2.795611735705126222e+00 2.857724797617587242e+00 1.085684615749763215e-01
2.799207483197743151e+00 2.858127556628323962e+00 1.061800940529440823e-01
2.803602267817324023e+00 2.858595492236749802e+00 1.026579970186735219e-01
2.807300993716114412e+00 2.858974619421166263e+00 9.943555253982483411e-02
2.810985562193806686e+00 2.859350490139844769e+00 9.640006428712499797e-02
2.811381158552944903e+00 2.859392947232467730e+00 9.609824431454444538e-02
2.814688910292443946e+00 2.859716207923081122e+00 9.350922747362369614e-02
2.818391606598015464e+00 2.860050187938622202e+00 9.059384019546169731e-02
2.822085418142951774e+00 2.860391685926448879e+00 8.764565371173012320e-02
2.825380353055248150e+00 2.860672317112056717e+00 8.498568657787405889e-02
2.828659857079134810e+00 2.860974143887636156e+00 8.230066393267607139e-02
2.832198061376672626e+00 2.861272142839469623e+00 7.969727150901645407e-02
2.835681332104805996e+00 2.861550428972871707e+00 7.739032997646076717e-02
2.839662539892995330e+00 2.861867649638272670e+00 7.465629178460835014e-02
2.842950744270788199e+00 2.862128428309445027e+00 7.224918636859456456e-02
2.846229625871091962e+00 2.862390925855953228e+00 6.972660108621966946e-02
2.849907985148755873e+00 2.862654892577534582e+00 6.678096345606542028e-02
2.853287127674406065e+00 2.862895101079392379e+00 6.402128179145664955e-02
2.857241899351295800e+00 2.863181772699585181e+00 6.074849390385584497e-02
2.861130626107866171e+00 2.863435569156113303e+00 5.771524154371107662e-02
2.861228858156052546e+00 2.863441958630396300e+00 5.764746475990653596e-02
2.864947826815074094e+00 2.863658753544814140e+00 5.501924409900304375e-02
2.868745116777863480e+00 2.863852012007758852e+00 5.234890661418448859e-02
2.872618666162190859e+00 2.864072074667332490e+00 4.959124471335470824e-02
2.876198502560211701e+00 2.864273023537774243e+00 4.690876915726262253e-02
2.880065474566094075e+00 2.864459299963038941e+00 4.387594012164521690e-02
2.883570430274327911e+00 2.864612448605429407e+00 4.137837593022337251e-02
2.887354111291095649e+00 2.864776379543648055e+00 3.884801445616031107e-02
2.891038401978536232e+00 2.864942142761118582e+00 3.627906659969561132e-02
2.894608445392129248e+00 2.865083432876541103e+00 3.372697355562739169e-02
2.898560568760602418e+00 2.865239891377154180e+00 3.077091524915476217e-02
2.902217496578983535e+00 2.865368434712225909e+00 2.793468154705452261e-02
2.905873347582911936e+00 2.865481571836686392e+00 2.501008893437953184e-02
2.909548724555305554e+00 2.865584603603060110e+00 2.216562513993563382e-02
2.913329901358774343e+00 2.865672420855375879e+00 1.946341392828002809e-02
2.917295263911590553e+00 2.865783254255771517e+00 1.663214395295591758e-02
2.921148952338911364e+00 2.865852141930657293e+00 1.384537563720209148e-02
2.921247214395856773e+00 2.865853644860488991e+00 1.377269392289644581e-02
2.924684590670606710e+00 2.865936913568364552e+00 1.112844657258478531e-02
2.928721233040780358e+00 2.866012746522699217e+00 7.962807307581983018e-03
2.932355052896928882e+00 2.866066231263941333e+00 5.094629369699976186e-03
2.936207763458873465e+00 2.866102905831376724e+00 2.244679599198931650e-03
2.940066484194892915e+00 2.866104570655473083e+00 -5.436663584224287219e-04
2.943607235436112468e+00 2.866119394056821257e+00 -3.148894965015326067e-03
2.947246855502520191e+00 2.866109850995497421e+00 -5.825219577219502634e-03
2.951380602787287977e+00 2.866099821231778755e+00 -8.948728886785470987e-03
2.951477944769505868e+00 2.866099817086543045e+00 -9.022834717655836209e-03
2.955414374379355280e+00 2.866077768172242912e+00 -1.197354534584836767e-02
2.955510674076572197e+00 2.866077542539236411e+00 -1.204541370183265757e-02
2.959142266367109642e+00 2.866060928410355757e+00 -1.470634801149758690e-02
2.962974362032341880e+00 2.866023418783714583e+00 -1.754632542788242544e-02
2.966700107838345257e+00 2.866003814105842373e+00 -2.032076864834104699e-02
2.970608270128648698e+00 2.865929662298869474e+00 -2.330110220075879562e-02
2.973836139274101509e+00 2.865868181099150647e+00 -2.581042521696289699e-02
2.982824164628317121e+00 2.865682183447751719e+00 -3.275667326038923799e-02
