7.503399446025860176e-01 1.124972709791166592e+00 -1.354316770493468013e-04
7.504624421639086718e-01 1.124958147591154534e+00 -1.742173219278025877e-04
7.517556574229682376e-01 1.124950527132879241e+00 9.124234517739876742e-04
7.556463422471280111e-01 1.124967679838307477e+00 4.846347344785523030e-03
7.623699275193127622e-01 1.125008581185829915e+00 1.267841701556076013e-02
7.686748588225295054e-01 1.125132858762107446e+00 2.091604017868503584e-02
7.744971487503281571e-01 1.125264859188355171e+00 2.846952978115493971e-02
7.807411364073685300e-01 1.125469586508619946e+00 3.659243599431777350e-02
7.865823789982886449e-01 1.125694117218328572e+00 4.450528050724057716e-02
7.922941667066573102e-01 1.125977051556744213e+00 5.217855231848264608e-02
7.979421330401760271e-01 1.126275498755704652e+00 5.997573568742665950e-02
7.980937235927965112e-01 1.126281242662394044e+00 6.018516215026546018e-02
8.036906679346637050e-01 1.126626687238587277e+00 6.797232666585246996e-02
8.094195574059056542e-01 1.127038931747509576e+00 7.586541825489293012e-02
8.146748381891542046e-01 1.127459839831410404e+00 8.322817094050649622e-02
8.202531422436040165e-01 1.127924851584025889e+00 9.076792603575409291e-02
8.256423636785532594e-01 1.128438537030056255e+00 9.766902516962956693e-02
8.315486361999810949e-01 1.129034722958600634e+00 1.051937062211772828e-01
8.365774645879268112e-01 1.129573209339597373e+00 1.114583439600130704e-01
8.417092681066189463e-01 1.130170440821886446e+00 1.177479864862409215e-01
8.464655357914985245e-01 1.130733037367409821e+00 1.236923981067181710e-01
8.517944940022146305e-01 1.131417993029517843e+00 1.301525455781430418e-01
8.643448966878215511e-01 1.133159881996609331e+00 1.458535162337584179e-01
8.646294213455627542e-01 1.133200505046189521e+00 1.462175467842228294e-01
8.698388959824009392e-01 1.133971586652583907e+00 1.526166824835058500e-01
8.747566360805553165e-01 1.134738027984259601e+00 1.586216010858255976e-01
8.799160252109472502e-01 1.135581861212995314e+00 1.650047117784559647e-01
8.860210128596478496e-01 1.136632794188678908e+00 1.725984874589599760e-01
8.905988610330861643e-01 1.137433592660263004e+00 1.782553917001568622e-01
8.953125054917475678e-01 1.138311490812448756e+00 1.839537896527007332e-01
9.005057914561633847e-01 1.139285359055346003e+00 1.905396943430021084e-01
9.062088862793488131e-01 1.140396932359605042e+00 1.979300694691888129e-01
9.112242708068455377e-01 1.141413769226353736e+00 2.043951973959698964e-01
9.160516623267733749e-01 1.142434236616641119e+00 2.106354033730084840e-01
9.212673330540368521e-01 1.143558109767617736e+00 2.174231108308669336e-01
9.264932370823797392e-01 1.144742423095630679e+00 2.240233800024066524e-01
9.266290840983995025e-01 1.144773115473199265e+00 2.241885149782809339e-01
9.317839818313292666e-01 1.145963751017947008e+00 2.308091683892505852e-01
9.373615954861413968e-01 1.147307835823279110e+00 2.378440190322448078e-01
9.422332240181416907e-01 1.148485245728007920e+00 2.441118326128803584e-01
9.471720645809064143e-01 1.149722044677331301e+00 2.506526598129789618e-01
9.473036415549216382e-01 1.149755168379876569e+00 2.508193919945688743e-01
9.528806808291601094e-01 1.151213144733808758e+00 2.581773560018761904e-01
9.530104352036210535e-01 1.151248407419939168e+00 2.583468939548144716e-01
9.576652783151969883e-01 1.152491086241941076e+00 2.647683983055552082e-01
9.625292976115015220e-01 1.153822215413932817e+00 2.719786494267226185e-01
9.669913879288130065e-01 1.155082157557481004e+00 2.786696836237954056e-01
9.671198062440847787e-01 1.155117370614233696e+00 2.788568405616803636e-01
9.721506836847761956e-01 1.156594993716919317e+00 2.861769407083504246e-01
9.771629447011617176e-01 1.158074738232800494e+00 2.931811576738325709e-01
9.819042380695788275e-01 1.159524785640568822e+00 2.998176335173380336e-01
9.864920841877471425e-01 1.160979451294297693e+00 3.062224919058552652e-01
9.866144768442496327e-01 1.161018870491301369e+00 3.063955106228709591e-01
9.914312145610311156e-01 1.162543814272498199e+00 3.129078265535499837e-01
9.957401917291152094e-01 1.163951640778791763e+00 3.187445539872066358e-01
1.000268925461891278e+00 1.165449277442955900e+00 3.248419060492935273e-01
1.005154724059342808e+00 1.167123253551017870e+00 3.314621897738353473e-01
1.005275532905774316e+00 1.167165385192286964e+00 3.316343774955714530e-01
1.009743486899851161e+00 1.168706839551722609e+00 3.377473888840762939e-01
1.013935216823125929e+00 1.170200612772676285e+00 3.435045808946640689e-01
1.018496897007106661e+00 1.171841742951294396e+00 3.496781559809193918e-01
1.023177820740667432e+00 1.173565400862860653e+00 3.560686379203558682e-01
1.027458164863689127e+00 1.175151828345836869e+00 3.619914820898601504e-01
1.031810012936054344e+00 1.176819201190077768e+00 3.682440203794644651e-01
1.036262886074799772e+00 1.178537994058791005e+00 3.747770430638444061e-01
1.041187516526946411e+00 1.180523359401972616e+00 3.820373325223211936e-01
1.045510617914997553e+00 1.182262617724343157e+00 3.884422346015599659e-01
1.050014540207620417e+00 1.184111740852874073e+00 3.951448604403371978e-01
1.054127851198463972e+00 1.185835362941092264e+00 4.013435050221875189e-01
1.058221931674726779e+00 1.187587047053160871e+00 4.072471995061499039e-01
1.062950501560971706e+00 1.189641164777589077e+00 4.140838523024379936e-01
1.067445670918183431e+00 1.191623873458945493e+00 4.205572334208689256e-01
1.071502100040413463e+00 1.193429602596318029e+00 4.263264793732766678e-01
1.075953968622648027e+00 1.195476800194699818e+00 4.326593881050467272e-01
1.076064470626344693e+00 1.195529051528912312e+00 4.328169998713303768e-01
1.079824564440838408e+00 1.197277917478484444e+00 4.381979056292929497e-01
1.083566269547594274e+00 1.199031066112001831e+00 4.435286724812950720e-01
1.087500919446651615e+00 1.200892748501383167e+00 4.491473829910178628e-01
1.091407241585873100e+00 1.202766348202210400e+00 4.548290114255123529e-01
1.095515868928487180e+00 1.204775894334602082e+00 4.611046633645861093e-01
1.099162101773216049e+00 1.206587646137452063e+00 4.667890996824545224e-01
1.103291194294715005e+00 1.208689102534038495e+00 4.734132327756732095e-01
1.107839610593506885e+00 1.211034270666609070e+00 4.805439121811189152e-01
1.111930651800161707e+00 1.213179010705942362e+00 4.867851099184218322e-01
1.121456560589538354e+00 1.218295790872889084e+00 5.006690628746088834e-01
1.125393785368152155e+00 1.220470835319831027e+00 5.063715078946553483e-01
1.129495896472488159e+00 1.222746534871110846e+00 5.124265005039674303e-01
1.133357824337434705e+00 1.224952542266527722e+00 5.179002391311161579e-01
1.133464355833080361e+00 1.225011044866454180e+00 5.180362225766684814e-01
1.137122107190005948e+00 1.227101301352894414e+00 5.232806766083750727e-01
1.141067350632429811e+00 1.229406724241030702e+00 5.291052988135701574e-01
1.145095732477752648e+00 1.231776341280335973e+00 5.351112056935020123e-01
1.149238656591455188e+00 1.234259879847109165e+00 5.412354102583569748e-01
1.152829244059038860e+00 1.236413281512286133e+00 5.466740648605715736e-01
1.156165958102003399e+00 1.238441723253762117e+00 5.518720240476109318e-01
1.159785604698163608e+00 1.240692344199933128e+00 5.573366770754475397e-01
1.163407153061383204e+00 1.242937751147046743e+00 5.627433249061601916e-01
1.166992277342610240e+00 1.245220882657446015e+00 5.680929376501602235e-01
1.167088950549278303e+00 1.245281532598205843e+00 5.682441720266495633e-01
1.170644809814490817e+00 1.247556495463156168e+00 5.735729134644619309e-01
1.174280481202454540e+00 1.249914740841883809e+00 5.790473992926246094e-01
1.174374781187039307e+00 1.249975298456356798e+00 5.791877273147423288e-01
1.178191017675544572e+00 1.252479674678194321e+00 5.848888425388482082e-01
1.181678481121436031e+00 1.254806812551761963e+00 5.901392244370499141e-01
1.185077033892275367e+00 1.257097494546601801e+00 5.951419539227063016e-01
1.188540404813008822e+00 1.259454854291367942e+00 6.001822384680142175e-01
1.191707993411240230e+00 1.261624495675047974e+00 6.048765826267343826e-01
1.194967230874819597e+00 1.263889520193281601e+00 6.096459700684276894e-01
1.198024368183129074e+00 1.266044559552946147e+00 6.140753700060264109e-01
1.201148486119256953e+00 1.268254728482859583e+00 6.187529124158945848e-01
1.204254758400674863e+00 1.270470892084087922e+00 6.234467151052358602e-01
1.207523077137335310e+00 1.272845041182466108e+00 6.282331198833435160e-01
1.211666845937154680e+00 1.275855144220936932e+00 6.343382184491480613e-01
1.215252387062007555e+00 1.278522316861318453e+00 6.395653811685513279e-01
1.218989685989045224e+00 1.281327752532345654e+00 6.451493525343487967e-01
1.222284777832751024e+00 1.283796023839938627e+00 6.500328618780653045e-01
1.225735757611236876e+00 1.286426748176233925e+00 6.551626774029344347e-01
1.228892505788578671e+00 1.288873189724905721e+00 6.598804700593956518e-01
1.232280793740178293e+00 1.291525122204418397e+00 6.647663198200786105e-01
1.235234922683151826e+00 1.293866553148062870e+00 6.689331483381938392e-01
1.238171722384530105e+00 1.296207731980082212e+00 6.730609819723053500e-01
1.241584243007355592e+00 1.298949443639762391e+00 6.779452595335963005e-01
1.241665549554620274e+00 1.299020338319265555e+00 6.780693336707188656e-01
1.245237692725581935e+00 1.301915175791439339e+00 6.831888754876965786e-01
1.248047447872627114e+00 1.304196688154108719e+00 6.872544079760335434e-01
1.251532637261732805e+00 1.307053478780473288e+00 6.923832918037532425e-01
1.251619898739422476e+00 1.307124863872594966e+00 6.925072821372663112e-01
1.255063394401361165e+00 1.309982329207107776e+00 6.975110353613969139e-01
1.258308542681247033e+00 1.312710386377981875e+00 7.020769864539200267e-01
1.261213587438794193e+00 1.315181459716087575e+00 7.061855879006608827e-01
1.263932479802338360e+00 1.317512462828009490e+00 7.100798921777956574e-01
1.267304586607183037e+00 1.320412406284359630e+00 7.149377180752575223e-01
1.270316600070658275e+00 1.323047591497954922e+00 7.191988421175135038e-01
1.273627668417311121e+00 1.325965405878712255e+00 7.238668494293968303e-01
1.276462257052616955e+00 1.328476288461193811e+00 7.279351940701668244e-01
1.279363020694239905e+00 1.331067476916873549e+00 7.320724856441551687e-01
1.282237623885484901e+00 1.333660825104664882e+00 7.360676288627285846e-01
1.285263151793910819e+00 1.336414922621832035e+00 7.401632253273440210e-01
1.285340443324396897e+00 1.336489056985217250e+00 7.402735808288045671e-01
1.288271412391334803e+00 1.339165667177751651e+00 7.442584235012134064e-01
1.291099555894264839e+00 1.341789774479706709e+00 7.480304868524366713e-01
1.294393867839406909e+00 1.344867558940406660e+00 7.524739551741391752e-01
1.297423397736141126e+00 1.347729691769857574e+00 7.565912170622948185e-01
1.300372700910625623e+00 1.350515631041631526e+00 7.606722709231383828e-01
1.303091069195287499e+00 1.353091271987706179e+00 7.644188852738347251e-01
1.306151308076204387e+00 1.356043523435302323e+00 7.685408485898383990e-01
1.309131755376625073e+00 1.358942639019371734e+00 7.724386170157264697e-01
1.316010834850454891e+00 1.365739685959914684e+00 7.813365126193174692e-01
1.318645055838623570e+00 1.368359166658255299e+00 7.848267702218796327e-01
1.321122186044366931e+00 1.370843331638700757e+00 7.881074537986874073e-01
1.323567762173701201e+00 1.373322778848434789e+00 7.913642374505140964e-01
1.326548334500775583e+00 1.376341517974153827e+00 7.953370764183785857e-01
1.329036220897548359e+00 1.378916602635761990e+00 7.985839277466367792e-01
1.331816477435891377e+00 1.381795857936816363e+00 8.021150642586591939e-01
1.334809174022625555e+00 1.384937393690887752e+00 8.058404964636253220e-01
1.337496423232781950e+00 1.387767807421249611e+00 8.092179473579333981e-01
1.340170017724677365e+00 1.390601705358451401e+00 8.125809666803368581e-01
1.342682042935659403e+00 1.393280933351048745e+00 8.157440332702425856e-01
1.345319953449323869e+00 1.396118774770420456e+00 8.190399247475881328e-01
1.347829681274539393e+00 1.398806167066729556e+00 8.221719357145919060e-01
1.350192575751725022e+00 1.401345328090594755e+00 8.251349903116763640e-01
1.352666704356057181e+00 1.404051890984031159e+00 8.282142759978169400e-01
1.355266701212177516e+00 1.406912882244353291e+00 8.313271843633581737e-01
1.358296029793919502e+00 1.410257597548484565e+00 8.348876857961535780e-01
1.361295945845769406e+00 1.413598929807438065e+00 8.384562021837671519e-01
1.364019186743530954e+00 1.416639076499381478e+00 8.416851455513201241e-01
1.366644228912878845e+00 1.419601302297429424e+00 8.448146394327000763e-01
1.369195138932616018e+00 1.422509880475353317e+00 8.478046736578711551e-01
1.371997932635951933e+00 1.425722929285880181e+00 8.511290060235791044e-01
1.374459458094689168e+00 1.428541523664694779e+00 8.540581026985322177e-01
1.377169649423174880e+00 1.431698048149109503e+00 8.572217124090065754e-01
1.379734044694824302e+00 1.434700547542925086e+00 8.602186463979047959e-01
1.382155678593105730e+00 1.437536738702678507e+00 8.630102552927964021e-01
1.384649300913163739e+00 1.440466190925123069e+00 8.657560797060265267e-01
1.387512078747286770e+00 1.443879266016005358e+00 8.688476948526651089e-01
1.389918266469112984e+00 1.446737982166435899e+00 8.714775827027790855e-01
1.392497546283628207e+00 1.449857880432740220e+00 8.742778119604464049e-01
1.394866615723579173e+00 1.452724460836628984e+00 8.768793839626393138e-01
1.397369116200543937e+00 1.455753315020742233e+00 8.796032018361936711e-01
1.399851703024703742e+00 1.458800914990202813e+00 8.823326119488146269e-01
1.402260488837483221e+00 1.461771429535335454e+00 8.849153992739632324e-01
1.404396217950460990e+00 1.464407260397060595e+00 8.872474991950494161e-01
1.406664561164370886e+00 1.467213786627665106e+00 8.896532271081540877e-01
1.409312245516006090e+00 1.470514010381141379e+00 8.923801327038367592e-01
1.411742732557359936e+00 1.473571961915124851e+00 8.948601465209585770e-01
1.414171295167075293e+00 1.476621342557449701e+00 8.973388341348746966e-01
1.416779600060479538e+00 1.479928625841052892e+00 8.999713106140572183e-01
1.419095636948437322e+00 1.482850104511165945e+00 9.023445693971975379e-01
1.421675930725134984e+00 1.486178564499052168e+00 9.049974479899780544e-01
1.423944419226609526e+00 1.489100095479569896e+00 9.072642440337410630e-01
1.426033429342947745e+00 1.491792042177589872e+00 9.093236394936398126e-01
1.428101438905373222e+00 1.494488917751264356e+00 9.113238107273679001e-01
1.430291124809118575e+00 1.497348569492976900e+00 9.133870509057439024e-01
1.432732089303031087e+00 1.500534175232925094e+00 9.156878934505507939e-01
1.432796196175478265e+00 1.500613539869006807e+00 9.157461420265170515e-01
1.435035645257222381e+00 1.503558853083182489e+00 9.178638907045295614e-01
1.435099974739342477e+00 1.503642115993226724e+00 9.179251486417655537e-01
1.437448687059374119e+00 1.506747508308661221e+00 9.201334971833278198e-01
1.439610542419235362e+00 1.509611212339458275e+00 9.221210306726582706e-01
1.441877594663764084e+00 1.512656816724147868e+00 9.242435248931175629e-01
1.444079001161088893e+00 1.515612874319549830e+00 9.262549278738011482e-01
1.446653113665203438e+00 1.519072861813896225e+00 9.285607720060193859e-01
1.452292914500519228e+00 1.526728353648467262e+00 9.336995893354377296e-01
1.452350546376645291e+00 1.526812081855355441e+00 9.337565237299128018e-01
1.454722184673941987e+00 1.530028579841420378e+00 9.358624040328519245e-01
1.456974575275988837e+00 1.533080139431037825e+00 9.378591689552313593e-01
1.459496753072542674e+00 1.536555135798409299e+00 9.400579639025020695e-01
1.461701359087811181e+00 1.539621661361082694e+00 9.419712967320233998e-01
1.463982208819033293e+00 1.542769777980694590e+00 9.438654588239202559e-01
1.466077794912001631e+00 1.545671690837840728e+00 9.456208503213135996e-01
1.468139890286107141e+00 1.548574371739420918e+00 9.473352105055306005e-01
1.470326410513066007e+00 1.551652610434901991e+00 9.490817725917202186e-01
1.472510720557755448e+00 1.554733168980714897e+00 9.508426153486124743e-01
1.474796954166585294e+00 1.557981592236493240e+00 9.526948052657647770e-01
1.476980045660992058e+00 1.561073352355711430e+00 9.544154916813237799e-01
1.478928472385851123e+00 1.563831766002234502e+00 9.559311750426587873e-01
1.481396289123448451e+00 1.567335285812123225e+00 9.578777407172955893e-01
1.481455566257001921e+00 1.567418923337015935e+00 9.579228541716734435e-01
1.483598861141310898e+00 1.570508820768179881e+00 9.595823602964561605e-01
1.485972111161682818e+00 1.573943617443789522e+00 9.614005109764847123e-01
1.486028650495288650e+00 1.574025157036067712e+00 9.614444521428581192e-01
1.488184974684681805e+00 1.577118143442450382e+00 9.630494403362024336e-01
1.488419922600668688e+00 1.577452948547116929e+00 9.632217072010702541e-01
1.490490307042475315e+00 1.580471896346457239e+00 9.647323652538859484e-01
1.492556205284103044e+00 1.583493528710031573e+00 9.662804784251977086e-01
1.494578408421507687e+00 1.586425249713784513e+00 9.677732406934514975e-01
1.496641563280121989e+00 1.589444782332727346e+00 9.692781268375759707e-01
1.498795097111123464e+00 1.592641158089354025e+00 9.707978991001582347e-01
1.500947655266292813e+00 1.595831599927113764e+00 9.722690907710906938e-01
1.502976775416782651e+00 1.598870907810197917e+00 9.736745954947888526e-01
1.505067511588757512e+00 1.601981562344049426e+00 9.751044248663811587e-01
1.507101213338075674e+00 1.605012647501065093e+00 9.765019960855620962e-01
1.509459372594784243e+00 1.608568519079805359e+00 9.780800318301874352e-01
1.511304642146902300e+00 1.611349436484405651e+00 9.792643336255185682e-01
1.513611163429131601e+00 1.614815454655088356e+00 9.807098165105162524e-01
1.513720489417097248e+00 1.614983501248375308e+00 9.807799120646721880e-01
1.515671399106591988e+00 1.617944760508914781e+00 9.819845824228118358e-01
1.517905660773651411e+00 1.621333018582962637e+00 9.833057606463369016e-01
1.517958656112551541e+00 1.621420066904935453e+00 9.833402628131189260e-01
1.519979916326371860e+00 1.624470169079748061e+00 9.845721118801793459e-01
1.522031407391286839e+00 1.627600968251548430e+00 9.858148506147231815e-01
1.523974507176709459e+00 1.630572638806209174e+00 9.869708925103453101e-01
1.525966855784605780e+00 1.633622890273985107e+00 9.881802315930442449e-01
1.527949512613678618e+00 1.636668300868775017e+00 9.893334865699507930e-01
1.529815266626042725e+00 1.639558778066219080e+00 9.904164331412869116e-01
1.531897250989532999e+00 1.642781992090923016e+00 9.916341680162608085e-01
1.533925480479066739e+00 1.645937207225803611e+00 9.927875211015122492e-01
1.535847043363630871e+00 1.648915394310094484e+00 9.938547585744018642e-01
1.537747424955879794e+00 1.651896152117271921e+00 9.948835987708377626e-01
1.539916893657179653e+00 1.655298944164018904e+00 9.960359510905791858e-01
1.542143390565250405e+00 1.658791436656703810e+00 9.971862247882343766e-01
1.544087962151835303e+00 1.661852868063212085e+00 9.981496363011682638e-01
1.546140423415435894e+00 1.665095701187351729e+00 9.991499651647295366e-01
1.548085607793404872e+00 1.668170656025818932e+00 1.000075219894235756e+00
1.550076203604332070e+00 1.671331378884541197e+00 1.000993062653986465e+00
1.552064626305601713e+00 1.674496065162398128e+00 1.001925044855893843e+00
1.554170181669120021e+00 1.677838410844173733e+00 1.002952893867081530e+00
1.556006884567380899e+00 1.680753759749713527e+00 1.003892743033414581e+00
1.558206302570778190e+00 1.684267931473278690e+00 1.004950583447780321e+00
1.558259395383456924e+00 1.684353837642655227e+00 1.004976217756081924e+00
1.560270661246578427e+00 1.687522530917446195e+00 1.005872601722662019e+00
1.562378354496593236e+00 1.690855367385990071e+00 1.006805619281443187e+00
1.564252512674023432e+00 1.693859347081368538e+00 1.007614945524949679e+00
1.568947703375374036e+00 1.701395218835036083e+00 1.009574812820794865e+00
1.570931888447366198e+00 1.704575378364885596e+00 1.010393352918301346e+00
1.572842126711593069e+00 1.707669843941701959e+00 1.011121321934272288e+00
1.574745734636413097e+00 1.710767008426947733e+00 1.011824506513112176e+00
1.574796296051964140e+00 1.710853586348483946e+00 1.011847233882182229e+00
1.576719695520436115e+00 1.713942819233980730e+00 1.012530459259220583e+00
1.578723390055218889e+00 1.717220976093983387e+00 1.013243192596488651e+00
1.580897915923356489e+00 1.720769956501971842e+00 1.014057902294301927e+00
1.583008853716971753e+00 1.724201135731507017e+00 1.014951946167401697e+00
1.583059007634197490e+00 1.724288240361966373e+00 1.014976304458574896e+00
1.585372648133933415e+00 1.728076946833605021e+00 1.015881438103815260e+00
1.587331112590121496e+00 1.731267815197711668e+00 1.016590371312728003e+00
1.589385465683555321e+00 1.734619909393829040e+00 1.017260757180929120e+00
1.591524639369562344e+00 1.738151074767547488e+00 1.017935877649505549e+00
1.593611277605759824e+00 1.741591570520014898e+00 1.018541349410579944e+00
1.595556352557939261e+00 1.744775840915446796e+00 1.019094256099924323e+00
1.595609258981282252e+00 1.744861426581367336e+00 1.019105800029937337e+00
1.597540220242660070e+00 1.748062683808943918e+00 1.019609041983265740e+00
1.599845519190125298e+00 1.751850417138791194e+00 1.020198106221148926e+00
1.599899135773142689e+00 1.751941695086062012e+00 1.020211961922163235e+00
1.602139558790440343e+00 1.755649188797581139e+00 1.020761269806311988e+00
1.603862768447334552e+00 1.758503046548258730e+00 1.021185676995301606e+00
1.605593165485110552e+00 1.761347300927952553e+00 1.021739438612699669e+00
1.607522299312021063e+00 1.764542234983216717e+00 1.022349596088046209e+00
1.609468968026028124e+00 1.767757710925131676e+00 1.022935589088368014e+00
1.611227874683516470e+00 1.770696116292838962e+00 1.023421756076079658e+00
1.613105924299313543e+00 1.773814597026882600e+00 1.023923783646270014e+00
1.615133950882135405e+00 1.777182778106984884e+00 1.024417794951665295e+00
1.617023973157094563e+00 1.780301481672712294e+00 1.024866070311511557e+00
1.618938656787723973e+00 1.783501473984020702e+00 1.025194990260492434e+00
1.620897576493200543e+00 1.786794972893992917e+00 1.025516458868446223e+00
1.622709869412230388e+00 1.789816774108783815e+00 1.025795502420436822e+00
1.624603324556468387e+00 1.793018764277546806e+00 1.026139435730126559e+00
1.626678290863567966e+00 1.796478426432018605e+00 1.026435504764413364e+00
1.628602339366569840e+00 1.799681514797049520e+00 1.026745747523833074e+00
1.630647969367293726e+00 1.803072058723149684e+00 1.027416922437713653e+00
1.632585239790178333e+00 1.806310641117467863e+00 1.028128683614555783e+00
1.634699094026529353e+00 1.809857137641038838e+00 1.028779433927649922e+00
1.636803377433344586e+00 1.813401205068803090e+00 1.029070517136048801e+00
1.638760327319438881e+00 1.816678953555828535e+00 1.029277443048374208e+00
1.640850232034809952e+00 1.820236670121297085e+00 1.029405711832101167e+00
1.642894082570334868e+00 1.823707540538327621e+00 1.029502693721012108e+00
1.644670027301472937e+00 1.826741449127798234e+00 1.029624583328153653e+00
1.646569114649985011e+00 1.829953161441763010e+00 1.029729701769765970e+00
1.648509027072046829e+00 1.833246306080318355e+00 1.029804573726632810e+00
1.650349476892554179e+00 1.836362630847915955e+00 1.029845315037641873e+00
1.652337729618235773e+00 1.839742865201048794e+00 1.029912412265955091e+00
1.654208300636528683e+00 1.842881416066809219e+00 1.030242297242489169e+00
1.656175819576228836e+00 1.846192797244067485e+00 1.030802659940081023e+00
1.658162542023233321e+00 1.849492513074010525e+00 1.031359062651384884e+00
1.659961318300003263e+00 1.852538374208291483e+00 1.031771534097462251e+00
1.662067857789459424e+00 1.856091628582142050e+00 1.032130574462190253e+00
1.663956349860894690e+00 1.859283114791055347e+00 1.032358085904548917e+00
1.664006603441228194e+00 1.859372000872980824e+00 1.032360435102214868e+00
1.665794905416220217e+00 1.862384771902560576e+00 1.032132671243618738e+00
1.667878161086401523e+00 1.865936027225008287e+00 1.031831505862511378e+00
1.669751448717436526e+00 1.869131757233831959e+00 1.031575666029370453e+00
1.671582646078836554e+00 1.872249652572470335e+00 1.031392649672278949e+00
1.673578743493851384e+00 1.875623128992578881e+00 1.031237314278066197e+00
1.675612780528130230e+00 1.879099062942420684e+00 1.031143864408161193e+00
1.677561372759787339e+00 1.882379721612614798e+00 1.031024619175344936e+00
1.679524103008550595e+00 1.885686464887748937e+00 1.031095367783262162e+00
1.681489930516943287e+00 1.888983370888321689e+00 1.031411619550935521e+00
1.683339110086595314e+00 1.892110202043284506e+00 1.031709214563273136e+00
1.685452089859860614e+00 1.895677098614716227e+00 1.031924793677995611e+00
1.687183913687459125e+00 1.898622786310416810e+00 1.032086707250599922e+00
1.688968624255188899e+00 1.901650378760318283e+00 1.032150292768432065e+00
1.690950229408576533e+00 1.905032690203388501e+00 1.032146717555613824e+00
1.695666617108855467e+00 1.913054315832009245e+00 1.031297410177014706e+00
1.697592381576732423e+00 1.916338175978078651e+00 1.030851182931234788e+00
1.699396483472584984e+00 1.919368594247097271e+00 1.030466985470519514e+00
1.701323979709901124e+00 1.922653326654828465e+00 1.030108894701973865e+00
1.703072692797804599e+00 1.925625297504149236e+00 1.029788320824028824e+00
1.704894349546381083e+00 1.928644967356141215e+00 1.030082954671872386e+00
1.706862697084991609e+00 1.931947668706910815e+00 1.031229860412695931e+00
1.708741954800669260e+00 1.935149270546662859e+00 1.031264585284028756e+00
1.710566192569216826e+00 1.938261019154216225e+00 1.031028221250857024e+00
1.710614176134273245e+00 1.938350393819608719e+00 1.031027262371160047e+00
1.712587265651548396e+00 1.941714334880118464e+00 1.030648605486120140e+00
1.714520078119816660e+00 1.945016972166665692e+00 1.030167253182639797e+00
1.716350008805051175e+00 1.948131454066704737e+00 1.029703434326095346e+00
1.718228350052765530e+00 1.951320625652485097e+00 1.029282477487156289e+00
1.720085675172181805e+00 1.954427637936520856e+00 1.028922600791937203e+00
1.720136085454212038e+00 1.954511831817887124e+00 1.028911611143383142e+00
1.721989164634906366e+00 1.957629822073830850e+00 1.028307461776218679e+00
1.724034264276191886e+00 1.961084512445700589e+00 1.027651751142115932e+00
1.725873249813779431e+00 1.964194210186320344e+00 1.027069122045715099e+00
1.727863224708424017e+00 1.967566494737172711e+00 1.026479892915610925e+00
1.729811855905267759e+00 1.970798886275228368e+00 1.026633439059494002e+00
1.732133479018275857e+00 1.974657507563488679e+00 1.029373666865915915e+00
1.734318088159669591e+00 1.978291492770517079e+00 1.033267095257298207e+00
1.734367857306116090e+00 1.978378848328306905e+00 1.033354110258444702e+00
1.736462041559469149e+00 1.981925902349793711e+00 1.035553949415513708e+00
1.738360814604593241e+00 1.985236688019077267e+00 1.035116365870462518e+00
1.738411915558841336e+00 1.985322844656296937e+00 1.035055119034538507e+00
1.740169706742224820e+00 1.988413193401918466e+00 1.032660306548381701e+00
1.742085850738797514e+00 1.991681120405789596e+00 1.029066319018437259e+00
1.743875762695022757e+00 1.994767109861353527e+00 1.025971547784088056e+00
1.745610542504358875e+00 1.997698888582660315e+00 1.023618548957527796e+00
1.747294355117283704e+00 2.000522682055905666e+00 1.022272730180864508e+00
1.749231620390481412e+00 2.003705978764426021e+00 1.021353060791352796e+00
1.751223465141348967e+00 2.006972271118207640e+00 1.020653866318227632e+00
1.753127145627641381e+00 2.010063904438362137e+00 1.020081402266965531e+00
1.755069035850172376e+00 2.013205624477924172e+00 1.020133238295355183e+00
1.757007749837751209e+00 2.016374101210375080e+00 1.021535108638551126e+00
1.759058806224702343e+00 2.019727680572097839e+00 1.023392516448183853e+00
1.759111359225734139e+00 2.019814789513159070e+00 1.023441033528633026e+00
1.761211650854734856e+00 2.023274893804194008e+00 1.024731527232099371e+00
1.763043997430362220e+00 2.026295446699788894e+00 1.025090907057940148e+00
1.765116000865790014e+00 2.029733515402321942e+00 1.025074452664757274e+00
1.766994901014830699e+00 2.032883223788360283e+00 1.024284797285050397e+00
1.769038516026198771e+00 2.036313309007011796e+00 1.021909682328630220e+00
1.771005953523321352e+00 2.039602486326278274e+00 1.019249249132377688e+00
1.772930341971600710e+00 2.042850456592087305e+00 1.017098984655365301e+00
1.775000325748283592e+00 2.046285255339412856e+00 1.015143624563330738e+00
1.777089663264281416e+00 2.049710958737969602e+00 1.013683425234220614e+00
1.779460682830567686e+00 2.053550521661700934e+00 1.012991350969322468e+00
1.779514961160482356e+00 2.053637772601993206e+00 1.013006146524201290e+00
1.781773300457921039e+00 2.057264173160506804e+00 1.014217644619366920e+00
1.783798049687227216e+00 2.060517821759541235e+00 1.014503435271632670e+00
1.785708212147771867e+00 2.063611015096376011e+00 1.014390030236251405e+00
1.787812147187630041e+00 2.067029511761804716e+00 1.013978778188622254e+00
1.789819684302745184e+00 2.070302492590986532e+00 1.013378163007496946e+00
1.791604389284630505e+00 2.073216855893963650e+00 1.012732597415768820e+00
1.793383775955100345e+00 2.076131802928513181e+00 1.012020255459330942e+00
1.795483401142944802e+00 2.079541713746144271e+00 1.011178698940181420e+00
1.797655153121779037e+00 2.083097211852182440e+00 1.009730148833777763e+00
1.802619233359611828e+00 2.091110840463807463e+00 1.005624302468770104e+00
1.802671957342284692e+00 2.091192814319816407e+00 1.005580504213829718e+00
1.804605690265447260e+00 2.094302814626015419e+00 1.004378478234957628e+00
1.806933194960376632e+00 2.097964471860876312e+00 1.005334564470677927e+00
1.809172080342670741e+00 2.101503183402321451e+00 1.009568348261587811e+00
1.811401869899950778e+00 2.105071205153408620e+00 1.015196651475859246e+00
1.813305744222947880e+00 2.108147699348882576e+00 1.019114789339585547e+00
1.815174840614587559e+00 2.111233168891366585e+00 1.020322666897039987e+00
1.816958730289133461e+00 2.114308104119953402e+00 1.019496007124411907e+00
1.818667092567679333e+00 2.117147285945367940e+00 1.016361964774482596e+00
1.820371315356743347e+00 2.119946691739094113e+00 1.010493037715476383e+00
1.822473314834068603e+00 2.123406071686626539e+00 1.003053320395361769e+00
1.822524712724981066e+00 2.123494270627316993e+00 1.002883342259244692e+00
1.824484134524072321e+00 2.126645379664365176e+00 9.973822693984635279e-01
1.826350006327710052e+00 2.129625847946607031e+00 9.943548169848480667e-01
1.828319025546847998e+00 2.132669029466025101e+00 9.921800850529349791e-01
1.830485285032211307e+00 2.135978284883416123e+00 9.911021847128741458e-01
1.832366116874553308e+00 2.138862668315830717e+00 9.922037932972871399e-01
1.834627712867209492e+00 2.142345874915092985e+00 9.951246067547968588e-01
1.836667563933978453e+00 2.145482664674211115e+00 9.972751538245685499e-01
1.838740030709640649e+00 2.148690417508853034e+00 9.988557626449116045e-01
1.840800781883376036e+00 2.151896269544678830e+00 9.989833824101166382e-01
1.840856811957524153e+00 2.151980165596756756e+00 9.989775455960892003e-01
1.843058467882370932e+00 2.155488181669852565e+00 9.977089008184710783e-01
1.843107053261755723e+00 2.155563857834593477e+00 9.976558614515499412e-01
1.845115290562675536e+00 2.158756313494972545e+00 9.938940304221361988e-01
1.846986760093642044e+00 2.161710763254041989e+00 9.896846467078422860e-01
1.849114013722140903e+00 2.165022828558494261e+00 9.855028369061470395e-01
1.849170929415405729e+00 2.165104238656698321e+00 9.854017175401708073e-01
1.851195919270488321e+00 2.168235481868320935e+00 9.826840114937912540e-01
1.851247546344684025e+00 2.168320284685722132e+00 9.826361701684561689e-01
1.853370991895894049e+00 2.171486395304740746e+00 9.812665688069223124e-01
1.855716672468141315e+00 2.174980094905038186e+00 9.824146236669597521e-01
1.858076224269850973e+00 2.178533933360166763e+00 9.866627061508500551e-01
1.860460374855797738e+00 2.182203187518380272e+00 9.934749705384572360e-01
1.862678310840744311e+00 2.185636457783829201e+00 1.000143953051920498e+00
1.864755781248934596e+00 2.188862249937932880e+00 1.003763915175223120e+00
1.866674968461650819e+00 2.191905678093483800e+00 1.004447439632216721e+00
1.868671316245688718e+00 2.195209243749993711e+00 1.002920763089347966e+00
1.870347647929598844e+00 2.198004869381833259e+00 9.992277906951861910e-01
1.872151908560950817e+00 2.200859068461182400e+00 9.923506185255782652e-01
1.874150521117276202e+00 2.203993118454193212e+00 9.838177774965366496e-01
1.876218842222233896e+00 2.207152299827678021e+00 9.751120751763967531e-01
1.878261589021697375e+00 2.210192838935577608e+00 9.674296648580015257e-01
1.880169729183927219e+00 2.213016228199553126e+00 9.621985756368701681e-01
1.882438407678807435e+00 2.216310854539214503e+00 9.590575324052893480e-01
1.885001602068259619e+00 2.219969884184249231e+00 9.591743044505219862e-01
1.885060378164625572e+00 2.220053541557008181e+00 9.592325592598001105e-01
1.887090407881007348e+00 2.222958613116532423e+00 9.621906889169233867e-01
1.889239507391146988e+00 2.226065538437814517e+00 9.663076318595907876e-01
1.891449868228832099e+00 2.229280875677002172e+00 9.701233488821532358e-01
1.893559180594704516e+00 2.232358397874238953e+00 9.727124124649201287e-01
1.895719969965488971e+00 2.235567645559476624e+00 9.727481327757003804e-01
1.897822258001431228e+00 2.238778169690532671e+00 9.703712398734607447e-01
1.899532078874717422e+00 2.241308912319587066e+00 9.663547829958428759e-01
1.901606634486195713e+00 2.244390629191384434e+00 9.602427650534355319e-01
1.901661856168829434e+00 2.244467007510741130e+00 9.600800171585321952e-01
1.903958583772959345e+00 2.247777145063856175e+00 9.544683627042173102e-01
1.906092586681417789e+00 2.250813889223597819e+00 9.523851465799040295e-01
1.908060594007293220e+00 2.253575947724840045e+00 9.528071474860360102e-01
1.910334851014967583e+00 2.256795413363395841e+00 9.542790085023608038e-01
1.912499659874316249e+00 2.259884631949863554e+00 9.533956322680764428e-01
1.914701674306683810e+00 2.263060870271448088e+00 9.513239452483713832e-01
1.914753981331895227e+00 2.263146771235589938e+00 9.512652784574383569e-01
1.916913897592023464e+00 2.266228450269795580e+00 9.487852838535983935e-01
1.917198799453627478e+00 2.266635269558595400e+00 9.484790370429858619e-01
1.919192556558781293e+00 2.269497658444806554e+00 9.463962820276606847e-01
1.921147847418477772e+00 2.272240796290068587e+00 9.445125434818767429e-01
1.926111088131335469e+00 2.279253219196993641e+00 9.400912611760637860e-01
1.928196250243738863e+00 2.282180724904465663e+00 9.383241334977624470e-01
1.930424875061921064e+00 2.285233046655516631e+00 9.372210269950587147e-01
1.932999668587519704e+00 2.288725110286434550e+00 9.380515576729265836e-01
1.933058573035792316e+00 2.288807157109812529e+00 9.380879222829918707e-01
1.935143469486967138e+00 2.291647081620951543e+00 9.389490496706539568e-01
1.937353069043070031e+00 2.294682889687333471e+00 9.391224115130003547e-01
1.939737163903198169e+00 2.297927243331725933e+00 9.388591946976192482e-01
1.941796070743302627e+00 2.300794954175024998e+00 9.381144381012876954e-01
1.944076435346281162e+00 2.303939933788728300e+00 9.370027664821121149e-01
1.944131951553484727e+00 2.304022855646339796e+00 9.369727603419388817e-01
1.946174873118942550e+00 2.306895808262018122e+00 9.352102909305598510e-01
1.946450837705317793e+00 2.307284205801024779e+00 9.347705144092054441e-01
1.948490816792473268e+00 2.310059361072589468e+00 9.305600160245702801e-01
1.950854800156656577e+00 2.313270164619307678e+00 9.250300267717639358e-01
1.953198795497965712e+00 2.316449883384136044e+00 9.202770222396839950e-01
1.955393881549583712e+00 2.319393701672819219e+00 9.165843846141387141e-01
1.957483086099381264e+00 2.322126123752608517e+00 9.150354440792312083e-01
1.959824541965031974e+00 2.325164313574165753e+00 9.159156640954985162e-01
1.961964415721033639e+00 2.327955169289484427e+00 9.189214836790444707e-01
1.964536419466987205e+00 2.331351318367673731e+00 9.235761887323837849e-01
1.966953737769781663e+00 2.334544848399683126e+00 9.247276550771704740e-01
1.967012124107557325e+00 2.334623348712490998e+00 9.247169987473365937e-01
1.969268072239731326e+00 2.337703616376957338e+00 9.229235598792200346e-01
1.969319400871978543e+00 2.337778742004278154e+00 9.228502789210064616e-01
1.971359518182523862e+00 2.340493074484871094e+00 9.189995388242643282e-01
1.973416320469912222e+00 2.343250715516453919e+00 9.133463454088167621e-01
1.973697845586955157e+00 2.343641360501262483e+00 9.125812505098575000e-01
1.975694849600798886e+00 2.346256685242753548e+00 9.073620572829315112e-01
1.978252574838780475e+00 2.349609016282376395e+00 9.025745173787314002e-01
1.980788898396970144e+00 2.352889999078440209e+00 8.987133939933329430e-01
1.982882149972656327e+00 2.355491685648075872e+00 8.977122445067691192e-01
1.984974067707229395e+00 2.358127738923987415e+00 8.976047960258641822e-01
1.987175252897154021e+00 2.360889870866504037e+00 8.970934394227590980e-01
1.989319109520082618e+00 2.363586141248322559e+00 8.962315547491354062e-01
1.991893194518935317e+00 2.366820930719233385e+00 8.947901710103109973e-01
1.994341125383436442e+00 2.369908989562926394e+00 8.932170633395452031e-01
1.994405876208783290e+00 2.369988206692386079e+00 8.931773034453662774e-01
1.996979753364135801e+00 2.373200767068541772e+00 8.913392553641436011e-01
1.997039229713294395e+00 2.373278633884482680e+00 8.912945892267236658e-01
1.999297788804600851e+00 2.376086263831146628e+00 8.895678022628098480e-01
2.001737693169017618e+00 2.379145658383456485e+00 8.876696917681770049e-01
2.004133590475767335e+00 2.382143926401773193e+00 8.852305256888415297e-01
2.006471254666862158e+00 2.385019227004122833e+00 8.829168843281016699e-01
2.009264124109183314e+00 2.388403001821086669e+00 8.823613018991123269e-01
2.011780096638826620e+00 2.391481469449800557e+00 8.822884932574047712e-01
2.014413543119210281e+00 2.394675739347936538e+00 8.820339399794336899e-01
2.016839798521663951e+00 2.397630572491303180e+00 8.811905728046683928e-01
2.018940322449453539e+00 2.400191346970022011e+00 8.801207334523081238e-01
2.021436202099220480e+00 2.403273513476648304e+00 8.783703435820691130e-01
2.023923442512369775e+00 2.406335037234379470e+00 8.761459120125114630e-01
2.023980737185090639e+00 2.406403063450235358e+00 8.760812222045638586e-01
2.026022865623894997e+00 2.408939814293611370e+00 8.726844696802784629e-01
2.028599954193936128e+00 2.412076348421721139e+00 8.670684254455200968e-01
2.030968831632623761e+00 2.414929603567064653e+00 8.621919862307851901e-01
2.033482028682200848e+00 2.417877042252500441e+00 8.594985682441649288e-01
2.036340163875475895e+00 2.421187386259460617e+00 8.596757371163579187e-01
2.038692790282103040e+00 2.423924976502811024e+00 8.611521712337013579e-01
2.040981228155993588e+00 2.426598779658845739e+00 8.624491191409391355e-01
2.043382899951971865e+00 2.429399194298131892e+00 8.629056670926316119e-01
2.045739397688055128e+00 2.432165427023026183e+00 8.625254756655820199e-01
2.048326380229545496e+00 2.435283677358275778e+00 8.598249654349088278e-01
2.048382980749384075e+00 2.435354410237485112e+00 8.597273884844655045e-01
2.050667481390830105e+00 2.438027804164009993e+00 8.547806646674138698e-01
2.053012104935540982e+00 2.440752151593795105e+00 8.483932372289784141e-01
2.059231537339445417e+00 2.447804084361826060e+00 8.390201647874159230e-01
2.059301535980901932e+00 2.447882458250655979e+00 8.390023806444963927e-01
2.062022822056720717e+00 2.450934113792230029e+00 8.393662942805182325e-01
2.064730170004358545e+00 2.453952465190531118e+00 8.420063850495933533e-01
2.067405196590316852e+00 2.456958572943778840e+00 8.443747775623782204e-01
2.069650245406289280e+00 2.459517255761478172e+00 8.441432348966501076e-01
2.072064766225863330e+00 2.462297194245730569e+00 8.415708260115583039e-01
2.072124049044841154e+00 2.462363323928472791e+00 8.414853130958189764e-01
2.074152435312174525e+00 2.464642736806265333e+00 8.372531574220041239e-01
2.076441256891434772e+00 2.467209844458656320e+00 8.305712103586002648e-01
2.076571296499010622e+00 2.467358726500004096e+00 8.301759648806974479e-01
2.078984311380086325e+00 2.470025213792308882e+00 8.231400372725130588e-01
2.081861952181708997e+00 2.473187714826003969e+00 8.180207814893666329e-01
2.084406075685492965e+00 2.475888742487063254e+00 8.165762238270259932e-01
2.087050899705308549e+00 2.478704170014569108e+00 8.178441892358111476e-01
2.089555636422497642e+00 2.481399690997073471e+00 8.208478050632341816e-01
2.092147147148922137e+00 2.484176325170493804e+00 8.218196495069355345e-01
2.094807256224632042e+00 2.487112163138823107e+00 8.196973981395638820e-01
2.096802102168048521e+00 2.489276976621382254e+00 8.164622809016610638e-01
2.099440248628984484e+00 2.492136572716786791e+00 8.103369461833498377e-01
2.101608388868070776e+00 2.494432992906895130e+00 8.048055121857783378e-01
2.103968133086748793e+00 2.496958832261709560e+00 7.994038223694209799e-01
2.106499005125241908e+00 2.499628169587705173e+00 7.950164136771890044e-01
2.109066406866503485e+00 2.502231744272024105e+00 7.929658763418266920e-01
2.111654470481144408e+00 2.504870398393892916e+00 7.937821784943094316e-01
2.114320925768606418e+00 2.507587952354517036e+00 7.967763612533859119e-01
2.116699483252951097e+00 2.510039637094282572e+00 7.980114469662001886e-01
2.119033518754219081e+00 2.512474023006697532e+00 7.968409940418501591e-01
2.121499709728769556e+00 2.515102058031303933e+00 7.933587389461405071e-01
2.124096181322564281e+00 2.517735551820901474e+00 7.875592201056874631e-01
2.126593524348428410e+00 2.520264691202002361e+00 7.816195520048798695e-01
2.129137659089637147e+00 2.522808185069683518e+00 7.759191687300716067e-01
2.131651037293753603e+00 2.525330243854288170e+00 7.713776956091656922e-01
2.134552852783948573e+00 2.528162762184321455e+00 7.686705151758471688e-01
2.136991013912907356e+00 2.530522206666611318e+00 7.682616026678200649e-01
2.137063104819984183e+00 2.530593005400286089e+00 7.682468708022236470e-01
2.139545811462025604e+00 2.533020466321382447e+00 7.666737526213320830e-01
2.142244929869471015e+00 2.535667618851768168e+00 7.639655369913690430e-01
2.144877131737910503e+00 2.538252681025792157e+00 7.611810265365294148e-01
2.147901022442613161e+00 2.541141985641115042e+00 7.579437599873987130e-01
2.150425278996908940e+00 2.543572220882205581e+00 7.552291819995928801e-01
2.152815309133174537e+00 2.545866232937607165e+00 7.527149695894101988e-01
2.155794645938256870e+00 2.548651293284164510e+00 7.504389220931251270e-01
2.158805936206360521e+00 2.551455325927542539e+00 7.514602902283467056e-01
2.161686227765510449e+00 2.554166443218355731e+00 7.547049424498649683e-01
2.164240940004429348e+00 2.556578544124603170e+00 7.569597539865370317e-01
2.167352693645974604e+00 2.559519854510779346e+00 7.563659935279491986e-01
2.167426680581163723e+00 2.559591585347809506e+00 7.563118879234981273e-01
2.169913440686883632e+00 2.562030395930638527e+00 7.533998386758179455e-01
2.172396598866694895e+00 2.564420356699995018e+00 7.479580942572497948e-01
2.174664694839336221e+00 2.566606150840756939e+00 7.416711163917030225e-01
2.177231823147663725e+00 2.568977466692544009e+00 7.339723937108524332e-01
2.179760603924014717e+00 2.571346163329832457e+00 7.272511052910428653e-01
2.182706170329240081e+00 2.574020313146860417e+00 7.214039476212270596e-01
2.182780856390980517e+00 2.574087923985914017e+00 7.212951763014922024e-01
2.185307256368079543e+00 2.576287113011916485e+00 7.188872505661201284e-01
2.188169095904655137e+00 2.578788328038865707e+00 7.185530720404956773e-01
2.191060410346258536e+00 2.581338213873376919e+00 7.204184065902570211e-01
2.194048298254679175e+00 2.583966233878390639e+00 7.206325481869082505e-01
2.196627709716607590e+00 2.586304694304853768e+00 7.183097639372985066e-01
2.199313600363396404e+00 2.588687677620656213e+00 7.135678976538492035e-01
2.202016464963413966e+00 2.591105292689014572e+00 7.079519761432693237e-01
2.204052464984819437e+00 2.592879846466855653e+00 7.038333743561208111e-01
2.204870673406409409e+00 2.593603533473734846e+00 7.022874674917770621e-01
2.207711647922105946e+00 2.596046395507887627e+00 6.975940483182411223e-01
2.210592520837451502e+00 2.598456360644767926e+00 6.952940718883175997e-01
2.213849997558670069e+00 2.601176097914483343e+00 6.957880065632324751e-01
2.216657089171692796e+00 2.603521863124805602e+00 6.972952952144509942e-01
2.219472869294253581e+00 2.605908660748617489e+00 6.981927507010825540e-01
2.222188427988684989e+00 2.608216181398793410e+00 6.965664645159345136e-01
2.224486641960183420e+00 2.610189363457456224e+00 6.932773067339578210e-01
2.231006567522936912e+00 2.615621730575087511e+00 6.774205564648694278e-01
2.231080873402512488e+00 2.615679469502955712e+00 6.772185255401711457e-01
2.233985294596369631e+00 2.618039056413326016e+00 6.698593652047997171e-01
2.234060986275905769e+00 2.618105287587728647e+00 6.696986750717227599e-01
2.236811628474852043e+00 2.620326783752470412e+00 6.654297158110082933e-01
2.239488202326132438e+00 2.622405895471995763e+00 6.636403862799946651e-01
2.242440232265791700e+00 2.624708945341633903e+00 6.639607056727041545e-01
2.245457672755635681e+00 2.627090796364773162e+00 6.649987332044765553e-01
2.248444491142497448e+00 2.629428316523573450e+00 6.654092451976271194e-01
2.251345720276523465e+00 2.631725642461886672e+00 6.645502827734802720e-01
2.254130475935795630e+00 2.633945379264369002e+00 6.616366835689041492e-01
2.257120391428426576e+00 2.636298238617186929e+00 6.566472263566172085e-01
2.259962450294034308e+00 2.638552953302101489e+00 6.525074436333105909e-01
2.262919632138920889e+00 2.640843524123975605e+00 6.484044303705226442e-01
2.266069769992030913e+00 2.643260459331254975e+00 6.445854563384950664e-01
2.269062748602921786e+00 2.645563377745575373e+00 6.413626674626681234e-01
2.272144309788093341e+00 2.647916343191944133e+00 6.382259698132679571e-01
2.275082379357071360e+00 2.650134494525291817e+00 6.353464320064320381e-01
2.277783878432482645e+00 2.652164256953911448e+00 6.326776273398511119e-01
2.280532799568150359e+00 2.654254119860500527e+00 6.294519319151360426e-01
2.283213885449308034e+00 2.656244184244050288e+00 6.255858856981423299e-01
2.285826702805040078e+00 2.658203520999246727e+00 6.219344275945457579e-01
2.289085750323726742e+00 2.660613124908141280e+00 6.176080939996714259e-01
2.291900392464097713e+00 2.662649573761304289e+00 6.139993984683514983e-01
2.294634860990019565e+00 2.664626827694894562e+00 6.108353960664065774e-01
2.297804843694373211e+00 2.666883500265021745e+00 6.073733342708234062e-01
2.300591992356499027e+00 2.668827918224842666e+00 6.044280793667435869e-01
2.303724039800727930e+00 2.671007646990712026e+00 6.011744765615781860e-01
2.306794478337113929e+00 2.673129919993588732e+00 5.982392457074492409e-01
2.310208139493992618e+00 2.675442572919362938e+00 5.971312265967790855e-01
2.310292205592203718e+00 2.675503777769654867e+00 5.971401163604358464e-01
2.313253595625453407e+00 2.677517487734123236e+00 5.975278382100899233e-01
2.316340994970176315e+00 2.679643169578239004e+00 5.960219787721773299e-01
2.319521493577338056e+00 2.681880469685856916e+00 5.917428318897428596e-01
2.322785916366314041e+00 2.684065821186352174e+00 5.853114204035614332e-01
2.322862246138092335e+00 2.684119096029750740e+00 5.851530830357073443e-01
2.325980187845431146e+00 2.686225195791940301e+00 5.789086790456103859e-01
2.329112556189100403e+00 2.688311429095885607e+00 5.735129369133490362e-01
2.332399459509764128e+00 2.690439480098484548e+00 5.689738650279940746e-01
2.335235218929996748e+00 2.692241404509219116e+00 5.672593285968258181e-01
2.338308894125740167e+00 2.694191954312097792e+00 5.663585407072564415e-01
2.341254585818015155e+00 2.696067946759830303e+00 5.654520792482388147e-01
2.344537353802333079e+00 2.698154904435436485e+00 5.638264617040725790e-01
2.347466611570787620e+00 2.700008824579585465e+00 5.617605949664438159e-01
2.350290344951647015e+00 2.701817926856061369e+00 5.593281950067616748e-01
2.353437485632436488e+00 2.703840153857340667e+00 5.556746798400544751e-01
2.356704478090642763e+00 2.705896149615906410e+00 5.504168300899157096e-01
2.359487144435398420e+00 2.707630863306195401e+00 5.457622021927542866e-01
2.362323014709254210e+00 2.709385677433989059e+00 5.412957546119294694e-01
2.365536118814346001e+00 2.711359067407881795e+00 5.368256526841512777e-01
2.368612661784161855e+00 2.713217044875318340e+00 5.329287361651381394e-01
2.372319227084917159e+00 2.715408879071337545e+00 5.288389354231173289e-01
2.372405019938270243e+00 2.715458689634393075e+00 5.287472491062900071e-01
2.375702197433080087e+00 2.717387467850419291e+00 5.252949788254175356e-01
2.379520871947687688e+00 2.719621194633417005e+00 5.213895138254317496e-01
2.382412669480890255e+00 2.721267147502172801e+00 5.186737096891044230e-01
2.385458029751859499e+00 2.723000820034090719e+00 5.175607896532415930e-01
2.388933029523252038e+00 2.724977563207637843e+00 5.176900611926104068e-01
2.392142678214730367e+00 2.726822724028483691e+00 5.173705753926071127e-01
2.395523489917695592e+00 2.728738393584984934e+00 5.163325480278965207e-01
2.398737229981620089e+00 2.730573536907026977e+00 5.142312464619064327e-01
2.401916907080936081e+00 2.732429407311430580e+00 5.102463891356535663e-01
2.404820859845653303e+00 2.734062771463514174e+00 5.041350092669579785e-01
2.407973925173505947e+00 2.735797026800383058e+00 4.964820026116394946e-01
2.411371209988436792e+00 2.737709903093842545e+00 4.899726106441306128e-01
2.411455544789902206e+00 2.737756965106751039e+00 4.898187974452867799e-01
2.419657435187676509e+00 2.742125687284706181e+00 4.791365407404242771e-01
2.422577860583299270e+00 2.743655598190392730e+00 4.760543122136515204e-01
2.425629867310089782e+00 2.745228397656750197e+00 4.731196680464672677e-01
2.429048151868852479e+00 2.746973064410695109e+00 4.699947632816282028e-01
2.432602899658152573e+00 2.748765127531176411e+00 4.677720765765008282e-01
2.435871580948744786e+00 2.750416803810728616e+00 4.680521546548023215e-01
2.439154003485681343e+00 2.752084492756894374e+00 4.685620300594947052e-01
2.442664246797116689e+00 2.753860442774602291e+00 4.681657071779927737e-01
2.446233117739063267e+00 2.755690121150126792e+00 4.651197138354778993e-01
2.449094844521092718e+00 2.757118935412655070e+00 4.603778784726982320e-01
2.451930534599261691e+00 2.758531099623606764e+00 4.536186899757281843e-01
2.455133950903598539e+00 2.760137380492396098e+00 4.456416050046607125e-01
2.458508610357905688e+00 2.761777790470940630e+00 4.377633408808088711e-01
2.462400443363793379e+00 2.763650955976503454e+00 4.315612751945167025e-01
2.465999801023655458e+00 2.765313696946468447e+00 4.279110324318075587e-01
2.469693614182136621e+00 2.766970917417458153e+00 4.251777912621949596e-01
2.472911201525575642e+00 2.768442636716265781e+00 4.230038145394453553e-01
2.476485265902116151e+00 2.770039529652521537e+00 4.203977627300363173e-01
2.479702210039287369e+00 2.771490525290697171e+00 4.178094969729389541e-01
2.483279403912948879e+00 2.773057831140008922e+00 4.156640089880153655e-01
2.486947419042782492e+00 2.774676704454155818e+00 4.155174851704707129e-01
2.490054812139015361e+00 2.776042651193852073e+00 4.151631038846942401e-01
2.493524060176075530e+00 2.777576638297856171e+00 4.137783438679065173e-01
2.496824370856732145e+00 2.779034789683482831e+00 4.117345004853715240e-01
2.500123564278406096e+00 2.780557920779624936e+00 4.078736474316242977e-01
2.502959952792425113e+00 2.781860394148339743e+00 4.022293434094950659e-01
2.506081997838767172e+00 2.783178754396760546e+00 3.947227873927341424e-01
2.509165019464473012e+00 2.784525974010889193e+00 3.882381146394900950e-01
2.512559499663098883e+00 2.785958363757861100e+00 3.822407413456555547e-01
2.515889683953079548e+00 2.787331679522474737e+00 3.775847299237886645e-01
2.519242933670297724e+00 2.788674322878891498e+00 3.736983207031633336e-01
2.522607008139175377e+00 2.789993168597489692e+00 3.703923444087802164e-01
2.526360513617101233e+00 2.791439175927572958e+00 3.668827528967554819e-01
2.526457422073219661e+00 2.791477045988016048e+00 3.667905993046994828e-01
2.530041551056242621e+00 2.792839160492120332e+00 3.639980334069609635e-01
2.533704090756895511e+00 2.794244381537860811e+00 3.629008889602708954e-01
2.537552185051612952e+00 2.795707835853043832e+00 3.615805070349113470e-01
2.537645305697363352e+00 2.795742771672926175e+00 3.615476892256486718e-01
2.541480361285580969e+00 2.797197102777759348e+00 3.595724678356689852e-01
2.541571462426826855e+00 2.797230525882113295e+00 3.594983329968088337e-01
2.545198838064926417e+00 2.798604950181580620e+00 3.562518484446411948e-01
2.545291393525221935e+00 2.798638927025845824e+00 3.561590309526521669e-01
2.549170702719682602e+00 2.800112040519670664e+00 3.522998472469837106e-01
2.552781874916611127e+00 2.801473715293535172e+00 3.485882614746347308e-01
2.556335330325163469e+00 2.802803049279988912e+00 3.439766070234265283e-01
2.559979013860137265e+00 2.804124679625263905e+00 3.374453612614364828e-01
2.563525667618475445e+00 2.805409715620242661e+00 3.308706967432130108e-01
2.566990509205130166e+00 2.806653868167860999e+00 3.252696949918562064e-01
2.570846275858316154e+00 2.807995280916478542e+00 3.197940440620410940e-01
2.570941750781443602e+00 2.808030281565586428e+00 3.196804363543315208e-01
2.574690014899820412e+00 2.809289760098890198e+00 3.153536698949793715e-01
2.574785405393006599e+00 2.809320888496209534e+00 3.152566788317644475e-01
2.578637732929609072e+00 2.810583794054553053e+00 3.115368299311175315e-01
2.582187140389835989e+00 2.811733219604223066e+00 3.082711240670601427e-01
2.582285687884577019e+00 2.811767005356302196e+00 3.081873016401882603e-01
2.585767327448087460e+00 2.812864160667372992e+00 3.054388942725810296e-01
2.589703075356347917e+00 2.814100605353989870e+00 3.026179155533836318e-01
2.592961338749011801e+00 2.815118510348789460e+00 3.002301585309524734e-01
2.596899690001461813e+00 2.816357245559703237e+00 2.968849287322720687e-01
2.600733016263392372e+00 2.817539687817235183e+00 2.934330913995816803e-01
2.604174351040180024e+00 2.818609190673714515e+00 2.902096844253251318e-01
2.607973196554365991e+00 2.819725551331305979e+00 2.875691771899003268e-01
2.611757229184891393e+00 2.820847802683659644e+00 2.859849332069896999e-01
2.619952302897881946e+00 2.823247695517723699e+00 2.819839507044923921e-01
2.623223464633164248e+00 2.824210287826752541e+00 2.801256261190693819e-01
2.627033181207133694e+00 2.825336088969551795e+00 2.768421381122177505e-01
2.630900396109757455e+00 2.826486430186961663e+00 2.728406140750456732e-01
2.631091648156505869e+00 2.826546778935956183e+00 2.726328157116343909e-01
2.634778313345461420e+00 2.827640405062701756e+00 2.680358413079816926e-01
2.638227388077527102e+00 2.828603587596639102e+00 2.617366216550943703e-01
2.641723399205004874e+00 2.829578425740737480e+00 2.547169073086359981e-01
2.645178527091441190e+00 2.830514371025356191e+00 2.482057351645782228e-01
2.648467586713727950e+00 2.831380996637915537e+00 2.428802447422365451e-01
2.651775202707131740e+00 2.832213886784004764e+00 2.385673942168032857e-01
2.655701688869721799e+00 2.833178285706810851e+00 2.344244792512981124e-01
2.659640771108634283e+00 2.834118323435996789e+00 2.310042451917481976e-01
2.663279448786611159e+00 2.834955618926549903e+00 2.281037080809446005e-01
2.667202687846374598e+00 2.835860461578834091e+00 2.250183294089938835e-01
2.671129898208616016e+00 2.836760208373595660e+00 2.217903890002578537e-01
2.671230119099422318e+00 2.836783421858094734e+00 2.217018499208267546e-01
2.674965865964030076e+00 2.837639178276798901e+00 2.183593215761184536e-01
2.678504438729166992e+00 2.838442790301356933e+00 2.151318610837226197e-01
2.682435072002616216e+00 2.839316589682388869e+00 2.115032419730917546e-01
2.686300598006773122e+00 2.840130110020615994e+00 2.085445989975407699e-01
2.686400176114874583e+00 2.840150793368931392e+00 2.084750837428613890e-01
2.690025009592081240e+00 2.840915105325052537e+00 2.059662004773989419e-01
2.693668665526697481e+00 2.841676870607168226e+00 2.033464901661108937e-01
2.697578651713751441e+00 2.842488964858822520e+00 2.004606379609361888e-01
2.701208170021188071e+00 2.843228410277072626e+00 1.974389043917592068e-01
2.705517288589385227e+00 2.844126683567598235e+00 1.936133491025476550e-01
2.709184587187785542e+00 2.844846989443330809e+00 1.907008369898894884e-01
2.712854589078247614e+00 2.845554757824833469e+00 1.889666031275517577e-01
2.716224616480651832e+00 2.846197617807011859e+00 1.872807488839417778e-01
2.720274411890937216e+00 2.846964197985307088e+00 1.847819112820072163e-01
2.720374019321964099e+00 2.846981196944389225e+00 1.847165404837488589e-01
2.723915638049691168e+00 2.847651498004079684e+00 1.821522263997618907e-01
2.727639310607239409e+00 2.848366182881980624e+00 1.789923359898997202e-01
2.731549479449090434e+00 2.849106085043472625e+00 1.755191414247946613e-01
2.735606751183547125e+00 2.849827672001581824e+00 1.724437607457754429e-01
2.739176594456474323e+00 2.850443302661618272e+00 1.709078589730043674e-01
2.742625218146204524e+00 2.851039037740531690e+00 1.694109576222611879e-01
2.746034116808902859e+00 2.851638068189581432e+00 1.671401690761737113e-01
2.749245531676816956e+00 2.852210445543856387e+00 1.633046542819507896e-01
2.752265734514911966e+00 2.852757898807382730e+00 1.575693060899723830e-01
2.755577138681489124e+00 2.853293828259226395e+00 1.498821839881252782e-01
2.759200790604539044e+00 2.853841850991136297e+00 1.415469357829685915e-01
2.763080954202068895e+00 2.854416539390374652e+00 1.340284032244016543e-01
2.767669810201176972e+00 2.855078280238360300e+00 1.273685379193543465e-01
2.771593049324073466e+00 2.855582200125392767e+00 1.231407602685194447e-01
2.775648129371220296e+00 2.856070560768265487e+00 1.202702297069452309e-01
2.779531933079080641e+00 2.856536517878471848e+00 1.181836998812377942e-01
2.779634085188480874e+00 2.856550176631725613e+00 1.181322381945223432e-01
2.783429650400702116e+00 2.857000108171231290e+00 1.160180856237857244e-01
2.787231475271117809e+00 2.857430139385105150e+00 1.136903329175396604e-01
2.787330100745661010e+00 2.857441471102426078e+00 1.136314719300356019e-01
2.791023824653252383e+00 2.857878393917787641e+00 1.111354979232674345e-01
2.794408761075336756e+00 2.858254650901278726e+00 1.085057023165294371e-01
2.797789797161730707e+00 2.858641187419588281e+00 1.057427305512896737e-01
2.801177673139140012e+00 2.859007278975643995e+00 1.028584214904309790e-01
2.804648167785641633e+00 2.859392880258205594e+00 9.986230080914082485e-02
2.805147701308472463e+00 2.859445496902369044e+00 9.942741880543129462e-02
2.809353660440103706e+00 2.859863375371670458e+00 9.618594530210472504e-02
2.812929828837234858e+00 2.860218532468471242e+00 9.360605467543055280e-02
2.816598850621149897e+00 2.860566338041637291e+00 9.090015526825546976e-02
2.820569533361868331e+00 2.860936063232108584e+00 8.784638108653665400e-02
2.820667481000004084e+00 2.860943890725495375e+00 8.776678926492979815e-02
2.824228049196366275e+00 2.861270992191087714e+00 8.484434162947525337e-02
2.828008992562760504e+00 2.861621152665433598e+00 8.165526874865980389e-02
2.831783176166274174e+00 2.861966794125013536e+00 7.845229196868809540e-02
2.840078936746681659e+00 2.862604157216882328e+00 7.266993012435483956e-02
2.844064841051444414e+00 2.862909153479890279e+00 6.999720380374979678e-02
2.844163185239964253e+00 2.862915824547251020e+00 6.993046479736683696e-02
2.847426398862840990e+00 2.863172427558262179e+00 6.758300482619436500e-02
2.850804341319194801e+00 2.863405739167129482e+00 6.483473613369084010e-02
2.855065792998242369e+00 2.863711837944407534e+00 6.127059279928547680e-02
2.859040671017798463e+00 2.863967824898617565e+00 5.848208437996534753e-02
2.862325013943330276e+00 2.864167413565742226e+00 5.634826295725280099e-02
2.866195927968292700e+00 2.864389421582546280e+00 5.373101161490689837e-02
2.869465664530346238e+00 2.864574695663679726e+00 5.143926542005409358e-02
2.873028563459649298e+00 2.864794511513367503e+00 4.867431349890889714e-02
2.876684392858356976e+00 2.864996045614139231e+00 4.579080319108370933e-02
2.880330537325157980e+00 2.865189264281166714e+00 4.283031321091766708e-02
2.884111958710743551e+00 2.865362685935984643e+00 4.010519472663773982e-02
2.887897484900480372e+00 2.865537664604162593e+00 3.749004700713938487e-02
2.891456787983503141e+00 2.865682452861767260e+00 3.502690041138752097e-02
2.895315629525532675e+00 2.865855178753414556e+00 3.219058130623889125e-02
2.895414560762026746e+00 2.865862388791216020e+00 3.211995834032455727e-02
2.899276896489549671e+00 2.866012720732594943e+00 2.910385902179628628e-02
2.899376857905751503e+00 2.866015716410634795e+00 2.902774428523250544e-02
2.903121842021873178e+00 2.866156524686466422e+00 2.603672896678623297e-02
2.907258162200169416e+00 2.866305901838820613e+00 2.271090394856220551e-02
2.911127069444495952e+00 2.866434719742576576e+00 1.978347962784035574e-02
2.911224839029074474e+00 2.866440144124151601e+00 1.971480147520883464e-02
2.914877757048892182e+00 2.866535802998880555e+00 1.716978208125696098e-02
2.914976212206514372e+00 2.866540575433969451e+00 1.710252328652422590e-02
2.918554189735024007e+00 2.866634717305283520e+00 1.447098299975682623e-02
2.921924272438034542e+00 2.866703155896621613e+00 1.197672118218116172e-02
2.925365243458702302e+00 2.866762003192547148e+00 9.400120096970564915e-03
2.928586030371944204e+00 2.866826372051328953e+00 6.948234286429929435e-03
2.932253700801390028e+00 2.866874007408643177e+00 4.326138880278877774e-03
2.935799621894271016e+00 2.866906467978995288e+00 1.867563292426686851e-03
2.939052300790498062e+00 2.866929947215869134e+00 -4.756819140976195799e-04
2.942896480763098843e+00 2.866944329732762142e+00 -3.294093319975292464e-03
2.946427709776212822e+00 2.866977297938161584e+00 -6.007057299633205075e-03
2.949761727255015842e+00 2.866992605328712251e+00 -8.602208009141635442e-03
2.953079795471253544e+00 2.866987989724949948e+00 -1.119181515140687047e-02
2.956998589940678546e+00 2.866970079474858935e+00 -1.428833524040404139e-02
2.961416655728547287e+00 2.866940830770959181e+00 -1.761978063375798861e-02
2.965052349735013859e+00 2.866902257759971206e+00 -2.025349565679473995e-02
2.968580452804433722e+00 2.866850902699408010e+00 -2.282978415346654036e-02
2.972301616450747641e+00 2.866789606973850546e+00 -2.558104221075995638e-02
2.976413371085922854e+00 2.866708503176093714e+00 -2.866108015422763611e-02
