3.452810598452288326e-04 2.000285846999924289e+00 -7.889147324298146496e-04
4.309847897852117637e-04 2.000396605692019047e+00 -9.888258136367103403e-04
4.459591623032846397e-04 2.000425657945266167e+00 -1.091610819863507616e-03
4.454131088638402236e-04 2.000426900676344655e+00 -1.094850081871913405e-03
4.560301247260381552e-04 2.000453948104997437e+00 -1.349482147099157880e-03
4.574219636201068417e-04 2.000505180678259443e+00 -1.778987706005867152e-03
4.488953372347656567e-04 2.000565004937158164e+00 -2.370560985003793229e-03
4.535297790002335017e-04 2.000627751941999488e+00 -3.203839458017895304e-03
4.762202924483427413e-04 2.000710325442114801e+00 -4.506260264536448082e-03
4.918863432184020223e-04 2.000754362801008490e+00 -5.846702554039024356e-03
5.009305595361571162e-04 2.000811072086398745e+00 -7.475513529648091481e-03
5.145037852016254298e-04 2.000878789560381676e+00 -9.156549906830532479e-03
4.958872390861054913e-04 2.000949535232024790e+00 -1.123264832988064843e-02
5.035532085204547093e-04 2.001010076955759942e+00 -1.359983313616256601e-02
5.156712656085721269e-04 2.001061397267340336e+00 -1.645741909217153173e-02
5.171427999520264440e-04 2.001061481511849482e+00 -1.653497342559681269e-02
5.243880999878935967e-04 2.001093209787114358e+00 -1.961627487096379713e-02
5.018275381957551518e-04 2.001153193629280569e+00 -2.239622851166938114e-02
4.612640261642056427e-04 2.001175546669710759e+00 -2.551982651267130017e-02
4.012918143942931226e-04 2.001260617455143720e+00 -2.871402891219750411e-02
2.141498467117669557e-04 2.001325690149561964e+00 -3.214062611789198637e-02
2.118397364573587627e-04 2.001325091570474335e+00 -3.224615379737559573e-02
1.833715333577692896e-04 2.001367516405731628e+00 -3.696528458930814498e-02
9.417606959475494088e-05 2.001440136529360814e+00 -4.144785079386947846e-02
8.820237928572338681e-05 2.001445172663975036e+00 -4.155323950585866621e-02
-8.677920917978670934e-05 2.001479338012978726e+00 -4.621605647513459675e-02
-1.452717373219836183e-04 2.001520696039478686e+00 -5.183959949572756326e-02
-1.680684922155048500e-04 2.001559228134046187e+00 -5.726973077039179683e-02
-2.301585346181425629e-04 2.001646237086214253e+00 -6.253123086661527275e-02
-3.074221365897550351e-04 2.001663118447725154e+00 -6.873696040101194560e-02
-3.001915373277777577e-04 2.001740950184057954e+00 -7.522266269511071468e-02
-3.397010221550325615e-04 2.001805021675982399e+00 -8.151572081945110404e-02
-4.026190374490923318e-04 2.001826895353504110e+00 -8.807932387486934467e-02
-4.110597217899386591e-04 2.001887185362275279e+00 -9.453947433948206580e-02
-4.547672471531191696e-04 2.001933886146136210e+00 -1.018006461501828885e-01
-4.725239881469278647e-04 2.001981895579134196e+00 -1.091221941200462286e-01
-5.322666533428624391e-04 2.002045954570266684e+00 -1.177405351685340829e-01
-4.785916028020448243e-04 2.002099082387605478e+00 -1.255257868479131289e-01
-4.871017597783411368e-04 2.002166045799640859e+00 -1.334344733665462357e-01
-5.407980504808229671e-04 2.002198089290231575e+00 -1.421626184525920100e-01
-4.883125533423696152e-04 2.002261926795634750e+00 -1.509532315043567441e-01
-4.348699497439267869e-04 2.002306724865877907e+00 -1.596562166424106421e-01
-3.911853216791577603e-04 2.002338772604970174e+00 -1.685495109744356290e-01
-3.593212537416623498e-04 2.002360212200320344e+00 -1.771918235032732547e-01
-3.296360540544773787e-04 2.002383813657106160e+00 -1.862213990599587421e-01
-3.307422622427919068e-04 2.002382777878838116e+00 -1.864615058387056323e-01
-2.940613251372417580e-04 2.002405919028453773e+00 -1.950277108138063209e-01
-1.415710094374300621e-04 2.002458594246249390e+00 -2.204412241972860953e-01
5.223776446073927215e-04 2.002325325915797816e+00 -2.294690389416171039e-01
5.725597894345180183e-04 2.002312932732387196e+00 -2.297024560887807321e-01
3.328106639037042846e-03 2.001649370759047919e+00 -2.370102567159239615e-01
8.704779754577111894e-03 2.000365479391230661e+00 -2.429120302360839034e-01
1.531427945344931291e-02 1.998702634121342303e+00 -2.472831113757831267e-01
1.549884006834936767e-02 1.998656439266188967e+00 -2.473681658284482832e-01
2.184673813516022078e-02 1.997067807675734885e+00 -2.491305414712744748e-01
2.869213861201790061e-02 1.995340884418695948e+00 -2.477981230559131165e-01
2.942022849932016820e-02 1.995153151055627294e+00 -2.474754971698660544e-01
3.587247788468713589e-02 1.993536082438204904e+00 -2.430700583156928662e-01
4.287134493733166241e-02 1.991810805961395481e+00 -2.363649462961607273e-01
4.902592460372383332e-02 1.990363196319548056e+00 -2.296150027769180146e-01
5.581696853017100585e-02 1.988790297014573882e+00 -2.222816162742442259e-01
6.238647922765148957e-02 1.987331480990563337e+00 -2.153155496415180281e-01
6.873994187910337228e-02 1.985965589315460189e+00 -2.093700760026601659e-01
7.552317332079863665e-02 1.984535181933940517e+00 -2.049160978321236670e-01
8.162752039695800321e-02 1.983256101018150419e+00 -2.015659175150563698e-01
8.853881364818563804e-02 1.981851264183251971e+00 -1.983621758135879209e-01
8.870749485632281606e-02 1.981817061050384909e+00 -1.982905426464481868e-01
9.531034130001267424e-02 1.980495598164850435e+00 -1.952620963834952317e-01
9.547735379536145817e-02 1.980463576684085680e+00 -1.951645199963964461e-01
1.021943993843943965e-01 1.979129426710993123e+00 -1.909625802978894005e-01
1.085474227067111108e-01 1.977895101886306684e+00 -1.864774362254642825e-01
1.151646644521657215e-01 1.976658498262602759e+00 -1.818314246001086210e-01
1.207664580708133900e-01 1.975615927673194605e+00 -1.780876994866016638e-01
1.265304528474902879e-01 1.974581602830876470e+00 -1.739848565925848911e-01
1.266979529205577992e-01 1.974556236546746391e+00 -1.738678480137826610e-01
1.322307521122526586e-01 1.973588669586405775e+00 -1.693287585146865115e-01
1.381925228617542634e-01 1.972588884375551466e+00 -1.638453525194085991e-01
1.441534809114208282e-01 1.971617446196478607e+00 -1.585478913924835698e-01
1.443156500895951544e-01 1.971590778375613695e+00 -1.584094652275443438e-01
1.503954270531484838e-01 1.970625757779231657e+00 -1.531410171374373297e-01
1.559903854703491854e-01 1.969776760752212086e+00 -1.483150916175541845e-01
1.615219836199072168e-01 1.968964578866321702e+00 -1.437098504337951665e-01
1.674978770658378802e-01 1.968103213232954785e+00 -1.389541466596128094e-01
1.727098192915567099e-01 1.967389073111041276e+00 -1.348281694212715431e-01
1.788434588004913506e-01 1.966569208726728579e+00 -1.297793417338273525e-01
1.790012461964386459e-01 1.966545189432222562e+00 -1.296499937025730187e-01
1.848770834071679359e-01 1.965782476756628983e+00 -1.245180669082308622e-01
1.906951303185930036e-01 1.965059374656148217e+00 -1.193060561398449210e-01
1.963624182517984540e-01 1.964381752799699621e+00 -1.142398707589246942e-01
2.020217347778425487e-01 1.963750708195847183e+00 -1.091580716342037127e-01
2.075464374990871330e-01 1.963151607912008600e+00 -1.042133774934828200e-01
2.130898823662315533e-01 1.962585008107207818e+00 -9.903215920387267723e-02
2.186274170663679572e-01 1.962060108231811428e+00 -9.382490461798588532e-02
2.244506745234713108e-01 1.961511365659650785e+00 -8.830834446441594709e-02
2.298144313981754228e-01 1.961054913718547565e+00 -8.317859919304432248e-02
2.304019597644076656e-01 1.961006024361297229e+00 -8.259573832998284848e-02
2.364059980756925972e-01 1.960517737854147402e+00 -7.667207167662974665e-02
2.365491873670490519e-01 1.960505256850389344e+00 -7.652540058460309547e-02
2.414760484342384772e-01 1.960131406152852751e+00 -7.148903417634257240e-02
2.462644386834234034e-01 1.959805930439798116e+00 -6.672257018288484109e-02
2.512990654674144286e-01 1.959475325684083336e+00 -6.152600834055811652e-02
2.563185287663257705e-01 1.959165135421625958e+00 -5.626929291471603756e-02
2.613407018514957714e-01 1.958908002376878787e+00 -5.120982479487094785e-02
2.660369958147629221e-01 1.958660003539271388e+00 -4.646579465163685335e-02
2.707476860921844142e-01 1.958459365286359777e+00 -4.164718634725970980e-02
2.754498695525455232e-01 1.958280055793431229e+00 -3.681064514793432746e-02
2.808091500171936428e-01 1.958092278903851069e+00 -3.114671199970757767e-02
2.861527995479002939e-01 1.957932979623895120e+00 -2.537708004141350088e-02
2.914417481440578217e-01 1.957823120239453818e+00 -1.937460337955893355e-02
2.959894042702506667e-01 1.957737136853632487e+00 -1.408143543901256914e-02
3.017019091267549857e-01 1.957676122052852685e+00 -7.230997520761876622e-03
3.065898307279293356e-01 1.957645773987998883e+00 -1.466184477656365783e-03
3.113505965298462019e-01 1.957642866861597941e+00 4.197609316512897204e-03
3.165824128848042096e-01 1.957680273638921165e+00 1.063126854355156935e-02
3.215233940886681463e-01 1.957741649106624404e+00 1.673107312368730948e-02
3.266635647498198902e-01 1.957839461421424510e+00 2.304814708468976708e-02
3.321792864764915310e-01 1.957981983982805874e+00 2.955262287583662953e-02
3.323077269619141294e-01 1.957990677758860265e+00 2.972062284156588505e-02
3.368695159927517779e-01 1.958124823611403942e+00 3.526809289042549811e-02
3.417833524976822135e-01 1.958318038662097083e+00 4.147918384030761796e-02
3.472209278515456798e-01 1.958566609825501903e+00 4.832091068926988586e-02
3.516568243279796779e-01 1.958792378468541928e+00 5.417614945571017776e-02
3.559914902749747867e-01 1.959030547994267346e+00 5.944435549989458833e-02
3.601928691106539571e-01 1.959295616629210368e+00 6.488478694147022108e-02
3.649774854403131652e-01 1.959615536689431226e+00 7.149938307792048919e-02
3.699914917518725699e-01 1.959991397657661283e+00 7.827845909434674732e-02
3.745635406362682884e-01 1.960355588256496029e+00 8.427485621851146802e-02
3.786107533157697658e-01 1.960710813200267078e+00 8.938526680439848326e-02
3.831505840822929110e-01 1.961108508322890298e+00 9.492133145091312396e-02
3.875714327170784457e-01 1.961537307856594081e+00 1.008578536985185597e-01
3.921744412759657350e-01 1.962019493567257911e+00 1.078481119600795124e-01
3.967706015397269304e-01 1.962532269567762944e+00 1.144651469098095647e-01
3.968930859780168685e-01 1.962548697488439853e+00 1.146350395326382610e-01
4.011914260355136652e-01 1.963065713050758276e+00 1.202272546430831479e-01
4.053527725909972790e-01 1.963571973387302716e+00 1.254614287348415347e-01
4.183849636309167619e-01 1.965316358865279112e+00 1.452230252204697036e-01
4.225035464391847517e-01 1.965922615650528282e+00 1.519292780104599949e-01
4.270114614789600749e-01 1.966640666008332872e+00 1.584215386855981345e-01
4.315825471996129759e-01 1.967381663994591801e+00 1.641486075630650687e-01
4.365126924950321063e-01 1.968209312272408917e+00 1.710935583269873883e-01
4.405363893733794112e-01 1.968908990320740182e+00 1.772992628212579358e-01
4.450968603572722504e-01 1.969735115221571409e+00 1.840478956043129222e-01
4.492412611387365251e-01 1.970530883743953021e+00 1.899030199318790524e-01
4.539347176836420750e-01 1.971460172329119187e+00 1.961138218599717264e-01
4.577083261720114038e-01 1.972214648610477905e+00 2.009609408084279125e-01
4.615841568446379384e-01 1.972999131499327818e+00 2.063521093954846786e-01
4.655684112723251777e-01 1.973841686518743588e+00 2.129566276187641327e-01
4.693017495611199186e-01 1.974670299529711848e+00 2.189387567337913731e-01
4.730030749873578300e-01 1.975509465378350482e+00 2.245393827481075022e-01
4.731105574976889327e-01 1.975534248565302464e+00 2.247023149552727084e-01
4.773172777902584540e-01 1.976537539315902370e+00 2.301906857626324077e-01
4.810012662581028553e-01 1.977472474454053275e+00 2.331546908272368879e-01
4.851269257694460491e-01 1.978489503906091018e+00 2.362755670368104355e-01
4.891767577095044728e-01 1.979488460346841672e+00 2.407422755889421784e-01
4.893899065053648467e-01 1.979543390030267247e+00 2.409935682560286341e-01
4.928940498420263383e-01 1.980407007672245756e+00 2.451999992345972601e-01
4.930026674718618884e-01 1.980434808537528513e+00 2.453315345650695645e-01
4.968034174328385122e-01 1.981393616036086103e+00 2.500567562126508325e-01
5.009223547503057761e-01 1.982467870370320906e+00 2.550357327047539369e-01
5.043979030189196244e-01 1.983381112236226818e+00 2.592037725170556750e-01
5.085093001189481265e-01 1.984443489565303809e+00 2.648387063646352457e-01
5.086114326801813856e-01 1.984470734556207372e+00 2.650282673721637838e-01
5.125147788028923124e-01 1.985558090598868120e+00 2.719240563070608463e-01
5.168416458906104349e-01 1.986774546361025129e+00 2.793628035525779763e-01
5.205024769941782870e-01 1.987852165190985065e+00 2.854566326717078995e-01
5.240255117230753212e-01 1.988884969295420246e+00 2.905261816404783315e-01
5.277984376337169214e-01 1.990043714606248848e+00 2.953590480057013967e-01
5.317484750796852566e-01 1.991268463536112643e+00 3.000287882119602734e-01
5.357104986814230640e-01 1.992496228525649338e+00 3.049559325516547070e-01
5.392853631329577180e-01 1.993634909213578554e+00 3.106440453925191636e-01
5.432902061639318658e-01 1.994913479912413523e+00 3.176708617296418180e-01
5.465980951694504597e-01 1.996016433596605077e+00 3.233301897793147694e-01
5.505832431649545500e-01 1.997368014663867264e+00 3.293489123975817945e-01
5.543732914007627466e-01 1.998672398063662481e+00 3.344280744931032445e-01
5.581835936971540901e-01 1.999987060199622579e+00 3.400060051568908337e-01
5.622469060079313685e-01 2.001429763638247650e+00 3.475357033872487622e-01
5.663061193726773856e-01 2.002908807485915599e+00 3.552596588503689756e-01
5.701099033499035240e-01 2.004352088251903030e+00 3.621117861166640584e-01
5.735700769282822131e-01 2.005688336565286001e+00 3.664188332326310249e-01
5.771531627274398835e-01 2.007129614163846831e+00 3.688801294015665588e-01
5.801603514758256752e-01 2.008323836948918917e+00 3.696625676203854072e-01
5.838337976220187020e-01 2.009794875647696433e+00 3.698234429755565822e-01
5.871759355372133671e-01 2.011117608013136770e+00 3.720642703262342921e-01
5.908227398269562114e-01 2.012549886261938870e+00 3.764070697724342107e-01
5.941590700753792698e-01 2.013873788514076502e+00 3.807232036377549145e-01
5.978651606447143996e-01 2.015382133100916295e+00 3.854188674073114051e-01
5.979596555032503646e-01 2.015421610637773142e+00 3.855347835795460698e-01
6.020305276509145820e-01 2.017075560479419050e+00 3.902821143925572778e-01
6.054814227054726716e-01 2.018515173890704784e+00 3.939239329323641070e-01
6.088542185767127357e-01 2.019924133356748808e+00 3.977105369946844493e-01
6.123060533509840919e-01 2.021370472977514599e+00 4.033501913624778501e-01
6.159674223442850316e-01 2.022954855231010818e+00 4.108820824285165929e-01
6.193165280256907046e-01 2.024421843614881311e+00 4.175301205804928251e-01
6.229112793628960310e-01 2.026025869798249612e+00 4.236457632413671570e-01
6.266454631388806984e-01 2.027753566222589399e+00 4.282301774842985354e-01
6.267393010502846362e-01 2.027795000015643723e+00 4.283346341666960377e-01
6.303888763734982748e-01 2.029516673603835919e+00 4.320884095829675697e-01
6.335884417222061860e-01 2.031032101381915478e+00 4.343840874494901971e-01
6.366911223235115491e-01 2.032542794003446840e+00 4.363766495446272375e-01
6.398396979654903394e-01 2.034066523443675667e+00 4.383359325138729279e-01
6.434504262837094091e-01 2.035836517367172860e+00 4.404696187871397495e-01
6.467049065801515617e-01 2.037436563345674578e+00 4.423166081149905726e-01
6.503317723263433159e-01 2.039218502708255887e+00 4.443898619576647224e-01
6.504210556743460492e-01 2.039263824762163502e+00 4.444452667490800812e-01
6.540771362950427159e-01 2.041003505575535115e+00 4.471812317730110009e-01
6.572282497312301741e-01 2.042503010114986139e+00 4.512855258883023968e-01
6.605234811436534459e-01 2.044110530914226231e+00 4.569230124239074819e-01
6.641579708124311088e-01 2.045919696297727963e+00 4.633747896161176660e-01
6.737994336997871203e-01 2.050822411125092337e+00 4.780133305317896819e-01
6.738893695082632807e-01 2.050867860885146499e+00 4.781399586269886037e-01
6.774649742659326623e-01 2.052768733629852349e+00 4.824180343435910956e-01
6.808844248021672652e-01 2.054636509216075435e+00 4.844507070008503558e-01
6.838095796578115282e-01 2.056179234919995658e+00 4.840400752587465938e-01
6.869709103325052357e-01 2.057903686742710292e+00 4.839687790383938037e-01
6.903062921055233003e-01 2.059721409913731094e+00 4.847978993855951990e-01
6.936536128246113542e-01 2.061534432761822799e+00 4.863563183328314388e-01
6.967424721000005094e-01 2.063199479132313385e+00 4.881064000642714173e-01
7.000979611564190908e-01 2.065040270484323592e+00 4.900554791610720606e-01
7.031073990666171225e-01 2.066680239926331986e+00 4.918393746136611178e-01
7.063191508579161892e-01 2.068379684888347114e+00 4.946190847228600362e-01
7.096198599692831177e-01 2.070174861951708856e+00 4.997132231434815441e-01
7.130492579946039466e-01 2.072053801462294231e+00 5.063146027502505309e-01
7.160857966018459031e-01 2.073745255716883840e+00 5.117356623374654800e-01
7.191793939463223539e-01 2.075503823466216868e+00 5.159803875159691966e-01
7.219701071254227553e-01 2.077107763674779228e+00 5.188756110581413949e-01
7.250473187825504651e-01 2.078929669763735166e+00 5.212160650271815410e-01
7.276092976133721191e-01 2.080448275767472932e+00 5.218441706567551464e-01
7.301823294738788439e-01 2.081949175935651208e+00 5.206446299760431051e-01
7.336386730257934419e-01 2.083991317303959701e+00 5.206837740286364147e-01
7.370590609999442266e-01 2.086019081617173754e+00 5.222307458840559358e-01
7.403486197792619183e-01 2.087915554781365479e+00 5.243649212192017517e-01
7.433907662933488814e-01 2.089677044554600016e+00 5.264179889214963826e-01
7.467625369829502535e-01 2.091643149953761771e+00 5.284426020684241943e-01
7.498641841295593524e-01 2.093472656387909581e+00 5.301332167280697893e-01
7.527892454586775361e-01 2.095197202629510258e+00 5.316504061883520205e-01
7.556935424869408724e-01 2.096937648733984361e+00 5.329337305184571605e-01
7.588899634380950054e-01 2.098858155623290589e+00 5.349905884692629510e-01
7.589749431834725835e-01 2.098908438312610425e+00 5.350741518739492442e-01
7.623497653011744868e-01 2.100906226307562630e+00 5.392525396597268594e-01
7.659453209146346309e-01 2.103066576115373287e+00 5.455206019291015673e-01
7.660296773099392054e-01 2.103117087112461370e+00 5.456736515046316516e-01
7.691293864165104077e-01 2.105009241451936575e+00 5.510403353897072032e-01
7.724105758900096097e-01 2.107074900372162052e+00 5.541448739006614721e-01
7.755795504321265632e-01 2.109149035333794497e+00 5.549527682641594017e-01
7.780169680393619336e-01 2.110668425954899341e+00 5.538616187620288844e-01
7.810634302735399714e-01 2.112603886553729993e+00 5.511151684003832152e-01
7.842130743416554362e-01 2.114585701786829031e+00 5.506641161736020029e-01
7.873974081457895124e-01 2.116540878537101822e+00 5.526882354929832930e-01
7.907312413741018897e-01 2.118598353637747067e+00 5.556426619009195988e-01
7.943814811227829509e-01 2.120869309949925618e+00 5.587408868707456344e-01
7.973533838936225360e-01 2.122735168717400978e+00 5.609390194544596753e-01
8.006305929521453368e-01 2.124809805912394989e+00 5.629404353653486570e-01
8.038701263580344536e-01 2.126904304711739524e+00 5.643393068164411774e-01
8.070167689769252028e-01 2.128893190692877635e+00 5.662970393677824177e-01
8.100540843948514924e-01 2.130849148834248474e+00 5.687895635794620874e-01
8.127477445568741521e-01 2.132619503060502630e+00 5.695359900935308417e-01
8.154098009174770567e-01 2.134384600204626725e+00 5.695803503607617113e-01
8.182306478701326657e-01 2.136253788771640849e+00 5.692468889964696910e-01
8.210659556929893466e-01 2.138130627784633475e+00 5.689510883338360081e-01
8.237646755735368309e-01 2.139897592327419940e+00 5.687806503877979036e-01
8.264712466131651780e-01 2.141685614529099002e+00 5.687992882418713148e-01
8.293602807655390263e-01 2.143576628508220505e+00 5.690184552592719713e-01
8.328721830363352563e-01 2.145819788587863819e+00 5.703352575297075955e-01
8.362852134712258634e-01 2.148016058522293825e+00 5.742282089487312779e-01
8.363732879629757200e-01 2.148075388496955451e+00 5.743527316912938607e-01
8.395213740401198388e-01 2.150127134429367093e+00 5.787979462446194434e-01
8.425820786437825394e-01 2.152125049351526709e+00 5.824698231688294481e-01
8.453300170265880542e-01 2.153957080057618434e+00 5.852653409568913112e-01
8.479214185392589531e-01 2.155698517541916992e+00 5.862970857694941307e-01
8.503847059985493173e-01 2.157405953348067840e+00 5.862821018534046802e-01
8.529092166566566435e-01 2.159163213273802118e+00 5.839418091319892312e-01
8.558710013660184579e-01 2.161138478767287818e+00 5.804608295614814839e-01
8.591698127301773402e-01 2.163336383559197884e+00 5.797861442065519455e-01
8.623558339083117197e-01 2.165425679282504401e+00 5.815815046828677337e-01
8.624366988904290654e-01 2.165478451201695798e+00 5.816480360742634081e-01
8.654408003190742216e-01 2.167466194818474801e+00 5.838997600313347025e-01
8.685277609673220933e-01 2.169490260996968178e+00 5.860360509743529622e-01
8.719369218828911805e-01 2.171770026596048897e+00 5.879180200360116793e-01
8.748401937846013166e-01 2.173693724036379837e+00 5.891060279530551114e-01
8.780424605263144056e-01 2.175863995510519011e+00 5.900202720443423754e-01
8.812131358472135023e-01 2.178036534207987707e+00 5.906265280542321028e-01
8.843892951916060285e-01 2.180206700260562513e+00 5.906605847986411417e-01
8.844681503542792811e-01 2.180261809573639020e+00 5.906594501164420530e-01
8.875498236581519373e-01 2.182405248709096135e+00 5.907104203382553820e-01
8.904564314621336019e-01 2.184416661540436788e+00 5.906304174092450454e-01
8.936878232758551643e-01 2.186639754485730780e+00 5.904695640088117869e-01
8.968314646498212195e-01 2.188821556945862667e+00 5.903185521134780567e-01
8.999922417067338642e-01 2.190985851442162513e+00 5.902158235002337161e-01
9.026891009488005047e-01 2.192842206303645902e+00 5.901558630474365019e-01
9.054453691791778391e-01 2.194748533364172971e+00 5.901842064417371914e-01
9.147942882968747025e-01 2.201036438288905384e+00 5.984461480319804849e-01
9.175665929705082435e-01 2.202933042306130407e+00 6.024323033787931658e-01
9.203019237187041179e-01 2.204830596178692481e+00 6.057735967657895682e-01
9.233539662188471331e-01 2.206975695751069999e+00 6.071293024897745916e-01
9.234245069440577547e-01 2.207026539927683828e+00 6.071383545735716813e-01
9.264507453134874781e-01 2.209264746255241274e+00 6.058576523587878571e-01
9.289080712069668344e-01 2.211045199852819554e+00 6.023543883489135276e-01
9.317453831418358590e-01 2.212998780902810658e+00 5.974207156256583495e-01
9.344460851050453432e-01 2.214885691510327437e+00 5.944510073148773222e-01
9.374649455225305683e-01 2.216943226608622641e+00 5.939363692200297917e-01
9.404391578030659726e-01 2.218939530992150022e+00 5.952332911438729113e-01
9.434272560839747079e-01 2.220971430408059000e+00 5.972944525943468808e-01
9.464828874492458022e-01 2.223056927353154411e+00 5.991952432197390488e-01
9.494419033702981014e-01 2.225075003491729486e+00 6.007214553342552499e-01
9.524784830246867395e-01 2.227164614947664045e+00 6.015594772498168430e-01
9.557761631562353699e-01 2.229470208507505546e+00 6.017117027576743826e-01
9.583389225017341362e-01 2.231304473303886038e+00 6.005193432049452662e-01
9.610753977774012524e-01 2.233222611963444404e+00 5.996315452785148103e-01
9.636811454739901972e-01 2.235035809492269987e+00 5.991474207493939774e-01
9.672018238212882757e-01 2.237510905011629525e+00 5.987181416526977662e-01
9.701139224206675182e-01 2.239550012850363814e+00 5.984448773351357387e-01
9.729382377945549054e-01 2.241523453543920574e+00 5.981984606140345884e-01
9.757868032177445805e-01 2.243506428427398447e+00 5.979225538848007560e-01
9.787207334057533847e-01 2.245531573463645625e+00 5.976652330486129650e-01
9.815595228121568594e-01 2.247447123300606364e+00 5.979847636400618116e-01
9.845764187671994794e-01 2.249514485856420443e+00 6.002506453890036342e-01
9.874906855040282982e-01 2.251529173115264904e+00 6.036145875282197260e-01
9.906069826934359446e-01 2.253693018881945065e+00 6.068444947324729277e-01
9.934678863266487303e-01 2.255679366015680198e+00 6.087049041122085669e-01
9.961144730774553757e-01 2.257575292445866744e+00 6.086940850372871692e-01
9.987916209057750017e-01 2.259483506927680629e+00 6.062495698574705827e-01
1.001692671452184991e+00 2.261500195115108802e+00 6.010730643850515920e-01
1.004929422873650058e+00 2.263748262436454439e+00 5.950975934997589922e-01
1.007853480591021533e+00 2.265769833981804204e+00 5.911498377713374497e-01
1.010838624267905717e+00 2.267784198812605290e+00 5.900295406685909239e-01
1.013602052866943826e+00 2.269625075815676407e+00 5.911410273022739137e-01
1.016921012327260510e+00 2.271867460177785070e+00 5.946712338488818750e-01
1.019672418239141676e+00 2.273742671410477811e+00 5.978838397885472000e-01
1.022798783540969980e+00 2.275885311646501208e+00 6.006627117273727334e-01
1.025657944810658195e+00 2.277848264161250746e+00 6.019353969746259470e-01
1.028277239930872833e+00 2.279679098250889435e+00 6.024351957389739720e-01
1.031289674622839270e+00 2.281812940549485358e+00 6.017339328915884966e-01
1.034129345023760971e+00 2.283806853675205417e+00 6.006548140057128560e-01
1.036612506348308038e+00 2.285537275907662202e+00 5.994174089289072693e-01
1.039249700343200189e+00 2.287385218395929343e+00 5.981777810456895272e-01
1.042155729931901531e+00 2.289404439706782313e+00 5.969213026066467753e-01
1.044908230526272908e+00 2.291318456912298629e+00 5.959204692060435793e-01
1.048142057716098474e+00 2.293552516722406676e+00 5.949476224617874509e-01
1.048221414732316559e+00 2.293605353022828641e+00 5.949207950022407099e-01
1.051473984384575067e+00 2.295836175539069490e+00 5.941042450881031112e-01
1.054430153255786040e+00 2.297851438495388088e+00 5.933845497804529634e-01
1.057304251884028767e+00 2.299789453241633641e+00 5.930377963164310540e-01
1.060239841924764503e+00 2.301758599838918062e+00 5.947018759435110935e-01
1.063343991844638126e+00 2.303875621016714170e+00 5.974730342485424783e-01
1.066280139365996860e+00 2.305880193780608600e+00 5.994585151378793997e-01
1.069084833023830505e+00 2.307871558818263669e+00 5.991952846919460507e-01
1.071627758344310566e+00 2.309617370497386357e+00 5.972157459806577418e-01
1.074552181019452712e+00 2.311642144755969408e+00 5.933415740466049249e-01
1.077297718227788526e+00 2.313547540794261170e+00 5.893359559706362605e-01
1.080492720630119807e+00 2.315728533896603381e+00 5.852118011494861216e-01
1.080570402192604140e+00 2.315781014845499808e+00 5.851268859336162809e-01
1.083682254001105738e+00 2.317887834059265018e+00 5.828425566894080978e-01
1.086682927454582837e+00 2.319864861487081598e+00 5.830841125329566665e-01
1.089714822894531476e+00 2.321879512588508110e+00 5.851206174126570847e-01
1.092992060875278337e+00 2.324048739895459903e+00 5.878335817081459247e-01
1.095983770150317005e+00 2.326055051733540324e+00 5.899705371071957138e-01
1.098793162338677076e+00 2.327931987153435855e+00 5.908917323286255741e-01
1.101944582612105927e+00 2.330077299929098178e+00 5.905450571644650370e-01
1.104451581782764924e+00 2.331826224833428274e+00 5.886745038670631036e-01
1.106895070100899714e+00 2.333456656509017790e+00 5.854341305761558978e-01
1.109800905145434502e+00 2.335404553876786249e+00 5.829067809533529099e-01
1.113001619381556173e+00 2.337552489372273001e+00 5.816695711217859666e-01
1.115736189393898181e+00 2.339368937268306858e+00 5.810935824284058082e-01
1.118391925865264813e+00 2.341130168676822887e+00 5.806578857683739603e-01
1.121955342883017792e+00 2.343499801022741469e+00 5.800075447794592609e-01
1.125107146973654437e+00 2.345571891164799805e+00 5.793315524393203297e-01
1.134043540678551176e+00 2.351467235236713638e+00 5.772126337681304786e-01
1.136990056975422547e+00 2.353379128919691254e+00 5.772126444208428575e-01
1.140225509070285970e+00 2.355503122959822893e+00 5.779816708701690509e-01
1.143060600533911453e+00 2.357401725397596515e+00 5.765995108132802027e-01
1.146003874989518501e+00 2.359396360817313187e+00 5.742599991676226034e-01
1.149284438571696043e+00 2.361591060770994233e+00 5.713026685817887973e-01
1.152054148819879442e+00 2.363405373820876232e+00 5.689919675129835319e-01
1.155147794946969064e+00 2.365429074878184323e+00 5.669269309224275188e-01
1.158220359842899505e+00 2.367428646186116925e+00 5.654345530768781769e-01
1.161148625529939027e+00 2.369268992442339350e+00 5.659205334426976597e-01
1.161232469366071829e+00 2.369321364730319956e+00 5.659609162138043992e-01
1.164518696557777622e+00 2.371420565363830057e+00 5.678118964633904753e-01
1.164600689904116582e+00 2.371472986935075689e+00 5.678568869717359746e-01
1.167713318883228490e+00 2.373470387305734786e+00 5.689865023608368100e-01
1.170489706817670506e+00 2.375242036871191065e+00 5.695104345927244349e-01
1.173178341528570146e+00 2.376973595470571521e+00 5.696122024508275539e-01
1.176228774906802110e+00 2.378962108458388514e+00 5.688928744837440377e-01
1.179112718789300240e+00 2.380832571555600019e+00 5.663928067821956125e-01
1.181668001158767467e+00 2.382491586366336289e+00 5.626613261348295536e-01
1.184672569084926685e+00 2.384427809070920112e+00 5.599458842729533314e-01
1.187779203017219176e+00 2.386402192243354037e+00 5.586753232167922523e-01
1.190646860823883824e+00 2.388213736597395442e+00 5.578887267628621638e-01
1.194103773766978627e+00 2.390380872656649558e+00 5.572321657735598288e-01
1.194185165096042445e+00 2.390430545492578496e+00 5.572173112272369444e-01
1.197051131992316275e+00 2.392236334614663562e+00 5.565409214567967888e-01
1.199838636411678872e+00 2.393992320204040514e+00 5.557466618364573785e-01
1.202712838738026369e+00 2.395813260072728212e+00 5.548646559635167508e-01
1.205745027305472838e+00 2.397711665570653849e+00 5.538654522700393601e-01
1.208739895912788409e+00 2.399574219383960205e+00 5.535045249409729085e-01
1.211726974135879820e+00 2.401423418695655343e+00 5.547492103766737959e-01
1.214541201517260083e+00 2.403169617082357767e+00 5.562200198043709687e-01
1.217895627642384238e+00 2.405268593520681897e+00 5.568824863829444638e-01
1.220558570741913984e+00 2.406986180742268555e+00 5.555542919706809579e-01
1.223222295643407564e+00 2.408656841944000870e+00 5.524610600368224933e-01
1.225976698488475458e+00 2.410427655091453403e+00 5.480906074683865592e-01
1.228633398740544891e+00 2.412102239458687514e+00 5.441222789997657294e-01
1.231325447864422884e+00 2.413783320526373011e+00 5.410032508921686079e-01
1.234123856649095075e+00 2.415448547301307425e+00 5.399042075268974950e-01
1.237183160990382502e+00 2.417300041715459091e+00 5.404286237569758677e-01
1.240363674209822742e+00 2.419208155601715760e+00 5.414579543048662069e-01
1.243450988941841473e+00 2.421064058398120888e+00 5.422213406788664036e-01
1.246530454022850343e+00 2.422914375860724778e+00 5.423737592854418477e-01
1.249829367039465566e+00 2.424933117097521240e+00 5.416221400342178249e-01
1.252875283235577841e+00 2.426804543234778677e+00 5.405441011236379323e-01
1.256074041392832630e+00 2.428761048270434486e+00 5.391615257180502052e-01
1.258934844862244162e+00 2.430530190646392530e+00 5.374484433661990135e-01
1.261640075867961563e+00 2.432155176097462235e+00 5.351581939545092537e-01
1.265043117498023229e+00 2.434266579134415576e+00 5.323158871341808762e-01
1.268116090974138466e+00 2.436105046379615668e+00 5.299198132157494356e-01
1.271410619655432006e+00 2.438110599857786998e+00 5.274903052675847803e-01
1.274538087729967906e+00 2.439997993695054657e+00 5.255965760362446559e-01
1.274622391532555188e+00 2.440047926481782259e+00 5.255480623915161908e-01
1.277635227538965745e+00 2.441813494085211200e+00 5.240439766894818829e-01
1.280731270801590105e+00 2.443633928355617879e+00 5.225598820769676855e-01
1.283805812060057949e+00 2.445403394171155487e+00 5.218018244096362945e-01
1.287074947895803678e+00 2.447295424970117317e+00 5.227089335290385774e-01
1.290460308084073526e+00 2.449258328860856260e+00 5.238071085172795183e-01
1.293672194664638342e+00 2.451105947680890740e+00 5.242320211405404606e-01
1.296780938106622205e+00 2.452917416383463944e+00 5.239035469008823664e-01
1.299739995913942403e+00 2.454662025494692035e+00 5.227404984360327633e-01
1.302481527332554512e+00 2.456273074384248467e+00 5.199055774088908732e-01
1.305287556839303420e+00 2.457891331542546354e+00 5.152582574009774152e-01
1.308012776675142153e+00 2.459478175781099285e+00 5.106842788357757179e-01
1.311156311434009902e+00 2.461251886261538679e+00 5.074199887721202451e-01
1.314756904464252862e+00 2.463240727584496081e+00 5.059863391595451620e-01
1.317883187969133285e+00 2.464971322920464836e+00 5.055103530015240265e-01
1.321141136523098059e+00 2.466772679930700374e+00 5.052841386236184285e-01
1.324573678315726255e+00 2.468677321184074458e+00 5.048225692557835043e-01
1.324660897656986025e+00 2.468723512939073217e+00 5.048034874623573698e-01
1.327899926252027907e+00 2.470512331719951771e+00 5.038202343980464626e-01
1.327984617518813026e+00 2.470558369503381257e+00 5.037886474652654156e-01
1.330832063365490869e+00 2.472123782563847350e+00 5.029331893706413537e-01
1.334030438521207174e+00 2.473886482939537945e+00 5.037249324736602363e-01
1.337048796579528798e+00 2.475545370087438801e+00 5.046733761961373910e-01
1.340736684638656140e+00 2.477587994521439629e+00 5.052128897535933527e-01
1.343954281556003494e+00 2.479382798095147056e+00 5.050527242590745480e-01
1.346716100893476487e+00 2.480995989112846356e+00 5.033014708448138030e-01
1.349222425906407841e+00 2.482405486895468805e+00 5.001830274736581705e-01
1.351889607753126610e+00 2.483875137161755564e+00 4.957382678122819741e-01
1.354853519571174836e+00 2.485512707175843605e+00 4.909018647602239049e-01
1.357999847027741458e+00 2.487233167226575503e+00 4.868785714444729407e-01
1.358084850594816206e+00 2.487283501614518055e+00 4.868034326867455297e-01
1.367987104911150498e+00 2.492515792724794288e+00 4.854115892678891320e-01
1.371835923846181471e+00 2.494555336634741938e+00 4.854509310596577532e-01
1.375221386519370759e+00 2.496336524530588630e+00 4.850788498878552679e-01
1.378585236757196242e+00 2.498133728065316195e+00 4.837631865683195698e-01
1.382202020626348782e+00 2.500025857257165640e+00 4.830593367730885990e-01
1.385332652957999011e+00 2.501679097411670050e+00 4.833537903153539150e-01
1.388615598068116741e+00 2.503425095993546456e+00 4.826749634253315047e-01
1.391448231661031931e+00 2.504996193859469145e+00 4.803229359682511523e-01
1.394123995847315500e+00 2.506392856009596937e+00 4.771577990835674798e-01
1.397305756861352499e+00 2.508076203900213130e+00 4.730499207090705927e-01
1.400508452514092506e+00 2.509773905088952706e+00 4.689445950988319622e-01
1.403584528743615945e+00 2.511371367798271415e+00 4.657044463499048215e-01
1.406809256661363250e+00 2.512988301366299027e+00 4.634803745387814922e-01
1.410030179712768117e+00 2.514580157829999330e+00 4.631862176831962330e-01
1.412963950414150904e+00 2.516051037511179089e+00 4.633780065855591102e-01
1.416752392426620544e+00 2.517949093102139102e+00 4.634850502286596563e-01
1.416844223556824378e+00 2.517994392375946688e+00 4.634739176659609661e-01
1.420173652966117528e+00 2.519677165753421821e+00 4.627461302131902210e-01
1.423692617403979899e+00 2.521441024566532185e+00 4.614954210681780911e-01
1.423780862689401960e+00 2.521482937059479124e+00 4.614621521938040982e-01
1.426686053843459367e+00 2.522934580369056157e+00 4.602898499505960750e-01
1.429937280583156278e+00 2.524551131817137417e+00 4.587545152913042323e-01
1.432855832224182890e+00 2.525984928034163524e+00 4.576327107489122636e-01
1.435969119783049752e+00 2.527501493397898535e+00 4.577122107802557571e-01
1.439456749559938409e+00 2.529248386261913062e+00 4.569349515090985192e-01
1.442495871008038000e+00 2.530811055008737043e+00 4.546136819165809140e-01
1.445521897853816240e+00 2.532308176910627040e+00 4.511678449204374886e-01
1.448581434137601320e+00 2.533800438717523917e+00 4.475948583760760990e-01
1.451700545850403090e+00 2.535344371055304080e+00 4.442198597879175592e-01
1.455317190209362455e+00 2.537123638958906913e+00 4.410921032270282982e-01
1.458551157276578358e+00 2.538642183882535708e+00 4.393968646926271759e-01
1.461873527551173391e+00 2.540209455472175470e+00 4.392916824326539849e-01
1.465512529664708685e+00 2.541912789755759405e+00 4.391483674633082646e-01
1.469110906688271045e+00 2.543601280079793359e+00 4.387035866099237569e-01
1.472419027096542710e+00 2.545164941670100767e+00 4.378377537229742877e-01
1.475722790808609686e+00 2.546730622634814534e+00 4.366129150269055792e-01
1.479291990046266214e+00 2.548416973128009300e+00 4.350635562406031664e-01
1.479378438608666135e+00 2.548462471776565597e+00 4.350231028716209369e-01
1.482730456408169362e+00 2.550030710899909181e+00 4.338254825153691208e-01
1.486453134973389156e+00 2.551747623049027247e+00 4.335514245264987521e-01
1.489956236916355259e+00 2.553376423496778180e+00 4.329734757830037140e-01
1.490045650594124194e+00 2.553417746776395880e+00 4.329278769065139643e-01
1.493247668388338001e+00 2.554958817197842791e+00 4.305804557984154735e-01
1.496574332430246068e+00 2.556480887809485125e+00 4.262820915548348188e-01
1.500049288081187759e+00 2.558118920461636581e+00 4.220529322347002510e-01
1.503507490133726199e+00 2.559705412372912381e+00 4.181371707643412594e-01
1.507343883515974925e+00 2.561429229485000292e+00 4.156407470969222806e-01
1.510361832255468606e+00 2.562753308311886080e+00 4.152150233298693149e-01
1.514204049110439820e+00 2.564464914947321983e+00 4.150699079319637996e-01
1.517774250324673835e+00 2.566025865445505705e+00 4.147483989745031074e-01
1.521311851519734804e+00 2.567591476540105333e+00 4.139137056685136540e-01
1.521401386669479106e+00 2.567630357850407385e+00 4.138888331521533015e-01
1.525123993156220381e+00 2.569296112505639051e+00 4.123517191067226917e-01
1.528387552232362223e+00 2.570741468665645790e+00 4.108074318530037794e-01
1.531331393459255175e+00 2.572027231898949662e+00 4.099211900342293324e-01
1.534829192185221292e+00 2.573549096134168934e+00 4.095920293547739566e-01
1.538655319838851288e+00 2.575216727941741723e+00 4.091854743198793387e-01
1.538747664679043448e+00 2.575259354349721530e+00 4.091768119131519721e-01
1.542368242228274289e+00 2.576851049037957253e+00 4.081445307340261230e-01
1.542456692096789039e+00 2.576888113286815329e+00 4.080895417711435380e-01
1.545560840241525069e+00 2.578248844435124365e+00 4.052933411165353661e-01
1.548859979715290436e+00 2.579699406549804674e+00 4.011217538391471660e-01
1.548948180219008819e+00 2.579739019102849085e+00 4.010037713214686939e-01
1.552661082927879299e+00 2.581350095847606774e+00 3.967415198622004091e-01
1.552753012693065759e+00 2.581394265252555886e+00 3.966564966463642650e-01
1.555759242882667870e+00 2.582679487274321062e+00 3.940652884659478494e-01
1.559024554082952818e+00 2.584038623477233898e+00 3.926648397663795587e-01
1.562111786497469179e+00 2.585303751653600379e+00 3.917475769228073723e-01
1.566121910126235139e+00 2.586954860587127314e+00 3.905677458185352058e-01
1.566211804256966378e+00 2.586996166178620715e+00 3.905469122366513890e-01
1.569933200861766132e+00 2.588531118099876682e+00 3.891915855571539962e-01
1.573648302447684388e+00 2.590070609042950611e+00 3.877418281251634458e-01
1.576988862550261050e+00 2.591453169146335167e+00 3.863657064128904195e-01
1.580702883285453941e+00 2.592981998210625250e+00 3.846976362382598658e-01
1.580795031383167348e+00 2.593025108805994794e+00 3.846586979246013893e-01
1.584370169248523252e+00 2.594470980568359231e+00 3.837974037270029393e-01
1.588128462446845246e+00 2.595985274508886942e+00 3.833389519413487045e-01
1.591588906043872376e+00 2.597381255518759424e+00 3.828172483510682844e-01
1.595061350237079179e+00 2.598791986166668622e+00 3.818500449694032239e-01
1.604743466735208512e+00 2.602734509980384026e+00 3.782906270130735327e-01
1.608475166474084395e+00 2.604252175802100666e+00 3.767568235122943365e-01
1.611858979800771197e+00 2.605622705618304114e+00 3.745626454544221384e-01
1.614975399927006228e+00 2.606893252025588748e+00 3.718399510901079785e-01
1.617910434496337091e+00 2.608080286535938264e+00 3.693238696486411121e-01
1.621621543773281493e+00 2.609547399463348683e+00 3.664354003774675239e-01
1.621715415801426419e+00 2.609581502536227671e+00 3.663655520047925385e-01
1.625453254462079888e+00 2.611075658233735108e+00 3.639165271963321069e-01
1.628726612289700615e+00 2.612376285724388403e+00 3.620434799843725848e-01
1.632254107989501879e+00 2.613724336770022028e+00 3.603464670565166839e-01
1.635490459375683825e+00 2.614940059906781133e+00 3.596286525911925325e-01
1.639301983224022541e+00 2.616375869998421866e+00 3.588654637053583785e-01
1.639492418172314725e+00 2.616443885560019389e+00 3.588218638433117169e-01
1.643105742316222972e+00 2.617806640193305334e+00 3.578171619322009223e-01
1.646618681280002328e+00 2.619131020388640430e+00 3.566283433656337598e-01
1.650344200519801241e+00 2.620537696032279484e+00 3.552000451807459935e-01
1.653952536611405622e+00 2.621893135162972399e+00 3.537238293919713894e-01
1.657903769766234658e+00 2.623339943067597879e+00 3.524741580985024103e-01
1.661241802330054140e+00 2.624561537203741413e+00 3.519790605658228988e-01
1.664482578693168513e+00 2.625758739909888284e+00 3.513488779333290846e-01
1.668509558689818206e+00 2.627240661767267227e+00 3.501963896462820247e-01
1.672153470526983599e+00 2.628597212382060011e+00 3.483214610776469988e-01
1.676004191602785687e+00 2.630005335636421027e+00 3.447983310163306170e-01
1.679788457041376581e+00 2.631419418888898853e+00 3.411299243942884640e-01
1.683225996808086045e+00 2.632685410461530928e+00 3.382143821894936786e-01
1.686798779917021207e+00 2.633934622683660631e+00 3.366093493283329741e-01
1.690662956523851790e+00 2.635286091347738058e+00 3.352455694279070086e-01
1.690760493715696811e+00 2.635318670621880077e+00 3.352147201171893354e-01
1.694922741797087129e+00 2.636763730580773846e+00 3.339652210992262726e-01
1.698992204130357786e+00 2.638173711307073788e+00 3.327292108784334346e-01
1.702366987461751080e+00 2.639355230438212629e+00 3.316137808325335112e-01
1.702464454513557435e+00 2.639386626015693516e+00 3.315790320877339825e-01
1.706170428229887293e+00 2.640658186879103475e+00 3.305286073535774749e-01
1.709958504153586745e+00 2.641953313889739974e+00 3.299314780175624517e-01
1.713564510416018205e+00 2.643191339607521062e+00 3.291788279507058546e-01
1.716964995329237631e+00 2.644357768035770384e+00 3.283123813311628059e-01
1.720949570187719324e+00 2.645736618617718250e+00 3.269748061546066675e-01
1.724544764841726030e+00 2.646959605820186745e+00 3.257273468574584108e-01
1.728532400921177992e+00 2.648325528888936908e+00 3.242102401015775071e-01
1.732325921358462972e+00 2.649619120775942527e+00 3.226747853584455150e-01
1.732423125474171766e+00 2.649650829412723674e+00 3.226363876881810921e-01
1.736028418986630184e+00 2.650861360432937630e+00 3.214293341757994416e-01
1.739636639267129636e+00 2.652070384931147551e+00 3.205744411182874232e-01
1.743422900561107491e+00 2.653349430857636193e+00 3.192970364222463830e-01
1.746845982021595578e+00 2.654526359831157478e+00 3.171394799587204938e-01
1.750508846948847008e+00 2.655781219667458615e+00 3.146323976936779010e-01
1.753875334731216373e+00 2.656908224731904244e+00 3.125105573470386977e-01
1.757582398213161534e+00 2.658119808090177560e+00 3.105189606680106573e-01
1.761122288454166851e+00 2.659259956278388959e+00 3.092545946211896490e-01
1.764940504394368448e+00 2.660487696124319790e+00 3.081381995826565356e-01
1.768501663299194337e+00 2.661632738390952824e+00 3.070218416725937205e-01
1.772146811621056361e+00 2.662798498330431585e+00 3.058149106920977078e-01
1.775805672778772104e+00 2.663970802037191277e+00 3.045487217219282061e-01
1.779166420028753803e+00 2.665027590046412875e+00 3.033831672946294966e-01
1.782547040861725662e+00 2.666090264871906257e+00 3.024972850889808274e-01
1.786026554095012653e+00 2.667162742679137111e+00 3.017276316021593741e-01
1.789821561167567188e+00 2.668347541802636336e+00 3.008257367589259879e-01
1.793098658397952461e+00 2.669370817413232899e+00 2.999514833120064394e-01
1.796778844609658643e+00 2.670528176019120625e+00 2.988341877961935289e-01
1.800753080962820496e+00 2.671758409801340939e+00 2.975923478423481705e-01
1.804509749156857357e+00 2.672930667258299309e+00 2.963824033272044467e-01
1.808093153181855373e+00 2.674045571337528848e+00 2.954102918052696203e-01
1.812505887065984478e+00 2.675401818555062317e+00 2.943600156217314190e-01
1.816389598409626105e+00 2.676600339147786833e+00 2.934083946424848599e-01
1.819649813085032264e+00 2.677622808808894472e+00 2.921482342064863347e-01
1.823282923955388268e+00 2.678775821900083898e+00 2.901800994373458509e-01
1.827203206694914206e+00 2.679983714063218336e+00 2.880944178659907706e-01
1.830863528653172700e+00 2.681119798274398836e+00 2.862268718621625019e-01
1.834957354548022668e+00 2.682329819570545837e+00 2.847069790791676436e-01
1.838976811240822462e+00 2.683501569637533279e+00 2.834312021611088417e-01
1.842788126613172484e+00 2.684600368243190260e+00 2.823768618466892533e-01
1.846404172624241724e+00 2.685637486413605224e+00 2.814244312053141850e-01
1.850015896118305969e+00 2.686668109547377448e+00 2.804680744019990013e-01
1.853631766812576354e+00 2.687699317341357030e+00 2.795041332422859015e-01
1.857470890596943036e+00 2.688792593057152125e+00 2.785936859497747942e-01
1.860979981479968792e+00 2.689790081864191329e+00 2.779640636137981069e-01
1.872084801135319720e+00 2.692963919666831352e+00 2.756618419749289894e-01
1.875711833172074572e+00 2.693980332702434310e+00 2.749256806780830953e-01
1.879423720120778185e+00 2.695037824737315013e+00 2.740160960119038536e-01
1.883067566654222480e+00 2.696058579149361201e+00 2.731426543252111205e-01
1.886600062211089224e+00 2.697040970659865700e+00 2.723715922992671623e-01
1.890728085649663992e+00 2.698214809437884387e+00 2.713731115838654562e-01
1.894450903063932046e+00 2.699261685014008982e+00 2.704912492353028219e-01
1.898275859690640388e+00 2.700343039246365873e+00 2.695557576392965116e-01
1.898376044193245127e+00 2.700368652067316244e+00 2.695293158024750224e-01
1.902405967766143347e+00 2.701499908104895376e+00 2.682022582422309842e-01
1.906493899779283963e+00 2.702654728793011607e+00 2.665612802320565522e-01
1.910209251955395482e+00 2.703688450251470865e+00 2.652218543229931669e-01
1.913940874372840106e+00 2.704722840098120251e+00 2.640574824656649611e-01
1.917891814369198533e+00 2.705812153768257566e+00 2.629959741961395703e-01
1.921234128761579951e+00 2.706722185442886897e+00 2.621626382654075882e-01
1.925205750140508654e+00 2.707821909022710916e+00 2.611569285525782713e-01
1.925305811791356403e+00 2.707847679985847744e+00 2.611351948970153103e-01
1.929485255317518355e+00 2.708973821519196967e+00 2.602431264817831047e-01
1.933350035822081425e+00 2.709994181720369433e+00 2.595965957937103052e-01
1.937102074883981784e+00 2.710998496387314383e+00 2.589395709976201609e-01
1.941072813380356532e+00 2.712058340155212299e+00 2.582506319148051288e-01
1.944614419631140789e+00 2.713010685511826114e+00 2.576328129974774228e-01
1.947976339138648427e+00 2.713907563414175605e+00 2.569900009252342188e-01
1.948077502842679332e+00 2.713934309940721157e+00 2.569677492598392843e-01
1.951838992602265233e+00 2.714945238833361252e+00 2.561934234501508367e-01
1.955404737237178114e+00 2.715895436395837415e+00 2.554716170259954122e-01
1.958972967353077577e+00 2.716830548601397943e+00 2.548857407866189084e-01
1.962864367104713237e+00 2.717847218003495158e+00 2.542210937901534518e-01
1.966543912474864930e+00 2.718789397137208130e+00 2.536437667655004335e-01
1.970216585373207430e+00 2.719742078051543999e+00 2.530325047107188086e-01
1.973690229549643238e+00 2.720649349687345619e+00 2.524397992245728251e-01
1.977968745580364285e+00 2.721752233601807625e+00 2.517109282871396458e-01
1.981951948057380397e+00 2.722797210738938212e+00 2.510204352044713150e-01
1.985623681524447237e+00 2.723757829514812823e+00 2.504644289616356767e-01
1.989417607590267645e+00 2.724749151379744383e+00 2.498686371797705086e-01
1.993181226345457802e+00 2.725721540439229429e+00 2.493361678261879488e-01
1.996754619904187011e+00 2.726648163164080874e+00 2.488457005022175483e-01
2.000621216164898630e+00 2.727633963971306752e+00 2.481337673309135794e-01
2.004281496305976962e+00 2.728591973151532457e+00 2.474158806676903799e-01
2.008046399994111830e+00 2.729552153901396494e+00 2.467314979782398165e-01
2.011711700497244681e+00 2.730498882981751141e+00 2.461355507648799457e-01
2.015586725835647464e+00 2.731488533314890166e+00 2.455579901554925115e-01
2.019372246285926931e+00 2.732458160316411089e+00 2.450195414144271111e-01
2.022831550894576225e+00 2.733341306744127230e+00 2.445868118690310844e-01
2.026623047185861726e+00 2.734302836016740734e+00 2.440994263273895959e-01
2.030718915477880859e+00 2.735341241409288138e+00 2.436032432051311869e-01
2.034324116914897118e+00 2.736252637682884625e+00 2.431446875895789672e-01
2.038195555597892117e+00 2.737224644188815503e+00 2.427778133300857177e-01
2.041960847061831341e+00 2.738170721151569786e+00 2.424938355954642799e-01
2.045936362981659595e+00 2.739154409166079329e+00 2.421833027848688258e-01
2.049917848071953763e+00 2.740155528045790323e+00 2.418703400310245888e-01
2.054308733298753520e+00 2.741237422708105775e+00 2.415057293061297627e-01
2.058176906619100688e+00 2.742203426209287809e+00 2.411699570147765315e-01
2.062165028771510311e+00 2.743209897441280631e+00 2.407882357237987048e-01
2.062265938175107394e+00 2.743235068566231227e+00 2.407833644730982825e-01
2.066354534802764764e+00 2.744245370415224095e+00 2.404562192053009417e-01
2.069709826296707078e+00 2.745089756093115341e+00 2.402249286460358679e-01
2.073291799327008356e+00 2.745966260690301475e+00 2.399695132594907854e-01
2.076860156191421058e+00 2.746863572461345715e+00 2.396995480070903684e-01
2.080531963837034315e+00 2.747777058307345754e+00 2.394645608941915194e-01
2.084615434961046176e+00 2.748794570024065465e+00 2.392107068722617857e-01
2.088413563273056717e+00 2.749726453198402254e+00 2.389499315042562522e-01
2.092595258822824267e+00 2.750748606768128823e+00 2.387709660674760537e-01
2.096266654586199873e+00 2.751667042344576153e+00 2.386012120204993592e-01
2.099923007924751506e+00 2.752563266665632113e+00 2.384825513871665359e-01
2.104415163876704131e+00 2.753657875644791808e+00 2.383464832314551862e-01
2.108193235728575310e+00 2.754584069905837929e+00 2.381747213959009291e-01
2.112461968576321070e+00 2.755634980049886273e+00 2.380579726251716988e-01
2.116344029660216286e+00 2.756572566444571049e+00 2.379862131539801362e-01
2.119904605804459052e+00 2.757432448276109227e+00 2.379494808671234751e-01
2.123974554607991116e+00 2.758434394708725979e+00 2.379246682732800988e-01
2.127731371652846537e+00 2.759347240084981223e+00 2.379093598066808757e-01
2.131985511683390566e+00 2.760361546653211651e+00 2.379818911862532083e-01
2.135550872580288306e+00 2.761236283904901168e+00 2.379905798132444517e-01
2.139288283875574237e+00 2.762163912714176828e+00 2.380620757273230192e-01
2.150923565757294487e+00 2.765000995733581490e+00 2.384345525643696007e-01
2.154764751696975900e+00 2.765948847325599758e+00 2.385327588950139632e-01
2.154867439701079412e+00 2.765971369155034942e+00 2.385354458629307117e-01
2.158498667781672875e+00 2.766865199702510658e+00 2.386960208754090873e-01
2.162825173627481945e+00 2.767923318299899460e+00 2.389413293920694681e-01
2.166249102068559917e+00 2.768746485488737363e+00 2.391384069310619476e-01
2.169656471392881869e+00 2.769593483381002308e+00 2.393663741840686143e-01
2.173272894652344966e+00 2.770473640444130581e+00 2.396029594947805541e-01
2.177194387999314529e+00 2.771433828014039591e+00 2.398708584391690268e-01
2.180904287799201757e+00 2.772339313520193471e+00 2.401136883680043410e-01
2.184719743383301438e+00 2.773273044024354483e+00 2.404364525431268995e-01
2.188335386197069354e+00 2.774150508337696941e+00 2.407443662339850965e-01
2.191845418169013904e+00 2.775011438991272783e+00 2.410601722222328047e-01
2.195350789130869451e+00 2.775870207106958532e+00 2.413667417617287592e-01
2.195452249343913032e+00 2.775893967190306455e+00 2.413746047514297999e-01
2.198948970930815427e+00 2.776767631842042228e+00 2.416188965816424561e-01
2.202437824360216290e+00 2.777635609666698535e+00 2.418436314363966166e-01
2.205923435785229092e+00 2.778513459449544420e+00 2.420713561894133337e-01
2.209911882090640933e+00 2.779498071167217699e+00 2.424086321950247869e-01
2.213780314655410031e+00 2.780459564107905734e+00 2.428088985446936743e-01
2.217549123934773547e+00 2.781407239796624520e+00 2.432084412599171963e-01
2.221127964709950664e+00 2.782301117245065569e+00 2.435883194791906570e-01
2.225291063274982939e+00 2.783351180687096971e+00 2.441012399878305927e-01
2.225390279174405350e+00 2.783376729326434429e+00 2.441200635099166349e-01
2.229250414230687483e+00 2.784342702260668378e+00 2.446929383582594764e-01
2.229351620371850640e+00 2.784369023858983550e+00 2.447120096612604156e-01
2.232817273882663933e+00 2.785242690656473119e+00 2.452468689673004687e-01
2.236573869077737697e+00 2.786192837544950951e+00 2.458422345292280708e-01
2.240623531316954686e+00 2.787216265916848457e+00 2.464286381891727662e-01
2.244459023620906990e+00 2.788190987457238368e+00 2.471169841586436655e-01
2.244556666089388308e+00 2.788213951037183058e+00 2.471346619408768541e-01
2.248785313500024863e+00 2.789289076452067917e+00 2.478857744539719465e-01
2.252422031626060583e+00 2.790216485498000054e+00 2.484606349945406023e-01
2.256264000699200079e+00 2.791205945798341581e+00 2.491004437758225498e-01
2.259785301980993033e+00 2.792108198197969848e+00 2.497062291402420420e-01
2.263426858351201609e+00 2.793050358648677900e+00 2.502857137909331176e-01
2.267333853327014648e+00 2.794061775237174139e+00 2.510281297495026154e-01
2.271156558464222375e+00 2.795041018879122596e+00 2.517659310820881124e-01
2.274879839983401375e+00 2.796018291981150039e+00 2.524657732976313129e-01
2.278569887104327840e+00 2.796973843658363990e+00 2.532333512436979461e-01
2.282186161740441754e+00 2.797902890214855720e+00 2.540235629806310014e-01
2.285581987492252942e+00 2.798794049800635619e+00 2.547758968126858092e-01
2.289385708378961493e+00 2.799785785798647453e+00 2.555530201434486615e-01
2.292790210114609373e+00 2.800701036459947169e+00 2.563068872164884771e-01
2.296268570504546691e+00 2.801609894602570705e+00 2.571708290610587033e-01
2.300235227690435647e+00 2.802654118541329620e+00 2.580170252577232981e-01
2.303811439448898657e+00 2.803590854733726268e+00 2.587282321183852485e-01
2.306988650463313473e+00 2.804430306334650513e+00 2.594260144751741048e-01
2.310261636575302369e+00 2.805302493342060277e+00 2.601541354906483638e-01
2.314206838314486259e+00 2.806370458235110998e+00 2.611227683204885852e-01
2.317953131543160517e+00 2.807365268987055185e+00 2.620637529348713857e-01
2.321399681766302070e+00 2.808294700134598809e+00 2.629795618185417627e-01
2.325130365255413167e+00 2.809308663466309142e+00 2.639626554186539908e-01
2.328965652743486991e+00 2.810354775805230076e+00 2.649600565161376320e-01
2.329060715151301419e+00 2.810381193140472966e+00 2.649846318491774211e-01
2.332672507872250112e+00 2.811374848440484353e+00 2.661270174554267731e-01
2.335809509675045526e+00 2.812228545660286017e+00 2.670763419943025796e-01
2.339228216558260520e+00 2.813161795416181832e+00 2.681354625557169080e-01
2.343022312036267873e+00 2.814219342347379360e+00 2.692290541664791315e-01
2.346971101729302678e+00 2.815305791975077021e+00 2.704746273556975500e-01
2.350381049180827908e+00 2.816252838514338386e+00 2.715243793267326788e-01
2.353768980041615944e+00 2.817195930251314540e+00 2.726000676445358151e-01
2.357527355259761759e+00 2.818251599356729642e+00 2.738111656420872952e-01
2.357621707783294163e+00 2.818276659542795493e+00 2.738360268327670322e-01
2.361357614048188669e+00 2.819330366457633019e+00 2.750805143575146827e-01
2.364802442446004793e+00 2.820295863051994090e+00 2.762956102318082641e-01
2.368263355715796159e+00 2.821275956086541026e+00 2.774595297537649219e-01
2.371642806135306536e+00 2.822243407977462759e+00 2.785195331083016868e-01
2.374836801106761097e+00 2.823177606008940188e+00 2.794671428575445371e-01
2.377893565042349611e+00 2.824054268217804697e+00 2.805524454305344806e-01
2.381324943483974277e+00 2.825040580204955631e+00 2.818032984572097499e-01
2.384922216103111836e+00 2.826083695354315140e+00 2.831513091809708671e-01
2.385014414466599231e+00 2.826110065461414411e+00 2.831814078441356464e-01
2.388081548499124462e+00 2.827014270242339755e+00 2.842005012469921987e-01
2.391495929874634552e+00 2.828004014863303439e+00 2.854104470349838052e-01
2.394903614470556441e+00 2.828992035248435233e+00 2.866690864224299973e-01
2.398399611353093874e+00 2.830029535645754546e+00 2.879105581679982095e-01
2.401621741302213842e+00 2.830992222907392275e+00 2.890650888856002854e-01
2.413685980782982465e+00 2.834624685048733994e+00 2.935952305905591975e-01
2.413775303779756243e+00 2.834648954387537501e+00 2.936286947541638659e-01
2.417296155278069403e+00 2.835719901170101753e+00 2.950338977106961580e-01
2.420999059594192371e+00 2.836853797152957046e+00 2.964695196797936250e-01
2.424525680960627927e+00 2.837923245157857988e+00 2.979185304500808762e-01
2.427763442479505152e+00 2.838917953794418914e+00 2.992052860391692937e-01
2.430997503071249621e+00 2.839921051217341841e+00 3.005447598150800537e-01
2.434136596832524813e+00 2.840884156500586677e+00 3.018175735740813437e-01
2.437815204664189217e+00 2.842066718316286877e+00 3.032904861177118105e-01
2.441475783756692941e+00 2.843199667189791668e+00 3.048047031849883126e-01
2.445043261663667256e+00 2.844326444749436078e+00 3.062379207142151838e-01
2.448066110231766235e+00 2.845294417430493716e+00 3.075090008045780476e-01
2.451518125042108753e+00 2.846394229880327309e+00 3.089971136203634172e-01
2.455147081484748028e+00 2.847561056500269583e+00 3.105262312891167165e-01
2.455238618008453777e+00 2.847590275832589946e+00 3.105599909886631593e-01
2.458518643500920309e+00 2.848659607370227054e+00 3.118983943206029563e-01
2.461426296926073842e+00 2.849613016236270724e+00 3.131581464698238171e-01
2.464860446937479299e+00 2.850740491460951542e+00 3.146524587774163217e-01
2.468017103473370000e+00 2.851781998824060249e+00 3.160641546197062723e-01
2.471243468639424457e+00 2.852847270331676732e+00 3.173146475182009874e-01
2.474734483045877287e+00 2.854021333923001169e+00 3.186134361408707316e-01
2.477773808201215289e+00 2.855042454154600229e+00 3.197918932700885564e-01
2.480824132611680000e+00 2.856070550876808944e+00 3.209665812232191939e-01
2.484020559303723008e+00 2.857142816903277982e+00 3.223346324121744155e-01
2.487212207857522284e+00 2.858213880536822238e+00 3.237475784499923570e-01
2.490472615570920034e+00 2.859316740589133321e+00 3.252592226911306117e-01
2.493830076558008368e+00 2.860468139728860493e+00 3.267660634860520275e-01
2.493916861712763389e+00 2.860496194897710787e+00 3.268061846238550783e-01
2.497262827138725161e+00 2.861637475622142102e+00 3.283301093879525401e-01
2.500255071923616956e+00 2.862674726450467944e+00 3.297157066613085052e-01
2.503497462803833340e+00 2.863778625243125653e+00 3.313089789776176852e-01
2.507077331627728611e+00 2.865016863796058022e+00 3.330273055899873325e-01
2.510120808312394036e+00 2.866066612389018164e+00 3.345785820217085371e-01
2.510205506083234450e+00 2.866094964547161617e+00 3.346186990748740708e-01
2.513308343703585912e+00 2.867180131999751413e+00 3.362494705701661868e-01
2.516735796802885172e+00 2.868383171668589693e+00 3.380926931338418262e-01
2.520514602213108191e+00 2.869726844731618876e+00 3.400400579076877650e-01
2.523789013768751754e+00 2.870908392304470702e+00 3.415955034075496277e-01
2.527212382041978511e+00 2.872125983723385012e+00 3.433142719472188076e-01
2.530266607238482734e+00 2.873233954213057828e+00 3.449292520831248599e-01
2.533165801264068762e+00 2.874279618015493920e+00 3.464742218201773416e-01
2.535887552578704351e+00 2.875260502088673231e+00 3.478882377750472377e-01
2.538860719107359998e+00 2.876358182634733751e+00 3.493912436321496839e-01
2.541650392717356155e+00 2.877379722062128220e+00 3.506805454153970047e-01
2.544747227075945251e+00 2.878513773658476715e+00 3.518686398059924780e-01
2.547667512163898085e+00 2.879603840790842639e+00 3.529534768973908720e-01
2.550999565575444716e+00 2.880854275206146564e+00 3.542179597999945417e-01
2.554177563093354753e+00 2.882024087844039517e+00 3.555800909264130172e-01
2.557413632438475748e+00 2.883214845688093053e+00 3.571446321719242700e-01
2.560806494898868468e+00 2.884510976125073789e+00 3.587479400787284556e-01
2.563797739550638610e+00 2.885638166287565642e+00 3.602148158503059028e-01
2.566671749382262391e+00 2.886729056642316493e+00 3.617998795578154514e-01
2.569638026903539263e+00 2.887852360391431894e+00 3.634458247592902702e-01
2.573079569328247551e+00 2.889168548974281325e+00 3.653210392032995579e-01
2.576018495969762512e+00 2.890287368914552957e+00 3.670363122077183737e-01
2.578802368138344736e+00 2.891356840400561179e+00 3.685825372745941686e-01
2.581913198516769814e+00 2.892567728664897864e+00 3.702632698349017648e-01
2.584824854888420287e+00 2.893689286119153881e+00 3.719681755014436764e-01
2.587875255134935326e+00 2.894876894886363683e+00 3.738540670349727590e-01
2.590613882190541784e+00 2.895952451178736009e+00 3.754707176372772404e-01
2.593411226946140236e+00 2.897062756099700653e+00 3.771097097637641782e-01
2.596281043296690516e+00 2.898211008688805990e+00 3.788036189284457733e-01
2.599005252982506509e+00 2.899301482804092611e+00 3.803596800973101377e-01
2.602016872429261607e+00 2.900497836987447009e+00 3.821485387639551035e-01
2.602094906089141624e+00 2.900528280793798874e+00 3.821939823130552916e-01
2.604638220717450547e+00 2.901552890234218474e+00 3.834058106610827021e-01
2.607454983219750222e+00 2.902697716203880063e+00 3.842336043706054416e-01
2.610470019952880083e+00 2.903945821659565496e+00 3.851294738140165208e-01
2.613175782632868760e+00 2.905079896754762192e+00 3.860526535341590182e-01
2.616356996962483361e+00 2.906376042779546420e+00 3.873539326783152492e-01
2.624356057982280443e+00 2.909670542667557314e+00 3.910753247547357758e-01
2.626913534448817700e+00 2.910738142074015045e+00 3.923101397416613456e-01
2.629454303255099212e+00 2.911794710243274409e+00 3.938449040959949854e-01
2.632447751618770315e+00 2.913042338605813519e+00 3.956550312644558365e-01
2.635181649412979610e+00 2.914182403861834914e+00 3.974132394719244177e-01
2.638057420441490830e+00 2.915398096777743309e+00 3.992940885499798309e-01
2.640493249048148527e+00 2.916426586742540739e+00 4.009168566493782060e-01
2.642922322627797804e+00 2.917456767727055755e+00 4.025168338168843563e-01
2.645337407240824223e+00 2.918477388921189686e+00 4.041014125644528110e-01
2.645409797704150634e+00 2.918509379003067838e+00 4.041476461245420149e-01
2.648248471107267576e+00 2.919730810238586827e+00 4.060276431253567186e-01
2.651230061868581345e+00 2.921008796860749435e+00 4.079799805924758105e-01
2.653982163445883558e+00 2.922201644702628442e+00 4.097162322771785159e-01
2.656938948522833854e+00 2.923497706319211797e+00 4.115562293319732223e-01
2.659879556499274766e+00 2.924775504485237043e+00 4.133910633413546143e-01
2.662731379233194140e+00 2.926031953295672672e+00 4.152518274377806629e-01
2.665384525983558905e+00 2.927192876605841043e+00 4.169765168919478682e-01
2.667823009155976699e+00 2.928318010311545816e+00 4.179817955520865325e-01
2.670236678188859791e+00 2.929430542959010619e+00 4.182935321210521917e-01
2.672997069138681958e+00 2.930706844586754567e+00 4.186575655888004066e-01
2.675470027122075933e+00 2.931851972661341232e+00 4.191377888637667359e-01
2.678163034147601707e+00 2.933082022904207165e+00 4.200807390878711356e-01
2.680655084012770306e+00 2.934220610134079532e+00 4.211903807751350981e-01
2.683150222895985593e+00 2.935349753888801594e+00 4.224379087238260833e-01
2.685720575754889428e+00 2.936521307838316996e+00 4.237955973135973942e-01
2.688127459032134237e+00 2.937612568124905899e+00 4.252359791581962756e-01
2.690583519715242122e+00 2.938730742899783976e+00 4.268814363404516143e-01
2.693042091660904802e+00 2.939846483883318484e+00 4.285328134524090116e-01
2.695702994920163409e+00 2.941062267416826082e+00 4.302959664646503479e-01
2.697999095180717788e+00 2.942119302483267695e+00 4.318719783220988373e-01
2.700283091505841337e+00 2.943177782944403020e+00 4.333744582525708156e-01
2.702507986094803805e+00 2.944217200310053517e+00 4.348530886699980558e-01
2.705320818291788498e+00 2.945523870867761573e+00 4.368226369515647023e-01
2.707663059778118164e+00 2.946626792151373575e+00 4.384501452108758857e-01
2.710402979155296155e+00 2.947911693408172162e+00 4.402210502897980771e-01
2.710468777048328448e+00 2.947942212455838540e+00 4.402671464429068204e-01
2.712668497650544186e+00 2.948969854443920457e+00 4.416763161529658754e-01
2.714906099916359228e+00 2.950023929080022977e+00 4.431757841841644785e-01
2.717398392736271262e+00 2.951216005302163659e+00 4.448546971371928893e-01
2.719525537508504787e+00 2.952250255098075815e+00 4.461401138581744807e-01
2.722003851554244402e+00 2.953509496993593775e+00 4.463630674616435035e-01
2.722065375967324563e+00 2.953539111591392263e+00 4.463585111056594390e-01
2.724376140518720124e+00 2.954725366486010252e+00 4.463774989352529698e-01
2.726829637989527377e+00 2.955958965419075213e+00 4.464370751303239349e-01
2.728960524557552780e+00 2.957016864030415526e+00 4.466627657377965632e-01
2.731120323114514914e+00 2.958087829166132110e+00 4.473194995799206208e-01
2.733606747233006118e+00 2.959297590776615472e+00 4.484610701402084731e-01
2.733667613988462808e+00 2.959331105372205784e+00 4.484982113332029452e-01
2.736003907755292897e+00 2.960454975893902496e+00 4.498989035147532567e-01
2.738445456133603351e+00 2.961631083460197988e+00 4.515635086987296876e-01
2.740726341627001350e+00 2.962737445866718389e+00 4.530661931144502885e-01
2.743058109597481753e+00 2.963888641001795055e+00 4.546363987126897932e-01
2.745377525404661068e+00 2.965020962509997027e+00 4.562210297041562890e-01
2.745440790954546628e+00 2.965053328262068355e+00 4.562622440871850760e-01
2.747740952276586324e+00 2.966181634152167845e+00 4.579109022041208399e-01
2.750158653559953148e+00 2.967373463358524699e+00 4.596105795542044792e-01
2.750222956665518304e+00 2.967405326087466655e+00 4.596504563769268636e-01
2.752547780343727268e+00 2.968557860211226807e+00 4.614188178010498742e-01
2.754493567932029485e+00 2.969527953890651606e+00 4.629819838243267038e-01
2.756569649723298543e+00 2.970567748508595507e+00 4.645972509295979158e-01
2.759000795420841534e+00 2.971786416048258328e+00 4.663958021050276792e-01
2.759060452883500325e+00 2.971818154055998029e+00 4.664419756517777516e-01
2.761356534327409129e+00 2.972983832913294044e+00 4.681096113891289323e-01
2.763593187883196300e+00 2.974125099776048664e+00 4.696525464303907271e-01
2.765992973722398496e+00 2.975350472159444593e+00 4.713196586945769817e-01
2.766052049655029599e+00 2.975380257808905249e+00 4.713613435063147006e-01
2.768099650197631600e+00 2.976449588448532246e+00 4.725281702368216430e-01
2.770263016735901918e+00 2.977623922903379849e+00 4.720654256391624282e-01
2.772401611335539418e+00 2.978797586074283910e+00 4.712122608615915698e-01
2.774954651909534498e+00 2.980176868843643412e+00 4.704452134799433916e-01
2.777010173196909015e+00 2.981248698876313608e+00 4.702716228112078234e-01
2.779443783873929430e+00 2.982502605271589946e+00 4.709821497528528522e-01
2.779503380541046731e+00 2.982530737223996198e+00 4.710028618096869790e-01
2.786542698696988118e+00 2.986136838743890909e+00 4.764594370601545892e-01
2.788444355233886007e+00 2.987121463360693063e+00 4.780219913510305729e-01
2.790725507786869120e+00 2.988298158728252218e+00 4.798181705000784114e-01
2.793221455804023812e+00 2.989596034114160084e+00 4.816714714190764024e-01
2.795080364241347315e+00 2.990571942570015018e+00 4.830719465107526922e-01
2.796989450126008858e+00 2.991577713923242676e+00 4.844911314693880477e-01
2.799271295702395079e+00 2.992785265742156753e+00 4.861859472331271914e-01
2.801277824573259689e+00 2.993845524820225812e+00 4.875856490566112811e-01
2.803544275998570257e+00 2.995042783781853846e+00 4.893437679101329540e-01
2.805425799463004743e+00 2.996040261983988096e+00 4.911013378894521497e-01
2.807509812450980302e+00 2.997159153806070453e+00 4.931735744864738091e-01
2.807563544786757959e+00 2.997187178489585158e+00 4.932292584390612911e-01
2.809503112921755807e+00 2.998236316879141050e+00 4.950578796447622776e-01
2.811774499726742427e+00 2.999457965018783145e+00 4.970847934911906130e-01
2.813600823867032474e+00 3.000456918492907743e+00 4.985922277898531263e-01
2.815628652672175214e+00 3.001569064837298129e+00 5.001488512337313175e-01
2.817318867499016832e+00 3.002536819071599972e+00 5.009917594054836831e-01
2.818764151989663791e+00 3.003375923386981228e+00 5.008807262645769143e-01
2.820574400395301495e+00 3.004436997174165569e+00 4.994062161616377726e-01
2.820623101413389566e+00 3.004467169176907149e+00 4.993613007973883855e-01
2.822720779813510106e+00 3.005668996021269912e+00 4.981314865546056514e-01
2.824366753886534021e+00 3.006606833687284652e+00 4.976968325118711900e-01
2.826413252895636052e+00 3.007749925172460426e+00 4.975469283111785823e-01
2.828155694440247281e+00 3.008707392004792425e+00 4.978811234230814398e-01
2.830045109691149197e+00 3.009720240078394227e+00 4.989134244157594211e-01
2.830095340326578945e+00 3.009749191329960993e+00 4.989502829612946777e-01
2.832203499525857815e+00 3.010884452204082962e+00 5.008238563334991289e-01
2.832255748973907750e+00 3.010913977640575112e+00 5.008708663426515439e-01
2.834240193647864725e+00 3.012005149489846545e+00 5.027462429682748590e-01
2.836282027453425947e+00 3.013127002581061475e+00 5.046600385711994541e-01
2.838144332253513369e+00 3.014163744794281286e+00 5.063422265485977292e-01
2.840052091008296031e+00 3.015222936377034202e+00 5.079960256886559833e-01
2.841788590968958861e+00 3.016190001940620924e+00 5.095260009176661997e-01
2.843622036391210361e+00 3.017218071512344224e+00 5.110954369515208207e-01
2.845626116591826626e+00 3.018344710139225562e+00 5.127955858747770268e-01
2.845675538851789366e+00 3.018371340415026527e+00 5.128362282328357002e-01
2.847667404742400432e+00 3.019492688642033684e+00 5.145594028685211985e-01
2.849457709800750749e+00 3.020504064885948914e+00 5.161363548710061755e-01
2.851431685327795229e+00 3.021628397203236283e+00 5.178264331580214597e-01
2.853201593695572136e+00 3.022639146865624404e+00 5.192925071579630458e-01
2.854899063954715377e+00 3.023602720726051629e+00 5.209637901787681491e-01
2.856586241436106288e+00 3.024577075796248238e+00 5.231074762883719531e-01
2.858367554215479167e+00 3.025602847733418699e+00 5.254748342485138224e-01
2.860237878658523414e+00 3.026689087935147793e+00 5.276127669578746238e-01
2.860284558898919638e+00 3.026717095794984935e+00 5.276632541942407606e-01
2.861800894464718859e+00 3.027603707906250552e+00 5.290418739878584020e-01
2.863331836108568229e+00 3.028543082631394157e+00 5.289837558920259530e-01
2.864730240615589008e+00 3.029371332428631547e+00 5.269803648285671382e-01
2.866149948600490216e+00 3.030238287984813983e+00 5.244387854005012617e-01
2.867623146624800778e+00 3.031144874726824145e+00 5.223352255944060385e-01
2.869337734807384965e+00 3.032181381507817797e+00 5.210789851422443775e-01
2.870894375944053944e+00 3.033097409060851568e+00 5.209672006913684816e-01
2.872464871410680409e+00 3.034020177967471810e+00 5.215566922291576812e-01
2.874279236354494671e+00 3.035079428845317118e+00 5.224927752436370199e-01
2.875932486879187788e+00 3.036025088667502203e+00 5.238076311081131253e-01
