3.000361398134981261e+00 9.999646130488906159e-01 -1.198980943191659177e-04
3.000477176150063929e+00 9.999482396005797691e-01 -1.549846520567936699e-04
3.000502800475425946e+00 9.999427154475671875e-01 -9.148907182044719048e-05
3.000502727838000094e+00 9.999419720122399990e-01 -8.854923624062353501e-05
3.000526656649806334e+00 9.999372729932827220e-01 1.237982630101681111e-04
3.000559668501914246e+00 9.999339989390617633e-01 4.940407305269801149e-04
3.000595768817039488e+00 9.999305149877816268e-01 9.738771526245268949e-04
3.000640332260910093e+00 9.999253859141042922e-01 1.695735043120256578e-03
3.000709659523000727e+00 9.999323412155919355e-01 2.827436604275162038e-03
3.000778337648156935e+00 9.999310605261629847e-01 4.101565500048075588e-03
3.000784697995280137e+00 9.999273786360707295e-01 5.869364909025934565e-03
3.000790022974583415e+00 9.999220749796883245e-01 7.633305144680670173e-03
3.000845463560249282e+00 9.999273472958408737e-01 9.502365569439025911e-03
3.000938537955803120e+00 9.999236799643834717e-01 1.145669707206418628e-02
3.001078233554002939e+00 9.999341844380298383e-01 1.352382929361430237e-02
3.001190811935322333e+00 9.999322669570760436e-01 1.575529055458064348e-02
3.001249086843341463e+00 9.999277290908887839e-01 1.910751448941417838e-02
3.001265429939779850e+00 9.999254032930238179e-01 2.249797362466279468e-02
3.001298770030567997e+00 9.999283804428414912e-01 2.619152480148179488e-02
3.001371737590446287e+00 9.999299393133229685e-01 3.023529785389623623e-02
3.001455363685043398e+00 9.999264878098169662e-01 3.422525183986218494e-02
3.001492584374519712e+00 9.999278880461877073e-01 3.928342250043371370e-02
3.001520142257423363e+00 9.999293503034806241e-01 4.389175708282710281e-02
3.001565347622247693e+00 9.999274352244339470e-01 4.938863061708962526e-02
3.001647691040219446e+00 9.999514251893940608e-01 5.447126431875085745e-02
3.001724346868528404e+00 9.999438979365172786e-01 5.979299271538970201e-02
3.001785642814970512e+00 9.999447371252151440e-01 6.604743982137481484e-02
3.001843601136588546e+00 9.999451762975233304e-01 7.247520427158385403e-02
3.001886910497672645e+00 9.999435237359534101e-01 7.871886786822303306e-02
3.001923696241158179e+00 9.999431480968380415e-01 8.542605768009318978e-02
3.001986353667766672e+00 9.999447088976487485e-01 9.270552566749583334e-02
3.002034757428477363e+00 9.999459911134324086e-01 1.000964103172744951e-01
3.002094449617886518e+00 9.999533977531025464e-01 1.083460648233022239e-01
3.002152532706047428e+00 9.999554558560210804e-01 1.160491183660463943e-01
3.002207360032478789e+00 9.999567421266394307e-01 1.236327485340534826e-01
3.002238934403998361e+00 9.999595724022717347e-01 1.308667427861129606e-01
3.002298659607852915e+00 9.999738598954405200e-01 1.386977628525583317e-01
3.002367484927047858e+00 9.999837000979807655e-01 1.467701639859180229e-01
3.002435934888984193e+00 9.999903440277189137e-01 1.544165020766802843e-01
3.002476726759232495e+00 9.999948058251231231e-01 1.619150163487038385e-01
3.002534557837218898e+00 1.000006048387718227e+00 1.710061028325514099e-01
3.002535830514016180e+00 1.000005984528250957e+00 1.712344690014541426e-01
3.002735523346356405e+00 1.000040182240718334e+00 1.963426107965180745e-01
3.002839647281189350e+00 1.000060480773972138e+00 2.046744277867230677e-01
3.002926646426784085e+00 1.000079068115774295e+00 2.127424042699687934e-01
3.002928885262403647e+00 1.000080504212537580e+00 2.129678997289428111e-01
3.002999463919286516e+00 1.000096686949173419e+00 2.206660546933347788e-01
3.003101042533061538e+00 1.000121068566028226e+00 2.301358405818949571e-01
3.003140066284498477e+00 1.000127360052176062e+00 2.377079295737930531e-01
3.003203629333031088e+00 1.000145928556176678e+00 2.459299657170787023e-01
3.003258085196911065e+00 1.000160462733390654e+00 2.551157753531686501e-01
3.003292248911077600e+00 1.000168448100112739e+00 2.636325464506129590e-01
3.003368583715459117e+00 1.000191909288984382e+00 2.713733862111539219e-01
3.003487349142718976e+00 1.000234997268836912e+00 2.799555946489911129e-01
3.003583870235590592e+00 1.000268171039378817e+00 2.879401413173274249e-01
3.003690004460482843e+00 1.000309152797894230e+00 2.956634284766486709e-01
3.003775355204306052e+00 1.000339262654375894e+00 3.033943936499067240e-01
3.003867130115145390e+00 1.000388007122734235e+00 3.119219728569763150e-01
3.003870165473189857e+00 1.000387908085973221e+00 3.121548448375115470e-01
3.003986547301249921e+00 1.000427401313255027e+00 3.219162916818944509e-01
3.004077295221977639e+00 1.000467077319572073e+00 3.299929955941030557e-01
3.004189587421074670e+00 1.000522271799440643e+00 3.388825028681242690e-01
3.004268050242182575e+00 1.000558322021030122e+00 3.482978826703959641e-01
3.004390380589887499e+00 1.000615565206594670e+00 3.574372353949143988e-01
3.004505066708521799e+00 1.000664892054955235e+00 3.657157851259418835e-01
3.004622857960493221e+00 1.000710775862230451e+00 3.747119636107731910e-01
3.004739758242952252e+00 1.000778326481809755e+00 3.840217495216411425e-01
3.004882685260250597e+00 1.000834524217875554e+00 3.924745954204447163e-01
3.004981727314331330e+00 1.000890803789278083e+00 4.000158278784566313e-01
3.005106560369733781e+00 1.000967409239425621e+00 4.093054608266829542e-01
3.005217257584079871e+00 1.001024991044704882e+00 4.177698532632858619e-01
3.005341045581422232e+00 1.001093065068866528e+00 4.257638249975392863e-01
3.005429204053444714e+00 1.001142402414388455e+00 4.335950818903623327e-01
3.005516694601778394e+00 1.001205518965342378e+00 4.422101977551229357e-01
3.005657592598624195e+00 1.001271661765681609e+00 4.506365713076044277e-01
3.005777674769447128e+00 1.001325657164535921e+00 4.596192451008020430e-01
3.005864086626145681e+00 1.001381204968774918e+00 4.681761025978807278e-01
3.005943926115985487e+00 1.001436118709227108e+00 4.766777553525258226e-01
3.006073265069745037e+00 1.001521003305468671e+00 4.855363349166111897e-01
3.006179487604958123e+00 1.001596035411269625e+00 4.942363806919480296e-01
3.006313489392842264e+00 1.001660686295647418e+00 5.025515036921388567e-01
3.006435531483624857e+00 1.001734192897403286e+00 5.111084556032094994e-01
3.006557214191237115e+00 1.001826924090976512e+00 5.201509209353673002e-01
3.006671601092766988e+00 1.001901505416734839e+00 5.285873076678105908e-01
3.006767622706651544e+00 1.001950921110450032e+00 5.392427307294781480e-01
3.006864195164649534e+00 1.002012136601630132e+00 5.482696725340618915e-01
3.006945053315832617e+00 1.002050984880741735e+00 5.559031279054413854e-01
3.007041504232844442e+00 1.002127201765729669e+00 5.651272213879797723e-01
3.007120942675744146e+00 1.002191297082745791e+00 5.733929929872222386e-01
3.007208366019832102e+00 1.002258033569015661e+00 5.823146496127276084e-01
3.007212197397092002e+00 1.002258842665795679e+00 5.825451381576711718e-01
3.007279293195049608e+00 1.002310247096048101e+00 5.903803825118100201e-01
3.007283739638442643e+00 1.002311775476053102e+00 5.906127340017222060e-01
3.007380146773479090e+00 1.002384922088148445e+00 5.991823735865351441e-01
3.007454187146203495e+00 1.002453510842926887e+00 6.077831000138852469e-01
3.007535472382266484e+00 1.002517550841308447e+00 6.167163048658821367e-01
3.007569476610755022e+00 1.002544701523448545e+00 6.250481773813704178e-01
3.007614527458687181e+00 1.002585973926895413e+00 6.340626596301179863e-01
3.007684226061100752e+00 1.002654464990363703e+00 6.423164673233600075e-01
3.007743077601349846e+00 1.002719297825583888e+00 6.510744051869286064e-01
3.007808947150927725e+00 1.002778566188723852e+00 6.593173773225530221e-01
3.007912387702000423e+00 1.002860188720044121e+00 6.675604473331200328e-01
3.007965301745635589e+00 1.002910415185666926e+00 6.755271773972000293e-01
3.007967424799390610e+00 1.002911075821517173e+00 6.757635351710771232e-01
3.008030538601094150e+00 1.002987855676762630e+00 6.843200141636237577e-01
3.008124516984540531e+00 1.003061297292068499e+00 6.941152218831442289e-01
3.008208761106816898e+00 1.003159600406474894e+00 7.024373642253569638e-01
3.008307937185436209e+00 1.003251260251300403e+00 7.121589962550195496e-01
3.008374821840893887e+00 1.003308617294711436e+00 7.200336883236259089e-01
3.008409333581489431e+00 1.003342121935000053e+00 7.291027727731379526e-01
3.008478312493910067e+00 1.003420332553423888e+00 7.376021242824392088e-01
3.008576329635921809e+00 1.003486060801684010e+00 7.465291443954746864e-01
3.008648107275553762e+00 1.003566918061869373e+00 7.556315474333591409e-01
3.008651747132740084e+00 1.003568566822735431e+00 7.558633626529088767e-01
3.008708761332934412e+00 1.003633785324156591e+00 7.635440926802795625e-01
3.008712518699830252e+00 1.003637812862122392e+00 7.637797487588704470e-01
3.008777562084117729e+00 1.003707539361581302e+00 7.720111553935022908e-01
3.008848343796948654e+00 1.003779426839187972e+00 7.797265952384938581e-01
3.008888515908985539e+00 1.003830677777126867e+00 7.878663589248262600e-01
3.008902761790135383e+00 1.003843726503499623e+00 7.890203241514156529e-01
3.008963911459994645e+00 1.003912467975039968e+00 7.966331403398680955e-01
3.009167979200623844e+00 1.004171270065708610e+00 8.210677560159610477e-01
3.009219176909992743e+00 1.004245067517276935e+00 8.295461052990024120e-01
3.009308629739519514e+00 1.004350468957271758e+00 8.385858061825394172e-01
3.009387080316900942e+00 1.004451660218433240e+00 8.466990639956690767e-01
3.009456525251394954e+00 1.004556868708273099e+00 8.557810057707030404e-01
3.009484667873627117e+00 1.004596374355860577e+00 8.647538739081926940e-01
3.009540653836075830e+00 1.004672098861068452e+00 8.735873629845736232e-01
3.009600866601552127e+00 1.004743282110668545e+00 8.812624129744656143e-01
3.009659214447158782e+00 1.004816818398299283e+00 8.892451207520135625e-01
3.009716682635545038e+00 1.004939785394507457e+00 8.978539528629766453e-01
3.009761779807611948e+00 1.005008175505449408e+00 9.056435839406562494e-01
3.009824992174366720e+00 1.005104144841439728e+00 9.152327857965695257e-01
3.009855929758683768e+00 1.005163419061025021e+00 9.241136607293873872e-01
3.009910467544294033e+00 1.005269691067695925e+00 9.327909056498439044e-01
3.009948823849766253e+00 1.005323929175700792e+00 9.406697085095028221e-01
3.010022073928386277e+00 1.005425543118156240e+00 9.493190856134636757e-01
3.010092239017332805e+00 1.005524117440790510e+00 9.578634888002480752e-01
3.010180799753915615e+00 1.005639691829136151e+00 9.674062465138386635e-01
3.010256619479857676e+00 1.005746524819225662e+00 9.759984543178076288e-01
3.010315781383825939e+00 1.005853284083206400e+00 9.849823470398433312e-01
3.010370425324550681e+00 1.005940475056557259e+00 9.935981649843242947e-01
3.010410734383042186e+00 1.006032355588867944e+00 1.003262772807427039e+00
3.010412650827814840e+00 1.006031675108679968e+00 1.003504605599043309e+00
3.010464447186847359e+00 1.006119396725570159e+00 1.013247324121601345e+00
3.010466205900079295e+00 1.006121493564481550e+00 1.013483469184365493e+00
3.010503269637150314e+00 1.006188451736426348e+00 1.021486022652305481e+00
3.010564326938612201e+00 1.006293350074005666e+00 1.031771114803100575e+00
3.010594746678612932e+00 1.006361160453509651e+00 1.039546433948545845e+00
3.010629931733037168e+00 1.006435609817603938e+00 1.047951239553348568e+00
3.010670280900237028e+00 1.006525278322505823e+00 1.056095998827773386e+00
3.010724562110207891e+00 1.006627265469022259e+00 1.065237574964328360e+00
3.010758222553542307e+00 1.006710315892443308e+00 1.072958731757422735e+00
3.010799661701671681e+00 1.006801878016544638e+00 1.082282138407665073e+00
3.010797474053354961e+00 1.006804190373737917e+00 1.082517813693635311e+00
3.010841979969482995e+00 1.006900246247843134e+00 1.091011528218055693e+00
3.010862674710017561e+00 1.006961109488723638e+00 1.099963213410251273e+00
3.010898469606994698e+00 1.007051087959490054e+00 1.108856338454969226e+00
3.010940078305944123e+00 1.007163265419583675e+00 1.116970306533886514e+00
3.010949942973046856e+00 1.007216247381716112e+00 1.125796176272755522e+00
3.010977906926428638e+00 1.007292273644359692e+00 1.135057156911018161e+00
3.011022919302306811e+00 1.007382023811257632e+00 1.143997762225991588e+00
3.011057850975318750e+00 1.007484498283315100e+00 1.153722727662529923e+00
3.011096752410522104e+00 1.007579719456465517e+00 1.161913198517122936e+00
3.011132973228282772e+00 1.007693749846709785e+00 1.171252666849747159e+00
3.011155451718583898e+00 1.007794532059500314e+00 1.179386395774187024e+00
3.011178670245544531e+00 1.007846124317290037e+00 1.187461240929702067e+00
3.011203815292325281e+00 1.007960500047923258e+00 1.195158687466418179e+00
3.011246327283658708e+00 1.008069246619020198e+00 1.203755680584772225e+00
3.011256602260765636e+00 1.008155880695406736e+00 1.212970520814231401e+00
3.011277821850247172e+00 1.008270912960967935e+00 1.221058553153355986e+00
3.011306362302390571e+00 1.008389927287403065e+00 1.230889395016625310e+00
3.011310416688223857e+00 1.008452125517040665e+00 1.239985041277462674e+00
3.011339254820040612e+00 1.008567502155956364e+00 1.248653318119135713e+00
3.011350947853468352e+00 1.008650503145772648e+00 1.257092321795943102e+00
3.011368880627998568e+00 1.008754305508780869e+00 1.264909879625331524e+00
3.011388385829458780e+00 1.008852126224995427e+00 1.272485375924435447e+00
3.011406681305945465e+00 1.008943372707960195e+00 1.280559032825483001e+00
3.011407845479020740e+00 1.008947640352019670e+00 1.280789579577991111e+00
3.011429201401086608e+00 1.009060083823912324e+00 1.289344343058009823e+00
3.011447965056753162e+00 1.009149820753362903e+00 1.297483732780854826e+00
3.011471856691096960e+00 1.009282853983890949e+00 1.306166080004245389e+00
3.011493865370709955e+00 1.009397288569717555e+00 1.315347608134438184e+00
3.011517815505341478e+00 1.009533882379628045e+00 1.325080240758480077e+00
3.011528609637788900e+00 1.009664369848802590e+00 1.333396238314285664e+00
3.011555460228293235e+00 1.009948634853380822e+00 1.358877163093913820e+00
3.011554790508381263e+00 1.010000576655739390e+00 1.368025905855254853e+00
3.011568427043222584e+00 1.010094026497735165e+00 1.376963641109295144e+00
3.011578240413597563e+00 1.010222502912561326e+00 1.385764307273259055e+00
3.011576519584905132e+00 1.010301044854872377e+00 1.394852232927365598e+00
3.011579191865200844e+00 1.010400605223072512e+00 1.403915342768941921e+00
3.011599961227430011e+00 1.010526363709923769e+00 1.412440384037617402e+00
3.011614483097373451e+00 1.010621855262299196e+00 1.420791492381688004e+00
3.011608872669523151e+00 1.010722196484377999e+00 1.429054166010525373e+00
3.011619634822226388e+00 1.010817259531785695e+00 1.437835426446167464e+00
3.011631731143012747e+00 1.010920630129340525e+00 1.446364388046968541e+00
3.011636795236741992e+00 1.011005392933036706e+00 1.454324618258696633e+00
3.011647984360364294e+00 1.011112000592608418e+00 1.463246282265717291e+00
3.011652189006678526e+00 1.011207794289745276e+00 1.471428991899165650e+00
3.011653589149467791e+00 1.011308652298260169e+00 1.479517492726651229e+00
3.011659323830641721e+00 1.011419788399395614e+00 1.488553102393401328e+00
3.011660136808766541e+00 1.011421473467707166e+00 1.488778153497602785e+00
3.011654197034892011e+00 1.011542179955534415e+00 1.497673147857423004e+00
3.011652379668392943e+00 1.011656619604601293e+00 1.505840617476508214e+00
3.011650162026647592e+00 1.011745015116491286e+00 1.514085511659996941e+00
3.011644359997315057e+00 1.011861266604016318e+00 1.522357763937692621e+00
3.011642972606285884e+00 1.011966067668477187e+00 1.531383933249823803e+00
3.011630158135915725e+00 1.012068983415124857e+00 1.540006550417406306e+00
3.011631213351671832e+00 1.012168841957126864e+00 1.548312484721475091e+00
3.011629607623658167e+00 1.012268796959756578e+00 1.556066207121475253e+00
3.011613624842657266e+00 1.012377160298712608e+00 1.564103922646745470e+00
3.011601797862438090e+00 1.012464123652072168e+00 1.572467526266192017e+00
3.011594065860347502e+00 1.012552074942741243e+00 1.581602851698925560e+00
3.011593248391269739e+00 1.012653759653153296e+00 1.589337715905647208e+00
3.011592804241410626e+00 1.012753866624211296e+00 1.598752167276464187e+00
3.011572053432779228e+00 1.012863914587086134e+00 1.607390909113094679e+00
3.011556283063598016e+00 1.012982101895428366e+00 1.615471774270369920e+00
3.011559567248675240e+00 1.013087561599063768e+00 1.623550890893961318e+00
3.011543528599019304e+00 1.013191568268143161e+00 1.632214477697644828e+00
3.011536405309151565e+00 1.013297896167053125e+00 1.640963608938186269e+00
3.011519386238905138e+00 1.013370545553631041e+00 1.648903024858731081e+00
3.011499440275551720e+00 1.013482697758995910e+00 1.657918423460053026e+00
3.011485974597491122e+00 1.013568188163862516e+00 1.665558181072765986e+00
3.011463731838341484e+00 1.013668481922371578e+00 1.674086351203965650e+00
3.011440359824937296e+00 1.013753821307670222e+00 1.682280307261869279e+00
3.011413623919560134e+00 1.013837430701753917e+00 1.690185903310659210e+00
3.011396187390196655e+00 1.013934254607485430e+00 1.698073128570864787e+00
3.011370533625294943e+00 1.014043409136593521e+00 1.706660614250884667e+00
3.011351036638274081e+00 1.014158512030420844e+00 1.715089553980518877e+00
3.011318440661708618e+00 1.014282225795122949e+00 1.724016829716888743e+00
3.011298975172336689e+00 1.014425194839494671e+00 1.733045754338119249e+00
3.011263622249675809e+00 1.014539374373140790e+00 1.742005361013713172e+00
3.011263491394567282e+00 1.014543363232029538e+00 1.742234246163809397e+00
3.011230749152588704e+00 1.014682279668409848e+00 1.750393887706693130e+00
3.011203705905812100e+00 1.014797866970726714e+00 1.759596433819560213e+00
3.011169462059858581e+00 1.014902211797385823e+00 1.767946936464001473e+00
3.011137289223842828e+00 1.015018913912859588e+00 1.777140752414633873e+00
3.011105995657861634e+00 1.015115376499760469e+00 1.785374792240305153e+00
3.011065220196210923e+00 1.015229448267704893e+00 1.793379969794697493e+00
3.011041264580715193e+00 1.015367086139832953e+00 1.802133314364722461e+00
3.011019439980088030e+00 1.015503798088595033e+00 1.811221525872810822e+00
3.010981277277545942e+00 1.015600619061214349e+00 1.819914911137899827e+00
3.010947217303987955e+00 1.015711016896708285e+00 1.827507625409834136e+00
3.010894548795984615e+00 1.015829610410241779e+00 1.836833397228852638e+00
3.010852169000746148e+00 1.015951035404256686e+00 1.845941467396287505e+00
3.010852463859397421e+00 1.015953425005410082e+00 1.846175400188115212e+00
3.010827333289014085e+00 1.016076060011474436e+00 1.854531920089765196e+00
3.010797196324370706e+00 1.016182036415554490e+00 1.863774521227917758e+00
3.010749833936676279e+00 1.016285820682333974e+00 1.872429481982726074e+00
3.010717972252773489e+00 1.016378908634947509e+00 1.881587436984742068e+00
3.010669799749623010e+00 1.016480067573760859e+00 1.889832444895156893e+00
3.010625933653507058e+00 1.016576845906400628e+00 1.897723882373264948e+00
3.010582058397262006e+00 1.016666614330913987e+00 1.905751348825785119e+00
3.010548414036950948e+00 1.016756532432403937e+00 1.913361128898559471e+00
3.010514669362926554e+00 1.016844069362500047e+00 1.921708038323612922e+00
3.010487212698353954e+00 1.016946393681433358e+00 1.929367537098951590e+00
3.010419316297837877e+00 1.017069056186520104e+00 1.937835256131330119e+00
3.010368497068751203e+00 1.017191239393137714e+00 1.947115072611495412e+00
3.010229574753125359e+00 1.017488876440807433e+00 1.974919895284154681e+00
3.010183288247631594e+00 1.017554506358989697e+00 1.983260232517356281e+00
3.010127516267627978e+00 1.017656716872121336e+00 1.991243434766419851e+00
3.010065328921712968e+00 1.017764750199106283e+00 2.000457966897692952e+00
3.010064762057284682e+00 1.017764630377730573e+00 2.000690379390098084e+00
3.009991967102388255e+00 1.017874640652536522e+00 2.010151520938348924e+00
3.009921872297362633e+00 1.017985323581704238e+00 2.018004997359450492e+00
3.009850772886510040e+00 1.018101033159775293e+00 2.026451537570371109e+00
3.009849105811334358e+00 1.018101774803420900e+00 2.026680975768542226e+00
3.009794743385599602e+00 1.018218439606323855e+00 2.035196909680814237e+00
3.009722804552342978e+00 1.018337153513710014e+00 2.044115179395542548e+00
3.009665557301612449e+00 1.018421429014107815e+00 2.052292096787290188e+00
3.009581069096569639e+00 1.018534646827611745e+00 2.061045553882187686e+00
3.009546539809246468e+00 1.018588574078997055e+00 2.068903980534266385e+00
3.009481137981279364e+00 1.018689921112729824e+00 2.077913981497510498e+00
3.009443051202283392e+00 1.018751575986721614e+00 2.085722228952329171e+00
3.009380827619549059e+00 1.018840811103177035e+00 2.093756887908206910e+00
3.008856867556820358e+00 1.019716476294269647e+00 2.101488525313067068e+00
3.006985768617901122e+00 1.022825064852431076e+00 2.110225476080955342e+00
3.003208351538098952e+00 1.029047490446710844e+00 2.120083168652646677e+00
2.999452339513172472e+00 1.035026655476272373e+00 2.128611611982913931e+00
2.995952203020066928e+00 1.040474460585500749e+00 2.136058339388056115e+00
2.991938569146798343e+00 1.046562030456733572e+00 2.141974434563330476e+00
2.988409465932572395e+00 1.051842330398633729e+00 2.145263520919089117e+00
2.984455257146158225e+00 1.057559769942423511e+00 2.146019626029677330e+00
2.981035324151994459e+00 1.062367599056420753e+00 2.144682260209849201e+00
2.977627729684855229e+00 1.067246064528400984e+00 2.140158072591225480e+00
2.974349842393135379e+00 1.072288720038772958e+00 2.133514531057858932e+00
2.971040988653935955e+00 1.077484569211580201e+00 2.126512530913147181e+00
2.967605102638493531e+00 1.082906018509580459e+00 2.119331499538246621e+00
2.964006107213379426e+00 1.088711197614111503e+00 2.111427616594963919e+00
2.960428649866835293e+00 1.094537423687339972e+00 2.103441794971502965e+00
2.957079557015869664e+00 1.100135600470520725e+00 2.095766950555695285e+00
2.954068691849449646e+00 1.105320537754265864e+00 2.088458386804428191e+00
2.951222390080779245e+00 1.110300814288085025e+00 2.081338282179262755e+00
2.948110884410826582e+00 1.115701443757351363e+00 2.074499579384594838e+00
2.945092474376624025e+00 1.121119206256592005e+00 2.068179091313361084e+00
2.941893487378052008e+00 1.126855342809355509e+00 2.061882563076707697e+00
2.938559807555568781e+00 1.133060110780428342e+00 2.055276967720494952e+00
2.935777194204115759e+00 1.138347859414740038e+00 2.050297218269944377e+00
2.933064962140579546e+00 1.143499535379490339e+00 2.045846818266845446e+00
2.930158650239017781e+00 1.149050229219862773e+00 2.041116641416997446e+00
2.927690256314172679e+00 1.153831439659645186e+00 2.036938628732948064e+00
2.924903063797735570e+00 1.159295365442424064e+00 2.031971875714327691e+00
2.924830576618980160e+00 1.159441704343841417e+00 2.031835352851500964e+00
2.922338529569328269e+00 1.164393047907168688e+00 2.027048397342826380e+00
2.919268412452129979e+00 1.170514852317733778e+00 2.020720239506557991e+00
2.916659172223822871e+00 1.175786089900926479e+00 2.015238340565316477e+00
2.914127445998891730e+00 1.180998534457412541e+00 2.009593985169304986e+00
2.911533603508904555e+00 1.186445806150090654e+00 2.003898505927461215e+00
2.909028742699487413e+00 1.191763478230218443e+00 1.998516710287670639e+00
2.906846382911269622e+00 1.196499477189637339e+00 1.993733243525362742e+00
2.904370088039069042e+00 1.201912356821301264e+00 1.988280124821690142e+00
2.902304013698990826e+00 1.206479664442017485e+00 1.983674851540844664e+00
2.900082565564614079e+00 1.211418741596731019e+00 1.978736149118424770e+00
2.898079395841447248e+00 1.215940218249389027e+00 1.974174191754197727e+00
2.895884387749250610e+00 1.220989033961481507e+00 1.968762028434659861e+00
2.893610553121826801e+00 1.226279333503640601e+00 1.962557534326724085e+00
2.891723604062691244e+00 1.230783037946784120e+00 1.956498016351078784e+00
2.889374547169617724e+00 1.236423425902591244e+00 1.948841077230897945e+00
2.887221295931615472e+00 1.241770156458794627e+00 1.941750979503133800e+00
2.885241959272068168e+00 1.246736215217767008e+00 1.935660803914060590e+00
2.883168624937199720e+00 1.252100663704860395e+00 1.929541858981572711e+00
2.881211236444583879e+00 1.257269636209468855e+00 1.923934572340039839e+00
2.879213339640570357e+00 1.262564553696493341e+00 1.918162896166287767e+00
2.877330217086925934e+00 1.267718398154916493e+00 1.912496318575473309e+00
2.875460978193171702e+00 1.272821003986529309e+00 1.906791819306714597e+00
2.873812488959166966e+00 1.277423542792881950e+00 1.901744598372804518e+00
2.872212619553832447e+00 1.281994315152197084e+00 1.896762744387634925e+00
2.870784509059366663e+00 1.286078011061916548e+00 1.891778271809490430e+00
2.869444181014360939e+00 1.290083352871107092e+00 1.885578988159443359e+00
2.865163919337420761e+00 1.303217881238016407e+00 1.864236998587339267e+00
2.863782423408066435e+00 1.307784959395394520e+00 1.857055489308825580e+00
2.862361620920782723e+00 1.312493691443623156e+00 1.850326854196036930e+00
2.860914730386141080e+00 1.317520848575704173e+00 1.844272803302610564e+00
2.859511904739476584e+00 1.322537060059484570e+00 1.839000156935447938e+00
2.859478036927161071e+00 1.322665422812036695e+00 1.838870328271136945e+00
2.858194770426287779e+00 1.327392621045729193e+00 1.834388787379873431e+00
2.856991640167430013e+00 1.331829432895996312e+00 1.830330491306718876e+00
2.855816948223203422e+00 1.336174149921847576e+00 1.825809086726658315e+00
2.854653663899678673e+00 1.340505532965624136e+00 1.820811486896274145e+00
2.853538057189263899e+00 1.344710194033476469e+00 1.815842350054915233e+00
2.852394576616140931e+00 1.349151541171288660e+00 1.810592162836245134e+00
2.851151071729486119e+00 1.354120337480149594e+00 1.804940858521959290e+00
2.850031063724713043e+00 1.358699801365016668e+00 1.799971134875744561e+00
2.848854880509672061e+00 1.363576368088143864e+00 1.794291544627719448e+00
2.847605109173622751e+00 1.368941339589667017e+00 1.787336276602722984e+00
2.847575864574964033e+00 1.369063712514839715e+00 1.787178464562668490e+00
2.846608760183690023e+00 1.373389502168065546e+00 1.780952513094141487e+00
2.845746330396375257e+00 1.377432698577205183e+00 1.773761333106946836e+00
2.844829622741452901e+00 1.381763250888034644e+00 1.766001258168159671e+00
2.843942698708867844e+00 1.386145633698715463e+00 1.757768368853038554e+00
2.843081650792304238e+00 1.390508325828440084e+00 1.749565469808988638e+00
2.842231485760318144e+00 1.395062394308139275e+00 1.742516898186611707e+00
2.841481475274938884e+00 1.399311408240909049e+00 1.736979369321541844e+00
2.840749600852870316e+00 1.403808718751598184e+00 1.731938423419192796e+00
2.840041764904471577e+00 1.408185854333444231e+00 1.727880122041099753e+00
2.839340643076164294e+00 1.412551461348714676e+00 1.723241090236315554e+00
2.839322917837988403e+00 1.412668182389281935e+00 1.723099203905129606e+00
2.838669842643771091e+00 1.416921397126982729e+00 1.718075979928907149e+00
2.838060470336840169e+00 1.421060335734210422e+00 1.713196433015729436e+00
2.837403073917885266e+00 1.425541352943612505e+00 1.708243682555817156e+00
2.837387548734028986e+00 1.425658692545872075e+00 1.708114981642436581e+00
2.836662160271886002e+00 1.430780320929678329e+00 1.702221858036026214e+00
2.836026327167018746e+00 1.435519582591332499e+00 1.695678727597279556e+00
2.835453812936199469e+00 1.439789552133381667e+00 1.689957554767222980e+00
2.834941423958757145e+00 1.444095582134984124e+00 1.684670694258654455e+00
2.834421312471657739e+00 1.448773081233320603e+00 1.679777359184014829e+00
2.833920409564400167e+00 1.453269126619007201e+00 1.675609905471574512e+00
2.833466056327358817e+00 1.457744320984033948e+00 1.671826520200801802e+00
2.833014554312477618e+00 1.461951843055493416e+00 1.667714939962959386e+00
2.832569407323089816e+00 1.466275567403847457e+00 1.662541178438490252e+00
2.832559438607194835e+00 1.466389016648318444e+00 1.662403724629144541e+00
2.832165514219846525e+00 1.470508329692519212e+00 1.657754376674572150e+00
2.831720874449271008e+00 1.475444116852025145e+00 1.652563955368525406e+00
2.831363176959350358e+00 1.479701014774496448e+00 1.648410284103286161e+00
2.830985223840200682e+00 1.484157937650916415e+00 1.643326906577337931e+00
2.830971196610834184e+00 1.484267826188422124e+00 1.643187243638278172e+00
2.830608969519385898e+00 1.488882134028453930e+00 1.637357988579291712e+00
2.830322748898403962e+00 1.492808967141736165e+00 1.632652007766499436e+00
2.830059526922089397e+00 1.497006199118145364e+00 1.628116348419523129e+00
2.829821601195422698e+00 1.500988134373793637e+00 1.624223837801319403e+00
2.829625137574098392e+00 1.504779331177311441e+00 1.620923127920520068e+00
2.829406342429360954e+00 1.508669132936434565e+00 1.617090781536032695e+00
2.829208298430113899e+00 1.512300205386114760e+00 1.612667079507732026e+00
2.829025587096053673e+00 1.516430506446171389e+00 1.607882417169344436e+00
2.828870108025971053e+00 1.520578744524323955e+00 1.603505672014772454e+00
2.828725751544592271e+00 1.524653938287714006e+00 1.599590499977197045e+00
2.828617272276152228e+00 1.528530791706127712e+00 1.596331186475287822e+00
2.828515813729262973e+00 1.532609546844460935e+00 1.593602624226980735e+00
2.828407962043728574e+00 1.537186280391893867e+00 1.590198646472511745e+00
2.828280285787099668e+00 1.541211310753159758e+00 1.585864277351620277e+00
2.828182908264906370e+00 1.545405509818967182e+00 1.581353572308948685e+00
2.828124570113997649e+00 1.549849912465500523e+00 1.577027683678039915e+00
2.828106621947070298e+00 1.554083819322735760e+00 1.573234398646896626e+00
2.828095368299620382e+00 1.557907985901419323e+00 1.570374271405256428e+00
2.828063948195280286e+00 1.561846308941938322e+00 1.566928901561351672e+00
2.828049772615811808e+00 1.565848168998724255e+00 1.562502562030286146e+00
2.828039466654268086e+00 1.569558485604078513e+00 1.558566855099349002e+00
2.828089518928067481e+00 1.573426129739704971e+00 1.555054215785221183e+00
2.828160672717226820e+00 1.578005090089052764e+00 1.551478127951868569e+00
2.828260079207758348e+00 1.582025105977821422e+00 1.548698687250142703e+00
2.828346287813127358e+00 1.586296967837221850e+00 1.545745198235754847e+00
2.828384392817134163e+00 1.590257603402104536e+00 1.541883443845977197e+00
2.828477623681113773e+00 1.594260018138890178e+00 1.538070683257152460e+00
2.828600710315501310e+00 1.598414226365095558e+00 1.534434644363796396e+00
2.829071269494811247e+00 1.610429243619299733e+00 1.525955863607408425e+00
2.829075157505834159e+00 1.610537683351739968e+00 1.525883460977028871e+00
2.829249105154071575e+00 1.614561800760375032e+00 1.522952654780899362e+00
2.829426876929922230e+00 1.618451062670023255e+00 1.519696918938473917e+00
2.829627980911061158e+00 1.622362112909061960e+00 1.516569953878920574e+00
2.829855170428177136e+00 1.626744862184728468e+00 1.513452312046716930e+00
2.829861554822385106e+00 1.626855468799292659e+00 1.513375157443780150e+00
2.830071229462277405e+00 1.631047964546834983e+00 1.510298010216981401e+00
2.830268921352089961e+00 1.634934798423851365e+00 1.506629058163412971e+00
2.830505479614845665e+00 1.639014459769529752e+00 1.502845100121724897e+00
2.830766450427601555e+00 1.643021212394085495e+00 1.499828110674595205e+00
2.831088466493369094e+00 1.647505027259910992e+00 1.496900489607526863e+00
2.831418584027221463e+00 1.651869620781448056e+00 1.494852764592963457e+00
2.831715381718439950e+00 1.655575746380552049e+00 1.493605072893584795e+00
2.832003760964006744e+00 1.659629690633842358e+00 1.491705004201673956e+00
2.832295335270271774e+00 1.663366038823916870e+00 1.488940643378915185e+00
2.832624790512153545e+00 1.667543206000565714e+00 1.485970967506535345e+00
2.832983975682090705e+00 1.671757779872524052e+00 1.483192686176200148e+00
2.833353092470576762e+00 1.675775776332459666e+00 1.481037837618970787e+00
2.833707148507785600e+00 1.679627546954964190e+00 1.479554645207779018e+00
2.834021151536875838e+00 1.683234937055116287e+00 1.477863839499825804e+00
2.834332449755557537e+00 1.686845232363034741e+00 1.475306574411113569e+00
2.834741983893872774e+00 1.691449294599247644e+00 1.472237536317764661e+00
2.835117141274019037e+00 1.695303920619795957e+00 1.469913707802146030e+00
2.835524735358672554e+00 1.699296951852270698e+00 1.468173414777800945e+00
2.835547085040503124e+00 1.699512433621503726e+00 1.468090094003563273e+00
2.835963616547319877e+00 1.703588345289584582e+00 1.466667489289949611e+00
2.836387975915144910e+00 1.707506021607600566e+00 1.465903974950360844e+00
2.836761248645630840e+00 1.711326841216000094e+00 1.464538612808215623e+00
2.836772542324899504e+00 1.711432522788981281e+00 1.464473392645130101e+00
2.837179086492842561e+00 1.715360420682050968e+00 1.462156928083722107e+00
2.837624656549341484e+00 1.719517573286341028e+00 1.459722114963415196e+00
2.838038714258889428e+00 1.723356129916511437e+00 1.457718918038054090e+00
2.838515387401335133e+00 1.727338082695995203e+00 1.456199054976381912e+00
2.838997308411067788e+00 1.731490501192792131e+00 1.454977886904524675e+00
2.839461258422200984e+00 1.735414259145198201e+00 1.453335395891408366e+00
2.839953226390003138e+00 1.739763319639281880e+00 1.450765094699254298e+00
2.840437084546438840e+00 1.744015134962764613e+00 1.448422243978272128e+00
2.840449940693446251e+00 1.744122274820302909e+00 1.448368616862986791e+00
2.841008926748929131e+00 1.748520149026630666e+00 1.446561225628590464e+00
2.841477068660477112e+00 1.752240320292417053e+00 1.445817591239051403e+00
2.842010929374533923e+00 1.756462846273139533e+00 1.445201242803116459e+00
2.842502553863499148e+00 1.760364622814481361e+00 1.443993753151791015e+00
2.842984946707988403e+00 1.764279149676509562e+00 1.441955383183886719e+00
2.843501678461120452e+00 1.768415196921083954e+00 1.439925439451210432e+00
2.843985861440387453e+00 1.772152227449816042e+00 1.438475987371585996e+00
2.844574585883273166e+00 1.776452205278300944e+00 1.437361986943685110e+00
2.844590696983556821e+00 1.776559197875139606e+00 1.437339010186762467e+00
2.845039499082680834e+00 1.780075525599599473e+00 1.436279562070406079e+00
2.845493740412978312e+00 1.783645417377135001e+00 1.434595332987007588e+00
2.846032878372282138e+00 1.787769126266387287e+00 1.432749554417851234e+00
2.846618328827000610e+00 1.792030228420362192e+00 1.431102461227241829e+00
2.847212637728841145e+00 1.796189253964914023e+00 1.429879943908064943e+00
2.847834381881707788e+00 1.800583395770191553e+00 1.429352321245795920e+00
2.848388868285641973e+00 1.804435848232937456e+00 1.429321228259472054e+00
2.848913574069151355e+00 1.808220207515416122e+00 1.429205229306630187e+00
2.849413989923692547e+00 1.811898195737642103e+00 1.427964130430152023e+00
2.849995152643727270e+00 1.816132694378252532e+00 1.426445808436247242e+00
2.850008073594011204e+00 1.816237345582053075e+00 1.426410133113027667e+00
2.850577490080520082e+00 1.820173682787653791e+00 1.425246298477851781e+00
2.851115442373927777e+00 1.823851920842129548e+00 1.424757482397455366e+00
2.851699252720431232e+00 1.827817118337151658e+00 1.426288217563899785e+00
2.852282546530040541e+00 1.831838077529103881e+00 1.429984430301804998e+00
2.852887115393774486e+00 1.836205054174018025e+00 1.433741381162714879e+00
2.852901307893866090e+00 1.836308548927165996e+00 1.433803620694971359e+00
2.853391769986868276e+00 1.839902194018689707e+00 1.435186233034335457e+00
2.853915623024173787e+00 1.843924337331112939e+00 1.434933709064558860e+00
2.854375502307919810e+00 1.847505720084228864e+00 1.434333122941536143e+00
2.854817977073522695e+00 1.851019891259994443e+00 1.433550374471825428e+00
2.855334180633167129e+00 1.854952515165300131e+00 1.432855131463218967e+00
2.855887407841251946e+00 1.859191179006949746e+00 1.431697061457075204e+00
2.855902590149434150e+00 1.859293470156007544e+00 1.431645617434779361e+00
2.856445307276560985e+00 1.863509489974858990e+00 1.429919596740880650e+00
2.856936591975827611e+00 1.867273289274619774e+00 1.428589334248063336e+00
2.857436121673972096e+00 1.870978654571906485e+00 1.427455411617484682e+00
2.857919275648169943e+00 1.874582044916682566e+00 1.426676150460584047e+00
2.858503654440619268e+00 1.878640474879448075e+00 1.426167831455895874e+00
2.859117228561290691e+00 1.883019190271669530e+00 1.425793202445939434e+00
2.859682134005700593e+00 1.887126659154393371e+00 1.425277846685297556e+00
2.860186995545817457e+00 1.890812135958400919e+00 1.424233154504650711e+00
2.860710084389212149e+00 1.894599823524585336e+00 1.423312472483199143e+00
2.861287096460635393e+00 1.898718278494527345e+00 1.422469569072397633e+00
2.861831042774652722e+00 1.902439636457466943e+00 1.421918961806769133e+00
2.862393890772211957e+00 1.906265168756783090e+00 1.421654725203482572e+00
2.864054729456469772e+00 1.917867948396772881e+00 1.419041276467976953e+00
2.864680328092415795e+00 1.922092362034704127e+00 1.417908973894717706e+00
2.865258121188635876e+00 1.925927377901996529e+00 1.417351878791872188e+00
2.865814796812866661e+00 1.929569277268252669e+00 1.417199128238969985e+00
2.866458575663065833e+00 1.933805497304321719e+00 1.416693655497422322e+00
2.867070369670861041e+00 1.937820765101691212e+00 1.416070228684195298e+00
2.867660896729884445e+00 1.941765610174904566e+00 1.415588248245645886e+00
2.868389641762898457e+00 1.946352434907120621e+00 1.415172515197619996e+00
2.869022769178515286e+00 1.950287007546618101e+00 1.415085901248215539e+00
2.869685619764611229e+00 1.954571317814633336e+00 1.415189272961649758e+00
2.870283824603435896e+00 1.958478840647795982e+00 1.414859877065443694e+00
2.870299330640901925e+00 1.958586964189006796e+00 1.414844054080961477e+00
2.870955967757985672e+00 1.962835258299559626e+00 1.414401149909367161e+00
2.870971185079737253e+00 1.962940637264610100e+00 1.414389579238680250e+00
2.871578516842670847e+00 1.966783314040005060e+00 1.414125340300653733e+00
2.872200030437516816e+00 1.970813626261847640e+00 1.413946392487733128e+00
2.872216572920756050e+00 1.970918136588833525e+00 1.413940956979267805e+00
2.872810390155056126e+00 1.974764140090206510e+00 1.413990380217336806e+00
2.873418028717003025e+00 1.978484363499372289e+00 1.414103795571437283e+00
2.874155359888478145e+00 1.983069946329755417e+00 1.414305697425125796e+00
2.874770877572028205e+00 1.987197186288562012e+00 1.414031355272199031e+00
2.874784331043612084e+00 1.987301794144833877e+00 1.414021810216854913e+00
2.875369204782640242e+00 1.991103526157005366e+00 1.413626107164122070e+00
2.875898044586715052e+00 1.994605053572889641e+00 1.413345446683058615e+00
2.876505167302481958e+00 1.998336795953322031e+00 1.413716766677784342e+00
2.877067120194056749e+00 2.001898620784479554e+00 1.415506067017261005e+00
2.877655913428246670e+00 2.005681277586258915e+00 1.417544152248202405e+00
2.878274674206917627e+00 2.009709294868375906e+00 1.419040023726637401e+00
2.878845476370449408e+00 2.013527060524752166e+00 1.419585411692593890e+00
2.879465528586982348e+00 2.017774706340455637e+00 1.419872828809572329e+00
2.880092688509689136e+00 2.021909739824363506e+00 1.419951841183169083e+00
2.880744890396782942e+00 2.026150085847810089e+00 1.420004093796986888e+00
2.881265627522110684e+00 2.029758168315763722e+00 1.420036637038770033e+00
2.881862788410259224e+00 2.033974951056847225e+00 1.419669951783946171e+00
2.882397393778973527e+00 2.037767870729363384e+00 1.419194589911252802e+00
2.882902579994619519e+00 2.041263881439899563e+00 1.418839596178580464e+00
2.883440772747448033e+00 2.044854994301791518e+00 1.418576785852656563e+00
2.884004374552317618e+00 2.048670949059306690e+00 1.418459944512485249e+00
2.884583953559962222e+00 2.052588397891007332e+00 1.418360389355720841e+00
2.885219332748097276e+00 2.056820207739998629e+00 1.418398628568556807e+00
2.885842844523371031e+00 2.061154440009146604e+00 1.418212115008336882e+00
2.886372313478526408e+00 2.064828378614402382e+00 1.417851649991281882e+00
2.886388517558841293e+00 2.064934505872220605e+00 1.417836961845800214e+00
2.886906520057658021e+00 2.068535253905724236e+00 1.417565216586222254e+00
2.887494947049560334e+00 2.072443150301964465e+00 1.417389565484183045e+00
2.888076061848811271e+00 2.076372710975640246e+00 1.417245178735209388e+00
2.888638631503068321e+00 2.080070100838573133e+00 1.417215225975846371e+00
2.889201718440925770e+00 2.083871084544044017e+00 1.416961952211407638e+00
2.889798349904987962e+00 2.087767545720968787e+00 1.416655140564268223e+00
2.890403389476171814e+00 2.091884527107496616e+00 1.416447848450054003e+00
2.890419557018057084e+00 2.091989316214514893e+00 1.416443426191422272e+00
2.890978666841721889e+00 2.095682526110870469e+00 1.416331814895071206e+00
2.891564217269063430e+00 2.099599045235201800e+00 1.416327693325393211e+00
2.892089649073759983e+00 2.103080575396233165e+00 1.416363155911654070e+00
2.892616182534926583e+00 2.106572467378165836e+00 1.416430998754900639e+00
2.893229097005657113e+00 2.110683517092396322e+00 1.416264808763929794e+00
2.893816688407352178e+00 2.114583421014209819e+00 1.416076259601058762e+00
2.894460123523480366e+00 2.118908249060278415e+00 1.415896033981079327e+00
2.895047676412539239e+00 2.122826201899941090e+00 1.415768489200687430e+00
2.895637781054598126e+00 2.126622187942965425e+00 1.415791134445839816e+00
2.896195465405662084e+00 2.130220479195866989e+00 1.415847786371758454e+00
2.896758996944274411e+00 2.134010591312334171e+00 1.415711003025809323e+00
2.897390688877806930e+00 2.138126367528064620e+00 1.415536460093933302e+00
2.898013307399310623e+00 2.142258699343148720e+00 1.415398341678519634e+00
2.898542395873398902e+00 2.145734359983119788e+00 1.415346409301630359e+00
2.899157847739822991e+00 2.149752779571755923e+00 1.415361649259555765e+00
2.899710857028524380e+00 2.153443536183214935e+00 1.415422554986495607e+00
2.900261468191279501e+00 2.157039308944011413e+00 1.415513315486141455e+00
2.900889790252070277e+00 2.161148660511569730e+00 1.415440040123677745e+00
2.901567520206663531e+00 2.165417189156207733e+00 1.416007521564458527e+00
2.902168917027717843e+00 2.169304466956508470e+00 1.417175568346505710e+00
2.902739398485320699e+00 2.173028814429784461e+00 1.418121639958413560e+00
2.904512821297758673e+00 2.184557291423411485e+00 1.420087236261914576e+00
2.905113312629013400e+00 2.188562048534572035e+00 1.420667979326529329e+00
2.905130044475342732e+00 2.188666673088370374e+00 1.420680198646041337e+00
2.905646035428523621e+00 2.192220612775893418e+00 1.420636926222266894e+00
2.906144413098184831e+00 2.195769816133395835e+00 1.420360289691905198e+00
2.906693479206319708e+00 2.199628093908884807e+00 1.420061194728034826e+00
2.907252267479321972e+00 2.203495557788012427e+00 1.419789376364484879e+00
2.907837162632161743e+00 2.207364764216748654e+00 1.419612223361270020e+00
2.908372864746308295e+00 2.210918249186348383e+00 1.419404408284371977e+00
2.908980975368447464e+00 2.214993448525720776e+00 1.419095788372108924e+00
2.909515768077283404e+00 2.218643919817914423e+00 1.418880557787849161e+00
2.910085735850322930e+00 2.222396859198551233e+00 1.418734378733998991e+00
2.910646799942047114e+00 2.226264880977200100e+00 1.418617206568687950e+00
2.911171959931663444e+00 2.229706878629184708e+00 1.418558235607372930e+00
2.911781853560659883e+00 2.233882891833372408e+00 1.418343041814956962e+00
2.912362785703076273e+00 2.237837071785492515e+00 1.418121761532433966e+00
2.912908271467941734e+00 2.241382691404978811e+00 1.417978674965920893e+00
2.913449661367800481e+00 2.245024007636842178e+00 1.417879479261518361e+00
2.914068748010598675e+00 2.249100939406375232e+00 1.417774846147041856e+00
2.914588698426665125e+00 2.252524487130482811e+00 1.417736450433756623e+00
2.915111722685801876e+00 2.256059143754544749e+00 1.417692321234503172e+00
2.915680323240438021e+00 2.259890457596339886e+00 1.417580086605043421e+00
2.916187378902511895e+00 2.263311672654960915e+00 1.417418944370061551e+00
2.916740772154816419e+00 2.267053943503691826e+00 1.417295528503775603e+00
2.917329233559815549e+00 2.270981991817317081e+00 1.417159246895730806e+00
2.917940257125366976e+00 2.275116596351452358e+00 1.417091260589143698e+00
2.918523925748146564e+00 2.279048470297867723e+00 1.416992224866860273e+00
2.919091693381591135e+00 2.282856655438231464e+00 1.416824730754241202e+00
2.919641678035637344e+00 2.286575779806355069e+00 1.416646128254841930e+00
2.920285173749040730e+00 2.290806614510270123e+00 1.416435237444779283e+00
2.920820309602796261e+00 2.294421309691066391e+00 1.416313894839044352e+00
2.921415176967609106e+00 2.298336325144438419e+00 1.416175116266427558e+00
2.921986701423582300e+00 2.302048022780766257e+00 1.416102492773278598e+00
2.922572266365653704e+00 2.305855628053547601e+00 1.415999087114568677e+00
2.923222553880248764e+00 2.310179809844868259e+00 1.415850011087172566e+00
2.923750956337077156e+00 2.313663570720093432e+00 1.415692757058109263e+00
2.924352534268679804e+00 2.317676607943647937e+00 1.415503850215631632e+00
2.924985813205114749e+00 2.321873880082657049e+00 1.415321180459736539e+00
2.925634646374220438e+00 2.326187206116366202e+00 1.415126691440847573e+00
2.925648021319777747e+00 2.326287920019915134e+00 1.415123901871820244e+00
2.926296213282275627e+00 2.330505944121768369e+00 1.415244555302228813e+00
2.926885168936084192e+00 2.334290095567864043e+00 1.415608865299198049e+00
2.927452583605224312e+00 2.337884051833710064e+00 1.415918606582464268e+00
2.928110072338289793e+00 2.342186929110022575e+00 1.416126548155811626e+00
2.928791676277132883e+00 2.346785009730075977e+00 1.416213941627024298e+00
2.929323397433749587e+00 2.350257265312500898e+00 1.416255903283307527e+00
2.929918451662825163e+00 2.354217294566887553e+00 1.416191705661085765e+00
2.930491365194590081e+00 2.357983424892515778e+00 1.416039198951870137e+00
2.931015853659972414e+00 2.361526584606254531e+00 1.415847209070364654e+00
2.931490381851984850e+00 2.364763680196392492e+00 1.415662759651843183e+00
2.932085671219659684e+00 2.368711480377392320e+00 1.415416721579301651e+00
2.932688982442431147e+00 2.372758826585946945e+00 1.415143239222528271e+00
2.933307080181176918e+00 2.376897031220009282e+00 1.414856469661468275e+00
2.933849020136918284e+00 2.380431357247688062e+00 1.414634041785295171e+00
2.934390627091490789e+00 2.383860374456494569e+00 1.414397772664480080e+00
2.934912147932315918e+00 2.387285254656021038e+00 1.414135883095648527e+00
2.935541033202195838e+00 2.391422500309051458e+00 1.413809854418561107e+00
2.935556816010353121e+00 2.391524376356230164e+00 1.413802277223416892e+00
2.936177951471097280e+00 2.395660243258900923e+00 1.413497645009259562e+00
2.936744653389930182e+00 2.399373639302272654e+00 1.413238327510047077e+00
2.937383181998254766e+00 2.403591036156509375e+00 1.412983775709581336e+00
2.937400789861683403e+00 2.403690916687071244e+00 1.412976876261596404e+00
2.937983996342709681e+00 2.407393329584363251e+00 1.412709531860596446e+00
2.938571790844031639e+00 2.411300501814693131e+00 1.412403691196925992e+00
2.938590457997224181e+00 2.411397935730501541e+00 1.412394202150167422e+00
2.939195047316157883e+00 2.415401166657241472e+00 1.412054469034734749e+00
2.939766134553417842e+00 2.419090458821690159e+00 1.411760976177585336e+00
2.940403791753471552e+00 2.423190362501458139e+00 1.411413654625397029e+00
2.940917403472874447e+00 2.426483890716022884e+00 1.411136680860536785e+00
2.941470715709720629e+00 2.430068989437566884e+00 1.410856643370377084e+00
2.941976627198207073e+00 2.433347135953952467e+00 1.410604421515068596e+00
2.942525456727552058e+00 2.436923937976946064e+00 1.410329184681031967e+00
2.944192068606152457e+00 2.447648952099713782e+00 1.409410404604653611e+00
2.944714390938604431e+00 2.451009993794230013e+00 1.409142767792822548e+00
2.945301932032039716e+00 2.454764793619768071e+00 1.408838735162591504e+00
2.945870479476665249e+00 2.458306094402090025e+00 1.408552893414762419e+00
2.946408305434169428e+00 2.461755709189051622e+00 1.408259567133560930e+00
2.947007369213192174e+00 2.465580772169155832e+00 1.407934435349548208e+00
2.947580379500938985e+00 2.469216458480049781e+00 1.407622451406737696e+00
2.948165369491631438e+00 2.472933079479827878e+00 1.407299299622364552e+00
2.948177864000986581e+00 2.473030646855179704e+00 1.407290362531339323e+00
2.948715359045450679e+00 2.476458753670955915e+00 1.406950613956123197e+00
2.949284844523822002e+00 2.480073974100200029e+00 1.406620064982846641e+00
2.949928274347509927e+00 2.483984863013507294e+00 1.406232332362373993e+00
2.950605782638088037e+00 2.488260936561363490e+00 1.405845055057354021e+00
2.951201219151181832e+00 2.491964000239094368e+00 1.405516188498423524e+00
2.951752558991864284e+00 2.495279729519806367e+00 1.405389080755638176e+00
2.952284721883520646e+00 2.498494420481861766e+00 1.405449505482356365e+00
2.952884878014625958e+00 2.502098278752040716e+00 1.405510076793349716e+00
2.953468212350783162e+00 2.505682538281527982e+00 1.405517151934201570e+00
2.953500460321797139e+00 2.505874207502457374e+00 1.405510720637912714e+00
2.953834547964786950e+00 2.508001112546663691e+00 1.405471103972983915e+00
2.954253427989084191e+00 2.510599171153340414e+00 1.405328256448647783e+00
2.954791316765629006e+00 2.513967627978547448e+00 1.405114632428697385e+00
2.955393186728783483e+00 2.517713068482811067e+00 1.404861503570735248e+00
2.956008699419028218e+00 2.521555501142183076e+00 1.404529575156037602e+00
2.956674951708897048e+00 2.525585041218571192e+00 1.404196488052333658e+00
2.956691634513943789e+00 2.525681039808000961e+00 1.404185884201037515e+00
2.957193134956758396e+00 2.528826076941419920e+00 1.403863325522994199e+00
2.957207827896499719e+00 2.528919489344709781e+00 1.403851660946189073e+00
2.957761678879911926e+00 2.532358353762651948e+00 1.403472991528042169e+00
2.958307329266220087e+00 2.535796007533471119e+00 1.403107374220102344e+00
2.958323587094179974e+00 2.535892289909721597e+00 1.403098329562469493e+00
2.958922426677759177e+00 2.539593436655875003e+00 1.402700515054698727e+00
2.959540776697695552e+00 2.543400688464529935e+00 1.402277077410594819e+00
2.959557255583190827e+00 2.543496269485383543e+00 1.402267237868897620e+00
2.960098694654120788e+00 2.546805278377648918e+00 1.401906166707757251e+00
2.960692990190764373e+00 2.550502225040143678e+00 1.401473882550185790e+00
2.961253863795036967e+00 2.553906591120084446e+00 1.401083493006723968e+00
2.961772979737770317e+00 2.557014853661958576e+00 1.400723178122689205e+00
2.962422931954770799e+00 2.560977609464465843e+00 1.400253632570178652e+00
2.963053021475161142e+00 2.564648770584826654e+00 1.399845209081367559e+00
2.963590475132565683e+00 2.567836566219553696e+00 1.399481863438464702e+00
2.964184207233332646e+00 2.571308919194344789e+00 1.399093402906685268e+00
2.964697273716959902e+00 2.574409001341487979e+00 1.398722479836261190e+00
2.965234271897538854e+00 2.577683929646361172e+00 1.398291530059818211e+00
2.965743424800640238e+00 2.580766072877976214e+00 1.397888391403918851e+00
2.966352732273200399e+00 2.584334110983200095e+00 1.397446614681224775e+00
2.966984248641122868e+00 2.588051655727046096e+00 1.397029584297983629e+00
2.966996765613610254e+00 2.588144597205050523e+00 1.397019879374987728e+00
2.967515469058525923e+00 2.591217258361366405e+00 1.396656334693237911e+00
2.968106220586492316e+00 2.594747608229146074e+00 1.396247353037633809e+00
2.968643708267089121e+00 2.597908621526572759e+00 1.395865674314937355e+00
2.969250905515354866e+00 2.601335562553115821e+00 1.395457596559951385e+00
2.969830495338858789e+00 2.604658933545608512e+00 1.395082300721388391e+00
2.970358100272067592e+00 2.607700299821649637e+00 1.394736097073128178e+00
2.970951075443089451e+00 2.611113338112287963e+00 1.394354483065741057e+00
2.971592863138472485e+00 2.614877651291710237e+00 1.393927583363498313e+00
2.972144249369175206e+00 2.618095999007207020e+00 1.393553550525659990e+00
2.972753202645475046e+00 2.621567533115603865e+00 1.393148760620148474e+00
2.973309087137342210e+00 2.624674917344383296e+00 1.392756886973429475e+00
2.973908028684691729e+00 2.628147033427368662e+00 1.392325003582693288e+00
2.974488402426200828e+00 2.631507316026852283e+00 1.391920247508783071e+00
2.975090510773362062e+00 2.634958094097147097e+00 1.391514222256437616e+00
2.975106124456725620e+00 2.635049845448797168e+00 1.391504595699959657e+00
2.975776390543217964e+00 2.638778520390637539e+00 1.391392196478282051e+00
2.976334540416192720e+00 2.641760464793792451e+00 1.391557344420052189e+00
2.977022630352283983e+00 2.645565206226971888e+00 1.391670486878689106e+00
2.977630037679848130e+00 2.649000809108535304e+00 1.391684792080405852e+00
2.978181109363934542e+00 2.652150941488486957e+00 1.391522939663051961e+00
2.978700034792696627e+00 2.655111652969335267e+00 1.391298832539975550e+00
2.980387412213849174e+00 2.664685753371849319e+00 1.390468116706406132e+00
2.981036354693210821e+00 2.668431465211968945e+00 1.390125535790043942e+00
2.981644793172732122e+00 2.671901585383411160e+00 1.389697382003474813e+00
2.981660101010724429e+00 2.671993640132795278e+00 1.389684758608368709e+00
2.982293573378087537e+00 2.675607387043833718e+00 1.389161172582866532e+00
2.982907106892040083e+00 2.679129973898762174e+00 1.388629388304136070e+00
2.983475159274895372e+00 2.682391799600122084e+00 1.388189898227768726e+00
2.984065569440464749e+00 2.685725442448429146e+00 1.387722242374621828e+00
2.984080070373757998e+00 2.685811260478652152e+00 1.387710969973152908e+00
2.984726809386605506e+00 2.689488951273391937e+00 1.387209785818839691e+00
2.985315509169562453e+00 2.692796697406281581e+00 1.386789016545430631e+00
