1.000373652828047355e+00 1.999933287565152318e+00 -1.303387285009270072e-04
1.000527241939957124e+00 1.999899493659440530e+00 -1.799181728998276687e-04
1.000558599908157653e+00 1.999894223072089527e+00 -8.106754766220684589e-05
1.000581755819602403e+00 1.999891470196043741e+00 1.769957670970033177e-04
1.000582796154537712e+00 1.999892340729594764e+00 1.889242183556791147e-04
1.000617889567697594e+00 1.999888198882341817e+00 6.298998873725108203e-04
1.000665291207519347e+00 1.999882388942959777e+00 1.328725548636717872e-03
1.000666610885793117e+00 1.999883255248616321e+00 1.347710970152924802e-03
1.000726458934424690e+00 1.999885097188204508e+00 2.216087360011341750e-03
1.000726599567731245e+00 1.999883341034888851e+00 2.243290240926490778e-03
1.000760592778556557e+00 1.999887019011448386e+00 3.519881833700532967e-03
1.000785244603324964e+00 1.999880902115965364e+00 4.833297202134303507e-03
1.000826241026950170e+00 1.999871789046513859e+00 6.291756127100542675e-03
1.000875449646262627e+00 1.999875330873323698e+00 7.985876088401556300e-03
1.000946757844212387e+00 1.999876961272442522e+00 9.852959022852537246e-03
1.001025344812137785e+00 1.999877033727254450e+00 1.215157284525073857e-02
1.001029925836548262e+00 1.999875783558710651e+00 1.221172403648816858e-02
1.001164321110751931e+00 1.999877890870769948e+00 1.442194662347110780e-02
1.001254241634699893e+00 1.999881764682365004e+00 1.725084430793833584e-02
1.001315184476506470e+00 1.999880539125979961e+00 2.049655487267784681e-02
1.001375401013068878e+00 1.999875400998634589e+00 2.444663043087986695e-02
1.001419291920943699e+00 1.999872090555800286e+00 2.793534934978887663e-02
1.001501515842217582e+00 1.999878484946270296e+00 3.155866817193812152e-02
1.001639065929103456e+00 1.999890236051363068e+00 3.507015003652047547e-02
1.001730869068393925e+00 1.999887464664148906e+00 3.919276682049138011e-02
1.001764603450846502e+00 1.999889849016770915e+00 4.384838386444069730e-02
1.001819586644119964e+00 1.999889157612466883e+00 4.941743772705654153e-02
1.001888480850769758e+00 1.999900900194171216e+00 5.476661948780507660e-02
1.001990425460316692e+00 1.999900662370476034e+00 6.003677546265224346e-02
1.002033914153061422e+00 1.999901178503945554e+00 6.617091220429230369e-02
1.002090871162774288e+00 1.999903519975193111e+00 7.302992463647257904e-02
1.002148606268459030e+00 1.999903819546570594e+00 7.895232079363299904e-02
1.002216433419165664e+00 1.999902813284586633e+00 8.597935060580556843e-02
1.002276365612830622e+00 1.999901897126466377e+00 9.277146706492640782e-02
1.002311317821724002e+00 1.999903490973138132e+00 1.003119755011531861e-01
1.002339952503664922e+00 1.999904587244300203e+00 1.077244152053695031e-01
1.002421544052052527e+00 1.999928195903523998e+00 1.158769841175704418e-01
1.002515012985196741e+00 1.999927591770223723e+00 1.240446794496756072e-01
1.002585873073581935e+00 1.999937682636344860e+00 1.319013740436406068e-01
1.002630185912330107e+00 1.999945781753766472e+00 1.395665468606253068e-01
1.002676044677349054e+00 1.999952454993279893e+00 1.468002948975365707e-01
1.002764754374060097e+00 1.999962637336279103e+00 1.548585146710486082e-01
1.002846316718293052e+00 1.999978681566013217e+00 1.645171303793323270e-01
1.002850614867546453e+00 1.999976997717809679e+00 1.647376799098741185e-01
1.002947454856735199e+00 1.999995491746812570e+00 1.732368671207406008e-01
1.003011198824555583e+00 2.000006358955534136e+00 1.809323688843381128e-01
1.003082726223739174e+00 2.000020237343488549e+00 1.888179393479297308e-01
1.003164572534242183e+00 2.000038722247435619e+00 1.966837694643184253e-01
1.003232255029819830e+00 2.000050344796042268e+00 2.053149859672609989e-01
1.003313613717957464e+00 2.000065136933364851e+00 2.139167044809984486e-01
1.003368589642462672e+00 2.000080263231867939e+00 2.218910996115306955e-01
1.003433639807798317e+00 2.000099871160722742e+00 2.295675632805922739e-01
1.003521345868405135e+00 2.000114536424483891e+00 2.379610655684353260e-01
1.003580720950493221e+00 2.000131145207970640e+00 2.457438420354559061e-01
1.003626198629476995e+00 2.000139477181869463e+00 2.549411162171129619e-01
1.003672553546207213e+00 2.000155050661460709e+00 2.634473674401281995e-01
1.003730945381391182e+00 2.000174991824856807e+00 2.721497515656751687e-01
1.003812786848450322e+00 2.000200833882838758e+00 2.799259281455196424e-01
1.003962241209571671e+00 2.000250582688808620e+00 2.889582825304030655e-01
1.004081088897949003e+00 2.000281456780076628e+00 2.978750159981879975e-01
1.004187043679605207e+00 2.000334592100203590e+00 3.062655474472684158e-01
1.004298045705207310e+00 2.000373775452418013e+00 3.155697819721170472e-01
1.004392633143943669e+00 2.000413636906077208e+00 3.247546433509012620e-01
1.004493358000005498e+00 2.000452719473179375e+00 3.335278757921023018e-01
1.004625690140136252e+00 2.000509051316102127e+00 3.426972131936092958e-01
1.004744387309448594e+00 2.000560886863122612e+00 3.515730672486245267e-01
1.004857653138347295e+00 2.000610399652355653e+00 3.602612718697170702e-01
1.004971930399016999e+00 2.000657357505431833e+00 3.689001770393943169e-01
1.005062720140124988e+00 2.000710679816942061e+00 3.768569104580615781e-01
1.005190485053021554e+00 2.000763494071951420e+00 3.849987290480235691e-01
1.005316610870563121e+00 2.000815351609477766e+00 3.940180924690734887e-01
1.005322944287733833e+00 2.000818107375885280e+00 3.942491322579328994e-01
1.005443766001086203e+00 2.000872817252111968e+00 4.034020135030939036e-01
1.005540974672297860e+00 2.000921838946408293e+00 4.109261363025114577e-01
1.005846473910574135e+00 2.001093991095576730e+00 4.350874963793548988e-01
1.005852468639880426e+00 2.001094362037161289e+00 4.353152531231156419e-01
1.005952575566727125e+00 2.001155657305461855e+00 4.437109473517367730e-01
1.006058974051576183e+00 2.001225852982134956e+00 4.516699364943390638e-01
1.006171532638774124e+00 2.001302624503751293e+00 4.603537160473790690e-01
1.006296045448685783e+00 2.001373903708376645e+00 4.684638885575689304e-01
1.006386749107086143e+00 2.001416797561240468e+00 4.769501217066032250e-01
1.006512255747279205e+00 2.001474769462157965e+00 4.861951858411358018e-01
1.006614189975680862e+00 2.001525995410514014e+00 4.955960461706472309e-01
1.006614704442306385e+00 2.001528732369181274e+00 4.958260667558884727e-01
1.006727382974370810e+00 2.001591250109159059e+00 5.043544393113823521e-01
1.006732451895629321e+00 2.001596149131726676e+00 5.048218589858717298e-01
1.006837113691287700e+00 2.001665561833818607e+00 5.128747972130404120e-01
1.006956762714751985e+00 2.001724139889574428e+00 5.209920800872265279e-01
1.007052755631209884e+00 2.001788493505189503e+00 5.287585760226617415e-01
1.007177797639274397e+00 2.001874018767751284e+00 5.385608826019885331e-01
1.007271591329754301e+00 2.001944495319419204e+00 5.476112852663910235e-01
1.007363005036678416e+00 2.002009067436659073e+00 5.564726983699043172e-01
1.007481705550815176e+00 2.002068816435199405e+00 5.660131640908557804e-01
1.007588840015896103e+00 2.002144233872499512e+00 5.748024271930367579e-01
1.007590285682012254e+00 2.002146411333729947e+00 5.750312125268205454e-01
1.007666813483539148e+00 2.002210468308254665e+00 5.831364320972276527e-01
1.007772999327273267e+00 2.002272888087171410e+00 5.916819115564949660e-01
1.007863527153522565e+00 2.002335312000982803e+00 6.015430971844685226e-01
1.007960630236486299e+00 2.002416360365091297e+00 6.110760509778540017e-01
1.008072784514298270e+00 2.002524728074391192e+00 6.189774760940703890e-01
1.008175804551250554e+00 2.002585590030047324e+00 6.275035679922028597e-01
1.008289185187398296e+00 2.002685963411283687e+00 6.378091228415080360e-01
1.008289919451321515e+00 2.002688658051182458e+00 6.380361372993825775e-01
1.008374822782786007e+00 2.002755580857578543e+00 6.456673740143757945e-01
1.008466540545002621e+00 2.002824101610806817e+00 6.537794166966282017e-01
1.008467517517820600e+00 2.002827138810041152e+00 6.540099265549420560e-01
1.008546733650647731e+00 2.002895975396882466e+00 6.632516622805899598e-01
1.008595436115230282e+00 2.002946675914687447e+00 6.717828094493039082e-01
1.008645091714830855e+00 2.002993535456340179e+00 6.802797349312995623e-01
1.008699592534163747e+00 2.003049826408987322e+00 6.901980908136391424e-01
1.008753962877252830e+00 2.003112137234576373e+00 6.987789363045741053e-01
1.008819002645002127e+00 2.003185309041790596e+00 7.073301781696583745e-01
1.008821423254734118e+00 2.003186317611775014e+00 7.075615407247993760e-01
1.008854696824636354e+00 2.003224035874051623e+00 7.151845428393365234e-01
1.008935800406352667e+00 2.003312162427157705e+00 7.249248049849001951e-01
1.009007081202170308e+00 2.003391120641293544e+00 7.340801987609457679e-01
1.009059395882526022e+00 2.003448258467517729e+00 7.416685183243394430e-01
1.009146886679612720e+00 2.003550304171714203e+00 7.508335070682641277e-01
1.009147359646363151e+00 2.003552301838718464e+00 7.510631904102392786e-01
1.009235777753515695e+00 2.003632585356262208e+00 7.596693058510998187e-01
1.009329861871389733e+00 2.003722420902221302e+00 7.687583930920396380e-01
1.009427927447053230e+00 2.003813553379341084e+00 7.773295394626735799e-01
1.009500834394598368e+00 2.003894442587435432e+00 7.857024054508140454e-01
1.009563074829895823e+00 2.003966837575326565e+00 7.938506732650376652e-01
1.009618910561565830e+00 2.004039097682001280e+00 8.020562092608409799e-01
1.009682890605052119e+00 2.004125110621499228e+00 8.114848946904653637e-01
1.009725720127312654e+00 2.004175222198195883e+00 8.195785065586963514e-01
1.009780643782910436e+00 2.004243792998999574e+00 8.282289650055899566e-01
1.009825998119310286e+00 2.004302835312878450e+00 8.368456920013330746e-01
1.009891284477373752e+00 2.004390631654578758e+00 8.467504093529638620e-01
1.009955042670925174e+00 2.004487023833114723e+00 8.553816548083026383e-01
1.010268190048401404e+00 2.004868747487926317e+00 8.631416457596677860e-01
1.011843423460409008e+00 2.006736389020046030e+00 8.706750027874604614e-01
1.014419483933924004e+00 2.009876247797246052e+00 8.799415207860763477e-01
1.016966135152320705e+00 2.013034795462628868e+00 8.895833631764045180e-01
1.017027481852257997e+00 2.013108408017544981e+00 8.898197444818671809e-01
1.019168524591417269e+00 2.015838799242475332e+00 8.962733237611966164e-01
1.021225031814918749e+00 2.018517133519057705e+00 9.006402158594716267e-01
1.023142413848806331e+00 2.021002865968558382e+00 9.026308461607996936e-01
1.025618576645348057e+00 2.024236654423927195e+00 9.010250108694616289e-01
1.025679207677453242e+00 2.024314358597578689e+00 9.009324974931394170e-01
1.027827051118607837e+00 2.027064819314385424e+00 8.973855400164855167e-01
1.030435938784626915e+00 2.030416502498034070e+00 8.945511794019264107e-01
1.032542861217626617e+00 2.033121700033761137e+00 8.926858263905476099e-01
1.034850876717517298e+00 2.036071083152994010e+00 8.885156276402735864e-01
1.037289818682763265e+00 2.039131599792572747e+00 8.836723182261295717e-01
1.039720554384249152e+00 2.042162433723464954e+00 8.792996599374957034e-01
1.042287421243202949e+00 2.045351833260109053e+00 8.759503551713652136e-01
1.042351651743772756e+00 2.045431054539026405e+00 8.758833852215357485e-01
1.044502438523177812e+00 2.048046861556625853e+00 8.739245584457749905e-01
1.047171748539425407e+00 2.051316968700939825e+00 8.727846754236803228e-01
1.049297723791694947e+00 2.053902065889265494e+00 8.722123212861703223e-01
1.051535389850775326e+00 2.056658502284009149e+00 8.711975183181698279e-01
1.053493888418764568e+00 2.059085099711329914e+00 8.685423941586916108e-01
1.053617751615040232e+00 2.059234720855493972e+00 8.683172898950560770e-01
1.060276772131569123e+00 2.067243217085118712e+00 8.617929698083082179e-01
1.062558337882899773e+00 2.069992665719234015e+00 8.609259032514663401e-01
1.062882497702428708e+00 2.070382134794318318e+00 8.608318633856302249e-01
1.065288799583554269e+00 2.073240112039055560e+00 8.599980749224569454e-01
1.067485489453120273e+00 2.075859365226013331e+00 8.595486211981477886e-01
1.069744896721543270e+00 2.078543322843918517e+00 8.590098617465613540e-01
1.072130535069703239e+00 2.081419849282772905e+00 8.579135870642319306e-01
1.074149572883335679e+00 2.083836031727825056e+00 8.559932722545883221e-01
1.076722953156603158e+00 2.086834564229781197e+00 8.513958195287407715e-01
1.079273104160950458e+00 2.089782016833381384e+00 8.461789476283276823e-01
1.081775973925013679e+00 2.092651045406429322e+00 8.421561777206751920e-01
1.084354936612669906e+00 2.095579562598153700e+00 8.408563243821236544e-01
1.086908355908231316e+00 2.098412828912371797e+00 8.409606535416825901e-01
1.089868060811713946e+00 2.101724258871211504e+00 8.417405603615889520e-01
1.092456959481831857e+00 2.104618222698696250e+00 8.421642060534509922e-01
1.095269148151156058e+00 2.107808829720037469e+00 8.419354338616045208e-01
1.097775272266697355e+00 2.110723283643976433e+00 8.396670925956382092e-01
1.100318998437235241e+00 2.113615461768388659e+00 8.354224530993518139e-01
1.103000303905744994e+00 2.116663715423038106e+00 8.308111365341759313e-01
1.105614918545312131e+00 2.119569393096562671e+00 8.272634385987609473e-01
1.108114642574825170e+00 2.122285943305033395e+00 8.263436997328931222e-01
1.110679509071565318e+00 2.125064820500575102e+00 8.265906685353993089e-01
1.113460879208037602e+00 2.128085916753027274e+00 8.270108575768354564e-01
1.115848460649264684e+00 2.130688517870209964e+00 8.270736205966504606e-01
1.118165014882529951e+00 2.133237800890584346e+00 8.254930208373679745e-01
1.119847863612267513e+00 2.135073255146046733e+00 8.233480403585738960e-01
1.121577023269744400e+00 2.137005143525052553e+00 8.206880759695891481e-01
1.123950646098135442e+00 2.139630407866175865e+00 8.172451387640999876e-01
1.126453515082711077e+00 2.142357483785715555e+00 8.139897463006203759e-01
1.129167366214924861e+00 2.145307892834185104e+00 8.110322075166688238e-01
1.131791619579125996e+00 2.148101506236053559e+00 8.088122935228139188e-01
1.134754057219956369e+00 2.151196351438954490e+00 8.083674016111639382e-01
1.137429141904312324e+00 2.153992886014540531e+00 8.092112484437780084e-01
1.139783523359794826e+00 2.156484962786391790e+00 8.098124681028788796e-01
1.142433124309441439e+00 2.159310643297885246e+00 8.084231164496847866e-01
1.144890516945356929e+00 2.161948869599842116e+00 8.055516431708243941e-01
1.147292607171225054e+00 2.164522494947802578e+00 8.022375310436845597e-01
1.149581406322608634e+00 2.166939303173718301e+00 7.992546260425250626e-01
1.151973269472877703e+00 2.169445946185309282e+00 7.965897236050424324e-01
1.154668273011210999e+00 2.172257627655543644e+00 7.941759560585970323e-01
1.157387120123838598e+00 2.175021601985104081e+00 7.926621918633856012e-01
1.160118812856152815e+00 2.177789617316469695e+00 7.930013859155472522e-01
1.162872179326064570e+00 2.180599727372161567e+00 7.932030549483902737e-01
1.165632743300929919e+00 2.183421231888744263e+00 7.913521730162443868e-01
1.168109660428858776e+00 2.185980333324591740e+00 7.886548984843753107e-01
1.170637099706796969e+00 2.188600829867491271e+00 7.856281663287006944e-01
1.173350047601682933e+00 2.191361272738300503e+00 7.825663821324049252e-01
1.175781102727811778e+00 2.193836826043987998e+00 7.801932220205717305e-01
1.178446325201771838e+00 2.196534456025557080e+00 7.780571673117225862e-01
1.181172259531261481e+00 2.199235036440342572e+00 7.762456048109691586e-01
1.184294915810341964e+00 2.202294019230153665e+00 7.759855289206952778e-01
1.186975521616585594e+00 2.204920651397736631e+00 7.765061522060804355e-01
1.189895098495953096e+00 2.207812123645564562e+00 7.760646039416465580e-01
1.192454881800004696e+00 2.210393354024992263e+00 7.738785164943889905e-01
1.195030531427389908e+00 2.213002143585934167e+00 7.709707817946955810e-01
1.197920811812849262e+00 2.215858458349133198e+00 7.674710333676152407e-01
1.200675745598384081e+00 2.218591344342200955e+00 7.641368601731212129e-01
1.203224174113820766e+00 2.221106688424311137e+00 7.614537814507597036e-01
1.205844549326074766e+00 2.223588469491343034e+00 7.597764434379390419e-01
1.208958601305989422e+00 2.226541062171365493e+00 7.597290234017561872e-01
1.211895031865524386e+00 2.229327281551015449e+00 7.600124453437651084e-01
1.214787855830823604e+00 2.232082514607010015e+00 7.599462355713098027e-01
1.217481828496496554e+00 2.234712817316849787e+00 7.579314803260608358e-01
1.220082427958923965e+00 2.237209059401368272e+00 7.546806094219166150e-01
1.220151221122176111e+00 2.237282855122046055e+00 7.545974177086951507e-01
1.222845827079895198e+00 2.239868613078455084e+00 7.510008305120758898e-01
1.225678289709282609e+00 2.242561054712088886e+00 7.475446750759268122e-01
1.225750353398359582e+00 2.242625658284219448e+00 7.474565850717727056e-01
1.228596666158155992e+00 2.245307155617062733e+00 7.448419777726936752e-01
1.231700219753541603e+00 2.248174427603099712e+00 7.437731492787872378e-01
1.231774246726160982e+00 2.248243243149923298e+00 7.437646758686611292e-01
1.234901862209860646e+00 2.251123768399703629e+00 7.432028594865478510e-01
1.237720772525179314e+00 2.253712821893303353e+00 7.427218484787850850e-01
1.240175570686449236e+00 2.255995769054621292e+00 7.417656066899908085e-01
1.242791210198757934e+00 2.258423861667242072e+00 7.389544523042607116e-01
1.245168441951916005e+00 2.260651072539813011e+00 7.357736122445190929e-01
1.247725325295166332e+00 2.263034031260325207e+00 7.324598609039427721e-01
1.250692164633776304e+00 2.265751669736108642e+00 7.291039805374158744e-01
1.253471041877430414e+00 2.268266898047710534e+00 7.263324294997358654e-01
1.256519128087874693e+00 2.270976427767766648e+00 7.243671378068313738e-01
1.256597010275435800e+00 2.271045702361009777e+00 7.243416322586533340e-01
1.259434624204337494e+00 2.273555548213470168e+00 7.237928753061718679e-01
1.262236048444115966e+00 2.276022119359915941e+00 7.236529750077522749e-01
1.270576723308733280e+00 2.283394580291880249e+00 7.226559276632588125e-01
1.270731744270593877e+00 2.283529044649086792e+00 7.226429060061568821e-01
1.273557392963533097e+00 2.286030772980574888e+00 7.218838158523215309e-01
1.276326436996832125e+00 2.288570427592367729e+00 7.194525592896590105e-01
1.278711307224973837e+00 2.290679936618495560e+00 7.157908854400837351e-01
1.281280113927831810e+00 2.292953982362398335e+00 7.118846169026197268e-01
1.284033217259206161e+00 2.295396149005320741e+00 7.093911948788526045e-01
1.286911147265598299e+00 2.297859844088752546e+00 7.075512123609348780e-01
1.290013100063707174e+00 2.300532212970229917e+00 7.057902480724014271e-01
1.290091557699910796e+00 2.300595255101630876e+00 7.057474639693647189e-01
1.293153351614531488e+00 2.303250318910612826e+00 7.036094962722229118e-01
1.295928205184460724e+00 2.305684022488920792e+00 7.002712701196851519e-01
1.298848512144775036e+00 2.308204585634510142e+00 6.962763575498618351e-01
1.301832095629135155e+00 2.310777898167666322e+00 6.924723914639286937e-01
1.304761584390960127e+00 2.313254632155178125e+00 6.894383041896126052e-01
1.307669383779922700e+00 2.315667831677259425e+00 6.870074169991515767e-01
1.310723619015836672e+00 2.318159594975418791e+00 6.860864339852480454e-01
1.313574913769500530e+00 2.320499427706014028e+00 6.858101660553246326e-01
1.316822384125614587e+00 2.323155712773806503e+00 6.853948047935405352e-01
1.316900768466934268e+00 2.323219452130266038e+00 6.853845947239852743e-01
1.319833835655829901e+00 2.325615690518045398e+00 6.845093676900928514e-01
1.322604986208664180e+00 2.327860641368077577e+00 6.831950399374935312e-01
1.325417709960128088e+00 2.330185630159727683e+00 6.810183640716167552e-01
1.328083589056480829e+00 2.332374219618336575e+00 6.777331939069940470e-01
1.330964642951825816e+00 2.334736681181886375e+00 6.739293516036027887e-01
1.334149877889763802e+00 2.337310768838233077e+00 6.714029403710842780e-01
1.336868980170036192e+00 2.339469799524180882e+00 6.697784485805053922e-01
1.339681706274848505e+00 2.341708734775530321e+00 6.683385847605739505e-01
1.342661526579609577e+00 2.344057039623669070e+00 6.668404930608140546e-01
1.345809092502387116e+00 2.346520554764197630e+00 6.651939284091068494e-01
1.345886734008850283e+00 2.346585402836891987e+00 6.651531176409084534e-01
1.349179836589958326e+00 2.349185513924158641e+00 6.632539297909595399e-01
1.349259104222147343e+00 2.349248851492127699e+00 6.632075854878752841e-01
1.352533542443343118e+00 2.351826675271540878e+00 6.612349500488375886e-01
1.355497588291172839e+00 2.354152811229593301e+00 6.594394550790193543e-01
1.358740922475699220e+00 2.356716128750138584e+00 6.572011061803695320e-01
1.361552290117527875e+00 2.358952561644021007e+00 6.548756034998438613e-01
1.364718628709046033e+00 2.361435812287606684e+00 6.522464663590159528e-01
1.367612285119851556e+00 2.363666013553272105e+00 6.498435155201506275e-01
1.370493580174534598e+00 2.365892288159315182e+00 6.476262078923905596e-01
1.373868701420149829e+00 2.368490067028993451e+00 6.451140008192665087e-01
1.373948709747381924e+00 2.368552372544084683e+00 6.450586330358594189e-01
1.376872726713344264e+00 2.370758507614421084e+00 6.430093273835432166e-01
1.379781019214025850e+00 2.372971747604601500e+00 6.410395553929983947e-01
1.382503063786476583e+00 2.374991485530820956e+00 6.394074303964025763e-01
1.385814266098677638e+00 2.377452360442095625e+00 6.383507196597992817e-01
1.388873767669816850e+00 2.379721728429405214e+00 6.374578227805429709e-01
1.392199299788509093e+00 2.382211295676066598e+00 6.356444534564036353e-01
1.392279086924658404e+00 2.382274314956182693e+00 6.355817717667365807e-01
1.395053110059905954e+00 2.384394618324960469e+00 6.327115383295530693e-01
1.397767783609747960e+00 2.386444123491668456e+00 6.295879080459029220e-01
1.400422810769982984e+00 2.388405500117968039e+00 6.266425219720835882e-01
1.403671573371397141e+00 2.390814513003179265e+00 6.234472516794097308e-01
1.406533493349172437e+00 2.392892167069153420e+00 6.211336262452620272e-01
1.410125712725363023e+00 2.395444746561862015e+00 6.196345681225897684e-01
1.413373261308405793e+00 2.397769492939918479e+00 6.185006357131646038e-01
1.416439043423553645e+00 2.399947046663918115e+00 6.173891024862092625e-01
1.419441583109713578e+00 2.402065590452705734e+00 6.160623569464888094e-01
1.422516963131654766e+00 2.404230401877781365e+00 6.144904092360731207e-01
1.422600497185165347e+00 2.404288935893198254e+00 6.144452502866587507e-01
1.425633586973180655e+00 2.406493645715507057e+00 6.118970404253385453e-01
1.428724529386773856e+00 2.408724383595533869e+00 6.080396671461820723e-01
1.428806581156516042e+00 2.408778482924664566e+00 6.079310677482512304e-01
1.431554755685516822e+00 2.410759057553133466e+00 6.047220021599151174e-01
1.434889840687247009e+00 2.413096075244372418e+00 6.021985774765902244e-01
1.438086381234468858e+00 2.415290313991459659e+00 6.002132547667342610e-01
1.441514344809344150e+00 2.417655591332864340e+00 5.982725663153941609e-01
1.444860224525195580e+00 2.419961968294246812e+00 5.963625752314476447e-01
1.447970107544119811e+00 2.422100780324193625e+00 5.944998984155469568e-01
1.451161978080486303e+00 2.424276244332871144e+00 5.925311021514543253e-01
1.454517465266237375e+00 2.426558479840621896e+00 5.904193922045636311e-01
1.454599618923363424e+00 2.426615129570104834e+00 5.903672097201769775e-01
1.457871167409294344e+00 2.428844323096820634e+00 5.883841056038044970e-01
1.460955399980940594e+00 2.430942634781949163e+00 5.857428109346726197e-01
1.464041473254874770e+00 2.433036813481352478e+00 5.830333262791788096e-01
1.473842605732636812e+00 2.439616558842976346e+00 5.746427906811089059e-01
1.476778006130572196e+00 2.441561394291097642e+00 5.722126270972168749e-01
1.479839443812184907e+00 2.443544618625102416e+00 5.700778274895909048e-01
1.483470537142361101e+00 2.445873147577119155e+00 5.684174862920536864e-01
1.483556719574500748e+00 2.445926675157707564e+00 5.683887318742459893e-01
1.487094356339786261e+00 2.448193478310024318e+00 5.671454973931788768e-01
1.490207563028486781e+00 2.450159943377967942e+00 5.659741216467161218e-01
1.493733252982559323e+00 2.452406940470003072e+00 5.645495920329808293e-01
1.496625482098198123e+00 2.454263100054931979e+00 5.629525786028625189e-01
1.499496364767737955e+00 2.456106192385868248e+00 5.600293299144949444e-01
1.502927702647246733e+00 2.458317057409177941e+00 5.560699039266634447e-01
1.506028333761519011e+00 2.460292467316774090e+00 5.527719481954884717e-01
1.509290482824455548e+00 2.462343705587422882e+00 5.496594385061883692e-01
1.512341186946987825e+00 2.464226869738312509e+00 5.477602446556016913e-01
1.515951265361729305e+00 2.466412359313603808e+00 5.459473330126586310e-01
1.516039472302756153e+00 2.466465486987230449e+00 5.459024695247535197e-01
1.519010701180421696e+00 2.468278890556593108e+00 5.444047394192865763e-01
1.521976498156044411e+00 2.470082005426696092e+00 5.428806921491889925e-01
1.525289076352678741e+00 2.472098931502921815e+00 5.410577759263713871e-01
1.528721772120978928e+00 2.474152176454137653e+00 5.391120962378510573e-01
1.532092761189444374e+00 2.476148169927614884e+00 5.376191976450063192e-01
1.534972687982938844e+00 2.477872337079418230e+00 5.365994495781106766e-01
1.538071278866933289e+00 2.479742318571608983e+00 5.348838205469224061e-01
1.541199504640643703e+00 2.481661139635211732e+00 5.321896923092114262e-01
1.544373213675594769e+00 2.483585229975793673e+00 5.291607203631367717e-01
1.547728655884531346e+00 2.485592413649272192e+00 5.260390956392687611e-01
1.550857277277248869e+00 2.487465264229679729e+00 5.232748335221302227e-01
1.553747893350581943e+00 2.489143113052693312e+00 5.209827057912579384e-01
1.557127486874640088e+00 2.491087066264580319e+00 5.190342716476648022e-01
1.560412865454507081e+00 2.492964181167837356e+00 5.175456740500765651e-01
1.564153494241618425e+00 2.495083769094821768e+00 5.158260750145094997e-01
1.567547193310384834e+00 2.496993166498707950e+00 5.141303624188554577e-01
1.570650165894131867e+00 2.498762522728591229e+00 5.124924540005177942e-01
1.574019395658507570e+00 2.500668479582507153e+00 5.105422622763845508e-01
1.576938186170968370e+00 2.502327979473900399e+00 5.088070073363093471e-01
1.580372463973596542e+00 2.504320010508019223e+00 5.060485831164113213e-01
1.583462800760206513e+00 2.506091828180980308e+00 5.031263417836212559e-01
1.587103134538090821e+00 2.508121134946966535e+00 5.001984041530634917e-01
1.590734068964814618e+00 2.510143855625183829e+00 4.975373149400895700e-01
1.594200799393945767e+00 2.512060096497627182e+00 4.951220296295196777e-01
1.597512024869158997e+00 2.513876102731834372e+00 4.929594006395915939e-01
1.600565452183617898e+00 2.515534788866803151e+00 4.910080982852365050e-01
1.604246112209248398e+00 2.517530357011285247e+00 4.886858020617106946e-01
1.607713831856508513e+00 2.519384900993507870e+00 4.869532198924632627e-01
1.611073306420855999e+00 2.521157334296716179e+00 4.855602914551104266e-01
1.614708602294651518e+00 2.523083621125215892e+00 4.839581764387035356e-01
1.618247512543737443e+00 2.524948520129700391e+00 4.823132601470527803e-01
1.621322690290916579e+00 2.526586524748920759e+00 4.807379351203722173e-01
1.624488803863049391e+00 2.528264520319021269e+00 4.789819377070445583e-01
1.628085141184906881e+00 2.530192942356880526e+00 4.763589670739306614e-01
1.628175393634006873e+00 2.530242378213192200e+00 4.762727857253476471e-01
1.631340270029722372e+00 2.531897137603200232e+00 4.734378012102983257e-01
1.634501338001523418e+00 2.533546482440411474e+00 4.709834481548875740e-01
1.637483518552197648e+00 2.535094729507044953e+00 4.687519979877535214e-01
1.640765378797064855e+00 2.536791298368187952e+00 4.665285489749184666e-01
1.644417717833734027e+00 2.538662123193037523e+00 4.641732745866916088e-01
1.647882144779058589e+00 2.540428449722405446e+00 4.620094691957236099e-01
1.651099989219775521e+00 2.542057253289712992e+00 4.600154922452998618e-01
1.654689837694187649e+00 2.543833723959992632e+00 4.578788339748755543e-01
1.658296312501573944e+00 2.545607358743980697e+00 4.560274383697294209e-01
1.662087303542338912e+00 2.547474811119684546e+00 4.545025056205142522e-01
1.665989890592199041e+00 2.549399113556135799e+00 4.528413941242624974e-01
1.669769854606350856e+00 2.551252864874520743e+00 4.512036008531675746e-01
1.673565821591257663e+00 2.553111169945416314e+00 4.493503940203850133e-01
1.676852458283458525e+00 2.554744985032130877e+00 4.473652287532276506e-01
1.680121257175361649e+00 2.556335071446181662e+00 4.444691700026991987e-01
1.683427538989201278e+00 2.557945747202007070e+00 4.414162682768797419e-01
1.686732031074454685e+00 2.559542941808199856e+00 4.389873744689314350e-01
1.690170981128986227e+00 2.561157076988806569e+00 4.368495555661977003e-01
1.693518115904227184e+00 2.562749208985851013e+00 4.349069335632944067e-01
1.696686997420463694e+00 2.564239860550518113e+00 4.331572376796359314e-01
1.699964680515755999e+00 2.565751552486366549e+00 4.313987007820720976e-01
1.703512258491085340e+00 2.567397487997784999e+00 4.295269837741866881e-01
1.706892662564876817e+00 2.568929474711219019e+00 4.277385670150847807e-01
1.710010416829746305e+00 2.570356039609003940e+00 4.263704507842683844e-01
1.713295501186419934e+00 2.571842793995293697e+00 4.252158814839734902e-01
1.716662860189847262e+00 2.573363452194629808e+00 4.240090266913588146e-01
1.720434833315561240e+00 2.575074010433787031e+00 4.224706380381092474e-01
1.723937047657315924e+00 2.576648442074892742e+00 4.208917750794690660e-01
1.727554866684121393e+00 2.578319316505711445e+00 4.187952374457157845e-01
1.731102700290023444e+00 2.579928462061524375e+00 4.157386314948294803e-01
1.734739530564685772e+00 2.581572221288051860e+00 4.128661472087508111e-01
1.738040953690107804e+00 2.583032501628541588e+00 4.107314437416855757e-01
1.741725904115596801e+00 2.584666418730752202e+00 4.086273151169145801e-01
1.751889553180263626e+00 2.589098306695636786e+00 4.032199496969807728e-01
1.755415045735683854e+00 2.590619582639474228e+00 4.013809749587609055e-01
1.758962215052220390e+00 2.592114258728432041e+00 3.998614892998331172e-01
1.762512716775553434e+00 2.593622449733533841e+00 3.986927018160902891e-01
1.765975879613309818e+00 2.595091438747919366e+00 3.975510730505640855e-01
1.769139264589259186e+00 2.596430067555695498e+00 3.963684706980017403e-01
1.772782994384679789e+00 2.597974043248112430e+00 3.949042443774520295e-01
1.776332954997270175e+00 2.599455693910200260e+00 3.933834520352654240e-01
1.780070417457876308e+00 2.601028862695005550e+00 3.916827539895201271e-01
1.783860465527516537e+00 2.602603461024851406e+00 3.902718935931653865e-01
1.787304263194224863e+00 2.604051589385719900e+00 3.888533430671873292e-01
1.790600466665873025e+00 2.605446163386424541e+00 3.867456932633263622e-01
1.793911115592240257e+00 2.606838284722652332e+00 3.845047998304097492e-01
1.797508143398794278e+00 2.608362927809583010e+00 3.820818246461383794e-01
1.801414779267357602e+00 2.609985301434792238e+00 3.795514920486110499e-01
1.805354143687341484e+00 2.611574435994107546e+00 3.772632678639473158e-01
1.808637686410320189e+00 2.612897030459595094e+00 3.755792851155775880e-01
1.812047834155676718e+00 2.614247863930146742e+00 3.744099757412290286e-01
1.815533444914432692e+00 2.615608675708025022e+00 3.733870077850883762e-01
1.818930297593883250e+00 2.616941227844223672e+00 3.722904905746359794e-01
1.822319991649257176e+00 2.618274336118118661e+00 3.710995912473296632e-01
1.825719210514179291e+00 2.619618581852641181e+00 3.698086019905443278e-01
1.829498429744787824e+00 2.621100207097700974e+00 3.682763385180356508e-01
1.832716292642563083e+00 2.622350014666338769e+00 3.673174188328229284e-01
1.836014590823104253e+00 2.623610172646499539e+00 3.664994836440325088e-01
1.839507449211776002e+00 2.624971671930880657e+00 3.655328427771060706e-01
1.843499056981301454e+00 2.626516195264065878e+00 3.642476869277094242e-01
1.847099516765136729e+00 2.627902731290397753e+00 3.629803397335842896e-01
1.850574422373395977e+00 2.629255413559714150e+00 3.614006398404542852e-01
1.854303525404141340e+00 2.630704466684669285e+00 3.586270792679986941e-01
1.858265356664197121e+00 2.632238982526497573e+00 3.560163050233045023e-01
1.861668944401949410e+00 2.633536694933234834e+00 3.542411834357542255e-01
1.865089843408654913e+00 2.634811710602889878e+00 3.526838246059128545e-01
1.869017777305103767e+00 2.636281978366619150e+00 3.510300636319973466e-01
1.872542643932623374e+00 2.637589917088345004e+00 3.496764626061833470e-01
1.876066257918648894e+00 2.638886950523552155e+00 3.483516453316375383e-01
1.879809656501693294e+00 2.640268051895896306e+00 3.469351668838823732e-01
1.883465220106983695e+00 2.641578031712371821e+00 3.457946449224966190e-01
1.887033477236016665e+00 2.642865465954708615e+00 3.449700930860536974e-01
1.890884786436211495e+00 2.644242375426873348e+00 3.441000598704104796e-01
1.895022178754433462e+00 2.645735694501038626e+00 3.430829123070885389e-01
1.898958932675616884e+00 2.647149700318536247e+00 3.420245126319059747e-01
1.902515469016970329e+00 2.648437208692920208e+00 3.409588705318846724e-01
1.905972420327057382e+00 2.649651746863740165e+00 3.398411312678135121e-01
1.909759815344464595e+00 2.650990001123711970e+00 3.388604701691362298e-01
1.913320650882484930e+00 2.652250071245214169e+00 3.381265271363299019e-01
1.917087787632574702e+00 2.653615158965958010e+00 3.367520191756378511e-01
1.920558772317447094e+00 2.654888435526057577e+00 3.348633210433496488e-01
1.924231796165329467e+00 2.656196764795864862e+00 3.327760102121695152e-01
1.927968852572867764e+00 2.657534822371432348e+00 3.306778638497772094e-01
1.931603537609340782e+00 2.658822606120550880e+00 3.288355039651814082e-01
1.935656463038363473e+00 2.660207856400509829e+00 3.272849220432834660e-01
1.939232862556629966e+00 2.661426155174166475e+00 3.263773624554984765e-01
1.942799549496784017e+00 2.662634978068800784e+00 3.256269510358854036e-01
1.946296971634787099e+00 2.663811470257885894e+00 3.249070560123772378e-01
1.949688675239145352e+00 2.664941392672961484e+00 3.241898736169147033e-01
1.953779705745302575e+00 2.666311533236521036e+00 3.232109358260142340e-01
1.953880623224246271e+00 2.666343568536952535e+00 3.231891644213065184e-01
1.957873911195457506e+00 2.667675496774501553e+00 3.224565922436646304e-01
1.961682838655305350e+00 2.668950630733300855e+00 3.218632434018730004e-01
1.965173490788184818e+00 2.670117880913387420e+00 3.213461383524018333e-01
1.968757158933787110e+00 2.671305703127781594e+00 3.207563005770331377e-01
1.972635738061715882e+00 2.672606034119343832e+00 3.200250310460625025e-01
1.976019126611152643e+00 2.673740852707301219e+00 3.192665756397488619e-01
1.979707896229253805e+00 2.674984714832743471e+00 3.184042901164988448e-01
1.983288589257622636e+00 2.676164735260406324e+00 3.177602725862352928e-01
1.983388042503804183e+00 2.676198088911628137e+00 3.177496559468403481e-01
1.986857966885541948e+00 2.677354974474788651e+00 3.170778043892474862e-01
1.990473190397370029e+00 2.678572604989209349e+00 3.154210243071985387e-01
1.990571233447733901e+00 2.678606098686161285e+00 3.153710454990009682e-01
1.994220675218065564e+00 2.679828456546117899e+00 3.136834246643804280e-01
2.005370690339292050e+00 2.683530074073253502e+00 3.089755502218297645e-01
2.008743597241581913e+00 2.684608458713394263e+00 3.076221689533447656e-01
2.012158724745443550e+00 2.685684648483959158e+00 3.068576533952372953e-01
2.012259072377212465e+00 2.685718640499414445e+00 3.068470873334871452e-01
2.015859503436588263e+00 2.686856208388382683e+00 3.066649682350531259e-01
2.019562153617632916e+00 2.688033591484206841e+00 3.064807046300591642e-01
2.023532588837932966e+00 2.689283663421256243e+00 3.063510916078127644e-01
2.027223218049423181e+00 2.690467916902001377e+00 3.060312158080759071e-01
2.031218210996143192e+00 2.691734218846797866e+00 3.054780657151824896e-01
2.035332331195971012e+00 2.693030378021471272e+00 3.050396662887044918e-01
2.039039813462358630e+00 2.694201241788691803e+00 3.047184130327484364e-01
2.043040828047608670e+00 2.695454590870643763e+00 3.043926086021287447e-01
2.043141431811752007e+00 2.695484526251120450e+00 3.043795367185433420e-01
2.046622242962677252e+00 2.696592213102446678e+00 3.040204765452053093e-01
2.050021621234526137e+00 2.697671242812615944e+00 3.035768445128305681e-01
2.054310554314987769e+00 2.699030736837520372e+00 3.029774877105548270e-01
2.058328361341150270e+00 2.700292765829191310e+00 3.025719134656149056e-01
2.061824703298021255e+00 2.701378367933275904e+00 3.024128230663449823e-01
2.065601482956504142e+00 2.702573323952411677e+00 3.015345718668720476e-01
2.065697745035778077e+00 2.702604744612766563e+00 3.014979451886475870e-01
2.069331506872408077e+00 2.703787354101979457e+00 3.001704236424661554e-01
2.072880342214261873e+00 2.704906991988210052e+00 2.988906246823539448e-01
2.076608071846206549e+00 2.706080100154335089e+00 2.977000766881790494e-01
2.080283988407970241e+00 2.707226978485199886e+00 2.966968735328410767e-01
2.084057732304283483e+00 2.708396579082797295e+00 2.959613619686736752e-01
2.087942915939838606e+00 2.709594867568650756e+00 2.955858030718384044e-01
2.091644445385340223e+00 2.710730771694490837e+00 2.953427912885613349e-01
2.095665596430507538e+00 2.711949587355549696e+00 2.950572721632845896e-01
2.099189629105597810e+00 2.713023319433312874e+00 2.947421801927029295e-01
2.102689411528023022e+00 2.714095029694861605e+00 2.944950580629637216e-01
2.105984274247095556e+00 2.715096798621562613e+00 2.942723055840013036e-01
2.109815201601392687e+00 2.716273592950361859e+00 2.941585254842224995e-01
2.113337471801262524e+00 2.717339458282503450e+00 2.941306522849012617e-01
2.116757259733380803e+00 2.718383377463529982e+00 2.940849988105551649e-01
2.120232662180380423e+00 2.719431588554376944e+00 2.941363150593153120e-01
2.124103945400825033e+00 2.720606831816061000e+00 2.941759093445277529e-01
2.127668405154029330e+00 2.721685178188142373e+00 2.941901138216966305e-01
2.131058835235458027e+00 2.722733822915185176e+00 2.940926395184039754e-01
2.135010654759977644e+00 2.723929428574238365e+00 2.942279857241792418e-01
2.138895272859826946e+00 2.725106612230483005e+00 2.943636775388772109e-01
2.142752479042296265e+00 2.726285243319146012e+00 2.944345650785755719e-01
2.142852406249952768e+00 2.726314355087477992e+00 2.944365423424421535e-01
2.146479475679095028e+00 2.727437137938271583e+00 2.941781848363111407e-01
2.149677342698325333e+00 2.728441335160976422e+00 2.932242265796344838e-01
2.153290041622782258e+00 2.729568600967629433e+00 2.921305840347520610e-01
2.157023204743871325e+00 2.730712500446373703e+00 2.910775147378645289e-01
2.160464805657698939e+00 2.731768865067690122e+00 2.903684672428331615e-01
2.164420367173707227e+00 2.732943164766947319e+00 2.901422508862384619e-01
2.168178232973192010e+00 2.734061620770719347e+00 2.900880902021498176e-01
2.171851940594743624e+00 2.735163843165955289e+00 2.900783066792682052e-01
2.175908452154768469e+00 2.736386223258814976e+00 2.901270432608227812e-01
2.179686097036756198e+00 2.737504792533616005e+00 2.901937499321363134e-01
2.183362917484418908e+00 2.738607944177314568e+00 2.903549405747167245e-01
2.186930572227129055e+00 2.739679889443830785e+00 2.906908686240897710e-01
2.190579145340353584e+00 2.740777395274085038e+00 2.910911218775544818e-01
2.194231390098110523e+00 2.741875398955768262e+00 2.914342066433580070e-01
2.197686539886967161e+00 2.742918036954629102e+00 2.917248995540759338e-01
2.201316581136127937e+00 2.743998591998360936e+00 2.919963872088673917e-01
2.201414934204286133e+00 2.744028408881776571e+00 2.920043147917862347e-01
2.204677710106000887e+00 2.745021878321121545e+00 2.922247545309226702e-01
2.207936420234033470e+00 2.746004880344298904e+00 2.924976119386227258e-01
2.211553242465965852e+00 2.747092676124216926e+00 2.929358071478291858e-01
2.215313058325450335e+00 2.748235347942580287e+00 2.932176342383293055e-01
2.219427530269540760e+00 2.749488724052545408e+00 2.935619219494531307e-01
2.222771612996940593e+00 2.750519444227891963e+00 2.937779681520754638e-01
2.226581930199441839e+00 2.751680515970814866e+00 2.940890612112989633e-01
2.226682417846264972e+00 2.751710874070426804e+00 2.940939582342276259e-01
2.230467910615868909e+00 2.752900601789778356e+00 2.938509695512201425e-01
2.234041551921740698e+00 2.753991510869226111e+00 2.934447830113086075e-01
2.237527789730623162e+00 2.755053347172168543e+00 2.931156584626530837e-01
2.241204734006170263e+00 2.756170614401729502e+00 2.929202656436037944e-01
2.244997938480514321e+00 2.757315636447573048e+00 2.928869136573665766e-01
2.257139745660784680e+00 2.761030496986384364e+00 2.932923310412552387e-01
2.260455865491097782e+00 2.762012975601004339e+00 2.934946163142646003e-01
2.263863793821705883e+00 2.763034982606503043e+00 2.940670345267045738e-01
2.267510995867959345e+00 2.764143463327321193e+00 2.950954155566755110e-01
2.271178466125921336e+00 2.765258129617479188e+00 2.959973685366006357e-01
2.274665099048480243e+00 2.766315084945207392e+00 2.966865488291603459e-01
2.278715337997105905e+00 2.767545435049371783e+00 2.974534604139194571e-01
2.282270409478127426e+00 2.768645169769034631e+00 2.981060263044229552e-01
2.285727563897199222e+00 2.769702281602059557e+00 2.988384627162545271e-01
2.289556080371160540e+00 2.770889322762736029e+00 2.996283662356669097e-01
2.293257067409632199e+00 2.772038819652045127e+00 3.004477856396230995e-01
2.296597831966847636e+00 2.773075703399890735e+00 3.011188407304916659e-01
2.299754244452206997e+00 2.774059788078184319e+00 3.016522075295758887e-01
2.303770848863266441e+00 2.775322083423595210e+00 3.023570403706617449e-01
2.307160009890528052e+00 2.776378602228013470e+00 3.030882490293825837e-01
2.310624356442042338e+00 2.777484538386739032e+00 3.035890251371535786e-01
2.313902773132241464e+00 2.778542256943660416e+00 3.036281698719263122e-01
2.317651444553924023e+00 2.779739324881742135e+00 3.037292955530349059e-01
2.321320621837049902e+00 2.780889501025790800e+00 3.039823575686277923e-01
2.324875782487669795e+00 2.782031870828566511e+00 3.043203683471826793e-01
2.328441284997130545e+00 2.783159799466544904e+00 3.047833359424269584e-01
2.331917439753136811e+00 2.784273013490712323e+00 3.053640582771500189e-01
2.335722179376578111e+00 2.785472693531804822e+00 3.060857370365898111e-01
2.338845059237471879e+00 2.786457343966328271e+00 3.067746621995495193e-01
2.342214733700855867e+00 2.787517166740893781e+00 3.077184774364931652e-01
2.345481421137279643e+00 2.788555115380520810e+00 3.086892433625418319e-01
2.348942265471720248e+00 2.789669165598875011e+00 3.096448229480039949e-01
2.352034009364667888e+00 2.790661128806743996e+00 3.104871564187665078e-01
2.355546713772408651e+00 2.791778217057788058e+00 3.115551945343271179e-01
2.358699070343018622e+00 2.792794013271310938e+00 3.125213275747428798e-01
2.361930196481787370e+00 2.793837415781581068e+00 3.135468497958953660e-01
2.365989298586772538e+00 2.795160923359501393e+00 3.148384375127757928e-01
2.369321380455075676e+00 2.796245137402313397e+00 3.158305456976436276e-01
2.372731630946722348e+00 2.797362917695194184e+00 3.168433696785091236e-01
2.376026753122443047e+00 2.798455913147157581e+00 3.178785815126790593e-01
2.379792282245743795e+00 2.799704471790298577e+00 3.190046135879350819e-01
2.382990123339215227e+00 2.800766358967415659e+00 3.199922952376784702e-01
2.386274809096368354e+00 2.801850911714948378e+00 3.210776805869401951e-01
2.389877610360653826e+00 2.803076049538086867e+00 3.218612896409538404e-01
2.393402315414715709e+00 2.804267287473244608e+00 3.224593552009370478e-01
2.396380493729327377e+00 2.805287119684749531e+00 3.230127437265208346e-01
2.399816675908285291e+00 2.806451792072874873e+00 3.238209183626435950e-01
2.402896955600958062e+00 2.807490428375304603e+00 3.245660440036317596e-01
2.405872311976625877e+00 2.808508330628860516e+00 3.254159119557903379e-01
2.409218158159085021e+00 2.809643393292697855e+00 3.264829833450870189e-01
2.412483082866037520e+00 2.810768902215030618e+00 3.275408993364997690e-01
2.415915402834836634e+00 2.811921853351138534e+00 3.287831440852455600e-01
2.419151455311739696e+00 2.813028452732409423e+00 3.300128453648819016e-01
2.422284602935154574e+00 2.814105159265638534e+00 3.312649558886572865e-01
2.425716028980921202e+00 2.815290535515955206e+00 3.325820300815178765e-01
2.429357441189413436e+00 2.816543221107045358e+00 3.341062681856721284e-01
2.429445377482824853e+00 2.816575228935445097e+00 3.341440335189647670e-01
2.432827728205208651e+00 2.817755886080316241e+00 3.355525421941400466e-01
2.435937159891042647e+00 2.818848849404524071e+00 3.368163275361263365e-01
2.439056743117148152e+00 2.819954727749098389e+00 3.380887742777173854e-01
2.442307104826567432e+00 2.821095816637134934e+00 3.395178965599937593e-01
2.445395875948744191e+00 2.822190907222692058e+00 3.408567563614210427e-01
2.448976551409372426e+00 2.823458897882940022e+00 3.425132833070060334e-01
2.452337663579749361e+00 2.824653428805824262e+00 3.439928468725351740e-01
2.452426137461996891e+00 2.824683401476820066e+00 3.440307099013127923e-01
2.455492548493524829e+00 2.825778381347183288e+00 3.453302119639011791e-01
2.459083709864963829e+00 2.827063014198466728e+00 3.468610821880295791e-01
2.462196549225471820e+00 2.828210213493581371e+00 3.480577398514682064e-01
2.465493111599256437e+00 2.829427896090140671e+00 3.492391111244331214e-01
2.468535304332570401e+00 2.830554724606501704e+00 3.503032423908752357e-01
2.471654722995725528e+00 2.831710749693233886e+00 3.515591383513818613e-01
2.474929008479765713e+00 2.832913959940824622e+00 3.529969341420861051e-01
2.478390079159840553e+00 2.834199719779353366e+00 3.546147436891865512e-01
2.481480639673845801e+00 2.835343095959353743e+00 3.561592926108627100e-01
2.484292253875858947e+00 2.836388709910501404e+00 3.576326347189518473e-01
2.494096677313256016e+00 2.840089112936270421e+00 3.628071936067425729e-01
2.497073401865154807e+00 2.841229895359353108e+00 3.644144069775516193e-01
2.500120675665649994e+00 2.842386087978800546e+00 3.660115627149180262e-01
2.502967700299851828e+00 2.843480302378584401e+00 3.675846456741796997e-01
2.506224866120626338e+00 2.844731235126914726e+00 3.694303088612237995e-01
2.506307503748384846e+00 2.844765253090920876e+00 3.694753556435679265e-01
2.509816649983449999e+00 2.846137778736982149e+00 3.713998458315769247e-01
2.512572266278486843e+00 2.847210504817020649e+00 3.728915504857980290e-01
2.512657774029212199e+00 2.847247023187780446e+00 3.729358857818856898e-01
2.515484543246714111e+00 2.848365335609662097e+00 3.744761706905759269e-01
2.518744770865926075e+00 2.849657672707520017e+00 3.761870615920678285e-01
2.522052501957251280e+00 2.850968997218882528e+00 3.780362066794063503e-01
2.525178109493129597e+00 2.852211253275395819e+00 3.798260754472204126e-01
2.528068212353875133e+00 2.853387054560953651e+00 3.814195435394188149e-01
2.530962176868571945e+00 2.854558372727467930e+00 3.828735536352378399e-01
2.533667553961887364e+00 2.855659825250120853e+00 3.841816951143924852e-01
2.536940209144835645e+00 2.857002828458624855e+00 3.857234175363844497e-01
2.540271883567227995e+00 2.858381896268573641e+00 3.872932428187344511e-01
2.543365210144491240e+00 2.859675206338748499e+00 3.887176205893029257e-01
2.546367276803790602e+00 2.860910732300540271e+00 3.901544314179322681e-01
2.549034356502488663e+00 2.862008595164758251e+00 3.914852169772851664e-01
2.552178246822764951e+00 2.863310386525540263e+00 3.930586811808079450e-01
2.555318445826848972e+00 2.864627916630037241e+00 3.945851436216128438e-01
2.558120349894529966e+00 2.865807546553450269e+00 3.959734832723891818e-01
2.561072238618655739e+00 2.867053963112830228e+00 3.974377114387948606e-01
2.564268565424092650e+00 2.868400010431553682e+00 3.990250389144774368e-01
2.567455676188314051e+00 2.869736244198194175e+00 4.006155454448626640e-01
2.570536519838329870e+00 2.871055659849917951e+00 4.021855804186722505e-01
2.573289095274486904e+00 2.872236037293629973e+00 4.036283401077865318e-01
2.576842050958599195e+00 2.873756605975064105e+00 4.054585625714955954e-01
2.580060847532290591e+00 2.875132039353526014e+00 4.071438419947406295e-01
2.582883209290665505e+00 2.876364936851299348e+00 4.085892101553343925e-01
2.585610802167968458e+00 2.877564331834647327e+00 4.098747952922437987e-01
2.588236512508141018e+00 2.878708788214433767e+00 4.109652410134028155e-01
2.591411192896185156e+00 2.880088948487444345e+00 4.123470775435878477e-01
2.594561757627747767e+00 2.881477156262732375e+00 4.137487287333008190e-01
2.597320176315662810e+00 2.882710121008043025e+00 4.149550247747784693e-01
2.600157209141994663e+00 2.883976387221931947e+00 4.162759776486601448e-01
2.602980980443294623e+00 2.885237178245040557e+00 4.176251841662417807e-01
2.605731452601651732e+00 2.886476317991772067e+00 4.189660338429191944e-01
2.608467857831903824e+00 2.887715651555401219e+00 4.203162579138877697e-01
2.611507289219839656e+00 2.889085991243144580e+00 4.218085180292177605e-01
2.614303507157193174e+00 2.890353426494884914e+00 4.232667623005648139e-01
2.614378389659533397e+00 2.890388750767834747e+00 4.233097107756864652e-01
2.617172472002692096e+00 2.891636208265276231e+00 4.248807479278475241e-01
2.619953295035884366e+00 2.892889364029440191e+00 4.264702932228119914e-01
2.623014614814513479e+00 2.894279745971726214e+00 4.282253633323997444e-01
2.625630426191199795e+00 2.895475361111934376e+00 4.296522487644314769e-01
2.628082600854485751e+00 2.896613350947835563e+00 4.310083773104532168e-01
2.630462457676054022e+00 2.897723227426508785e+00 4.322973906987776505e-01
2.633209498728900311e+00 2.899003211259188362e+00 4.338184119768115354e-01
2.635712282514692806e+00 2.900164122745718664e+00 4.352593987875987280e-01
2.638214674735068321e+00 2.901343744370765698e+00 4.365944773816154423e-01
2.641088011678972336e+00 2.902723273368496226e+00 4.377431877630262314e-01
2.643619840817229338e+00 2.903922567616609385e+00 4.384560971584764988e-01
2.646272640179489599e+00 2.905190423008169098e+00 4.393007264594182559e-01
2.649148416901711212e+00 2.906574717764587312e+00 4.403697711039499807e-01
2.651732372921820069e+00 2.907815742291414374e+00 4.414794235973336645e-01
2.654101177131690026e+00 2.908945789049033337e+00 4.426054976479180114e-01
2.656672753887344030e+00 2.910178459507391402e+00 4.438838423856402704e-01
2.659308465977833880e+00 2.911445226452730850e+00 4.452664107874697574e-01
2.661942234188807710e+00 2.912700688889414025e+00 4.466629030847150128e-01
2.664786511800197655e+00 2.914062081617628142e+00 4.481671999795165395e-01
2.664857602433488459e+00 2.914097016607007706e+00 4.482014047897923681e-01
2.667671176807627997e+00 2.915454430163887167e+00 4.497995353155335718e-01
2.667740289965206735e+00 2.915487640938997593e+00 4.498416077987261730e-01
2.670046492264003035e+00 2.916600969393498222e+00 4.512602634622994713e-01
2.672858453956754587e+00 2.917953255441380289e+00 4.529585148148370655e-01
2.675510431957793145e+00 2.919254612377327085e+00 4.545455480106170287e-01
2.678244894695585465e+00 2.920601395624702334e+00 4.561719541126235677e-01
2.685940582426063816e+00 2.924407336801694512e+00 4.605001720333822823e-01
2.688292771879081222e+00 2.925569511512321697e+00 4.618449332743739810e-01
2.690552421932172145e+00 2.926687396915357731e+00 4.632567439889717642e-01
2.692789416371651257e+00 2.927817567164576751e+00 4.641429730719408009e-01
2.695268981878060632e+00 2.929076499281974222e+00 4.645437078140675635e-01
2.697879763510916185e+00 2.930406233088953094e+00 4.649542945355349954e-01
2.700392391101602563e+00 2.931710171312233992e+00 4.656170298377100836e-01
2.702935599473601069e+00 2.932987610704103965e+00 4.665053114889339270e-01
2.705542212315233286e+00 2.934293677855884575e+00 4.677071326837402010e-01
2.707871833503284087e+00 2.935460688522852024e+00 4.689085554666650446e-01
2.710269985363083833e+00 2.936663861048072199e+00 4.702417510537931222e-01
2.712717982314547971e+00 2.937908420801612852e+00 4.716975181662431682e-01
2.715087830425212623e+00 2.939117279673290728e+00 4.731664387922978610e-01
2.717181466790985489e+00 2.940188982101504589e+00 4.745062363381943871e-01
2.717247098338587463e+00 2.940223173218947661e+00 4.745507334553757395e-01
2.719464412138105303e+00 2.941370577934333763e+00 4.759673619834143277e-01
2.721855751930164935e+00 2.942598786783985787e+00 4.775334390165514864e-01
2.721919037181388390e+00 2.942630326544108943e+00 4.775738784659358527e-01
2.724091352558326129e+00 2.943760006350778724e+00 4.790279680220728697e-01
2.726261818899125444e+00 2.944890399048084362e+00 4.804615152041395443e-01
2.728777451364937434e+00 2.946195702700909358e+00 4.820426615510650104e-01
2.731138885540748795e+00 2.947427462820145116e+00 4.835723795602370201e-01
2.733489378278313175e+00 2.948664152182337794e+00 4.850951984096230074e-01
2.735899238156582314e+00 2.949927726210694878e+00 4.866354003807523143e-01
2.738039191773601999e+00 2.951062712806244992e+00 4.880428211492287560e-01
2.740549761083162839e+00 2.952391347971639490e+00 4.897138469276449135e-01
2.743093264480551241e+00 2.953768664331748006e+00 4.904053189051869599e-01
2.745273756329374759e+00 2.954986523439518287e+00 4.901367076041808213e-01
2.747462808833171621e+00 2.956194433707830527e+00 4.899709627953549584e-01
2.749531112773515140e+00 2.957320398066567879e+00 4.901277794641858976e-01
2.752083634854288086e+00 2.958712720731988544e+00 4.907353889135235847e-01
2.752144478244484826e+00 2.958743035072620486e+00 4.907505699048158587e-01
2.754634299566800060e+00 2.960096300335044894e+00 4.918421961610378035e-01
2.754693468358043518e+00 2.960128030205217975e+00 4.918736009195399106e-01
2.757075612653374641e+00 2.961413644244799137e+00 4.931058217741531302e-01
2.759443167733033775e+00 2.962696982169596982e+00 4.944133847226269141e-01
2.761736894660007380e+00 2.963943742993484953e+00 4.957604402208366512e-01
2.764063182983449884e+00 2.965210109102892400e+00 4.973117939924424635e-01
2.766377570274101139e+00 2.966471793399965584e+00 4.989133277443004166e-01
2.766437711285696377e+00 2.966502604454807290e+00 4.989523898249740852e-01
2.768398627306731363e+00 2.967573018963642006e+00 5.002468564437211329e-01
2.770655469453302100e+00 2.968802620087756861e+00 5.016947882445498275e-01
2.772907851922532529e+00 2.970052826531389023e+00 5.030984185305821255e-01
2.775485137123404833e+00 2.971477143322895920e+00 5.049346609378233541e-01
2.777650885880665665e+00 2.972672882982124509e+00 5.066109365536348719e-01
2.779801347934396816e+00 2.973870909631388670e+00 5.084023851422261320e-01
2.782226239987781291e+00 2.975220918046066476e+00 5.103546384856332274e-01
2.784300248525949151e+00 2.976383703301106465e+00 5.119675436416014636e-01
2.786320379126324021e+00 2.977536572241279433e+00 5.128105683780844748e-01
2.788262559471234248e+00 2.978648041867129059e+00 5.123761013676561005e-01
2.790259023702251096e+00 2.979848875603982261e+00 5.114632303229069699e-01
2.792434017532993806e+00 2.981129013328418065e+00 5.107316446589921233e-01
2.794678833185288092e+00 2.982443513417855740e+00 5.105984563960337397e-01
2.796898889596185267e+00 2.983724508320599433e+00 5.108682062078696573e-01
2.796950968499763768e+00 2.983757031329724807e+00 5.108874565499351705e-01
2.799012021038927323e+00 2.984921910346703733e+00 5.117662715259316819e-01
2.801181319888229826e+00 2.986129411103754183e+00 5.130875652842500356e-01
2.803122469979129505e+00 2.987220384397741846e+00 5.143082270293253266e-01
2.804927526940894644e+00 2.988242877697912192e+00 5.158066885143887115e-01
2.806991617663185501e+00 2.989411988788599039e+00 5.177535691610980484e-01
2.809264831429523213e+00 2.990707182639130046e+00 5.196732166687392240e-01
2.811515866209047587e+00 2.991998021713898392e+00 5.216877036577168836e-01
2.813611198002478275e+00 2.993203344535831256e+00 5.234444892787835091e-01
2.815744457800745337e+00 2.994439495475679003e+00 5.251495780635466737e-01
2.817720446887221453e+00 2.995595653906203637e+00 5.265463734563786691e-01
2.819665630371363196e+00 2.996731569147896401e+00 5.279033510458978062e-01
2.821646705446230197e+00 2.997894079339030959e+00 5.292391842224931642e-01
2.821699245494288188e+00 2.997924595475472742e+00 5.292735526667992074e-01
2.823764601582661626e+00 2.999144148757825867e+00 5.305846554730868636e-01
2.825519081955556455e+00 3.000178571297595909e+00 5.317044177324475873e-01
2.827242741204718968e+00 3.001200262284767106e+00 5.328568642878580564e-01
2.829224124866339007e+00 3.002408538929337567e+00 5.335686198431931482e-01
2.831039955685330067e+00 3.003561686468667169e+00 5.325693318098463358e-01
2.833011877979122684e+00 3.004784601890041706e+00 5.312700659879331377e-01
2.834819868123228837e+00 3.005907704875541597e+00 5.306294746350540548e-01
2.836710612944087551e+00 3.007077674286124491e+00 5.305435270274803106e-01
2.838490024051495197e+00 3.008147385884478275e+00 5.309838985724044669e-01
2.840320339629307078e+00 3.009243809060812680e+00 5.316107648040203637e-01
2.842143112750041833e+00 3.010325057636770829e+00 5.325384406732949216e-01
2.843813685701760186e+00 3.011312862095024911e+00 5.336256134521274452e-01
2.845608554580750571e+00 3.012372089201005743e+00 5.349578649311980127e-01
2.850770793120342539e+00 3.015442922734889564e+00 5.386799998976171677e-01
2.852688789343638120e+00 3.016588986759064284e+00 5.402593068279749611e-01
2.854386386023925581e+00 3.017604627840806408e+00 5.420949178282130632e-01
2.856055374936240732e+00 3.018607466026677955e+00 5.442589710082090804e-01
2.857762521101834707e+00 3.019644447089418371e+00 5.462528103534303181e-01
2.859442621157373132e+00 3.020671368621302477e+00 5.480248342326883293e-01
2.861313034255812404e+00 3.021810599149920229e+00 5.498846345349903686e-01
2.863006906245054495e+00 3.022849359064541552e+00 5.514364730550054272e-01
2.864691234086872207e+00 3.023890709043224767e+00 5.527846155219360291e-01
2.866505229984851688e+00 3.025014380857452334e+00 5.542834283944311213e-01
2.868193108671263758e+00 3.026061412166686893e+00 5.556254411586316611e-01
2.869827631291281822e+00 3.027099573425039658e+00 5.561812652952229374e-01
2.871273013104230110e+00 3.028032045000243144e+00 5.545752217116208804e-01
