3.602922578353900951e-04 9.999634164214863397e-01 -1.515656377112966822e-04
4.698822544528177825e-04 9.999521985944404001e-01 -1.847886664795941089e-04
4.924989168796842232e-04 9.999477549059190284e-01 -1.679966255682811317e-04
5.148158045738676636e-04 9.999384491416223320e-01 9.457578530392889168e-06
5.521551297076252030e-04 9.999373577264790702e-01 4.393659108241891749e-04
5.947850380251043512e-04 9.999323163189517416e-01 1.018234049475777881e-03
6.485684864269911087e-04 9.999276672811049371e-01 1.908657660624622516e-03
6.991746509373356067e-04 9.999336071499423939e-01 3.066729251640631752e-03
7.620322021546568902e-04 9.999368772300041286e-01 4.306294392365892822e-03
9.008548580427475083e-04 9.999280294341769126e-01 8.922898205745558031e-03
9.566080796455656010e-04 9.999295590492797148e-01 1.073197520857481838e-02
1.079400020493330448e-03 9.999256818038367856e-01 1.268918062582159723e-02
1.170079271365538631e-03 9.999269750959486336e-01 1.468800527027333720e-02
1.261662490467538311e-03 9.999276012948778991e-01 1.713660175556763754e-02
1.307983292609928017e-03 9.999244789337052852e-01 1.972988390721199317e-02
1.319355853044552884e-03 9.999261214101575757e-01 2.261253793596141454e-02
1.367888252717046338e-03 9.999172961524160907e-01 2.555641200493381782e-02
1.424517780051266780e-03 9.999167296346070932e-01 2.945491110950371541e-02
1.478464099201853843e-03 9.999266565523047268e-01 3.342682751211987352e-02
1.539459903705742150e-03 9.999236830169027090e-01 3.714400680778826014e-02
1.580504592004434994e-03 9.999252895549597397e-01 4.193014578759275690e-02
1.613428821056576978e-03 9.999242468013427310e-01 4.652396960493999922e-02
1.685675418353120569e-03 9.999264806523355809e-01 5.217630698797286193e-02
1.872671183406338091e-03 9.999412548512562893e-01 5.744248212633527861e-02
1.941438358536537456e-03 9.999433732122522400e-01 6.288565690911766815e-02
1.983319660698042164e-03 9.999423721789952868e-01 6.893488150375665091e-02
2.022573466574341394e-03 9.999440915703120547e-01 7.509288996795331073e-02
2.070062921161505698e-03 9.999426204874607427e-01 8.166911038810087398e-02
2.101688176308361133e-03 9.999455095154480277e-01 8.802510942250660331e-02
2.173200133197231154e-03 9.999503593114111855e-01 9.541446889051467817e-02
2.261620786288338902e-03 9.999580634719265060e-01 1.020582078037193530e-01
2.360626047066341493e-03 9.999672176118676870e-01 1.087191885569845085e-01
2.459562661089334523e-03 9.999826201022924410e-01 1.160450379796124781e-01
2.576951999077710387e-03 1.000006738671554318e+00 1.240102763202754060e-01
2.679545855936070475e-03 1.000010322033552335e+00 1.311966634006611898e-01
2.726530125672858851e-03 1.000019661001426252e+00 1.395086002574301154e-01
2.766526840632811679e-03 1.000021985064291519e+00 1.481239561946373073e-01
2.829812691529674795e-03 1.000031773119367307e+00 1.580956869246742391e-01
2.925574320982886334e-03 1.000047195402691713e+00 1.670318024049080585e-01
2.999698591163536820e-03 1.000056288535857707e+00 1.756011321262936631e-01
3.044964407137848439e-03 1.000065676831938033e+00 1.840491650800777090e-01
3.122334012888854093e-03 1.000079887189567529e+00 1.919668141175131792e-01
3.195010753720445296e-03 1.000090207987838431e+00 1.993946739340946295e-01
3.274345078331152015e-03 1.000105591818665429e+00 2.081818782209628460e-01
3.352958989848373039e-03 1.000118968899358363e+00 2.156340418404398551e-01
3.438258330042083533e-03 1.000142586055795313e+00 2.249235888373637415e-01
3.507460284417500407e-03 1.000157914878885279e+00 2.340256215168100840e-01
3.566819611532899559e-03 1.000174403839705128e+00 2.420301455363077781e-01
3.635730428920097568e-03 1.000194810616376273e+00 2.499984098267750698e-01
3.712031602218571202e-03 1.000217017629607463e+00 2.582170830175378184e-01
3.830487208909549857e-03 1.000260455521833514e+00 2.660675079666363629e-01
3.938300531519785264e-03 1.000296846608641932e+00 2.741611330893808374e-01
4.024988567142014084e-03 1.000333363875374637e+00 2.816367092947831829e-01
4.122552694396111606e-03 1.000358698388135847e+00 2.902597344979084282e-01
4.202839557434639994e-03 1.000387976590998429e+00 2.982804770770217662e-01
4.282850501044814517e-03 1.000413658793257277e+00 3.063991519927733997e-01
4.396999348413949127e-03 1.000452640144662508e+00 3.141773968787400784e-01
4.497367226702513043e-03 1.000489212266082673e+00 3.227000532468893290e-01
4.613651009868408037e-03 1.000530350926413625e+00 3.314252535239295971e-01
4.713232286066702803e-03 1.000582073318209808e+00 3.408145075719310468e-01
4.827805147840820432e-03 1.000626925909926301e+00 3.492255930062934111e-01
4.928309702194488828e-03 1.000679993814127977e+00 3.569569185171583281e-01
5.023496290373213879e-03 1.000723194173001707e+00 3.644191697794838536e-01
5.127500706586678170e-03 1.000770924504991166e+00 3.723750698768996115e-01
5.213828180542015578e-03 1.000818168328577062e+00 3.812488383116486856e-01
5.216908217242799406e-03 1.000819981999245378e+00 3.814762647270111828e-01
5.332820257838905009e-03 1.000882063795461407e+00 3.904072916597967069e-01
5.446362991208437976e-03 1.000942842025770219e+00 3.988456554769351237e-01
5.524715884972247748e-03 1.000974409626444572e+00 4.080435505876746083e-01
5.615912142741374957e-03 1.001018301446549907e+00 4.155530077274510736e-01
5.699646961998136585e-03 1.001063249382053488e+00 4.233206099541915735e-01
5.819464696300097328e-03 1.001130891102302023e+00 4.326027062462881601e-01
5.942869241513354384e-03 1.001205574840331458e+00 4.412741971263968166e-01
6.067694408313811794e-03 1.001288267138797705e+00 4.499151684219366287e-01
6.215698627369536933e-03 1.001385924629216939e+00 4.594327754613815040e-01
6.348571371621085369e-03 1.001461847315902487e+00 4.685201927361914986e-01
6.355679704633979132e-03 1.001463756113202930e+00 4.687471263375496133e-01
6.472964694135246999e-03 1.001543102657750595e+00 4.778552022384585096e-01
6.575425713777956205e-03 1.001592863179128434e+00 4.864287247555021954e-01
6.834887209531653740e-03 1.001770563596512398e+00 5.118495617842594436e-01
6.952748860482256543e-03 1.001817749534949398e+00 5.200072614177811969e-01
7.051304264162262803e-03 1.001864410057969001e+00 5.281435031004904079e-01
7.167194882472811834e-03 1.001928877043335664e+00 5.367197946257156183e-01
7.265438317453867811e-03 1.001998585713690604e+00 5.455381452358376571e-01
7.374236705640496714e-03 1.002087861521566925e+00 5.537428825302664892e-01
7.482366729546906237e-03 1.002169379938771199e+00 5.621696268327381896e-01
7.558460854283653718e-03 1.002223597986146464e+00 5.710648070171053803e-01
7.611650113725304534e-03 1.002267400906307726e+00 5.791069950940204158e-01
7.689593208792491752e-03 1.002339064692824966e+00 5.872781580350465713e-01
7.759008310137843756e-03 1.002399633413535884e+00 5.966699112520454928e-01
7.839517844032820038e-03 1.002460499893054413e+00 6.051807141763320130e-01
7.940696138127867343e-03 1.002531875222118396e+00 6.144147263645943768e-01
7.942164393813989920e-03 1.002531238856044116e+00 6.146436376054952300e-01
8.021545437618904373e-03 1.002596689142255304e+00 6.238069098358435260e-01
8.062624791438426086e-03 1.002636298500731549e+00 6.330498063564917732e-01
8.064352595485831110e-03 1.002637567171205779e+00 6.332826524702452886e-01
8.119519406880264245e-03 1.002692833220674595e+00 6.425071179196865101e-01
8.122518791163033103e-03 1.002694274256884288e+00 6.427331838427449151e-01
8.198222551838170447e-03 1.002764954174546252e+00 6.512665984559032895e-01
8.288084485005620117e-03 1.002854840127015867e+00 6.607371574001393855e-01
8.363578937922395984e-03 1.002925010015699003e+00 6.699831699709638544e-01
8.438353956573906023e-03 1.002997454668141497e+00 6.782929578845808827e-01
8.513985002704060889e-03 1.003077327777326833e+00 6.872196556268417300e-01
8.579166677999003343e-03 1.003144662004048060e+00 6.958527947502651800e-01
8.646457351666851643e-03 1.003215041284626130e+00 7.045703148488186018e-01
8.647360108846625926e-03 1.003215440456727503e+00 7.047977842487814781e-01
8.711078835069913096e-03 1.003288663080357468e+00 7.131221786274786201e-01
8.778818713928777939e-03 1.003354510547722400e+00 7.224156063825060148e-01
8.845614864713316483e-03 1.003429174328935192e+00 7.302365666559863522e-01
8.889928356167482726e-03 1.003474583020692590e+00 7.385594579685520467e-01
8.963829088551880653e-03 1.003559421291666309e+00 7.472680359928810523e-01
9.022173372331444841e-03 1.003634049741927825e+00 7.559925545499286414e-01
9.108303150953789284e-03 1.003724810585948424e+00 7.647069907904325836e-01
9.167182111370651698e-03 1.003792392172208503e+00 7.735084515619190526e-01
9.223119951859544419e-03 1.003857096623917311e+00 7.823279859536674818e-01
9.289483111399307602e-03 1.003927475690205240e+00 7.918746123572310003e-01
9.375959511362337573e-03 1.004036366523617607e+00 8.011388409943064337e-01
9.428570845678711787e-03 1.004110967067910920e+00 8.105473183533471460e-01
9.495933475488903264e-03 1.004190950963975482e+00 8.186548673895621686e-01
9.582058107318706941e-03 1.004274403659393355e+00 8.265363173915816208e-01
9.660404520748414048e-03 1.004371944387239868e+00 8.356412137636525239e-01
9.700494389070585255e-03 1.004434531692418364e+00 8.441606446355324200e-01
9.765502627165002780e-03 1.004527614789228807e+00 8.522728485635564510e-01
9.819760385207272624e-03 1.004598651058004499e+00 8.604391353321702018e-01
9.892347972757849217e-03 1.004710679140947027e+00 8.690693693579079060e-01
9.977533616128873850e-03 1.004809676095812287e+00 8.771727401702118510e-01
1.005468673181017514e-02 1.004902317142681190e+00 8.848476702025170892e-01
1.014199353258798258e-02 1.005003288123440974e+00 8.944638075823986290e-01
1.021411933696832197e-02 1.005077423310341445e+00 9.022611371083040233e-01
1.026960496423070385e-02 1.005149186249040039e+00 9.108357117623577803e-01
1.027119350904227846e-02 1.005149449050370958e+00 9.110740758214235235e-01
1.033852219202693185e-02 1.005261137036048247e+00 9.211707314888106790e-01
1.039447089815229847e-02 1.005345484894711428e+00 9.299500576822189446e-01
1.044074932129163830e-02 1.005427130999994034e+00 9.385392072306758537e-01
1.049430160857068445e-02 1.005510725283859097e+00 9.466226612603907409e-01
1.056338953770798172e-02 1.005621342612359914e+00 9.556380545613244459e-01
1.064117664941909014e-02 1.005766450943408330e+00 9.640161254795268642e-01
1.071054474362317932e-02 1.005863361261778222e+00 9.718657783705358932e-01
1.077039850414569788e-02 1.005958839186317455e+00 9.809590842725888216e-01
1.077391744469174961e-02 1.005962223163967328e+00 9.811915248086205965e-01
1.083711566691270001e-02 1.006057430562573130e+00 9.900710549888549483e-01
1.087453757784102165e-02 1.006138448525044637e+00 9.978340579331751448e-01
1.091109702114267249e-02 1.006217793136778837e+00 1.007328743887973665e+00
1.091401684362558466e-02 1.006220675680687737e+00 1.007561428937962855e+00
1.097892700874154165e-02 1.006326206764792675e+00 1.016638176671410099e+00
1.102657530455903104e-02 1.006437053979520879e+00 1.025103101027502905e+00
1.107393647265905723e-02 1.006526388254578297e+00 1.033626017891946081e+00
1.110432437967723632e-02 1.006592259949744994e+00 1.042795096383997144e+00
1.114104084257960814e-02 1.006673011516727501e+00 1.052327773614307738e+00
1.119832687271528002e-02 1.006773607094903378e+00 1.062057641603777025e+00
1.120067000888298747e-02 1.006776284865395832e+00 1.062295629553954734e+00
1.123619801683281225e-02 1.006862889497749824e+00 1.071102180014483984e+00
1.129380199923106509e-02 1.006970991582329944e+00 1.080304205347582647e+00
1.133318032714473664e-02 1.007059129980996115e+00 1.088723966142498334e+00
1.138571249361247303e-02 1.007169741198544743e+00 1.097764610662578244e+00
1.138708906631853354e-02 1.007173720338344847e+00 1.097991666789568166e+00
1.142586149581560975e-02 1.007260987920308493e+00 1.105886830370525598e+00
1.146314957320197087e-02 1.007343888039400115e+00 1.115642840829565330e+00
1.146639226151012839e-02 1.007344224496216745e+00 1.115881465423455676e+00
1.169816408058914348e-02 1.007858754123579503e+00 1.123903312885670358e+00
1.300169776732528273e-02 1.010686838385656205e+00 1.133085275860211016e+00
1.448253008582177370e-02 1.013940229359505674e+00 1.141538339424251758e+00
1.588297904423247031e-02 1.017160386195002264e+00 1.150028161503802826e+00
1.719086549083409174e-02 1.020232170138704042e+00 1.157536189455790510e+00
1.861156584172960274e-02 1.023646285516638166e+00 1.162736644252128304e+00
2.005815769361115469e-02 1.027110688637380420e+00 1.164757352743675645e+00
2.138363293196703790e-02 1.030317911098499462e+00 1.163990025213682555e+00
2.281093366261768840e-02 1.033713950809971527e+00 1.159598536479317987e+00
2.418175901771307812e-02 1.036895300191674307e+00 1.152875017124157964e+00
2.555260683591217483e-02 1.040069775357339577e+00 1.144950214491069485e+00
2.707554643908325481e-02 1.043501066023905910e+00 1.137142129644260313e+00
3.156690964141434241e-02 1.053292846358889978e+00 1.124710113526525168e+00
3.323433810338700944e-02 1.056834862722293433e+00 1.126361893807187764e+00
3.479139259470570567e-02 1.060153564239829427e+00 1.129174148486468576e+00
3.647909182535335332e-02 1.063813791063576319e+00 1.131049398560097785e+00
3.787821361263000314e-02 1.066908946326170504e+00 1.131651071164829769e+00
3.942578825419583433e-02 1.070323771423350223e+00 1.130742670203445988e+00
4.079018586169220334e-02 1.073369632425072995e+00 1.129363474510082233e+00
4.082918212547649583e-02 1.073452445193390004e+00 1.129319126135870821e+00
4.256077544887228864e-02 1.077188096837492504e+00 1.126402907772485973e+00
4.412968159034807991e-02 1.080568970596766931e+00 1.123239772237565770e+00
4.562033086280958827e-02 1.083738826892538532e+00 1.119816234672665223e+00
4.708284086464783330e-02 1.086824580532832041e+00 1.114817472175929192e+00
4.848268924305668137e-02 1.089737536804237017e+00 1.109446482416860169e+00
4.999359790152714533e-02 1.092861627640822064e+00 1.104087428384455505e+00
5.178589282194485943e-02 1.096560385232905999e+00 1.099206233593988502e+00
5.348175151954102924e-02 1.099995500667729553e+00 1.095932328621062268e+00
5.503416959318715301e-02 1.103135726237477687e+00 1.093714412316842521e+00
5.660468132950489950e-02 1.106178833184483290e+00 1.093170970345842763e+00
5.831224131069378397e-02 1.109453979622109010e+00 1.094068864307289779e+00
5.990358210352170198e-02 1.112541664994058710e+00 1.094852464518805801e+00
6.143047493915117230e-02 1.115522698588206074e+00 1.094954296690315410e+00
6.330969434277861074e-02 1.119205832178850502e+00 1.094223572638527875e+00
6.515926769902002924e-02 1.122878099938427132e+00 1.092999737775989466e+00
6.700153485496360140e-02 1.126516805014423639e+00 1.091201898714861951e+00
6.704649368197967974e-02 1.126604949760852126e+00 1.091152729293543899e+00
6.863845486446976119e-02 1.129748826396160588e+00 1.089172931540736355e+00
6.999536725962428318e-02 1.132415374941883712e+00 1.086324801614516389e+00
7.146842984690261746e-02 1.135355767802541216e+00 1.081099176121494088e+00
7.312429354935408299e-02 1.138527276433592750e+00 1.075045144028741406e+00
7.477375841213762531e-02 1.141616250016867395e+00 1.069591418550877693e+00
7.640620309578635694e-02 1.144696120588129418e+00 1.065549517467721197e+00
7.822085354790241085e-02 1.148055489855856370e+00 1.062518933045954350e+00
8.013513357266148496e-02 1.151513178278350091e+00 1.060183315030472695e+00
8.213367550455052957e-02 1.155073113232491622e+00 1.060159450189092079e+00
8.382206071437291184e-02 1.158092972817089006e+00 1.061537418270373623e+00
8.571445767584238984e-02 1.161514746329671111e+00 1.062271863769251201e+00
8.732256450713372919e-02 1.164409720342702403e+00 1.062333451302252207e+00
8.900481614604185965e-02 1.167459315934626263e+00 1.061279822297782172e+00
8.905340515872203766e-02 1.167550236054549773e+00 1.061241216828359146e+00
9.083265024694606171e-02 1.170766046368034274e+00 1.059555510152136781e+00
9.271502736647695142e-02 1.174226824466239272e+00 1.057288078201674697e+00
9.465889032677951564e-02 1.177782052513306033e+00 1.054845763863328179e+00
9.658032207862379814e-02 1.181244610250792304e+00 1.052387197048048062e+00
9.832209325416599310e-02 1.184383566605227367e+00 1.049775915988504726e+00
1.000948954224087917e-01 1.187545961138094297e+00 1.044874097166151872e+00
1.018791987083082912e-01 1.190705394915265503e+00 1.038645777296747674e+00
1.036864718200823238e-01 1.193854318374030665e+00 1.032994208699692607e+00
1.057922297819951785e-01 1.197415943124864546e+00 1.029288743655944138e+00
1.076668419406553723e-01 1.200534832898901616e+00 1.028621249662335480e+00
1.096326207293030069e-01 1.203800594447798522e+00 1.030917879007517302e+00
1.116336296061911926e-01 1.207149856177831326e+00 1.034417788610841216e+00
1.135495295859195453e-01 1.210381148664503304e+00 1.034730590069322664e+00
1.135942850985291463e-01 1.210467186982810528e+00 1.034706241080058042e+00
1.154242357703178373e-01 1.213627869021858929e+00 1.032606866048833005e+00
1.172006482157841589e-01 1.216654171477714375e+00 1.029160912135314909e+00
1.189706604500785081e-01 1.219683049891262749e+00 1.025447882732479554e+00
1.207156241381710793e-01 1.222671744667918947e+00 1.022049062164580135e+00
1.227303537766226416e-01 1.226031027183381639e+00 1.018780785270368971e+00
1.246620938353147079e-01 1.229225882667004832e+00 1.016128412634389022e+00
1.262931493212773870e-01 1.231934647089937052e+00 1.013540254101763294e+00
1.281890812821445125e-01 1.235087084731827600e+00 1.008379661870226762e+00
1.300952010198452302e-01 1.238118303233303186e+00 1.003536649468782738e+00
1.320595031003132802e-01 1.241221252922630525e+00 1.001101930287835007e+00
1.323443747567949469e-01 1.241672636131787577e+00 1.000912190386800571e+00
1.346503101552353199e-01 1.245261771628829228e+00 1.001500215164330410e+00
1.367291600028726906e-01 1.248514469328572574e+00 1.004083713870331795e+00
1.386003268858533866e-01 1.251475804842725914e+00 1.006398947128705812e+00
1.406616017432226473e-01 1.254748931347198670e+00 1.007498352774558237e+00
1.425338064357858925e-01 1.257746305890099281e+00 1.007000539202568934e+00
1.444582538059657473e-01 1.260836917624432729e+00 1.004323690103598565e+00
1.445035553753886703e-01 1.260904463925228480e+00 1.004245170763109485e+00
1.463733433694002217e-01 1.263961365642515711e+00 9.988938081102597399e-01
1.464251229960922829e-01 1.264038079743515119e+00 9.987317757053100209e-01
1.484205373562997310e-01 1.267231932638346992e+00 9.928209548379429705e-01
1.502839626074069512e-01 1.270167779567910937e+00 9.879780835294423857e-01
1.504964716619154597e-01 1.270497195235319898e+00 9.874441479160975810e-01
1.522708021955023194e-01 1.273258524837808769e+00 9.832771575278628218e-01
1.590233255688041636e-01 1.283382374980575058e+00 9.850717147871923540e-01
1.608306634853223227e-01 1.286128111797934181e+00 9.888132315786110071e-01
1.626619591838637247e-01 1.288919549388723773e+00 9.924419531256288840e-01
1.645224658991499000e-01 1.291776183604334882e+00 9.936407750413138729e-01
1.662960652247955085e-01 1.294611403476265465e+00 9.925462397473246989e-01
1.679139675505164075e-01 1.297206232267284820e+00 9.898539155576637771e-01
1.697019249597285784e-01 1.300043474189878090e+00 9.839762736984105640e-01
1.718097059410043370e-01 1.303265473542126518e+00 9.766912163591323637e-01
1.736760244878996495e-01 1.306111569101839454e+00 9.699854764733674140e-01
1.752967895198914161e-01 1.308471721748294403e+00 9.635318210298270403e-01
1.770809380478073347e-01 1.311097453154178361e+00 9.572720859505852165e-01
1.790210717743892510e-01 1.313943626054522973e+00 9.521733968661956204e-01
1.812531404999127294e-01 1.317084118327803255e+00 9.491734486986448394e-01
1.834009023004545547e-01 1.320075220326270449e+00 9.489816308823838531e-01
1.835180822627759945e-01 1.320238139528441490e+00 9.490661037818826085e-01
1.858069544086586589e-01 1.323457218741245667e+00 9.524158480711670816e-01
1.878397912091041844e-01 1.326343782517706904e+00 9.568649721043276379e-01
1.900232809437641390e-01 1.329459981193689799e+00 9.611579753412815563e-01
1.920501715579290836e-01 1.332346411854760770e+00 9.634145127220286042e-01
1.940382017895977140e-01 1.335215273975928207e+00 9.632665750627359413e-01
1.959363297232164791e-01 1.338024989291529465e+00 9.608770302724943813e-01
1.977589699877330409e-01 1.340743459735183052e+00 9.560542745671302134e-01
1.978013853835079439e-01 1.340807982732061587e+00 9.559437932938781302e-01
1.998570836691699049e-01 1.343788447299777200e+00 9.495916230844114736e-01
2.019351276919961191e-01 1.346818618086338404e+00 9.434551336407093203e-01
2.039164689495914229e-01 1.349581397912631875e+00 9.384503088407286642e-01
2.041934969214819762e-01 1.349974685379288442e+00 9.378272750474967445e-01
2.061334787176377914e-01 1.352700772583769417e+00 9.344283011791086890e-01
2.083714110619009074e-01 1.355722700918598589e+00 9.329723510604950309e-01
2.103663007609585522e-01 1.358411007256850933e+00 9.335866452636295554e-01
2.124616333944799040e-01 1.361244258081558689e+00 9.342498343141172334e-01
2.147972638947062141e-01 1.364398383229443734e+00 9.344621379249552495e-01
2.169401400472485419e-01 1.367297717442185645e+00 9.340764797480567427e-01
2.189505613748498059e-01 1.370038172227716844e+00 9.331368952606364786e-01
2.209055534451837555e-01 1.372705433266402375e+00 9.317320680143819089e-01
2.228952950788500864e-01 1.375442953078382491e+00 9.299537329157576693e-01
2.248331425940950923e-01 1.378103358549929824e+00 9.281783672761458881e-01
2.267615224260894347e-01 1.380766806527226498e+00 9.258038484428097181e-01
2.286006655413260757e-01 1.383283561974883336e+00 9.215149352432253638e-01
2.308199464081426289e-01 1.386242374397117505e+00 9.164588086220893937e-01
2.332160430347404168e-01 1.389382339319299442e+00 9.141832587283701406e-01
2.355088543785446853e-01 1.392362301883104170e+00 9.147342445045893999e-01
2.380317013463281173e-01 1.395655451421865756e+00 9.170299570543606338e-01
2.400970680596844486e-01 1.398364229800041159e+00 9.191014361117029186e-01
2.422718477813374238e-01 1.401219451401658933e+00 9.203042469120455982e-01
2.443267694733997075e-01 1.403939284015795597e+00 9.201666023515425730e-01
2.465177555318030234e-01 1.406845594412193590e+00 9.187561898952081307e-01
2.481961985674673576e-01 1.409121885992543177e+00 9.164241344277814783e-01
2.504534735179853588e-01 1.412096528648193461e+00 9.104762470205781666e-01
2.524425811810858122e-01 1.414733471780684315e+00 9.049847138673209335e-01
2.547373026169835186e-01 1.417676594652343525e+00 8.999960673385336563e-01
2.571352954916574229e-01 1.420697736276977707e+00 8.979814043658100875e-01
2.571969607461535023e-01 1.420772994100804709e+00 8.979709639405941690e-01
2.595269758574257901e-01 1.423711251350406659e+00 8.988334562708243380e-01
2.620391574144034230e-01 1.426870620592622707e+00 9.026847108525192231e-01
2.620993202212169582e-01 1.426947910272678310e+00 9.028074002863748504e-01
2.644895252171413635e-01 1.429967024423628663e+00 9.065546540559309419e-01
2.668709196820751028e-01 1.433006933496625335e+00 9.069066987922564937e-01
2.669302211194586327e-01 1.433081801650004206e+00 9.068701312252024360e-01
2.689038313819301917e-01 1.435668000374014319e+00 9.051662918756100407e-01
2.710669384032610707e-01 1.438497957905616964e+00 9.014516900207167893e-01
2.729901143667559649e-01 1.440965341000645550e+00 8.975437448988375921e-01
2.752879563392282569e-01 1.443903205259319034e+00 8.934491683357207448e-01
2.775711573129444609e-01 1.446833045909124094e+00 8.902052937774408425e-01
2.798913846418293327e-01 1.449702986043870601e+00 8.881346589784898660e-01
2.822893113777435459e-01 1.452662561896649773e+00 8.884500791842143697e-01
2.845485483717566377e-01 1.455446461900084643e+00 8.912631056799853457e-01
2.911232788696362928e-01 1.463649474974984432e+00 8.958834469165449788e-01
2.932813324304465175e-01 1.466375825979360892e+00 8.955371667502598498e-01
2.953208390088318813e-01 1.468988592648668323e+00 8.939173450734421156e-01
2.973089648545099717e-01 1.471501231713159275e+00 8.905151843083690677e-01
2.995674780041172602e-01 1.474361972053265468e+00 8.859606550138466874e-01
3.018184652128830248e-01 1.477181181402067889e+00 8.818274992551669023e-01
3.018766681500377747e-01 1.477254343867938191e+00 8.817239645410970272e-01
3.041343396710429192e-01 1.480052774234313251e+00 8.787681658232225912e-01
3.062131217325809729e-01 1.482563394334288631e+00 8.779382811141883680e-01
3.086035488111901204e-01 1.485437515007487663e+00 8.778734063821569400e-01
3.086685746856319690e-01 1.485512725969369896e+00 8.778763305595359556e-01
3.112643724634279740e-01 1.488653646284199494e+00 8.777616536459010854e-01
3.113260509127688258e-01 1.488728664708755201e+00 8.777555251916738799e-01
3.138944936961713950e-01 1.491802990179010191e+00 8.771096949996454173e-01
3.139547381688680971e-01 1.491878487908116835e+00 8.770890638900920022e-01
3.161685247166815538e-01 1.494557190337785668e+00 8.762492622600519532e-01
3.183525928264854254e-01 1.497166272182384850e+00 8.752752044106256735e-01
3.207035610175530960e-01 1.499979764205072952e+00 8.741781689499510399e-01
3.231307811279312547e-01 1.502885063632141582e+00 8.729111367005213395e-01
3.254129847852392787e-01 1.505624836198563132e+00 8.716803367280360204e-01
3.276262082069298365e-01 1.508276613531156496e+00 8.702095411999989372e-01
3.299508426118509807e-01 1.511084064395719739e+00 8.683124051026553936e-01
3.323643149226688798e-01 1.513934882181859454e+00 8.683063787749646378e-01
3.324263698244094289e-01 1.514008402095368577e+00 8.683213613368926387e-01
3.346773653450665353e-01 1.516653483456596785e+00 8.687402535207042753e-01
3.369437036120027651e-01 1.519336847631706844e+00 8.689170394471947834e-01
3.395103016710146471e-01 1.522368166704365589e+00 8.687385142513804892e-01
3.395724326563823170e-01 1.522443077237912945e+00 8.687268821156425291e-01
3.416262989981611042e-01 1.524880086923140032e+00 8.680632500113391048e-01
3.439948969384289956e-01 1.527695488380211408e+00 8.670553733229926507e-01
3.462179441139781044e-01 1.530354242719999647e+00 8.659770363932702830e-01
3.484503075967089192e-01 1.533055751236778619e+00 8.641515622784408102e-01
3.504005978726685289e-01 1.535372870653370470e+00 8.608426460974460959e-01
3.523148135571994022e-01 1.537655453812418749e+00 8.568515414797407415e-01
3.545826080320665374e-01 1.540324862678577045e+00 8.529364830409144060e-01
3.572194813076059461e-01 1.543357339680635487e+00 8.514024497667009861e-01
3.595112765019359280e-01 1.545977902572107876e+00 8.523559280527068793e-01
3.619919844565409051e-01 1.548834183082384852e+00 8.551788739013544971e-01
3.643511615093548150e-01 1.551554594696771261e+00 8.578634618761366015e-01
3.668134935180636380e-01 1.554405549890383709e+00 8.600636263755609967e-01
3.690100076473494806e-01 1.556984894077394710e+00 8.602522744363967355e-01
3.711701872153037596e-01 1.559551906936027521e+00 8.587357448673872407e-01
3.732072298544605871e-01 1.561997349571063287e+00 8.553328581115718920e-01
3.752202202152101207e-01 1.564340640955566020e+00 8.508932513925550056e-01
3.772901504356761526e-01 1.566749146642535395e+00 8.466129896618007633e-01
3.797410906960979049e-01 1.569589033650983456e+00 8.428563799650645727e-01
3.820881983089383649e-01 1.572232043844606686e+00 8.418405781561121293e-01
3.843044844564743046e-01 1.574704047910988836e+00 8.431333355328435308e-01
3.869021938620766932e-01 1.577644742580751380e+00 8.466316627495593661e-01
3.892531907520923040e-01 1.580308999042573381e+00 8.498991345998068159e-01
3.915657290112642408e-01 1.582941740678213360e+00 8.524423355761620025e-01
3.938606079818766093e-01 1.585617274354194750e+00 8.528211301965300528e-01
3.960655432841777568e-01 1.588224096262357277e+00 8.511077566507235792e-01
3.980965237824840575e-01 1.590596938668108473e+00 8.478485048306283467e-01
4.004902503996004559e-01 1.593378094713991944e+00 8.431259428602920769e-01
4.028209131862657277e-01 1.596029560616592846e+00 8.384688103786117619e-01
4.051451998076724403e-01 1.598680431322158313e+00 8.347491296957755269e-01
4.074653204263518624e-01 1.601261845895601832e+00 8.331013154452340252e-01
4.100771476714842323e-01 1.604134087494691441e+00 8.342976153166872244e-01
4.126976103616051827e-01 1.607020448046168060e+00 8.369416149969430840e-01
4.150374470330728816e-01 1.609606200813779031e+00 8.369737006139716939e-01
4.174618119848410580e-01 1.612327880528463986e+00 8.360903886814853303e-01
4.198933432716748793e-01 1.615057344276958906e+00 8.347064475894971913e-01
4.221797462292294911e-01 1.617631401168473149e+00 8.332157670684998685e-01
4.222449173028972047e-01 1.617704748783566071e+00 8.331753118420069937e-01
4.245464561014408167e-01 1.620289705049370088e+00 8.317337970479762310e-01
4.269150441495787596e-01 1.622950035770333699e+00 8.303129510233768773e-01
4.295593478147283761e-01 1.625886785012198077e+00 8.288845145768577449e-01
4.296248390545133744e-01 1.625957718376660921e+00 8.288491202150987114e-01
4.321994855601833940e-01 1.628768790315930026e+00 8.282512892082865008e-01
4.322629288470976050e-01 1.628843239699236722e+00 8.282526551616230526e-01
4.346162594338518481e-01 1.631415399128332444e+00 8.283512533794178401e-01
4.369892391073358362e-01 1.633991823759865847e+00 8.283446621335515125e-01
4.396046716922585307e-01 1.636871285680052468e+00 8.280873297430217939e-01
4.418944211328015848e-01 1.639376133118637835e+00 8.276576032617245504e-01
4.443680881008567618e-01 1.642100051948262251e+00 8.269876953043825418e-01
4.467076068886789986e-01 1.644671152061778052e+00 8.262031386136274858e-01
4.489885192273971315e-01 1.647188096409972324e+00 8.253508397226482218e-01
4.490531727020683483e-01 1.647258696104147546e+00 8.253255226153914936e-01
4.513253973488757786e-01 1.649766500276469872e+00 8.244151900300031865e-01
4.535455101303811909e-01 1.652205767560341654e+00 8.234798664295353010e-01
4.559531026658374397e-01 1.654824476984096293e+00 8.231853252059723181e-01
4.583194424278115298e-01 1.657361271018559234e+00 8.243587277572804739e-01
4.655027004623281117e-01 1.665171954088047190e+00 8.246013782474189702e-01
4.678695217058843614e-01 1.667736725558774502e+00 8.243685467691398427e-01
4.702194210299986965e-01 1.670307519972449972e+00 8.237744460165399296e-01
4.725264556627248869e-01 1.672875834794366856e+00 8.225462189261331103e-01
4.751801766512466774e-01 1.675785966836094154e+00 8.209880055590801362e-01
4.776285561387169643e-01 1.678489655346754983e+00 8.195501833195946162e-01
4.801297782832157912e-01 1.681192364157499508e+00 8.184544694165004630e-01
4.823914633109319117e-01 1.683624800384445841e+00 8.182304936073240276e-01
4.849111122582593913e-01 1.686321281472422662e+00 8.181557413390243561e-01
4.871687393463202120e-01 1.688745948772929495e+00 8.180254352826639153e-01
4.897458705089275943e-01 1.691509083145290582e+00 8.176648111772990557e-01
4.921447124749210866e-01 1.694053588629955698e+00 8.172236577272005142e-01
4.945253115700092295e-01 1.696611128603612961e+00 8.165863658231894417e-01
4.968229024816103179e-01 1.699100156011392970e+00 8.158571421060253348e-01
4.990380767208857371e-01 1.701510585770814821e+00 8.151345550936690554e-01
5.014884891895715624e-01 1.704123972572015866e+00 8.142934607935737867e-01
5.038942061653803872e-01 1.706716212988693915e+00 8.131502442598019798e-01
5.059627163600030064e-01 1.708943857672485134e+00 8.109523079380346333e-01
5.081662708724061783e-01 1.711267043131717180e+00 8.096813935565292386e-01
5.106885384354100665e-01 1.713907121248152254e+00 8.098625598567652517e-01
5.130599309225887250e-01 1.716394749440739220e+00 8.104223081386296990e-01
5.155697099810787609e-01 1.719024780441527511e+00 8.108544614203816447e-01
5.180828811949721446e-01 1.721681266625753048e+00 8.109178666289706960e-01
5.204371803365680504e-01 1.724160151584479772e+00 8.108401002057370466e-01
5.228937585449243697e-01 1.726773520262298689e+00 8.104085040902184733e-01
5.254837306762695226e-01 1.729527157164454598e+00 8.098652074922634281e-01
5.281323573314128383e-01 1.732412197961061162e+00 8.084220900962091338e-01
5.306602511682873002e-01 1.735064465389332788e+00 8.053267026937248607e-01
5.331470854572661899e-01 1.737701986945836996e+00 8.041665729348349556e-01
5.359420887811471301e-01 1.740591616306448763e+00 8.046206945895337803e-01
5.360092675972885079e-01 1.740661599460929132e+00 8.046469922225510940e-01
5.386479516207185458e-01 1.743412185620638377e+00 8.054837096301412647e-01
5.412204610328287258e-01 1.746092526097744901e+00 8.061275643075300756e-01
5.438413780280192400e-01 1.748834324361514092e+00 8.064971790938378904e-01
5.462660943270505332e-01 1.751374123269694438e+00 8.063774009340656246e-01
5.486751488779890717e-01 1.753912062814272588e+00 8.059850035954766456e-01
5.508323158085456361e-01 1.756210083316273263e+00 8.050888925505871319e-01
5.530064931494818037e-01 1.758558349830381839e+00 8.026490021755759985e-01
5.555264874807905873e-01 1.761211307848275620e+00 7.996896464247065239e-01
5.555957460012879157e-01 1.761282470322717675e+00 7.996346756469845385e-01
5.584267743514182980e-01 1.764196939689285148e+00 7.993318447890356282e-01
5.612709220303458979e-01 1.767134870594243345e+00 8.004407345846803468e-01
5.639485900355071246e-01 1.769884553816907680e+00 8.015529289339999863e-01
5.640175054044231917e-01 1.769953764635511018e+00 8.015812191825660848e-01
5.664447177788530796e-01 1.772480218812206187e+00 8.020208138689900457e-01
5.688848971583820857e-01 1.775027120049448293e+00 8.019923193812140694e-01
5.713803204331385777e-01 1.777628013283913067e+00 8.017410056736882229e-01
5.739607663211666599e-01 1.780350053484076822e+00 8.010511718042584439e-01
5.764817944731831512e-01 1.782990783848929173e+00 7.986601665712235176e-01
5.785575526988349093e-01 1.785161681416274071e+00 7.958259338790343307e-01
5.808906143226810759e-01 1.787588351532723330e+00 7.932437050344961493e-01
5.831845614872459560e-01 1.789915243262419020e+00 7.927486551626614641e-01
5.857614849922649913e-01 1.792544383879789649e+00 7.942304815355945014e-01
5.884653637368789658e-01 1.795304083786168459e+00 7.961034225763923278e-01
5.885313177688576980e-01 1.795377776687042015e+00 7.961535160626078689e-01
5.909936550157616209e-01 1.797896758020452346e+00 7.975541392321796597e-01
5.933741588511342036e-01 1.800346860302959540e+00 7.979678371128828829e-01
5.956763369614759274e-01 1.802734262277351451e+00 7.979985977296724098e-01
5.981288024432561690e-01 1.805301076471744315e+00 7.971928160982307832e-01
6.004933819030637832e-01 1.807814061994748256e+00 7.945926212060540061e-01
6.029034905790811028e-01 1.810282349594645179e+00 7.913249417445971101e-01
6.053102518511773722e-01 1.812770721992405187e+00 7.882259683897487879e-01
6.078334088901580223e-01 1.815336091090871129e+00 7.870241273823782580e-01
6.104005434127760532e-01 1.817899388339265121e+00 7.881597091145302603e-01
6.130479097599498273e-01 1.820565007495134946e+00 7.904393130111639909e-01
6.158879007590980503e-01 1.823434742382123552e+00 7.928311015212471391e-01
6.184329836301820649e-01 1.826025150661704455e+00 7.942579273795614681e-01
6.207462719402785378e-01 1.828393535636417155e+00 7.948879767109942041e-01
6.233281028843019600e-01 1.831077361936675141e+00 7.942761323274447616e-01
6.257840650533026405e-01 1.833618633635619277e+00 7.916483700824409331e-01
6.284229479763444592e-01 1.836357492294056870e+00 7.877320417739523961e-01
6.311288360612015147e-01 1.839153105265109112e+00 7.847272701258599659e-01
6.336050911619601766e-01 1.841609400484286674e+00 7.844868583079577240e-01
6.364543217173501688e-01 1.844459519427295247e+00 7.858992721692252825e-01
6.392663484859697487e-01 1.847273513543623791e+00 7.876674190809808129e-01
6.420443101588695356e-01 1.850079890009842298e+00 7.890254685271681501e-01
6.498475418231282053e-01 1.857933321519548819e+00 7.903217735037463276e-01
6.524900436690225236e-01 1.860616157907741375e+00 7.899452882259857533e-01
6.547444680785842186e-01 1.862961876133450101e+00 7.879066024132376223e-01
6.570486748062017712e-01 1.865306327848817780e+00 7.849415472599702293e-01
6.595375672835607217e-01 1.867848529047364314e+00 7.835739105365657764e-01
6.620134021872080554e-01 1.870315667305777918e+00 7.835863580312223409e-01
6.647686219987513079e-01 1.873067935077440405e+00 7.840218593370392730e-01
6.648380061939818120e-01 1.873136806010363697e+00 7.840386685205930073e-01
6.672228189734716874e-01 1.875509004575871774e+00 7.844037570338464604e-01
6.701785612551998117e-01 1.878470752423086365e+00 7.844749971029546520e-01
6.702496553802200774e-01 1.878538179647329498e+00 7.844803800454460685e-01
6.730144329820105797e-01 1.881309465823262972e+00 7.841371067520134241e-01
6.753769063962085095e-01 1.883709575932432045e+00 7.822874463139789514e-01
6.776429969337406378e-01 1.886014763920262904e+00 7.798254270469469063e-01
6.799721955031488019e-01 1.888360656499747048e+00 7.779473394721734270e-01
6.823994384080300790e-01 1.890735921996490987e+00 7.779632640740554717e-01
6.849730216940230765e-01 1.893286297292773313e+00 7.789943206854104130e-01
6.872825912029540962e-01 1.895567735656841446e+00 7.802608491148350645e-01
6.896615226059669146e-01 1.897925240253800272e+00 7.811153701822868278e-01
6.922358452978644161e-01 1.900483247094033157e+00 7.815601886724466985e-01
6.950932513772670740e-01 1.903338154157980799e+00 7.816841505737558427e-01
6.951614999781356996e-01 1.903406281445850334e+00 7.816829765319089907e-01
6.978592177219056225e-01 1.906128840827250315e+00 7.811897162457515087e-01
7.002071727695510228e-01 1.908479543366821130e+00 7.791740948469748629e-01
7.027947236840224043e-01 1.911099466341320330e+00 7.762730706197138453e-01
7.054311683353781115e-01 1.913732355364801796e+00 7.740294634021420705e-01
7.078583980138993814e-01 1.916093556902450201e+00 7.739764714883251573e-01
7.107369225801059009e-01 1.918905849899212201e+00 7.749785429777177326e-01
7.132020405081981318e-01 1.921317303607845250e+00 7.761490428303208233e-01
7.160795244058626441e-01 1.924155013413775483e+00 7.770669933789925432e-01
7.161500146045199910e-01 1.924223510638691792e+00 7.770887291978429978e-01
7.188304550681364757e-01 1.926864332592659768e+00 7.773432345331051652e-01
7.213014192962385884e-01 1.929295146634813829e+00 7.771552605623267551e-01
7.237445978531521495e-01 1.931742502315425547e+00 7.763749844962583024e-01
7.262503573664815804e-01 1.934223015040940075e+00 7.743787817097990134e-01
7.263199769248593896e-01 1.934290345596829441e+00 7.743011226312221940e-01
7.285775870755333283e-01 1.936557522307798651e+00 7.721739722594369582e-01
7.312604789256612614e-01 1.939181469746456887e+00 7.716589867313169426e-01
7.337533467332509884e-01 1.941603893549177950e+00 7.719622013498343982e-01
7.360891169407159929e-01 1.943892484908399609e+00 7.725552784322652355e-01
7.388596500201962680e-01 1.946586641818089936e+00 7.730820449601257804e-01
7.389306431765787497e-01 1.946653719559762852e+00 7.730893428416779622e-01
7.414507723062366829e-01 1.949137231971521445e+00 7.731562536604792424e-01
7.415243589397046975e-01 1.949207090298434419e+00 7.731485402844388011e-01
7.440433806168407216e-01 1.951699593613845485e+00 7.729418410833227560e-01
7.467101657483885546e-01 1.954316708989362938e+00 7.726174943480328405e-01
7.490900465120580165e-01 1.956710298104073154e+00 7.716944188356026357e-01
7.516219036085801664e-01 1.959245332845392484e+00 7.697038209639393003e-01
7.516897893079198534e-01 1.959312576680652729e+00 7.696420482405321728e-01
7.543427271190785710e-01 1.961934728673722095e+00 7.674189798144028796e-01
7.569095031385139061e-01 1.964436659194046975e+00 7.670672849032549312e-01
7.598028654197676035e-01 1.967201493293452064e+00 7.675472168512380566e-01
7.622218799782155552e-01 1.969554110681813075e+00 7.680921639952538182e-01
7.652143498449531789e-01 1.972441773450306357e+00 7.685144801368691825e-01
7.680010983016500870e-01 1.975138766342660279e+00 7.685854903593850596e-01
7.706311750287693219e-01 1.977671791391292455e+00 7.685372138357161598e-01
7.735994648186119704e-01 1.980609968016723732e+00 7.678630230706483539e-01
7.759712590432984447e-01 1.982929729161151400e+00 7.659598107732069616e-01
7.784366585968957031e-01 1.985356661061681960e+00 7.633894323700682882e-01
7.808222057922017401e-01 1.987678516710990717e+00 7.615285799040564241e-01
7.834156085186747553e-01 1.990129466997169416e+00 7.615605691143285672e-01
7.861595674652570587e-01 1.992734023044008707e+00 7.623238931492235526e-01
7.890998212181102867e-01 1.995549315487004982e+00 7.631746376017117806e-01
7.917456078163747080e-01 1.998084200162877355e+00 7.636309111461324628e-01
7.942974191336986678e-01 2.000549173275046222e+00 7.638793828677638009e-01
7.971429253338796483e-01 2.003287830589242535e+00 7.637435346088270460e-01
7.997355918448296741e-01 2.005828156049259903e+00 7.631928468770837748e-01
8.022326306893315939e-01 2.008275613730168718e+00 7.610738874627757111e-01
8.045616058481164234e-01 2.010558933710007157e+00 7.586724480061255438e-01
8.073270239145654559e-01 2.013243795963727045e+00 7.566533009994101944e-01
8.073990340835143220e-01 2.013311762611355693e+00 7.566323401738680454e-01
8.103310340088190067e-01 2.016072420200606174e+00 7.566504944432167479e-01
8.130802895687946341e-01 2.018684100381352486e+00 7.573798063090791954e-01
8.131510202457206127e-01 2.018751644860371730e+00 7.574026062162729778e-01
8.158110170331254185e-01 2.021271298271297923e+00 7.578857581001846588e-01
8.184917609790242077e-01 2.023813857845749631e+00 7.580653671642347824e-01
8.214899432207733998e-01 2.026666250975756700e+00 7.581739370958483493e-01
8.240652826957246546e-01 2.029130367525167067e+00 7.579880182500310370e-01
8.267004642031789974e-01 2.031636839353371915e+00 7.574954196289800379e-01
8.350895262898381244e-01 2.039727792192466360e+00 7.494846706490927435e-01
8.374218726763330567e-01 2.041984151947357162e+00 7.472846608554262193e-01
8.400796767228666528e-01 2.044429219793053587e+00 7.466387337923505729e-01
8.428740413134350185e-01 2.047022923549471685e+00 7.479064704543573194e-01
8.458500277143029544e-01 2.049795235983855157e+00 7.499708440431883671e-01
8.488346473555008487e-01 2.052570848945197035e+00 7.514402286975626621e-01
8.489067968964636446e-01 2.052640546391401255e+00 7.514702849098253701e-01
8.517417516185472603e-01 2.055317928225960156e+00 7.516590737140537160e-01
8.541102931985493640e-01 2.057591086504964029e+00 7.503303158024002828e-01
8.570253933646971856e-01 2.060352740977095642e+00 7.488525347071597338e-01
8.595544209015895110e-01 2.062714497516120016e+00 7.485625193506502129e-01
8.621719871501588583e-01 2.065168456826127485e+00 7.483622409292347566e-01
8.648586470039636431e-01 2.067684700775203943e+00 7.482250117658523214e-01
8.677432955024652061e-01 2.070393529378088182e+00 7.479826151766999498e-01
8.702759659087105915e-01 2.072785066164860801e+00 7.476627722088502459e-01
8.730834094250188304e-01 2.075410686359425938e+00 7.471958686522989224e-01
8.759819890339178849e-01 2.078130230465378148e+00 7.466271584824425434e-01
8.786092115209633846e-01 2.080596138217827740e+00 7.454311248914257115e-01
8.814076561235563156e-01 2.083262813173569761e+00 7.432812224578945193e-01
8.839544606648570557e-01 2.085631965216537598e+00 7.425278376461009744e-01
8.870982864235019694e-01 2.088505063047646271e+00 7.420840111044362253e-01
8.896719147599986277e-01 2.090865813392623451e+00 7.418703051518531488e-01
8.917086564732227272e-01 2.092739378423400076e+00 7.417108796458971032e-01
8.927224868763502519e-01 2.093666791076825628e+00 7.416252846705176927e-01
8.956266656860176756e-01 2.096359742035879492e+00 7.412206024458791731e-01
8.982373502004209476e-01 2.098763642058256718e+00 7.407821381014451090e-01
9.012068932345694838e-01 2.101517853194607710e+00 7.402327938424937415e-01
9.037514903628346419e-01 2.103856098271507769e+00 7.396911738595934871e-01
9.065740653248479664e-01 2.106458027349608741e+00 7.390182024181669584e-01
9.093266718317445374e-01 2.109007186939680700e+00 7.382479016194510857e-01
9.118517815352397138e-01 2.111336366454508173e+00 7.375646660688969236e-01
9.148007616508012640e-01 2.114072771257064609e+00 7.367579765545131387e-01
9.173361625914268069e-01 2.116403323149741666e+00 7.360868058265019886e-01
9.202324080081668578e-01 2.119061915880540159e+00 7.352860597853031477e-01
9.228466247627611363e-01 2.121456362860481448e+00 7.345800687233128290e-01
9.257537801323880711e-01 2.124109858755638403e+00 7.337820889211679187e-01
9.284492549706278020e-01 2.126566172152670742e+00 7.330379471943582192e-01
9.310447201500352543e-01 2.128892168178621702e+00 7.329976067083810998e-01
9.340609137704029008e-01 2.131615417559209025e+00 7.331936766503702740e-01
9.369059117956786142e-01 2.134202517004497590e+00 7.322011236330431272e-01
9.396312387726566406e-01 2.136707335485555248e+00 7.310884925989906691e-01
9.424318385559763422e-01 2.139249536953264474e+00 7.299052062056367030e-01
9.453349035230016462e-01 2.141892306471413931e+00 7.286384003751835703e-01
9.483047677091113181e-01 2.144606277069545541e+00 7.273803331937248595e-01
9.512125072523233138e-01 2.147243503642584095e+00 7.262673317263459438e-01
9.544200980636490250e-01 2.150153617200407652e+00 7.251511261334530056e-01
9.574196537053010214e-01 2.152798653370068038e+00 7.251283820588406703e-01
9.605385603843219489e-01 2.155578294937224193e+00 7.255896756259868630e-01
9.635248215071900990e-01 2.158276883893658571e+00 7.245285448613905110e-01
9.661007123096952975e-01 2.160633199950054095e+00 7.232554021744641570e-01
9.686953047655427751e-01 2.162996440797773978e+00 7.218632059246323784e-01
9.711894088695874894e-01 2.165199138979301274e+00 7.205660664382060876e-01
9.740162821280975436e-01 2.167756467457685687e+00 7.192743055162030830e-01
9.771166425861732563e-01 2.170507585508858917e+00 7.180014435360257963e-01
9.771902086640338325e-01 2.170570463163859376e+00 7.179708648151397199e-01
9.796559884391459194e-01 2.172718042889352219e+00 7.172343114769589301e-01
9.825243987081285768e-01 2.175214460666840210e+00 7.178179282948817796e-01
9.852010633939954909e-01 2.177548510517838487e+00 7.187533182813948818e-01
9.877663685907274171e-01 2.179814812355990838e+00 7.189339470892117667e-01
9.901683635430730268e-01 2.181993963522348423e+00 7.176717133774925816e-01
9.931384370686547891e-01 2.184648290627719369e+00 7.154886461857258295e-01
9.960761696569221391e-01 2.187263259545387140e+00 7.131192607609858625e-01
9.987496146200159908e-01 2.189597782391430769e+00 7.112972835781761205e-01
1.001175068220733877e+00 2.191745756062769335e+00 7.098577353848771754e-01
1.003849505279690746e+00 2.194067485104131521e+00 7.085694133042337306e-01
1.006733921699621170e+00 2.196557321345260050e+00 7.079898484700731798e-01
1.009460860708207175e+00 2.198877528755194710e+00 7.086729167889601610e-01
1.009756658994644507e+00 2.199135644151716917e+00 7.087739227469621595e-01
1.012554773315409218e+00 2.201559281605705465e+00 7.092804768384038949e-01
1.015119575109570960e+00 2.203758262839649262e+00 7.094355131427659833e-01
1.017702122020590627e+00 2.206007813292840680e+00 7.089798864504383014e-01
1.020084789022138727e+00 2.208093413211985379e+00 7.071701844727575903e-01
1.022694554875592132e+00 2.210366135470312354e+00 7.046482984007402806e-01
1.025397307562783134e+00 2.212742541843804922e+00 7.021951123486349644e-01
1.028477954047972265e+00 2.215369702476307268e+00 6.997672362881266483e-01
1.031534857660865168e+00 2.217973729001438965e+00 6.984822004962292219e-01
1.034359776810994891e+00 2.220328223092841391e+00 6.986979924820785337e-01
1.037454284673855032e+00 2.222939580246393376e+00 6.994743358150754542e-01
1.045478659362940377e+00 2.229689471878224527e+00 7.004250880172678828e-01
1.048566494089195889e+00 2.232310731462254338e+00 7.004484402091782913e-01
1.051051099200752681e+00 2.234423555231738412e+00 7.000030272508196427e-01
1.053635633611510247e+00 2.236609953233318571e+00 6.983680535109947352e-01
1.056015837923523604e+00 2.238695861302750778e+00 6.957172102045299233e-01
1.058533262634090422e+00 2.240855350885126107e+00 6.937878197017763870e-01
1.061003919352442981e+00 2.242948851650340192e+00 6.924282887807099440e-01
1.063794822481095359e+00 2.245276530155270400e+00 6.912604842517735548e-01
1.066747865262910988e+00 2.247721742254199739e+00 6.901164241989653503e-01
1.069931870939388574e+00 2.250349973951860871e+00 6.889723667226490544e-01
1.070007590453439184e+00 2.250413604008529411e+00 6.889467597620889672e-01
1.072979810085492813e+00 2.252931127797130006e+00 6.873701950129829097e-01
1.075593475719746506e+00 2.255161080996575862e+00 6.847258823974839981e-01
1.078355944412326295e+00 2.257486291681314317e+00 6.816153331909533541e-01
1.081163046167315622e+00 2.259786931445703306e+00 6.792299147224153399e-01
1.083869336839698549e+00 2.261988406753314251e+00 6.784307641751160523e-01
1.086647365090999795e+00 2.264215862018247538e+00 6.781416603886060157e-01
1.089507876703282419e+00 2.266526679171936731e+00 6.778457647377855722e-01
1.092749992781780088e+00 2.269130560558241250e+00 6.773787888972206961e-01
1.092827188641923186e+00 2.269194708619724832e+00 6.773641495238164056e-01
1.095739197549137955e+00 2.271549974107578862e+00 6.767038190900009909e-01
1.098978990858001437e+00 2.274159484256931485e+00 6.756356937819412156e-01
1.101883812882761049e+00 2.276510750747517076e+00 6.745992598685450758e-01
1.105012704719291472e+00 2.279044406442643833e+00 6.734273436633232413e-01
1.105088365927902716e+00 2.279105451053494047e+00 6.733971501415695338e-01
1.107695034083915342e+00 2.281185748145849956e+00 6.722648965753668104e-01
1.110744165680064066e+00 2.283654624689579471e+00 6.706284792353528479e-01
1.110819954451405023e+00 2.283713453639379942e+00 6.705840479332584314e-01
1.113703597374344323e+00 2.286052310226975415e+00 6.690552788087515967e-01
1.116823219179754689e+00 2.288569408038045871e+00 6.674680948533712188e-01
1.119726065679909288e+00 2.290905318673992941e+00 6.659980515931557266e-01
1.122490128173582846e+00 2.293096874439210175e+00 6.646656569086889510e-01
1.125346857469613271e+00 2.295332884853169553e+00 6.633657489683163488e-01
1.128284453339106763e+00 2.297632804169708276e+00 6.620575235284944515e-01
1.128362702050416999e+00 2.297693639408325161e+00 6.620257314204396337e-01
1.131449378819567197e+00 2.300082434569016065e+00 6.614576249068243596e-01
1.134338391981298599e+00 2.302338194443548591e+00 6.618982867521502333e-01
1.137350241654269123e+00 2.304703759966209020e+00 6.618343212974967527e-01
1.139955105637573407e+00 2.306775711455504307e+00 6.605018970812946977e-01
1.142567414244200608e+00 2.308843327439771720e+00 6.582027968016430641e-01
1.142640220583459154e+00 2.308901735557210344e+00 6.581405465856058346e-01
1.145750279668287241e+00 2.311343597773656278e+00 6.552903764401296627e-01
1.148715776975003600e+00 2.313684667962848884e+00 6.526363132413887103e-01
1.151615830763776049e+00 2.315930398259296030e+00 6.504236147258248835e-01
1.154786391701931203e+00 2.318397108508636784e+00 6.482673320366653114e-01
1.154864573287043061e+00 2.318458755734920107e+00 6.482238190242587406e-01
1.158186710331140512e+00 2.320969938099003205e+00 6.467136294745645664e-01
1.161103317695821424e+00 2.323171150031227317e+00 6.470202245091781768e-01
1.164190738535622494e+00 2.325493438971696136e+00 6.473103489210757511e-01
1.167414387965373779e+00 2.327938993302528736e+00 6.472922858847344196e-01
1.170098416321832646e+00 2.330019309556001339e+00 6.464751634060781349e-01
1.173032145174325080e+00 2.332289235435196062e+00 6.435043524013583927e-01
1.175787786664430179e+00 2.334377027111592007e+00 6.402905966800628290e-01
1.178705512246265519e+00 2.336616648453293976e+00 6.370420504393898842e-01
1.181694093055541961e+00 2.338837091696889914e+00 6.347282671488750916e-01
1.184724148931161070e+00 2.341061483355778350e+00 6.340449912627156293e-01
1.187498902845651516e+00 2.343096292814016213e+00 6.339109519569070539e-01
1.190640023932925340e+00 2.345413470488609597e+00 6.336915791464173831e-01
1.193596941306033887e+00 2.347570762904794606e+00 6.331703966314332632e-01
1.196521886193393946e+00 2.349730858218320506e+00 6.323514930471764162e-01
1.196601874200744708e+00 2.349785716967828009e+00 6.323229546919589827e-01
1.199515442205558502e+00 2.351943592009242856e+00 6.310368325983851667e-01
1.202421636070989175e+00 2.354091979959973990e+00 6.296671263219243420e-01
1.205721873851837378e+00 2.356508965634101838e+00 6.272407653125244842e-01
1.208730977752439983e+00 2.358769260762411335e+00 6.243803817615750651e-01
1.211719047487932466e+00 2.360964850630710821e+00 6.223664012416489921e-01
1.214895640394219489e+00 2.363263473974607010e+00 6.206245579350041508e-01
1.217663389313124345e+00 2.365275272668335926e+00 6.191998962083649083e-01
1.220375716066087524e+00 2.367216548486970495e+00 6.178838382574498578e-01
1.223571107747858600e+00 2.369490810542032921e+00 6.163532037767964766e-01
1.226762780436726263e+00 2.371762055064924546e+00 6.147911223594961783e-01
1.229565215950279011e+00 2.373755204870140467e+00 6.133838740457391303e-01
1.232319517166841294e+00 2.375688758555695390e+00 6.126150432976097404e-01
1.241571048517523757e+00 2.382196787461199783e+00 6.131270075315468082e-01
1.245004015419810761e+00 2.384635133645772953e+00 6.126714890767954724e-01
1.247421351466765360e+00 2.386376337560266236e+00 6.110341450580049072e-01
1.249946379881878178e+00 2.388185475008760328e+00 6.077223345454992876e-01
1.252502136164165725e+00 2.389994223325335732e+00 6.038434663627090249e-01
1.255419491854343539e+00 2.392039439631623576e+00 5.996728484174110863e-01
1.258291427952710428e+00 2.394073063974576421e+00 5.966845722548907993e-01
1.261410018512725939e+00 2.396165877148765055e+00 5.953236318433943186e-01
1.264274038630671670e+00 2.398105767582006109e+00 5.947911795045183192e-01
1.267299805346165931e+00 2.400146378161003735e+00 5.943261587838511995e-01
1.270389393706653047e+00 2.402242541672086062e+00 5.936125236070999289e-01
1.272995163570424637e+00 2.404039259238047954e+00 5.924165163446538651e-01
1.275992835953412285e+00 2.406083859354534393e+00 5.893070003560423320e-01
1.276073142132591931e+00 2.406137628257123851e+00 5.892022893060890887e-01
1.279021045758191200e+00 2.408148531537701142e+00 5.860711562412651565e-01
1.282296184441164000e+00 2.410329052481365419e+00 5.840836536454374617e-01
1.285503332744638350e+00 2.412441368850636536e+00 5.825220961731221170e-01
1.288390739636487980e+00 2.414358815763743671e+00 5.812149837590256940e-01
1.291510754912338577e+00 2.416420258288136669e+00 5.797996735276984559e-01
1.294475621083679862e+00 2.418386622234071304e+00 5.783677518742357249e-01
1.297334552160427812e+00 2.420279446728200057e+00 5.769737338561736761e-01
1.300207240536549014e+00 2.422168842910238151e+00 5.755098042211089782e-01
1.302994639844443636e+00 2.423991890890547563e+00 5.740418719079913856e-01
1.306016829230809639e+00 2.425929713003379451e+00 5.730923680738577719e-01
1.309092954149038146e+00 2.427921005732224469e+00 5.728680107476994410e-01
1.312231035880819574e+00 2.429954466625395604e+00 5.717177637489097020e-01
1.315262906138690235e+00 2.431932346827175184e+00 5.691875900524524523e-01
1.318242115008990689e+00 2.433877257435732133e+00 5.660469800874561308e-01
1.321240492585229465e+00 2.435831365067786081e+00 5.628803891305977913e-01
1.324573256986239400e+00 2.437992344062140049e+00 5.598523925378618982e-01
1.327609714755531023e+00 2.439920890120774288e+00 5.574928499475578780e-01
1.330672164209060426e+00 2.441868502526122420e+00 5.553522669839440207e-01
1.333703211008920198e+00 2.443754856162100086e+00 5.537118330837109692e-01
1.336650584321516844e+00 2.445564884023534447e+00 5.533144019029553329e-01
1.339848447525707975e+00 2.447542097421027130e+00 5.530245182699614626e-01
1.342792968317361169e+00 2.449360009020172591e+00 5.526050077145803208e-01
1.346150614261209189e+00 2.451430822206383642e+00 5.515411398391850684e-01
1.349664018456234515e+00 2.453616925904794854e+00 5.499842728719246399e-01
1.352560627392074499e+00 2.455441149898706321e+00 5.484354348673007307e-01
1.355323709346657690e+00 2.457196629978586344e+00 5.455418211330227418e-01
1.358344546172911338e+00 2.459065907805111806e+00 5.423434180590434028e-01
1.361096011814075135e+00 2.460766451127024190e+00 5.400659837804467900e-01
1.364207433479857512e+00 2.462662862197966263e+00 5.379999103364403457e-01
1.367316659038220195e+00 2.464547859375703087e+00 5.361692166298044349e-01
1.370441585936814421e+00 2.466430364315801871e+00 5.343808713368648489e-01
1.373738711809679991e+00 2.468407505782696632e+00 5.325401215011047462e-01
1.373822161505163120e+00 2.468456985426298544e+00 5.324895783898260238e-01
1.377377537663733609e+00 2.470586041292477386e+00 5.304767411930065846e-01
1.380523724576480538e+00 2.472469006406061709e+00 5.286828342279927817e-01
1.383684789388182956e+00 2.474315748135275328e+00 5.272170944302085882e-01
1.386530890768719937e+00 2.475982614172089313e+00 5.267592555525987263e-01
1.389606712789641652e+00 2.477771174770203810e+00 5.262503214440849009e-01
1.392723654815598566e+00 2.479605437015889535e+00 5.248705144505634301e-01
1.396078083162598515e+00 2.481630874387192875e+00 5.215420762113572861e-01
1.396158825914557644e+00 2.481676809925983829e+00 5.214509203261449288e-01
1.399293426881524471e+00 2.483501225538770285e+00 5.181560701307933448e-01
1.402391054937776271e+00 2.485335406535893021e+00 5.150615964923461743e-01
1.405921654252640707e+00 2.487381881003939199e+00 5.118708107362207604e-01
1.408944066977578569e+00 2.489101739499205657e+00 5.098442533023056500e-01
1.412444958180495869e+00 2.491061788907059871e+00 5.085334119271438524e-01
1.415921452988721185e+00 2.492987038121482257e+00 5.075455481475010799e-01
1.416006426761666104e+00 2.493036237616761408e+00 5.075225559849723123e-01
1.419223304045888367e+00 2.494826747259196509e+00 5.063726015863784236e-01
1.422593155342391169e+00 2.496720384427886685e+00 5.049119897549073643e-01
1.422680936965678100e+00 2.496767867989582612e+00 5.048742258870627664e-01
1.425791809682722233e+00 2.498511003230803773e+00 5.033064886880269651e-01
1.429436489115399667e+00 2.500521232427936891e+00 5.013943444554872508e-01
1.432705928785951821e+00 2.502305999655928481e+00 5.002316492799062653e-01
1.442890439413130554e+00 2.507932816118719987e+00 4.936848877080050046e-01
1.445707332498888720e+00 2.509490185166784570e+00 4.914008445748459519e-01
1.449150296977596231e+00 2.511378300319320189e+00 4.884078345943745347e-01
1.452490502669788075e+00 2.513213477479369296e+00 4.856813139724346917e-01
1.452575013654591851e+00 2.513261343552375848e+00 4.856164478540839213e-01
1.455451292845376221e+00 2.514788083672862662e+00 4.837784442988833367e-01
1.458991796482094871e+00 2.516647606175740570e+00 4.826114977531583694e-01
1.459079856632953032e+00 2.516694025361935871e+00 4.825849810988796507e-01
1.462336371012804337e+00 2.518401057343188754e+00 4.814776039705986888e-01
1.465856471123600846e+00 2.520241337291240225e+00 4.802598504181413430e-01
1.469916458632874345e+00 2.522371584706026404e+00 4.786714869699105201e-01
1.470093486219303358e+00 2.522459682996170294e+00 4.785985846896749218e-01
1.473592530237205711e+00 2.524301784727290610e+00 4.768191810045625534e-01
1.476674461741756650e+00 2.525902077195121720e+00 4.751294896612224816e-01
1.479652521325374837e+00 2.527475458088061178e+00 4.734243645591102445e-01
1.483119804037433376e+00 2.529320489938273298e+00 4.709538658525520560e-01
1.483207054220219812e+00 2.529364790911335703e+00 4.708825395623060239e-01
1.486431900090039226e+00 2.531038881005700070e+00 4.682727548175430465e-01
1.489725649294904919e+00 2.532765195160209259e+00 4.656227413857411679e-01
1.492865421452048036e+00 2.534380243975423497e+00 4.632511507795784023e-01
1.496380344989849398e+00 2.536177380379345259e+00 4.607678073847146227e-01
1.499559314625199535e+00 2.537785936405777321e+00 4.586602300931082454e-01
1.503015153359540834e+00 2.539530463526318727e+00 4.564945275957762449e-01
1.506398519745528297e+00 2.541211052850313123e+00 4.544464636320840190e-01
1.510313255473984873e+00 2.543111945268927698e+00 4.527091185949495555e-01
1.513739692609029186e+00 2.544787830487526215e+00 4.517007518263859156e-01
1.516985917528851813e+00 2.546358627183809453e+00 4.506876733820683323e-01
1.520680224323234464e+00 2.548162581155176021e+00 4.493293865576102331e-01
1.524002555004633441e+00 2.549792780138803838e+00 4.478493891581566966e-01
1.527433274520135109e+00 2.551439310737686483e+00 4.461684705015220298e-01
1.530582865236629120e+00 2.552949257418661411e+00 4.445391786469988782e-01
1.533760284705592669e+00 2.554520581342472951e+00 4.424121336236431778e-01
1.536669743896747597e+00 2.555942063002052844e+00 4.400911591021625657e-01
1.539980361737224968e+00 2.557544485111221455e+00 4.374353629695629797e-01
1.540069496362802548e+00 2.557586092997913951e+00 4.373618996116372948e-01
1.543567551849695407e+00 2.559255611643497907e+00 4.348352421195851303e-01
1.547160976494063256e+00 2.560958023275392570e+00 4.324106459521528945e-01
1.550418201680333397e+00 2.562478431752102992e+00 4.303009385175270429e-01
1.554224557483200542e+00 2.564265175688578147e+00 4.279507243256436277e-01
1.557597612779136886e+00 2.565827615297713304e+00 4.262053025117221727e-01
1.560994326899560969e+00 2.567362249105451966e+00 4.251027237264882741e-01
1.561085208656586953e+00 2.567404351967187637e+00 4.250759605656967977e-01
1.564494222051621808e+00 2.568941198113537716e+00 4.238302145956812095e-01
1.567898609249535280e+00 2.570464499993907914e+00 4.225070499794102430e-01
1.571386516577810033e+00 2.572028701394432737e+00 4.210874074400821065e-01
1.574598161711060929e+00 2.573494117671426551e+00 4.196070603032692747e-01
1.577893485578026667e+00 2.574988289678117770e+00 4.179543780748514736e-01
1.581362387905723033e+00 2.576558560482975047e+00 4.161857842972152555e-01
1.584862209461393778e+00 2.578099861582034968e+00 4.149551859372875851e-01
1.588234462744789743e+00 2.579607415701071549e+00 4.136632470563069153e-01
1.588410462131249146e+00 2.579692134655639180e+00 4.135538092801441801e-01
1.591887350327755080e+00 2.581276685463803844e+00 4.109628303948406058e-01
1.595216731682465916e+00 2.582788824923488935e+00 4.081533859841233736e-01
1.598667455370208046e+00 2.584334465629579025e+00 4.052852495622000784e-01
1.602047243825809320e+00 2.585816833961293248e+00 4.027245134353745759e-01
1.605157860995327201e+00 2.587187844065552245e+00 4.006429648021307965e-01
1.608717620041768326e+00 2.588701924891056105e+00 3.988484796725525472e-01
1.608813803864293179e+00 2.588743263857050891e+00 3.988036084225669020e-01
1.612467275240970332e+00 2.590280533780719097e+00 3.974107022058280259e-01
1.616417720767894028e+00 2.591938353746716217e+00 3.958834384787682792e-01
1.619595932136383531e+00 2.593281635821463649e+00 3.946183269182994002e-01
1.623147696658785000e+00 2.594782805975466289e+00 3.930534598964005588e-01
1.626437258561314714e+00 2.596164617823138343e+00 3.915229282477555861e-01
1.629619040174961064e+00 2.597480454144295514e+00 3.899732114569175456e-01
1.633497450078801094e+00 2.599071379485293320e+00 3.885517226468386265e-01
1.636813835611015122e+00 2.600418545017966210e+00 3.874902722359208074e-01
1.639923700402883044e+00 2.601701833549229015e+00 3.863731493030647668e-01
1.643645572318007897e+00 2.603248812717863458e+00 3.843021886312238955e-01
1.647161678696606346e+00 2.604719472631871646e+00 3.814429112117150300e-01
1.650679259888653050e+00 2.606154945905369225e+00 3.785295675763666878e-01
1.654134615867837388e+00 2.607574957857258902e+00 3.757980494007837069e-01
1.657727141701436535e+00 2.609031717955363483e+00 3.734239349762145666e-01
1.661147569001363067e+00 2.610376868000221506e+00 3.719885532676429629e-01
1.664394811022130272e+00 2.611652198636903233e+00 3.707776675748581385e-01
1.668113773727707416e+00 2.613095152331098348e+00 3.694017487209048101e-01
1.671641277151237670e+00 2.614461201904013876e+00 3.680118710462321752e-01
1.675347450330482602e+00 2.615911883548046379e+00 3.664662600930036485e-01
1.678870480233367379e+00 2.617270298894068592e+00 3.649251360766335717e-01
1.682223573490203572e+00 2.618535435986132143e+00 3.637505380993713011e-01
1.685667221489847600e+00 2.619849513094897553e+00 3.627034039344557148e-01
1.689018310873704021e+00 2.621124805539228220e+00 3.616536325589813639e-01
1.692272232256324171e+00 2.622356899105055206e+00 3.604391939260997990e-01
1.695896960187290414e+00 2.623752110341238897e+00 3.589476838856725527e-01
1.699624018798456149e+00 2.625174741846192372e+00 3.573623517408163197e-01
1.703256510637573662e+00 2.626559279449089956e+00 3.556659453492276302e-01
1.713868798301838803e+00 2.630646070408797499e+00 3.479804333979204523e-01
1.713964763430122273e+00 2.630677846915517204e+00 3.479024654044733933e-01
1.717405183428260429e+00 2.631974009898284450e+00 3.456045173870832543e-01
1.720970688378532731e+00 2.633275486982876501e+00 3.440006351225620707e-01
1.724949992456604519e+00 2.634711042028037742e+00 3.423208828460908015e-01
1.725046536041050294e+00 2.634745755480757623e+00 3.422809052782672112e-01
1.728755996000411077e+00 2.636093254114337370e+00 3.407513385572692455e-01
1.732268123078703370e+00 2.637335881284520234e+00 3.395015865460704330e-01
1.735582614807719359e+00 2.638515782527644404e+00 3.385986136591261353e-01
1.739379137023054911e+00 2.639842150224968265e+00 3.375579315552294513e-01
1.742587110892592106e+00 2.640962976042890986e+00 3.365618949482787059e-01
1.745910656985274922e+00 2.642124213058643534e+00 3.353691630863127049e-01
1.749722944272204650e+00 2.643467893768125965e+00 3.338730416699819403e-01
1.753516844504493966e+00 2.644797085988773944e+00 3.323733930158748184e-01
1.753612630921682403e+00 2.644830637523373440e+00 3.323351625833669276e-01
1.757236946796199684e+00 2.646080980901762025e+00 3.310482432215502979e-01
1.761057036301847400e+00 2.647378502445294046e+00 3.298831085480118941e-01
1.764990925906797070e+00 2.648754273767027545e+00 3.285640513964702691e-01
1.765086050374336191e+00 2.648790348079745005e+00 3.285367064273999604e-01
1.769010151545761689e+00 2.650128973232753538e+00 3.271025112654531442e-01
1.772923438014882391e+00 2.651465080160333443e+00 3.256522500376806128e-01
1.776439382598136607e+00 2.652662609386672088e+00 3.240865080799692488e-01
1.779823516956147822e+00 2.653835464788250054e+00 3.221620034701169200e-01
1.783232050366624799e+00 2.654990316621374635e+00 3.204345060647923460e-01
1.786765342218886055e+00 2.656188925193654793e+00 3.187471528646498853e-01
1.790218605912754501e+00 2.657325493287880924e+00 3.172124786271091623e-01
1.793565935377306575e+00 2.658436449381934796e+00 3.158461751943294482e-01
1.797008283124380101e+00 2.659578606032890313e+00 3.144940627377631470e-01
1.800952561857250167e+00 2.660878621331254301e+00 3.129673145639039755e-01
1.805013422964780068e+00 2.662197598478038607e+00 3.114133543852795061e-01
1.805114086210537483e+00 2.662228590152176722e+00 3.113765869055128976e-01
1.808782053208486396e+00 2.663411855345478418e+00 3.101230117079080140e-01
1.808879867245766437e+00 2.663444238597644897e+00 3.100948157280173922e-01
1.812154784332097757e+00 2.664478828417083278e+00 3.091321824329993362e-01
1.816317183182140749e+00 2.665817973087259318e+00 3.078505090132865885e-01
1.820398717548392220e+00 2.667115614569749660e+00 3.065858652026905440e-01
1.824081236913421833e+00 2.668273366133983693e+00 3.053611366529033200e-01
1.827566352035898456e+00 2.669378698972799224e+00 3.041753484871497770e-01
1.831431162023735126e+00 2.670613756817574291e+00 3.028757828274888375e-01
1.835404053070716968e+00 2.671867560824414234e+00 3.016283195803044492e-01
1.839477050579598760e+00 2.673140813868628562e+00 3.004853442115247852e-01
1.843479635573233910e+00 2.674395291887030623e+00 2.992865182980024019e-01
1.846872377310315727e+00 2.675443466024651329e+00 2.982617118133121803e-01
1.850552093964537237e+00 2.676596276067455538e+00 2.970895486507804661e-01
1.854216915793402531e+00 2.677750453660956875e+00 2.957824971757937460e-01
1.854315330925695227e+00 2.677779328367587919e+00 2.957403793685018378e-01
1.858312942803345802e+00 2.679026186592833980e+00 2.941410201181619555e-01
1.858414758142374001e+00 2.679058595943783594e+00 2.941002168438778264e-01
1.861704289983515670e+00 2.680068821245710886e+00 2.928812647549954296e-01
1.865013859061816826e+00 2.681066175001002527e+00 2.917102629437761108e-01
1.868604337372538726e+00 2.682165898743297028e+00 2.904522011285211591e-01
1.872320414286817947e+00 2.683276046086360722e+00 2.891993728567406885e-01
1.875928496803001444e+00 2.684342079242345136e+00 2.880196180332729172e-01
1.879446068645929113e+00 2.685389698582746121e+00 2.869000417205856412e-01
1.882858067860259110e+00 2.686415122998163874e+00 2.859580701022778060e-01
1.886275171741006007e+00 2.687430730437617044e+00 2.850759840822534308e-01
1.889691308794492874e+00 2.688446351446307059e+00 2.841572704453244058e-01
1.893608586053487919e+00 2.689612074881513326e+00 2.831120670229538838e-01
1.897332167461480035e+00 2.690705559855846918e+00 2.820885372166016536e-01
1.901060257516563157e+00 2.691771322832166469e+00 2.811084175977516808e-01
1.904678789705250619e+00 2.692822110100267174e+00 2.801428168524893736e-01
1.908514666457873377e+00 2.693943267172705269e+00 2.791499456322156236e-01
1.912129577721046747e+00 2.694992722808486008e+00 2.782758993531830316e-01
1.915869434864701626e+00 2.696089856252316785e+00 2.773108700913063940e-01
1.919988559333426936e+00 2.697266500880113327e+00 2.762735507890451969e-01
1.920091805172417843e+00 2.697296879881553977e+00 2.762430503726024944e-01
1.924028972573654350e+00 2.698425397356329913e+00 2.752853046454275532e-01
1.927549242093374415e+00 2.699433226189039026e+00 2.744131589883436750e-01
1.931486706644270912e+00 2.700553987975506942e+00 2.734409004548507549e-01
1.935212244360369871e+00 2.701610434471849231e+00 2.725823467902505626e-01
1.938757131137087697e+00 2.702626407779811668e+00 2.716685190922034643e-01
1.942290264235061237e+00 2.703621337943974190e+00 2.707403845880931303e-01
1.946133832203399638e+00 2.704691840559182658e+00 2.697352432774801079e-01
1.946233055583500793e+00 2.704719747977978983e+00 2.697098903470229181e-01
1.950279545005514370e+00 2.705858098014686242e+00 2.687396296326391432e-01
1.950380038931283311e+00 2.705885710395735000e+00 2.687171654410686616e-01
1.953720054286537611e+00 2.706802138014270831e+00 2.679674443038667642e-01
1.957888688077943806e+00 2.707939019944803682e+00 2.670787368372128934e-01
1.957991518917367557e+00 2.707966440806230501e+00 2.670571760442035925e-01
1.961744965074888158e+00 2.708997548084935314e+00 2.662341159114776090e-01
1.965407663387428672e+00 2.709997261150292047e+00 2.654619185365810763e-01
1.969165606690982173e+00 2.711014680369589591e+00 2.646789413199038821e-01
1.972812870930822138e+00 2.712021756821204832e+00 2.639410623953078461e-01
1.976465449713266986e+00 2.713009571109148865e+00 2.632413130285711778e-01
1.979822819287431868e+00 2.713917062450140971e+00 2.625898314191602023e-01
1.991235867827394701e+00 2.716990830360212161e+00 2.604218949542676520e-01
1.995307269071872724e+00 2.718090401553735269e+00 2.596331023975726460e-01
1.999070977304929331e+00 2.719095771201192502e+00 2.589716908419446573e-01
2.002413647886691184e+00 2.719998978422280000e+00 2.584098091900186023e-01
2.006375074577799733e+00 2.721061309823431529e+00 2.577761436778294168e-01
2.006474908376576494e+00 2.721088686556725200e+00 2.577603947862098788e-01
2.010121846305032989e+00 2.722062474615574601e+00 2.572328447959969511e-01
2.014105363844957974e+00 2.723110900648817001e+00 2.566637460273433757e-01
2.017759903083428341e+00 2.724087538517766305e+00 2.560963100540178394e-01
2.021536800406598999e+00 2.725099865679412758e+00 2.555247973908623682e-01
2.021638220642783423e+00 2.725125056867878648e+00 2.555118938357112124e-01
2.025385239945213023e+00 2.726116550256726168e+00 2.549197784794304811e-01
2.029339240780922093e+00 2.727174324344855183e+00 2.542539025930043439e-01
2.033102802270672971e+00 2.728158559172019437e+00 2.536577439023526281e-01
2.036871844149087618e+00 2.729143455669740703e+00 2.531159962749333081e-01
2.040839349615971798e+00 2.730191897870736017e+00 2.525407886569343563e-01
2.044710957428033993e+00 2.731195451279095465e+00 2.520522867645080822e-01
2.044813710731798295e+00 2.731221671797343209e+00 2.520369786694967584e-01
2.048781817827397322e+00 2.732262522595177323e+00 2.515362307929884245e-01
2.052862629582452136e+00 2.733306004528900601e+00 2.510767731629202637e-01
2.057041996806538986e+00 2.734369124812598528e+00 2.506685051066186443e-01
2.060494523869643047e+00 2.735267029832916474e+00 2.503283591427943877e-01
2.064367727119470253e+00 2.736274735437528527e+00 2.499828401300555059e-01
2.067932351068125119e+00 2.737198130533623708e+00 2.496559728987705340e-01
2.071801023413752496e+00 2.738199377198358153e+00 2.493629578314601747e-01
2.075858199893654721e+00 2.739256278042929260e+00 2.490860073037387823e-01
2.079627931386653916e+00 2.740211581870241275e+00 2.488462105398148438e-01
2.083488742705926988e+00 2.741186854041619103e+00 2.486542445450271588e-01
2.087251832673246987e+00 2.742145485017603690e+00 2.485156362017252596e-01
2.090905048034280345e+00 2.743085107845703252e+00 2.483777031998396501e-01
2.094660853166470993e+00 2.744032522066388147e+00 2.482405164382854579e-01
2.094762069523989023e+00 2.744058193466772266e+00 2.482376325582359711e-01
2.098507101037514033e+00 2.745015485225053453e+00 2.481465588803913047e-01
2.102361892125789833e+00 2.745983262210033526e+00 2.480016157202317162e-01
2.105906599301655024e+00 2.746880837472671644e+00 2.478898735240097351e-01
2.109551018433116987e+00 2.747811225353356868e+00 2.477950349008961051e-01
2.112989773799852422e+00 2.748690103444046962e+00 2.477489981309645706e-01
2.116924505481537100e+00 2.749691679668865962e+00 2.477270923093358446e-01
2.120745563621439622e+00 2.750672625448910225e+00 2.477819243572732810e-01
2.125097284068170111e+00 2.751768417912397346e+00 2.477640163321333522e-01
2.128827035502002030e+00 2.752701524190773519e+00 2.475676628658819434e-01
2.132552852288166712e+00 2.753658718201067224e+00 2.473109244102482396e-01
2.132652090060647598e+00 2.753683878561507647e+00 2.473049744622470569e-01
2.136071965502209125e+00 2.754555787984626747e+00 2.472194522302197939e-01
2.140288739058296308e+00 2.755637417218936847e+00 2.471339024655558603e-01
2.143804410442373243e+00 2.756539155436276367e+00 2.470680872337520373e-01
2.147638475509810796e+00 2.757511561747723050e+00 2.470493325510033367e-01
2.151364308716388063e+00 2.758456436917466448e+00 2.470469178539618227e-01
2.154991031007134072e+00 2.759363361811736137e+00 2.471178733864838606e-01
2.158629186052366755e+00 2.760275834542115891e+00 2.472129458648172906e-01
2.162150833990582832e+00 2.761169007980658119e+00 2.473728229619612806e-01
2.165665505482383679e+00 2.762059692037723835e+00 2.475666946684571545e-01
2.169279937860452367e+00 2.762987150813783988e+00 2.477641290060556556e-01
2.172603940909989095e+00 2.763833683939679098e+00 2.479562993186033848e-01
2.176400475750496888e+00 2.764808701668711954e+00 2.482025768714967440e-01
2.180095719481589089e+00 2.765749515927156565e+00 2.484652987205196173e-01
2.184100290515134102e+00 2.766771413599878215e+00 2.488442547250414028e-01
2.184200563105449966e+00 2.766798203657732991e+00 2.488586518748182597e-01
2.187871469836458971e+00 2.767725378962408556e+00 2.492662115667287070e-01
2.191744210303131268e+00 2.768708555954407124e+00 2.496980514436396292e-01
2.195529099895242808e+00 2.769680806068728351e+00 2.500245682225267774e-01
2.199424499225803853e+00 2.770668657827885184e+00 2.503525120682582039e-01
2.203616235914386934e+00 2.771745195059051703e+00 2.506904249309992450e-01
2.207600068905962498e+00 2.772778914892862545e+00 2.509987750328044331e-01
2.211486946404238374e+00 2.773770172542020962e+00 2.514170669518157042e-01
2.214878165410203881e+00 2.774652675652045986e+00 2.517846534407774950e-01
2.218269757081953841e+00 2.775519133281966866e+00 2.521609414378048752e-01
2.221966658952615692e+00 2.776469397306943421e+00 2.525818627986116116e-01
2.225905738094886122e+00 2.777492963122709657e+00 2.529605780746367327e-01
2.229461682547624779e+00 2.778399542282200319e+00 2.532222438481653848e-01
2.233103206096435311e+00 2.779350838176589455e+00 2.535094960993177216e-01
2.236656614905828899e+00 2.780267954510109440e+00 2.538942072772198966e-01
2.240407974707634864e+00 2.781238141478629355e+00 2.543315878704698330e-01
2.244051185097277745e+00 2.782182539697623636e+00 2.548073296415557243e-01
2.247290075311652480e+00 2.783032574501259404e+00 2.552615673703420573e-01
2.251137454736473753e+00 2.784041786807292418e+00 2.558104750155137941e-01
2.251234341515992998e+00 2.784064238371658728e+00 2.558255123469784231e-01
2.254679862722963612e+00 2.784970349769243736e+00 2.563710394816363092e-01
2.258314986421235293e+00 2.785928311705464289e+00 2.570183067231486818e-01
2.261722066183523783e+00 2.786832403879714981e+00 2.577142539816466016e-01
2.265808361129610926e+00 2.787910421495520819e+00 2.585902104032162807e-01
2.265905228768633872e+00 2.787938130813931270e+00 2.586113230046983014e-01
2.277515420859375972e+00 2.791040925698657915e+00 2.607427686544839807e-01
2.281623877770318387e+00 2.792153863554070803e+00 2.614464862442981152e-01
2.284914310712083285e+00 2.793041614784587345e+00 2.621624200015653661e-01
2.288279721895972507e+00 2.793944644184843007e+00 2.630253670351235806e-01
2.291846953274355947e+00 2.794910093124827632e+00 2.638714943609988817e-01
2.295613536436656776e+00 2.795919620633633862e+00 2.648034394966359284e-01
2.298785000109460963e+00 2.796780627353533610e+00 2.655573783251685693e-01
2.302341303094753933e+00 2.797741150917079977e+00 2.664010153012859594e-01
2.305995318454014953e+00 2.798750558196934968e+00 2.672395984923812695e-01
2.309841414324675490e+00 2.799809144089720370e+00 2.681135080170078955e-01
2.313864051438394132e+00 2.800927138498106927e+00 2.691163488534821790e-01
2.317131567651850244e+00 2.801821590053698685e+00 2.699160856021357024e-01
2.320656061705370199e+00 2.802799727935787466e+00 2.706683361324094816e-01
2.324550005708001521e+00 2.803892161122187865e+00 2.714683806322411574e-01
2.328162701761756548e+00 2.804892275318277228e+00 2.722390733392509587e-01
2.331474858718056264e+00 2.805828732072215281e+00 2.730301731737749815e-01
2.335265694710644269e+00 2.806895199922158746e+00 2.740003758356066577e-01
2.335360078746861578e+00 2.806923315973497424e+00 2.740248464492509028e-01
2.338678478988990950e+00 2.807850607041012747e+00 2.749649714552292457e-01
2.341792133979005985e+00 2.808730668958064669e+00 2.758657629808990430e-01
2.345458348481675781e+00 2.809779882569435117e+00 2.769963670216981089e-01
2.345552732071994662e+00 2.809806808288164426e+00 2.770285306674120096e-01
2.349033631325472715e+00 2.810792705965682092e+00 2.780801440721354933e-01
2.352803894547006447e+00 2.811875777428953782e+00 2.792381902120544823e-01
2.352991041554345131e+00 2.811930450040229346e+00 2.792907679498227158e-01
2.356458906544729448e+00 2.812934404408766742e+00 2.803584990413920397e-01
2.360004838864760313e+00 2.813954443480420675e+00 2.815153328045700842e-01
2.363364574125968787e+00 2.814939745595738341e+00 2.826280320943073132e-01
2.366818621532102096e+00 2.815945010406827542e+00 2.837610262128740790e-01
2.370344346873995534e+00 2.816978131052092493e+00 2.849555646905668205e-01
2.373874291649161528e+00 2.818013741633789593e+00 2.861421943785637523e-01
2.377388263533717794e+00 2.819062974777975406e+00 2.873899162212883995e-01
2.380801573768127621e+00 2.820076342350187559e+00 2.885859411343103531e-01
2.384134257946124436e+00 2.821072570039936167e+00 2.897153209904087534e-01
2.388127094846409282e+00 2.822277053753899700e+00 2.910360957650287572e-01
2.388218268936374233e+00 2.822302746537867613e+00 2.910681609688134386e-01
2.391515854367467053e+00 2.823289976449343541e+00 2.923155505535998122e-01
2.395483490827118533e+00 2.824475296762615883e+00 2.938307933140162920e-01
2.399347909753415831e+00 2.825649489085914734e+00 2.952492952656705083e-01
2.402833362157064112e+00 2.826717362686247181e+00 2.965024279394197770e-01
2.406269031117157287e+00 2.827773603584478934e+00 2.978965100610732608e-01
2.409605232236291528e+00 2.828801738382766384e+00 2.992590412880595241e-01
2.413246422679054870e+00 2.829930070526511798e+00 3.006542686794198560e-01
2.416618813293938128e+00 2.830980547247422763e+00 3.019133164972173100e-01
2.420234349554036157e+00 2.832111756468693287e+00 3.033881294999762335e-01
2.423579186247882156e+00 2.833162606824050744e+00 3.047350258428637160e-01
2.426926391323630305e+00 2.834233898975488053e+00 3.060787259205487998e-01
2.430446608726372748e+00 2.835360882300491880e+00 3.075049660769907933e-01
2.430539589025130454e+00 2.835390484699152225e+00 3.075441607163398317e-01
2.433924189302479224e+00 2.836467576014844560e+00 3.090011075934551710e-01
2.437510995247095913e+00 2.837609232291598005e+00 3.104866776920484628e-01
2.440996212475042171e+00 2.838738168704177056e+00 3.119597285830277844e-01
2.444290420022544374e+00 2.839809091792280249e+00 3.133423623920134626e-01
2.447839753627888193e+00 2.840967077077416469e+00 3.148809547882953086e-01
2.451103603163944822e+00 2.842027326090875938e+00 3.163265391727888565e-01
2.454196948589504323e+00 2.843054167059906767e+00 3.176002048669671618e-01
2.457450836684078599e+00 2.844123940756513758e+00 3.189946762553120818e-01
2.457535894672771004e+00 2.844156962653688669e+00 3.190346796399294305e-01
2.460767504826510521e+00 2.845237273874867689e+00 3.204617402804057491e-01
2.463827188759033504e+00 2.846255063944162167e+00 3.218048136583879781e-01
2.466789289542064889e+00 2.847257367364071978e+00 3.230969073476850917e-01
2.470274611515580254e+00 2.848431267680733292e+00 3.246020387575614397e-01
2.473509360841163573e+00 2.849529411368050269e+00 3.259785348392205684e-01
2.477079509620202291e+00 2.850749768789716310e+00 3.275084487363331132e-01
2.480387917861027525e+00 2.851895561528815293e+00 3.289467382118589911e-01
2.483575549403500116e+00 2.852992093843254473e+00 3.302592658449329810e-01
2.486592168715664020e+00 2.854024883790420297e+00 3.315188746244385753e-01
2.489517931206668866e+00 2.855041562794647714e+00 3.327158973534199427e-01
2.492682040498876539e+00 2.856151049682620791e+00 3.340527557863236519e-01
2.496378114208837040e+00 2.857446307056616064e+00 3.356283590543867601e-01
2.499377971023503342e+00 2.858510704192362972e+00 3.369154328374646679e-01
2.502367509124019840e+00 2.859552279170326283e+00 3.382912757025348105e-01
2.505593795103197685e+00 2.860679016322184243e+00 3.398320996262609306e-01
2.508567800694943895e+00 2.861738548148039740e+00 3.412608926925460584e-01
2.511588721264213842e+00 2.862813385583094394e+00 3.427783213559853492e-01
2.514975378343340839e+00 2.864041702283775859e+00 3.443787073855490988e-01
2.518011175773764432e+00 2.865137068046882618e+00 3.458402581049644930e-01
2.521087050453226563e+00 2.866262005567711491e+00 3.474288159496397577e-01
2.530225724272393784e+00 2.869592721622577614e+00 3.520121620042792610e-01
2.533237932540482795e+00 2.870686317792301878e+00 3.535264875192211109e-01
2.536208774829304513e+00 2.871781225250942260e+00 3.550888302240473582e-01
2.539264071480027862e+00 2.872901332475649383e+00 3.566951682542494617e-01
2.542464441900260219e+00 2.874114736638935241e+00 3.583796996433463167e-01
2.542630992973858195e+00 2.874174390454113936e+00 3.584608659978384959e-01
2.545928243340600972e+00 2.875428171406434252e+00 3.601019817444013893e-01
2.549352998817442373e+00 2.876730880027253079e+00 3.619189143124364461e-01
2.552272320572250841e+00 2.877857919076280524e+00 3.632445890914801079e-01
2.555095356585029620e+00 2.878949685343072495e+00 3.643551483749393194e-01
2.557820792591684711e+00 2.880010731552468783e+00 3.654153466120071414e-01
2.557899713541587516e+00 2.880044423734138270e+00 3.654471812718246282e-01
2.560965603313166916e+00 2.881227997925228657e+00 3.667322210017971984e-01
2.564017594569567571e+00 2.882398173849782808e+00 3.681475223131679964e-01
2.566884753046752454e+00 2.883514140528648184e+00 3.695038903369448069e-01
2.569822953457089110e+00 2.884672208174196673e+00 3.709361784603511514e-01
2.572680444782839970e+00 2.885795270468784146e+00 3.723894198940633782e-01
2.575452470351644152e+00 2.886884133557348964e+00 3.738465645281493499e-01
2.578378562107338734e+00 2.888033095643743664e+00 3.754355273892959755e-01
2.581295662022684567e+00 2.889194861729365904e+00 3.770192607161572118e-01
2.584049227192091625e+00 2.890286172496541628e+00 3.784824917774701758e-01
2.586726378161365414e+00 2.891343440598578951e+00 3.799408155092002248e-01
2.589393680451497204e+00 2.892415563048846394e+00 3.814149753703481305e-01
2.592432605025525305e+00 2.893623420983852057e+00 3.832018633720673528e-01
2.595242180634114604e+00 2.894755880265286407e+00 3.848454106038766698e-01
2.598042800001246544e+00 2.895892560805428673e+00 3.864131762403694159e-01
2.600881103550536810e+00 2.897049527173257033e+00 3.880764155301845153e-01
2.603792080957448185e+00 2.898248798987416386e+00 3.898286302301329775e-01
2.606810748617685025e+00 2.899485972131917499e+00 3.915243699670504229e-01
2.609805081636692670e+00 2.900731161203054853e+00 3.931804623056452952e-01
2.613178553488093137e+00 2.902147217984165195e+00 3.950390184264595539e-01
2.615920659861889597e+00 2.903296668623792876e+00 3.963508498406061453e-01
2.618706707800659395e+00 2.904472394160957371e+00 3.971813062551231566e-01
2.621776724831422101e+00 2.905764431902864153e+00 3.981215530368216737e-01
2.621851327335869897e+00 2.905795767538123187e+00 3.981436165899872037e-01
2.624532785640923738e+00 2.906929036374004571e+00 3.992679480401927217e-01
2.627066393987334880e+00 2.908018945241795272e+00 4.004132725338073739e-01
2.629598988152956007e+00 2.909103346346443075e+00 4.016388949799248320e-01
2.632419642721750108e+00 2.910314012080074786e+00 4.030657248432681361e-01
2.635090234028240719e+00 2.911469384320156450e+00 4.044234678272889405e-01
2.637753688280741748e+00 2.912620218024795982e+00 4.058331020937878675e-01
2.640717185045590831e+00 2.913906306927020573e+00 4.074132655900028488e-01
2.643379168040500105e+00 2.915069648790931112e+00 4.088796700674731111e-01
2.645809886373341691e+00 2.916129913525447925e+00 4.102950346013238825e-01
2.648734005412157089e+00 2.917404162947351942e+00 4.121798937086455505e-01
2.651425071021166868e+00 2.918586835338671026e+00 4.139462823985421980e-01
2.654471490294392222e+00 2.919920931211064996e+00 4.158833157045083162e-01
2.654544797712715898e+00 2.919950890953106004e+00 4.159245347115974600e-01
2.657204904529814282e+00 2.921130571747773352e+00 4.175756305975365512e-01
2.659661488890805892e+00 2.922219292822342496e+00 4.190932084561856952e-01
2.662457948462391588e+00 2.923449683044083258e+00 4.209304888811690737e-01
2.662528150879807320e+00 2.923480331187986003e+00 4.209765480266586257e-01
2.665090663542529992e+00 2.924628788326518514e+00 4.226467602452251282e-01
2.667573346487060792e+00 2.925746161074328278e+00 4.242969419076105253e-01
2.670195401571281213e+00 2.926935148074942816e+00 4.259436671671045782e-01
2.672693910921698723e+00 2.928083564892774326e+00 4.269618705386390434e-01
2.675257396095097828e+00 2.929317942745516490e+00 4.273657639180318824e-01
2.677942104776571686e+00 2.930569922878288214e+00 4.277540308920856904e-01
2.680333382898764771e+00 2.931704432326315946e+00 4.283281067010598075e-01
2.682599241560208458e+00 2.932763889019931014e+00 4.291078001964797051e-01
2.685135266686721867e+00 2.933948272344474528e+00 4.302240566945376710e-01
2.687946150903645304e+00 2.935254127748927022e+00 4.315977395177280074e-01
2.690960229928587299e+00 2.936661727475178729e+00 4.331641717758541454e-01
2.693217437179918683e+00 2.937711745136338592e+00 4.344416132513437834e-01
2.695961914819975380e+00 2.939002696143595550e+00 4.361027302295100161e-01
2.698427219157919055e+00 2.940158989437884784e+00 4.376367075101602611e-01
2.701004333270509150e+00 2.941370305301409971e+00 4.393133378919555354e-01
2.703360130129391692e+00 2.942471524681815609e+00 4.408510044661891336e-01
2.705563914971897521e+00 2.943512299653673114e+00 4.423372972748173537e-01
2.708024685257900188e+00 2.944675646585291240e+00 4.440261605000494494e-01
2.710969581950401608e+00 2.946082217379213830e+00 4.459332747885506043e-01
2.713492516961463874e+00 2.947282062793341595e+00 4.476595051565372962e-01
2.715791194180391610e+00 2.948384766954723624e+00 4.493015598525023080e-01
2.718265234700904642e+00 2.949580437469246696e+00 4.511000945982138743e-01
2.720703846003910353e+00 2.950754386052089728e+00 4.527709311748728260e-01
2.723180125835578558e+00 2.951961996321569082e+00 4.544889348612525248e-01
2.725801890054886378e+00 2.953256636772065846e+00 4.558523079791234056e-01
2.728053506187813504e+00 2.954406584878818798e+00 4.557193844034341246e-01
2.730408404826512925e+00 2.955609766507591551e+00 4.555523892791101814e-01
2.732734744481498002e+00 2.956783639570885747e+00 4.557375937530088739e-01
2.739748600619273056e+00 2.960317144234241304e+00 4.576383421807126983e-01
2.742446787428428845e+00 2.961675621385068791e+00 4.586050510600266361e-01
2.742506804712178781e+00 2.961709462206289167e+00 4.586357361831254198e-01
2.744846110011791573e+00 2.962848794034303346e+00 4.601616833033880805e-01
2.747073112935334294e+00 2.963960754502771522e+00 4.620733393704547498e-01
2.749618403325762461e+00 2.965230864958411594e+00 4.641913887348312895e-01
2.751969150990927648e+00 2.966412667276709492e+00 4.661048557934169279e-01
2.754227406281688495e+00 2.967548895253576013e+00 4.678868974013026816e-01
2.756357287756586505e+00 2.968627315476836337e+00 4.695736147610642952e-01
2.758610636157347251e+00 2.969782277981188656e+00 4.712780083415584187e-01
2.760906003715615231e+00 2.970950987755245798e+00 4.730053355433680995e-01
2.763428883567839112e+00 2.972245046157341974e+00 4.748744668652004619e-01
2.765778151525247530e+00 2.973453172854880755e+00 4.765611330211743657e-01
2.767816887003994086e+00 2.974508660244072455e+00 4.780005079896742504e-01
2.770131439100330883e+00 2.975710546408881552e+00 4.796595617661943978e-01
2.770191155689682105e+00 2.975742004930372886e+00 4.797057598938608280e-01
2.772313945675590752e+00 2.976878172410867496e+00 4.810262265084584987e-01
2.774205534217365710e+00 2.977910951315354104e+00 4.811936464664357538e-01
2.776186922853057570e+00 2.978995413904975909e+00 4.805598971952790288e-01
2.778164046074272253e+00 2.980058148977300814e+00 4.798296642780160992e-01
2.780354625223633747e+00 2.981255693226033010e+00 4.796702620350850044e-01
2.780408886773068744e+00 2.981287257896505949e+00 4.796755049365339918e-01
2.782510796128664587e+00 2.982410151801661691e+00 4.803635930046486480e-01
2.784681795366905632e+00 2.983561349670813989e+00 4.813417446877950590e-01
2.786848488656894052e+00 2.984707172207826442e+00 4.824198292795470744e-01
2.789122558138960706e+00 2.985905189735065246e+00 4.837970608984178966e-01
2.791255571735854257e+00 2.987024182878753376e+00 4.853953076620927121e-01
2.793446794573346548e+00 2.988187432974873214e+00 4.871368705182379522e-01
2.795536118719240015e+00 2.989285049311080300e+00 4.887059471172662817e-01
2.797370350573029185e+00 2.990262321992808836e+00 4.900819204630663117e-01
2.799534401502081327e+00 2.991430026335127224e+00 4.915806803443978912e-01
2.799590496622520686e+00 2.991460471999933368e+00 4.916204899737690037e-01
2.801522039213831583e+00 2.992490518262453492e+00 4.929577010798029124e-01
2.803455407409359612e+00 2.993530027189631681e+00 4.942674472009462860e-01
2.805556862382558414e+00 2.994657846581014304e+00 4.960618329175868757e-01
2.805613441961478216e+00 2.994687250823274027e+00 4.961110605013171471e-01
2.807622262833215920e+00 2.995774536241616381e+00 4.980294265509317420e-01
2.809440341496438176e+00 2.996770014265043969e+00 4.996366528869041201e-01
2.811285290870682463e+00 2.997779310665495522e+00 5.012323002540981509e-01
2.813213434748799813e+00 2.998835975057875025e+00 5.028479134562222619e-01
2.815340264976347928e+00 3.000006200292022918e+00 5.047609256978748959e-01
2.817356455585334984e+00 3.001125024520982176e+00 5.065013660603061574e-01
2.819229724697958961e+00 3.002183520228575819e+00 5.078519058810583298e-01
2.821151495115611585e+00 3.003290211520555530e+00 5.073697939493763132e-01
2.822670037180886826e+00 3.004174025194140007e+00 5.061679069208854242e-01
2.824362878909605357e+00 3.005172676200881465e+00 5.046308019187640825e-01
2.826158719424028298e+00 3.006224149842609883e+00 5.037054892167442954e-01
2.828077087953845492e+00 3.007330666392938223e+00 5.033642937558242547e-01
2.829821685968825218e+00 3.008291334831733721e+00 5.038829638279240797e-01
2.831826656422942179e+00 3.009382172766440267e+00 5.053564593000658967e-01
2.833905287945233553e+00 3.010528782693222105e+00 5.072080460514640787e-01
2.835804980550033605e+00 3.011592503823248279e+00 5.090405466612503149e-01
2.837776975961332493e+00 3.012691512131052463e+00 5.107570699058283648e-01
2.839741356973417563e+00 3.013792008958762203e+00 5.124407796407711713e-01
2.841628249524001948e+00 3.014855515028399768e+00 5.140959818592679698e-01
2.843346863153676907e+00 3.015825972172960778e+00 5.156186507932958296e-01
2.845112947467697495e+00 3.016828669200388280e+00 5.170291060711337261e-01
2.846732993689852442e+00 3.017756901763780863e+00 5.183651268317193139e-01
2.848543268673144446e+00 3.018782347409867839e+00 5.198226734060266141e-01
2.850295885725937506e+00 3.019784214234916941e+00 5.211553741479275637e-01
2.851888582460323729e+00 3.020695850505721314e+00 5.223297149926314775e-01
2.853763477497860190e+00 3.021761579372704620e+00 5.243909690086022701e-01
2.855282310784552191e+00 3.022652700719596908e+00 5.264362434263153423e-01
2.856895256710813680e+00 3.023586793276537232e+00 5.284194055076967267e-01
2.858734550780713146e+00 3.024658002660009171e+00 5.305520335709310586e-01
2.858781529895142448e+00 3.024686016556762169e+00 5.306069934506135732e-01
2.860497191472339384e+00 3.025696497652630157e+00 5.324273363606604192e-01
2.862007534365476502e+00 3.026589545832989447e+00 5.338085236542102763e-01
2.863488774054570474e+00 3.027481869132104819e+00 5.345852637066639268e-01
2.864978327365270694e+00 3.028407592557803341e+00 5.338929591371246453e-01
2.865013665721466207e+00 3.028431856059191407e+00 5.338493475148337053e-01
