1.000344718626795082e+00 2.999964752526599554e+00 -1.151110956697479377e-04
1.000461511691784766e+00 2.999950442990877431e+00 -1.486756709872733614e-04
1.000482083475818573e+00 2.999949025968162708e+00 -1.654359364294904729e-04
1.000502079479084871e+00 2.999949811831682744e+00 -3.368861120809137229e-04
1.000503594667266238e+00 2.999950616272503368e+00 -3.442073597030274748e-04
1.000504357413974033e+00 2.999988727240525677e+00 -6.983044358493435558e-04
1.000506228802412689e+00 3.000029253794210149e+00 -1.246346169499931841e-03
1.000504866025117456e+00 3.000073583643537933e+00 -1.925391527438971009e-03
1.000518812466308916e+00 3.000124133356837586e+00 -2.901876719208829059e-03
1.000527318826443635e+00 3.000184761005207257e+00 -4.106944643660514170e-03
1.000527691732978397e+00 3.000222393951526456e+00 -5.559845953678014922e-03
1.000541586115342607e+00 3.000284296390816507e+00 -7.202570875225538898e-03
1.000528124532316099e+00 3.000359545645236103e+00 -9.191971184750128560e-03
1.000529504765717670e+00 3.000411665736459454e+00 -1.176435455337427119e-02
1.000529071267060033e+00 3.000415147883084721e+00 -1.182662801726307167e-02
1.000469178462595643e+00 3.000464051800217469e+00 -1.392735628347322417e-02
1.000387120745188207e+00 3.000504994587690710e+00 -1.626687110488168886e-02
1.000278466300179137e+00 3.000549697313693365e+00 -1.884135415290074875e-02
1.000257766083417321e+00 3.000597381727252877e+00 -2.199656951452094028e-02
1.000242802845343393e+00 3.000631839676333623e+00 -2.576678949779014072e-02
1.000240062696891474e+00 3.000637173314075312e+00 -2.625543794185149216e-02
1.000177746928196054e+00 3.000710472562543973e+00 -3.034177283831880623e-02
1.000049150943295384e+00 3.000737354835021353e+00 -3.430393993846274359e-02
1.000044002314920411e+00 3.000794738871789047e+00 -3.858089235021022051e-02
9.999886278096724590e-01 3.000838015633930933e+00 -4.333742766737637420e-02
9.998615705304335632e-01 3.000914783315373757e+00 -4.854011980443073693e-02
9.997974098933117837e-01 3.000989559884570834e+00 -5.283693021548455104e-02
9.997869885663245304e-01 3.001027695130443096e+00 -5.799672423847053448e-02
9.995623693856587888e-01 3.001097617340917623e+00 -6.339359010370097802e-02
9.994327409290258979e-01 3.001130207414104412e+00 -6.954136099909867530e-02
9.992863252313556321e-01 3.001299806331380715e+00 -8.814069308630531618e-02
9.990908097969143364e-01 3.001335894034294682e+00 -9.474097758836551308e-02
9.990590787448992982e-01 3.001417974548678202e+00 -1.012365718418638399e-01
9.989865325331004353e-01 3.001457839707263542e+00 -1.077689812712198103e-01
9.989383530075155448e-01 3.001511721587329262e+00 -1.146374061169316422e-01
9.989422721286782547e-01 3.001567914114506408e+00 -1.228369011192334270e-01
9.989643691544699555e-01 3.001622976021176559e+00 -1.308013356929658422e-01
9.989351728540959430e-01 3.001676649082717141e+00 -1.398580304470402325e-01
9.989271582709229325e-01 3.001711536843848283e+00 -1.481684245039032732e-01
9.989541566157308372e-01 3.001751187869185156e+00 -1.568015602101046069e-01
9.989653962672061516e-01 3.001792805518619822e+00 -1.657988372383709663e-01
9.989626954321618735e-01 3.001793714829092963e+00 -1.660357878870993009e-01
9.990156424401368529e-01 3.001815483471475865e+00 -1.753499470580981989e-01
9.990747635647256875e-01 3.001838941160665630e+00 -1.840602805030582267e-01
9.991310445720429367e-01 3.001875901215524056e+00 -1.926624581208430942e-01
9.991668720710474849e-01 3.001909075115062109e+00 -2.003702542855057001e-01
9.992185540346480987e-01 3.001930314669472022e+00 -2.087263087633951242e-01
9.992774247396122300e-01 3.001936981653546610e+00 -2.180792091005188671e-01
9.992772979193305094e-01 3.001939553489598289e+00 -2.183123132633561225e-01
9.993518428008412169e-01 3.001946937153975536e+00 -2.272681472738728448e-01
9.994135978679369314e-01 3.001959345950762081e+00 -2.358503383394601194e-01
9.994636519024604482e-01 3.001986983931140607e+00 -2.445692965106172900e-01
9.995631587598101664e-01 3.002000363195529431e+00 -2.532216857466119131e-01
9.996738496215771264e-01 3.001999160038667291e+00 -2.627908364507839378e-01
9.997247435408873617e-01 3.002006685053768553e+00 -2.705277028990604737e-01
9.997822547315308173e-01 3.002008088655355955e+00 -2.785604244231933424e-01
9.998592100433093544e-01 3.002014270952239272e+00 -2.876176132570871791e-01
9.999862914773796074e-01 3.002010776545215531e+00 -2.972844905893292089e-01
1.000111368587243366e+00 3.002006259296457369e+00 -3.062980638387678423e-01
1.000271760963028056e+00 3.001996029709688596e+00 -3.151865004539100568e-01
1.000393183638168537e+00 3.001969891410279256e+00 -3.243008264028978682e-01
1.000465018378285276e+00 3.001968237157634611e+00 -3.326999527510419163e-01
1.000563687265422885e+00 3.001976113943978675e+00 -3.420386925596191618e-01
1.000669430059867304e+00 3.001969001195294862e+00 -3.515051918036811163e-01
1.000767905934833557e+00 3.001954585327978542e+00 -3.601809675431065227e-01
1.000872076830869206e+00 3.001936458443097866e+00 -3.688828413201994394e-01
1.000991249045209974e+00 3.001908324773713499e+00 -3.779588537470190968e-01
1.001071070206676961e+00 3.001897558257801801e+00 -3.866650805971689198e-01
1.001166139062197979e+00 3.001891031566557899e+00 -3.949104934684978807e-01
1.001231161445654605e+00 3.001885569017553657e+00 -4.030234574281373883e-01
1.001319324035192526e+00 3.001881136234735514e+00 -4.109722800395794184e-01
1.001400300106202401e+00 3.001872154347119181e+00 -4.200815121674519870e-01
1.001487085522244636e+00 3.001855769371206684e+00 -4.297697096145092210e-01
1.001606568878481429e+00 3.001830512973118203e+00 -4.396003341763168870e-01
1.001611409511338868e+00 3.001832480508885403e+00 -4.398443742011243218e-01
1.001737769319467564e+00 3.001795555936139781e+00 -4.492600425865452274e-01
1.001784794838977311e+00 3.001783959692748915e+00 -4.570992386648707329e-01
1.001873064436749727e+00 3.001766360054622051e+00 -4.665126793082556289e-01
1.001949445837076569e+00 3.001755128601082845e+00 -4.750268058434513052e-01
1.002035203969429134e+00 3.001727226954150396e+00 -4.840159588076046182e-01
1.002106350060843587e+00 3.001727454224343727e+00 -4.940671655971147214e-01
1.002222518738043799e+00 3.001683212918688337e+00 -5.038863616177099436e-01
1.002353362671821735e+00 3.001650099696821616e+00 -5.130554937375578772e-01
1.002481459154425325e+00 3.001597180022844036e+00 -5.219914280361174219e-01
1.002555906839748934e+00 3.001589511793475662e+00 -5.304629841861444595e-01
1.002669664981673092e+00 3.001560478662625986e+00 -5.406155867990274366e-01
1.002780929662481446e+00 3.001527203728527660e+00 -5.495252039183300408e-01
1.002903914375491201e+00 3.001484390943197411e+00 -5.586838217003949891e-01
1.002991672493962483e+00 3.001459302295208964e+00 -5.678964546000779823e-01
1.003075292535321017e+00 3.001429593472709545e+00 -5.768764322417242463e-01
1.003158807778324668e+00 3.001408990756376127e+00 -5.854080300879993537e-01
1.003923431393290100e+00 3.000903607250061000e+00 -5.938849627829211331e-01
1.007131302304509868e+00 2.998736422735336582e+00 -6.032550925795094887e-01
1.012526865890631678e+00 2.994994430195828450e+00 -6.123979112530351099e-01
1.018128436063744813e+00 2.991054809579379636e+00 -6.205048745015084855e-01
1.023729812618294766e+00 2.987027389515429565e+00 -6.266618571662935233e-01
1.029715376105519553e+00 2.982688778875983271e+00 -6.306201843941894314e-01
1.035776175001648092e+00 2.978268143397214462e+00 -6.311280688405711548e-01
1.041209913747495719e+00 2.974304949859584823e+00 -6.290112171187387524e-01
1.046585886442321200e+00 2.970404699071790944e+00 -6.247882702345817219e-01
1.052657125417021167e+00 2.966048470752626010e+00 -6.174825740361328252e-01
1.057905423669418532e+00 2.962352653615564879e+00 -6.106050601241692632e-01
1.063696951172441452e+00 2.958332957438236210e+00 -6.026626571296734847e-01
1.069948970314439363e+00 2.954055337313343355e+00 -5.946691746609255036e-01
1.087290613299012554e+00 2.942527384420828618e+00 -5.768074613283020735e-01
1.087447613700975424e+00 2.942425390835398780e+00 -5.766428034091397592e-01
1.093213965533343934e+00 2.938683651726803792e+00 -5.712768346887645565e-01
1.099321746945555178e+00 2.934777645272054425e+00 -5.675359790939322746e-01
1.104831296584328548e+00 2.931268927539838476e+00 -5.648093215619269802e-01
1.110467085565799872e+00 2.927703226998526365e+00 -5.618531694258265263e-01
1.115824299222480720e+00 2.924374622887921937e+00 -5.591592483723494267e-01
1.121434659007275902e+00 2.920880401802701254e+00 -5.562914311040938475e-01
1.127231698254254288e+00 2.917290459453083074e+00 -5.529125717595935185e-01
1.127381364609465919e+00 2.917199176969092367e+00 -5.528069183816841647e-01
1.132551255131430068e+00 2.914019304761664486e+00 -5.495551824080476822e-01
1.137657756991268476e+00 2.910897021646382310e+00 -5.460935683503480575e-01
1.143070206462255989e+00 2.907619477985202927e+00 -5.420848092948062913e-01
1.148304703056436837e+00 2.904477920470915464e+00 -5.377240472840335572e-01
1.153809292446732249e+00 2.901217862636277900e+00 -5.326936239537354290e-01
1.159475583085295414e+00 2.897889236227190857e+00 -5.274723952839254215e-01
1.164507388701994994e+00 2.894967890850418168e+00 -5.229985144135390618e-01
1.169658139702316246e+00 2.892006419768037073e+00 -5.187761830994253032e-01
1.174849364878573610e+00 2.889057858405287949e+00 -5.146106759955982879e-01
1.180282222107255308e+00 2.886000784411259623e+00 -5.099151781132745809e-01
1.185748991085345816e+00 2.882969279234553373e+00 -5.051689192801644968e-01
1.191139425928159135e+00 2.879998932006718526e+00 -5.006436370563076554e-01
1.196497262268535478e+00 2.877084634235292260e+00 -4.960796303380361483e-01
1.202356569509779982e+00 2.873905939402531473e+00 -4.906353882959169632e-01
1.202498232879893658e+00 2.873829064989607662e+00 -4.905054202868279201e-01
1.207941676974110479e+00 2.870948211614109180e+00 -4.853719921374405333e-01
1.213333420287536102e+00 2.868117300319655172e+00 -4.799629260359630778e-01
1.217979235020561601e+00 2.865696805948256820e+00 -4.751619123639180819e-01
1.223447657709813674e+00 2.862896593601413020e+00 -4.694063748316397722e-01
1.223587077385242194e+00 2.862826350225190719e+00 -4.692559115996701724e-01
1.229199817654778482e+00 2.860000295918488256e+00 -4.635455966033421582e-01
1.234527898055828077e+00 2.857347014821682851e+00 -4.582522431032969856e-01
1.240551562338380265e+00 2.854408045314767772e+00 -4.526647335285462481e-01
1.245868774748962959e+00 2.851838754533457365e+00 -4.479033063663435121e-01
1.251247539993828539e+00 2.849247022348860625e+00 -4.427623245000295027e-01
1.256903156702279256e+00 2.846578803937205304e+00 -4.372232995548993584e-01
1.262077830793536082e+00 2.844170158720334296e+00 -4.313674310535932088e-01
1.267440207280213782e+00 2.841715155637992485e+00 -4.253694079985627652e-01
1.272206771192547992e+00 2.839584131784198107e+00 -4.198976011879992365e-01
1.277531856116230546e+00 2.837225160915955335e+00 -4.140865721111804953e-01
1.282932438084270599e+00 2.834851143133758189e+00 -4.081634410929178003e-01
1.283069813748055621e+00 2.834791473855765798e+00 -4.080232115236246959e-01
1.288041960591718382e+00 2.832642383496075666e+00 -4.027878010978995227e-01
1.292454216036570847e+00 2.830769971436869259e+00 -3.983074502821661311e-01
1.297268645105067897e+00 2.828747425124629178e+00 -3.932681789820303697e-01
1.302372097232277426e+00 2.826652820826266233e+00 -3.880490650285088328e-01
1.306594528791986676e+00 2.824943303927726301e+00 -3.833125903815584601e-01
1.311310149010792570e+00 2.823034409537872325e+00 -3.780898276385635248e-01
1.316768555124015805e+00 2.820891080925705729e+00 -3.719416281749906572e-01
1.316899481956683937e+00 2.820840345856779674e+00 -3.717694992189322090e-01
1.322087982492306857e+00 2.818833524432501569e+00 -3.651984244542468283e-01
1.322219414999227016e+00 2.818784872591376001e+00 -3.650247906338443538e-01
1.327283513659392122e+00 2.816864363455597431e+00 -3.582531020237756936e-01
1.331609068850076794e+00 2.815247908661482334e+00 -3.528740580795452497e-01
1.336022312403246648e+00 2.813637337819754780e+00 -3.473729983897769213e-01
1.340447695895759850e+00 2.812054276048004287e+00 -3.420975419959916275e-01
1.344592592585907687e+00 2.810603088602010136e+00 -3.374030800328405855e-01
1.349327047132518720e+00 2.808955055997539141e+00 -3.319519661389246923e-01
1.353965227450022901e+00 2.807366624236461661e+00 -3.268104010958853833e-01
1.358807457473387714e+00 2.805740934256596653e+00 -3.214740121610094037e-01
1.363895619842187434e+00 2.804043694280292875e+00 -3.156364739167072941e-01
1.364024759866712788e+00 2.804002715500591769e+00 -3.154911361775901146e-01
1.369094550392530030e+00 2.802348863673664425e+00 -3.096941907291237972e-01
1.373389896860118142e+00 2.800993442514233767e+00 -3.048445499087947264e-01
1.378536581248026138e+00 2.799386325566831868e+00 -2.991029599577603726e-01
1.383436264083799161e+00 2.797906713007559443e+00 -2.938596656365335957e-01
1.388231777020053848e+00 2.796457326450951797e+00 -2.885898472943904114e-01
1.392427275612275972e+00 2.795244753911399371e+00 -2.823556097302359902e-01
1.396913957981713805e+00 2.793955377076072999e+00 -2.748074237331409875e-01
1.401792359155403567e+00 2.792586430171795087e+00 -2.666171415209159234e-01
1.405984204800804216e+00 2.791464684199841173e+00 -2.605877406773081661e-01
1.406105689364542721e+00 2.791435900933963765e+00 -2.604086325315915218e-01
1.410861839288042763e+00 2.790188424246661025e+00 -2.538870111714846556e-01
1.414868706727108405e+00 2.789144054817634721e+00 -2.486349982604394160e-01
1.414988971091907244e+00 2.789113984118577694e+00 -2.484766153192571880e-01
1.419471326548104928e+00 2.787987556340268291e+00 -2.429453451747013437e-01
1.423945750695199797e+00 2.786874143546520077e+00 -2.377499022658746131e-01
1.428290003881528047e+00 2.785832592966772658e+00 -2.328736907095969866e-01
1.433080473312947856e+00 2.784736720281848932e+00 -2.280103642842842004e-01
1.433198784937899983e+00 2.784712990457458570e+00 -2.278881135032496119e-01
1.437745239731829328e+00 2.783688915587942514e+00 -2.229412108399161374e-01
1.441922665398621017e+00 2.782749279978588230e+00 -2.180066303544546946e-01
1.446220674433589704e+00 2.781790396114364405e+00 -2.130912037859591657e-01
1.459185664077304434e+00 2.779110778038360152e+00 -1.991449937536992898e-01
1.463825037027563392e+00 2.778211037097370273e+00 -1.942653551978364423e-01
1.468074745067716069e+00 2.777385220807411681e+00 -1.896461894870460352e-01
1.472323877108395518e+00 2.776582054432895852e+00 -1.848812518561510909e-01
1.477400868170843928e+00 2.775669733941994011e+00 -1.794709467336430275e-01
1.482074170222249077e+00 2.774843247666435975e+00 -1.747007997286857128e-01
1.486787608406899608e+00 2.774010148932995801e+00 -1.695939880141895673e-01
1.491338898272836833e+00 2.773251717753674850e+00 -1.638630912995974742e-01
1.495503285940078975e+00 2.772560605115323984e+00 -1.569216311950174803e-01
1.499854282967376884e+00 2.771892753586441049e+00 -1.490469213106866420e-01
1.504317612703211626e+00 2.771235595439177413e+00 -1.412579634223419534e-01
1.508746153410928770e+00 2.770619232272756971e+00 -1.346068720284387954e-01
1.512854472533999850e+00 2.770067572302598258e+00 -1.289806128939704200e-01
1.517714747012869125e+00 2.769447755876581763e+00 -1.222070317700067882e-01
1.522295959262267573e+00 2.768915641354089185e+00 -1.164502867698818528e-01
1.526714571797059161e+00 2.768434227054650254e+00 -1.115298648755928823e-01
1.530754970714042873e+00 2.768005259790477623e+00 -1.076344437994483233e-01
1.535378034919087309e+00 2.767521133872276717e+00 -1.026763656509647460e-01
1.535493300376016723e+00 2.767509533874018324e+00 -1.025441425809773544e-01
1.539979529632252930e+00 2.767085183042610197e+00 -9.746030853948274564e-02
1.544010465867265758e+00 2.766716976756959046e+00 -9.318261611528258492e-02
1.547816368242639129e+00 2.766395516728483717e+00 -8.941516802504344275e-02
1.551967899639650206e+00 2.766062513697641112e+00 -8.590314966214827874e-02
1.556182564650431921e+00 2.765723334579996084e+00 -8.258552823233319962e-02
1.560385624439495356e+00 2.765386230954771651e+00 -7.904346676632995061e-02
1.564875518107067265e+00 2.765046118558242227e+00 -7.420274028332769778e-02
1.569129593014923607e+00 2.764722714114181468e+00 -6.968704105583424513e-02
1.569242601071007659e+00 2.764715003797614923e+00 -6.956827449634131466e-02
1.573475093841645966e+00 2.764424240227333573e+00 -6.549909337846343549e-02
1.573586276241461634e+00 2.764417493330803666e+00 -6.540872708109424227e-02
1.577996507975885532e+00 2.764173279913330283e+00 -6.203960374775325387e-02
1.582654056928429309e+00 2.763913322961157437e+00 -5.883746168544639471e-02
1.586416256044438811e+00 2.763716892387067414e+00 -5.597107832682738510e-02
1.590230084181476045e+00 2.763498970249737230e+00 -5.201664148321868270e-02
1.594228625220003082e+00 2.763300811520959854e+00 -4.785811840525104610e-02
1.598422836597488628e+00 2.763120836257860091e+00 -4.385139533446114762e-02
1.602937667862592619e+00 2.762953408807660605e+00 -3.985210557002254184e-02
1.606876412465931381e+00 2.762827079707961708e+00 -3.688598626691898252e-02
1.610637852202494003e+00 2.762697805128861539e+00 -3.367355173243059135e-02
1.615154590209186836e+00 2.762548354593443278e+00 -2.893662181561861349e-02
1.619541774038993243e+00 2.762446588932067737e+00 -2.466380707889093832e-02
1.619652238527447219e+00 2.762445311565250972e+00 -2.455428731525323080e-02
1.623258999301043559e+00 2.762380234134902857e+00 -2.138203278280749117e-02
1.627047519750992599e+00 2.762340136756446185e+00 -1.865189047402925071e-02
1.630868372397551003e+00 2.762302313992837988e+00 -1.637143929070145748e-02
1.634692802327395000e+00 2.762262954759007627e+00 -1.352407465443662693e-02
1.639216285973708942e+00 2.762212300101784646e+00 -9.245592065546886021e-03
1.639326137882871848e+00 2.762210869319315698e+00 -9.144362039584092577e-03
1.643811731231963114e+00 2.762198274406550524e+00 -5.274504907358623304e-03
1.647734976946150010e+00 2.762184073345431923e+00 -2.270839241668986663e-03
1.651751310862512589e+00 2.762197909034276755e+00 4.577863706049521198e-04
1.656076522054333200e+00 2.762227436602334940e+00 3.013031135645292090e-03
1.659998841643897549e+00 2.762238861273666579e+00 5.856273305471272790e-03
1.664031931087910365e+00 2.762257313357571853e+00 9.702710329751449911e-03
1.668067520375348334e+00 2.762297944574569897e+00 1.321448813666455981e-02
1.671975860163326555e+00 2.762359784708547483e+00 1.639561375380629848e-02
1.676605918072571200e+00 2.762480144307629448e+00 1.931259176112010492e-02
1.680897343489459628e+00 2.762612596427318934e+00 2.145085935961464629e-02
1.684440670954316710e+00 2.762739434270263583e+00 2.326676633744084732e-02
1.688348883500869313e+00 2.762837109946028047e+00 2.640157824862902902e-02
1.692360474077518662e+00 2.762958840329753141e+00 2.951851951088722489e-02
1.696364174777668765e+00 2.763075099625211362e+00 3.250989546114150391e-02
1.700545530471961886e+00 2.763227451773211829e+00 3.523421444923491991e-02
1.704286308582530385e+00 2.763394027778570905e+00 3.716548914566823736e-02
1.708273620179639130e+00 2.763541404377623412e+00 3.967850123659030087e-02
1.712065339822273602e+00 2.763700215579234509e+00 4.268668606722787057e-02
1.715625162862195685e+00 2.763857621408290832e+00 4.532949137377850768e-02
1.719268618320139774e+00 2.764034100922101889e+00 4.768925448876838724e-02
1.722904086669351020e+00 2.764223543870123034e+00 4.962392925000010113e-02
1.727485290961714437e+00 2.764491708813492377e+00 5.146209510174439006e-02
1.731516812168297115e+00 2.764770542491360228e+00 5.272233908335934721e-02
1.735349914029666429e+00 2.764996640726217869e+00 5.406602548517155937e-02
1.739360105457485650e+00 2.765210461960398991e+00 5.679408375651662233e-02
1.743219994177409360e+00 2.765430064175028235e+00 5.948485875734123296e-02
1.747169954227204336e+00 2.765698874850498257e+00 6.190358332316262674e-02
1.751448953318424984e+00 2.765998113439699146e+00 6.408938209584444379e-02
1.751554260324950096e+00 2.766008169833867214e+00 6.414148952812590010e-02
1.755581684761098771e+00 2.766312016398227325e+00 6.598149185313291476e-02
1.759562434009295018e+00 2.766576715397822905e+00 6.889104777007822034e-02
1.764182751182504783e+00 2.766907313849372940e+00 7.214016920344766548e-02
1.768011230079744145e+00 2.767186025111828318e+00 7.442241444474953505e-02
1.779969821857882550e+00 2.768215365812637607e+00 7.930206986705587435e-02
1.783866124484724036e+00 2.768549123551919511e+00 8.068521479007616237e-02
1.787591491002820998e+00 2.768879686760139514e+00 8.185144165861216181e-02
1.792063910345710998e+00 2.769282968019464164e+00 8.396926541453615667e-02
1.796095974676128026e+00 2.769650348753541991e+00 8.580653654061966285e-02
1.796204519831658963e+00 2.769657197120709569e+00 8.584966594279815066e-02
1.800022336820426894e+00 2.770044851583330470e+00 8.701667086110602412e-02
1.803951301533904594e+00 2.770432587609521935e+00 8.783204066302667534e-02
1.808188454876291429e+00 2.770838689734955729e+00 8.921543378175347816e-02
1.812042221364981165e+00 2.771188954782751956e+00 9.144948044692891020e-02
1.816031736300430577e+00 2.771577809725378927e+00 9.359503350387692044e-02
1.820072296501170639e+00 2.771977450665542353e+00 9.554355868867815682e-02
1.824098789994517134e+00 2.772374109616683846e+00 9.712502745347102728e-02
1.827864971091307966e+00 2.772803561471922418e+00 9.810184929481437222e-02
1.832289869175681929e+00 2.773286853598926793e+00 9.881784729557102631e-02
1.836406311651008760e+00 2.773728080190561496e+00 9.970738913690378735e-02
1.836511481024435177e+00 2.773736837613046458e+00 9.975935370008859326e-02
1.840233032139826364e+00 2.774123495699686970e+00 1.014212179998312674e-01
1.843730021273207065e+00 2.774504460270351025e+00 1.028832826240123205e-01
1.847445118610190340e+00 2.774895110728402337e+00 1.042537747776035723e-01
1.851463710795456130e+00 2.775337076016855420e+00 1.053986622969676767e-01
1.855788486701881901e+00 2.775808571575635320e+00 1.064237155519513062e-01
1.859520561594132149e+00 2.776241828211548857e+00 1.068890311200069165e-01
1.862986629310501741e+00 2.776698344711388877e+00 1.058715028945542286e-01
1.867031970784010841e+00 2.777185745126127259e+00 1.034727861371363689e-01
1.870918105441127466e+00 2.777658616237446587e+00 1.014142424512949753e-01
1.875662362233429192e+00 2.778177411939824815e+00 9.938673272643357148e-02
1.879808702808814846e+00 2.778642475299957226e+00 9.860555415041909189e-02
1.884053386370183603e+00 2.779069922594483710e+00 9.890363587701249404e-02
1.884166263127464269e+00 2.779081467730673882e+00 9.893561716570607734e-02
1.888092364216747310e+00 2.779467595586241124e+00 1.006886929832464528e-01
1.892728080859748641e+00 2.779934360626314493e+00 1.030849844822449013e-01
1.896820807460279479e+00 2.780363359477254548e+00 1.050284283850129174e-01
1.900668308022578357e+00 2.780778122064983648e+00 1.063026656702286271e-01
1.904707915451299360e+00 2.781231067685633551e+00 1.072116530279450253e-01
1.904812861594178841e+00 2.781243455055199654e+00 1.072342084092105796e-01
1.908368259503705699e+00 2.781619312498199381e+00 1.085093312006494837e-01
1.912206448304829554e+00 2.782045108666615807e+00 1.103367862920849318e-01
1.915931438051465596e+00 2.782453100141438984e+00 1.119259645035343975e-01
1.919650810384575967e+00 2.782880313720033083e+00 1.131591542973113679e-01
1.923787737396085440e+00 2.783346856039603967e+00 1.142156707545711469e-01
1.927598789827528192e+00 2.783802882559550440e+00 1.149382430902609470e-01
1.932243212500384555e+00 2.784380007327951212e+00 1.156386117700568261e-01
1.935986898804500145e+00 2.784821578917243468e+00 1.164202435018227844e-01
1.939837767886236852e+00 2.785267530068792130e+00 1.177768025926943102e-01
1.943745390910455617e+00 2.785734740506972784e+00 1.191796403927269099e-01
1.947998392508716314e+00 2.786248209505946871e+00 1.204364007654692703e-01
1.952114710057825775e+00 2.786769120526828125e+00 1.213634947332827008e-01
1.956029452586258488e+00 2.787274649180704778e+00 1.220233863684454106e-01
1.959967867851676315e+00 2.787761363956578808e+00 1.229339991427890189e-01
1.963479859733130883e+00 2.788200633377941440e+00 1.241402036427893124e-01
1.966977565789479243e+00 2.788643524263762608e+00 1.252870330355461415e-01
1.970883768096695299e+00 2.789156725192192265e+00 1.263526366052478977e-01
1.974358423612846192e+00 2.789620813421387346e+00 1.271857719416815691e-01
1.978355066749281077e+00 2.790166252993247387e+00 1.278298205536267940e-01
1.982539960309266380e+00 2.790747771813844924e+00 1.284134654799214958e-01
1.982957438644167070e+00 2.790809114692173853e+00 1.284614658351572458e-01
1.986853516801560637e+00 2.791329886548988615e+00 1.292732749553521798e-01
1.991409726647119127e+00 2.791929619454483369e+00 1.306335205608158967e-01
1.995126917074633965e+00 2.792444376170748921e+00 1.316469817326816616e-01
1.995232755809915659e+00 2.792459015566377989e+00 1.316801765739016861e-01
1.999113337831333714e+00 2.792989500615751908e+00 1.324466761774422408e-01
2.002692715868823470e+00 2.793495216518095958e+00 1.330225902671197669e-01
2.006861455238766911e+00 2.794100174286856308e+00 1.335847398769267058e-01
2.006968726874159614e+00 2.794113786748960049e+00 1.335976916919988378e-01
2.010862543056220364e+00 2.794639119557765561e+00 1.343853818947734480e-01
2.014552754024377723e+00 2.795145245908745579e+00 1.354671281292912643e-01
2.018020438120651683e+00 2.795619065207413101e+00 1.364377740312826548e-01
2.021704471350699528e+00 2.796148234990476045e+00 1.373135848159287298e-01
2.025170989820416434e+00 2.796635953965254551e+00 1.379631543554267481e-01
2.029052041491282043e+00 2.797218591689671463e+00 1.384828263824886829e-01
2.032849317282800605e+00 2.797759051912495742e+00 1.393914883854611153e-01
2.036848167817710831e+00 2.798324952538699950e+00 1.405321581012349552e-01
2.040944606665920702e+00 2.798937979252825059e+00 1.415929643832860296e-01
2.044821545216902514e+00 2.799513908074364732e+00 1.424133153535203089e-01
2.049113405730152770e+00 2.800152682563597839e+00 1.431145572743161842e-01
2.052985139324340125e+00 2.800748552161279381e+00 1.435830662365128740e-01
2.057206675406773932e+00 2.801414225782509426e+00 1.436308596481164490e-01
2.061148856399386275e+00 2.802048068894871680e+00 1.423721169567126743e-01
2.073280824967484559e+00 2.803959098474810396e+00 1.384538127174391453e-01
2.076809848053709828e+00 2.804502536900316034e+00 1.374121860314745647e-01
2.081001356994962137e+00 2.805077565609690016e+00 1.372699285893911880e-01
2.084935639421242826e+00 2.805617174103220091e+00 1.382781384076831876e-01
2.089095062261739688e+00 2.806208972838909244e+00 1.399917201159690261e-01
2.093103218228849371e+00 2.806772910405939125e+00 1.416808198083568393e-01
2.097580737928822714e+00 2.807417860688397049e+00 1.432104105146414230e-01
2.101128931349100171e+00 2.807930452702233737e+00 1.441888404203207630e-01
2.105084360730271609e+00 2.808513043109992058e+00 1.451250851738745962e-01
2.108759003121359221e+00 2.809037478132992316e+00 1.461621652209757205e-01
2.113034791677966595e+00 2.809664096582742854e+00 1.475146483941316700e-01
2.116770232841888699e+00 2.810226075876737006e+00 1.486101442687341456e-01
2.120711511403054583e+00 2.810824011739704975e+00 1.495682591121022253e-01
2.124670298447205230e+00 2.811409573930814698e+00 1.503897186650044182e-01
2.128607005217507897e+00 2.812029918395163364e+00 1.511467469399204455e-01
2.132440085477220748e+00 2.812620231037028518e+00 1.517982593210940312e-01
2.135874693876832264e+00 2.813156078228651769e+00 1.524689165688848658e-01
2.139497735924922317e+00 2.813707950349030096e+00 1.534440873027202168e-01
2.142926152932617345e+00 2.814244099105736918e+00 1.543137204246358418e-01
2.147072747733766995e+00 2.814905735226556516e+00 1.552559516350363600e-01
2.150999545525026146e+00 2.815516806303327346e+00 1.561469094461761797e-01
2.155224857612496603e+00 2.816204672461140035e+00 1.570178744204940580e-01
2.158840075781875534e+00 2.816771189176022094e+00 1.579923732245646917e-01
2.162552871525497800e+00 2.817351321969942646e+00 1.590534826752098563e-01
2.166662955794247836e+00 2.818014431174525658e+00 1.601948997367861616e-01
2.170469902131258344e+00 2.818630208499548484e+00 1.611002181092038577e-01
2.174374210732525015e+00 2.819261589016933911e+00 1.620133439684099119e-01
2.174475174730601257e+00 2.819280988492184115e+00 1.620381667562782735e-01
2.178251580823579392e+00 2.819914208714317638e+00 1.628081317798301397e-01
2.182037671866091877e+00 2.820538658580449720e+00 1.635674154707281169e-01
2.185740937724870658e+00 2.821139110899748559e+00 1.645359954912302414e-01
2.189443672461224732e+00 2.821751524216847162e+00 1.655085498487162410e-01
2.193133788208195600e+00 2.822367567792449350e+00 1.664718053061508274e-01
2.197025658797143066e+00 2.823013169136739275e+00 1.674500973998538644e-01
2.200794205692131911e+00 2.823659699777800292e+00 1.683836671276800201e-01
2.204844135272751249e+00 2.824359217981609937e+00 1.693264300042559567e-01
2.208227491844382939e+00 2.824956207910694683e+00 1.701837605624196004e-01
2.211777921037970884e+00 2.825576304412273920e+00 1.711981086108289862e-01
2.215222642991345303e+00 2.826178254418247437e+00 1.721806981640573442e-01
2.218755120019063387e+00 2.826826588012263830e+00 1.725544859057197844e-01
2.222552764530596470e+00 2.827552608056262518e+00 1.722617396737526896e-01
2.226555883647987955e+00 2.828276813027712500e+00 1.719988070093591004e-01
2.230060231831404671e+00 2.828905373986017047e+00 1.719074191096784943e-01
2.234078261411577060e+00 2.829615552945145662e+00 1.724357870810780402e-01
2.238008636446175537e+00 2.830302957745558068e+00 1.732499876214221302e-01
2.241843071497765294e+00 2.830980406165664487e+00 1.741800322464783779e-01
2.245483592475437273e+00 2.831623877631457731e+00 1.751375019118668608e-01
2.249110858925464917e+00 2.832267489961241669e+00 1.760773256526035335e-01
2.252627864104154831e+00 2.832906898038580756e+00 1.770407969313587404e-01
2.256516359793382165e+00 2.833606625616539976e+00 1.781750645305325564e-01
2.260202804104905816e+00 2.834262828348597107e+00 1.794193855335591004e-01
2.263906550182109179e+00 2.834947323953362019e+00 1.807548053141359301e-01
2.267889616747537307e+00 2.835672481734046624e+00 1.821056490871945932e-01
2.271590982834181816e+00 2.836357288552317613e+00 1.833238348920968319e-01
2.275183709521828579e+00 2.837037321899402720e+00 1.843920191647568096e-01
2.279254984879238055e+00 2.837796441104271761e+00 1.856066760051580111e-01
2.282728409541447068e+00 2.838449021487948531e+00 1.867907931662621812e-01
2.286104139732060503e+00 2.839099790355720909e+00 1.879581267347175400e-01
2.289372527948499325e+00 2.839726580534360334e+00 1.890666417603288352e-01
2.292760001975302497e+00 2.840390675586537572e+00 1.901417077009995016e-01
2.296214675164407026e+00 2.841054316558370374e+00 1.913248743412286346e-01
2.299844964213470178e+00 2.841770717668513857e+00 1.925736270201318934e-01
2.303388292413675487e+00 2.842453385203862037e+00 1.937372577980237820e-01
2.307041528594720781e+00 2.843165344695096408e+00 1.949381633836727856e-01
2.310672684638556795e+00 2.843874170286651459e+00 1.962218152493147294e-01
2.314574563471657243e+00 2.844658883398713201e+00 1.977367519569796783e-01
2.318130444648514477e+00 2.845372224693200280e+00 1.989788820704010419e-01
2.321932861333100284e+00 2.846132258746604915e+00 2.003875246664592047e-01
2.325534506824050496e+00 2.846875850265073282e+00 2.016972982710688589e-01
2.328929730924184316e+00 2.847568299201592712e+00 2.029047762700830482e-01
2.339361752285056717e+00 2.849753793007414604e+00 2.070708349870572229e-01
2.339555232267378937e+00 2.849791986790477516e+00 2.071495046915128868e-01
2.343412793151207651e+00 2.850623018931210506e+00 2.085729956106789629e-01
2.347356051256404896e+00 2.851451564713256559e+00 2.100291656685447372e-01
2.347452301059808732e+00 2.851472891098777662e+00 2.100665549962444645e-01
2.350974840917850361e+00 2.852260535716740542e+00 2.107665795730113978e-01
2.354200591818992550e+00 2.852973580475051119e+00 2.110792957856317265e-01
2.357530935274030348e+00 2.853703524710908823e+00 2.116272162205364571e-01
2.360863141058906933e+00 2.854429763606713522e+00 2.124048200227054706e-01
2.365236454641164165e+00 2.855397221153139764e+00 2.136110228850467974e-01
2.368672997492735632e+00 2.856159474312602864e+00 2.145906680043445924e-01
2.372092755862696301e+00 2.856917412944196766e+00 2.157683430325341156e-01
2.375986912371766735e+00 2.857772658552278244e+00 2.171593401097516862e-01
2.379886618781791086e+00 2.858636335914739313e+00 2.186040522375575779e-01
2.383758382513426088e+00 2.859492670385940460e+00 2.202942986516251422e-01
2.387523883645090716e+00 2.860338938947054377e+00 2.220565973481577471e-01
2.391099624009393132e+00 2.861151580543943140e+00 2.237065280607757056e-01
2.394374089268538341e+00 2.861891933589627790e+00 2.252230498700859007e-01
2.397762370966607826e+00 2.862677175090135862e+00 2.267072564678311863e-01
2.400869485511869961e+00 2.863405336348934682e+00 2.280078688795953157e-01
2.404471058348394585e+00 2.864234539461379736e+00 2.296837237061117032e-01
2.407912170069789859e+00 2.865045055883846725e+00 2.313207428470259452e-01
2.411923524670142704e+00 2.865990655700852319e+00 2.332027118365790630e-01
2.415428213897929943e+00 2.866837784843255577e+00 2.348880955401666804e-01
2.418943540715484453e+00 2.867675561191194600e+00 2.365583241525297253e-01
2.422817360003466369e+00 2.868601922362669310e+00 2.383974293836929603e-01
2.422910019386813385e+00 2.868625142761095148e+00 2.384408715252959721e-01
2.426210505067353917e+00 2.869419758769098383e+00 2.399888719460526176e-01
2.426572298777613046e+00 2.869515341943212672e+00 2.401669346449344378e-01
2.429875590888320502e+00 2.870328993077226887e+00 2.417291048334235803e-01
2.432868606986700044e+00 2.871066025923297182e+00 2.432644771146859342e-01
2.432959725553638819e+00 2.871088432869206564e+00 2.433114612263918008e-01
2.436351186147429182e+00 2.871940343116533345e+00 2.449294242567034985e-01
2.440166990149863047e+00 2.872893000245634099e+00 2.467841648056512960e-01
2.443510893029865017e+00 2.873733051023360296e+00 2.484602217168959681e-01
2.446951580506124380e+00 2.874608167781617762e+00 2.501168854790354334e-01
2.450673026832777879e+00 2.875565049235935700e+00 2.518824493589820745e-01
2.453989803548808801e+00 2.876424528820479498e+00 2.535722612557994027e-01
2.457178940731500560e+00 2.877281984177120666e+00 2.546630937882543577e-01
2.460359092391594338e+00 2.878147427973022143e+00 2.554159738267907653e-01
2.463281819912880088e+00 2.878923134154771191e+00 2.561554422660554109e-01
2.466295925278928713e+00 2.879737404264099521e+00 2.570160624889624157e-01
2.469655244948123496e+00 2.880644780869675792e+00 2.582282218373159188e-01
2.472841853522588451e+00 2.881500472185553718e+00 2.594966184440965495e-01
2.476295041425531362e+00 2.882419018078791417e+00 2.609891010313687976e-01
2.479395717023963108e+00 2.883244829574937107e+00 2.623877985599311069e-01
2.482228267667316857e+00 2.884012251919878089e+00 2.637739044243013198e-01
2.485110081635088619e+00 2.884797240733378842e+00 2.653989230023040546e-01
2.488269138931604285e+00 2.885658594407122468e+00 2.671241613666988091e-01
2.491241369906637804e+00 2.886473266387284742e+00 2.687867738320979250e-01
2.494538358694694757e+00 2.887386842215006411e+00 2.706818564731688359e-01
2.494623046663148713e+00 2.887410888608099135e+00 2.707302560751514986e-01
2.497827062110660634e+00 2.888303530605541791e+00 2.725166170693109069e-01
2.501359293482389390e+00 2.889296375496680724e+00 2.745075287928997465e-01
2.504474707894588370e+00 2.890188906508520894e+00 2.762883345101168620e-01
2.507862273496433758e+00 2.891157153477054820e+00 2.780718236166676016e-01
2.511524359055345101e+00 2.892195338828619011e+00 2.802516507080075048e-01
2.514779205945818052e+00 2.893140039079125980e+00 2.821754574123019332e-01
2.517934125006296320e+00 2.894048013301976141e+00 2.840212712571241194e-01
2.520986229021423775e+00 2.894948568275333756e+00 2.858027794094225582e-01
2.524012686388619642e+00 2.895843070412641662e+00 2.876329305311344786e-01
2.526961763309443221e+00 2.896721879871483551e+00 2.893447373679419732e-01
2.530163431738417401e+00 2.897679138764909901e+00 2.911949534837471876e-01
2.533203154264048074e+00 2.898599140764367199e+00 2.929108653368657778e-01
2.536383931734578212e+00 2.899566643372163188e+00 2.947490594170042999e-01
2.539147093771640940e+00 2.900410777338898072e+00 2.963465474676797440e-01
2.542546414211694916e+00 2.901456861680674404e+00 2.984062934382996635e-01
2.545753229533096462e+00 2.902475833128973726e+00 2.995627595182617231e-01
2.548444960929236114e+00 2.903327633103393701e+00 3.001513023568444516e-01
2.551282310508470097e+00 2.904249927355697203e+00 3.008582660624473659e-01
2.554388436483198355e+00 2.905231703266188070e+00 3.018668449457119207e-01
2.557404090045811706e+00 2.906192237721567651e+00 3.030475732527118105e-01
2.560915493190110581e+00 2.907295774868783322e+00 3.046918086550071680e-01
2.560996694650251371e+00 2.907321201379881259e+00 3.047349137486602411e-01
2.563708685648077967e+00 2.908160637706029394e+00 3.061443619958801876e-01
2.566571452613679583e+00 2.909064673338518592e+00 3.077149112281037380e-01
2.569985466217772796e+00 2.910142154617261223e+00 3.097066301569278979e-01
2.573316852702364876e+00 2.911219925772356110e+00 3.116843364530133553e-01
2.576481615027697014e+00 2.912239379893510005e+00 3.135801766901318843e-01
2.579375521650613123e+00 2.913184779929716584e+00 3.154576931708678034e-01
2.582254267602319686e+00 2.914123102282774269e+00 3.174053615771920134e-01
2.585112433650970765e+00 2.915061473321206797e+00 3.193329322507085233e-01
2.588111693682518588e+00 2.916056543907562304e+00 3.214008362512602579e-01
2.596891465857311232e+00 2.919017517549632235e+00 3.272819528042751891e-01
2.600266022072003302e+00 2.920168035809834084e+00 3.295629202260015322e-01
2.603007410833112267e+00 2.921107695802255932e+00 3.313713156842373886e-01
2.605658280938121685e+00 2.922007611640625502e+00 3.330972897619939310e-01
2.608687955041579354e+00 2.923062874923947785e+00 3.350783306474685030e-01
2.608765221225210595e+00 2.923090204642541767e+00 3.351310292814236313e-01
2.611627027277434010e+00 2.924092633587882517e+00 3.369893504665971151e-01
2.614499185629424183e+00 2.925117501731239411e+00 3.387747959370729922e-01
2.617588619370999847e+00 2.926221132350836029e+00 3.407763030090850132e-01
2.620549173779995744e+00 2.927320777411643427e+00 3.420344751883738765e-01
2.623281126149554332e+00 2.928339718855027307e+00 3.425051719611780787e-01
2.625809139102346812e+00 2.929280503447610151e+00 3.429228347575128955e-01
2.628494506427234256e+00 2.930280790851147010e+00 3.435669510192563281e-01
2.631263536287621996e+00 2.931276961253637570e+00 3.445185337291583050e-01
2.634032938880045638e+00 2.932276562764411398e+00 3.458235789639149682e-01
2.636875244910736882e+00 2.933315012004950262e+00 3.473224438877667852e-01
2.639872526575772316e+00 2.934403012887809581e+00 3.490818641218717544e-01
2.639948444285447948e+00 2.934431127742036960e+00 3.491248119695777308e-01
2.642470631665481573e+00 2.935352466203954513e+00 3.507587218869141488e-01
2.644965651050053435e+00 2.936270402997648965e+00 3.525853333582507632e-01
2.647397932550565436e+00 2.937164121390823723e+00 3.543566607289614923e-01
2.649973905392601914e+00 2.938115467943938963e+00 3.561682798786081072e-01
2.652969577641732357e+00 2.939235962952908121e+00 3.582983627297512408e-01
2.655597880302690506e+00 2.940228112419732032e+00 3.601820311394152152e-01
2.658277067340091282e+00 2.941232346610492598e+00 3.621756590968225331e-01
2.661091024031415841e+00 2.942301785172667827e+00 3.642647805270893269e-01
2.663966954535426090e+00 2.943403216713846859e+00 3.663774601344808590e-01
2.664037752507060208e+00 2.943431186242132291e+00 3.664295995275757001e-01
2.666756387344208612e+00 2.944477004812735998e+00 3.683973516079691590e-01
2.669269423686305043e+00 2.945458786095147996e+00 3.701553160637223727e-01
2.671914153203635678e+00 2.946494290364344071e+00 3.720127326864127726e-01
2.674458880556709328e+00 2.947484200663381237e+00 3.738977291047506091e-01
2.677118809217169826e+00 2.948533008904218100e+00 3.759482151627545621e-01
2.679581761826125508e+00 2.949514133209042654e+00 3.777852787852425398e-01
2.681875077525519568e+00 2.950426060780461768e+00 3.795654056574291335e-01
2.684461052684564475e+00 2.951459759083625123e+00 3.814888900300887897e-01
2.686720304505277213e+00 2.952380574206380892e+00 3.826102103075842975e-01
2.689100788859588143e+00 2.953373274741224463e+00 3.827097526660231952e-01
2.691305326735379033e+00 2.954319856660139187e+00 3.825891501367608138e-01
2.693535334484248533e+00 2.955250844136135147e+00 3.827356132051056847e-01
2.695749364911247170e+00 2.956186620351986427e+00 3.832807810818507632e-01
2.698377660887257612e+00 2.957274143755223683e+00 3.842714979379627249e-01
2.700875084443811858e+00 2.958301567246585773e+00 3.854060342507136805e-01
2.703258698396632909e+00 2.959253591827992302e+00 3.867609760219580251e-01
2.705763580605195173e+00 2.960267976375398291e+00 3.883707435766533544e-01
2.708056476830943637e+00 2.961203571295298431e+00 3.899723341550879185e-01
2.710598668333882522e+00 2.962244271689105979e+00 3.918883565394364887e-01
2.712940437993011322e+00 2.963221594015656546e+00 3.936935084896156511e-01
2.715443971948422686e+00 2.964261178237375560e+00 3.957792159131975906e-01
2.715510832812124242e+00 2.964290074200134573e+00 3.958360295517544536e-01
2.717682221721341662e+00 2.965193601898534759e+00 3.975637463496339286e-01
2.720037877430059758e+00 2.966182034440413950e+00 3.994601299027437102e-01
2.722272469653840510e+00 2.967125999143429116e+00 4.011762113494614090e-01
2.724751482817804771e+00 2.968184208671348578e+00 4.030794894792693595e-01
2.727158854251187314e+00 2.969212016336386206e+00 4.049454887414474791e-01
2.729513757276219366e+00 2.970216614558166768e+00 4.067217690717833678e-01
2.731843015057247470e+00 2.971215703427596999e+00 4.085577331162849046e-01
2.734082863211704684e+00 2.972181347687699926e+00 4.104081080369261225e-01
2.736575355699188083e+00 2.973268022507638886e+00 4.124469960924793677e-01
2.738749622197233169e+00 2.974230944647787922e+00 4.142016684936397630e-01
2.741401644155048611e+00 2.975402713723052095e+00 4.163750346597722696e-01
2.741463801293395175e+00 2.975429924863632447e+00 4.164274909903737942e-01
2.743679900227421253e+00 2.976438739110757403e+00 4.179826699913438137e-01
2.745809812304842001e+00 2.977422468224796503e+00 4.180334493353383696e-01
2.747872578264535459e+00 2.978382700440036501e+00 4.176225347090841700e-01
2.750217148777613918e+00 2.979504354586560044e+00 4.170370334200013129e-01
2.752426664775299958e+00 2.980550612547318678e+00 4.167904152216161950e-01
2.754611072487410439e+00 2.981545228612481502e+00 4.170396254663646940e-01
2.757108045722407752e+00 2.982672333936783993e+00 4.182013625461560857e-01
2.759442405473964577e+00 2.983723662927936005e+00 4.195287662837238751e-01
2.761709447204837353e+00 2.984736126168916037e+00 4.211687596939981404e-01
2.763823850746885746e+00 2.985685940778000536e+00 4.230023331491464256e-01
2.765950865639541512e+00 2.986644297301406237e+00 4.248552758674196128e-01
2.768109091651623110e+00 2.987619630804951854e+00 4.267771145647294428e-01
2.770255897840270265e+00 2.988602080993940646e+00 4.286608134773372547e-01
2.772527865260211222e+00 2.989647629632852688e+00 4.305527255824002086e-01
2.774946113715766494e+00 2.990758252597422562e+00 4.326264249716114674e-01
2.777130809419933399e+00 2.991766604066509405e+00 4.344030644340668990e-01
2.784008579189021226e+00 2.994981964237892313e+00 4.398943567121379461e-01
2.784067588025059159e+00 2.995007976469493904e+00 4.399425231902612810e-01
2.785984021328646421e+00 2.995903253288981993e+00 4.416818411131498423e-01
2.787980888534360879e+00 2.996848660226029804e+00 4.436559969697958516e-01
2.790037772473170641e+00 2.997830378465947465e+00 4.457372955812691773e-01
2.792141428544421711e+00 2.998837384186693544e+00 4.478686464086602537e-01
2.794130236184547478e+00 2.999793140117116952e+00 4.497225796265987841e-01
2.796093787993979340e+00 3.000741635953964259e+00 4.514588609755216808e-01
2.798097965767825102e+00 3.001711444857322775e+00 4.531757629035525481e-01
2.800125961577156097e+00 3.002733107387358658e+00 4.540513063966510887e-01
2.802032060857073237e+00 3.003720391755266839e+00 4.531019588079789329e-01
2.802081309956173438e+00 3.003746696874518562e+00 4.530650467435289319e-01
2.804009892918217339e+00 3.004736629045724250e+00 4.520928315727743563e-01
2.805754591385739793e+00 3.005672910921906027e+00 4.517451114451313532e-01
2.807614053740328686e+00 3.006604559521405484e+00 4.516957816390014258e-01
2.809741275043577069e+00 3.007681340085096799e+00 4.522665420812975734e-01
2.812029758179501293e+00 3.008817591604775465e+00 4.533328962413220031e-01
2.813961212219663111e+00 3.009769282759154230e+00 4.544372697290104957e-01
2.816209735207316989e+00 3.010885518999904864e+00 4.559131226685066984e-01
2.818330639563931150e+00 3.011928093417040930e+00 4.575419443597819602e-01
2.818384501206851134e+00 3.011955102397033013e+00 4.575843268762968541e-01
2.820189478004674566e+00 3.012835512035135999e+00 4.591075858862891379e-01
2.822196491613035541e+00 3.013837250278851521e+00 4.607899124506706356e-01
2.824121276135423297e+00 3.014788959650251066e+00 4.625980286887176329e-01
2.826188020579366800e+00 3.015830840982399508e+00 4.643524761911150267e-01
2.828107156374407793e+00 3.016792723844910817e+00 4.660940001702517654e-01
2.829944103856454785e+00 3.017710732090516768e+00 4.678209546473487968e-01
2.830203827372668179e+00 3.017838763912168432e+00 4.681229611444296390e-01
2.832327022764775659e+00 3.018920541656809231e+00 4.706280747848636814e-01
2.832376939257062798e+00 3.018946596838344210e+00 4.706980694179491720e-01
2.834125174912678347e+00 3.019834509787667542e+00 4.730035876252258187e-01
2.836191809373842965e+00 3.020888829622114802e+00 4.754496800262523193e-01
2.838153254691026195e+00 3.021908640022617831e+00 4.775073734052570074e-01
2.839818498978402772e+00 3.022790913694145321e+00 4.790322441338956128e-01
2.841653223858321642e+00 3.023742137574494393e+00 4.806119910528389716e-01
2.843624703689457078e+00 3.024771974215044068e+00 4.823775442966793392e-01
2.845625499461102326e+00 3.025820122917409982e+00 4.842153407474637516e-01
2.847629747955860324e+00 3.026888592857206017e+00 4.859369581216242406e-01
2.849457080668188258e+00 3.027910598403978693e+00 4.866869953467754528e-01
2.850946902982726350e+00 3.028724703449614086e+00 4.855835194508901775e-01
2.852736149029426738e+00 3.029717658519209600e+00 4.827932601512357480e-01
2.854231975645856956e+00 3.030533533934550050e+00 4.805967798858470363e-01
2.855989313542918850e+00 3.031484366199235225e+00 4.799203235561101399e-01
2.857536780147711397e+00 3.032304852030318632e+00 4.805273383721010427e-01
2.859184990591953746e+00 3.033167496987036138e+00 4.817419988452854573e-01
2.860782062526904923e+00 3.033992615994525632e+00 4.833319538005119709e-01
2.862304033595050257e+00 3.034793745336763493e+00 4.850683191951417061e-01
2.864214029249979809e+00 3.035810930736998259e+00 4.870260142471937170e-01
2.864261378779266121e+00 3.035834220509896486e+00 4.870750843577477673e-01
2.866159849115420766e+00 3.036833058560310938e+00 4.889542995529541081e-01
2.867772683340139572e+00 3.037698867943830816e+00 4.905127039540679301e-01
2.869442083910155539e+00 3.038589155513468754e+00 4.921762472102903518e-01
2.871266624007402513e+00 3.039565023920386633e+00 4.939821786656482527e-01
2.872851297140381455e+00 3.040423290813316193e+00 4.955482374055020789e-01
2.874409759467628778e+00 3.041266904747184974e+00 4.970684981273351122e-01
2.876184436549744206e+00 3.042233598929566352e+00 4.986645920845137470e-01
