3.000373536425112064e+00 1.999962197701321998e+00 -1.319301958013996900e-04
3.000486423119486545e+00 1.999948684674750288e+00 -1.641475538691802957e-04
3.000511470508918421e+00 1.999940952449634102e+00 -1.159132097076166009e-04
3.000538290550582410e+00 1.999933699908377660e+00 5.265193046439307602e-05
3.000574048185378206e+00 1.999926619418391338e+00 3.791232205144155201e-04
3.000612108608493145e+00 1.999922135180133731e+00 9.089679913284147558e-04
3.000652609929318260e+00 1.999918600260896184e+00 1.563773061371211137e-03
3.000716866819201467e+00 1.999925268436988590e+00 2.548938064402596262e-03
3.000785824059204021e+00 1.999925045396071743e+00 3.759561103045358510e-03
3.000840173554913726e+00 1.999913253511062416e+00 5.317029904650624403e-03
3.000883707273560574e+00 1.999909367597594745e+00 6.985440737691083445e-03
3.000941985599153927e+00 1.999916075685577610e+00 9.012034389387899025e-03
3.000973636827787949e+00 1.999917711926234354e+00 1.126731126494998243e-02
3.001005463561942754e+00 1.999939219258703993e+00 1.374079134303487354e-02
3.001095635471497491e+00 1.999932989767966740e+00 1.629778791535744717e-02
3.001192727772126201e+00 1.999932044029990141e+00 1.904763892091259833e-02
3.001278964368548685e+00 1.999930682028906226e+00 2.244755192364324137e-02
3.001435719909141486e+00 1.999943144240244219e+00 2.538496105410626216e-02
3.001525287457384117e+00 1.999935088444940279e+00 2.912926269250641284e-02
3.001603156572925535e+00 1.999943465270052290e+00 3.376496167482879313e-02
3.001683726729111878e+00 1.999942300094219139e+00 3.827475413880420535e-02
3.001727835277793410e+00 1.999945206439986300e+00 4.334311197451096859e-02
3.001769026551228681e+00 1.999944125547824747e+00 4.828527038300557683e-02
3.001844794782305925e+00 1.999970119098183563e+00 5.336844120640138467e-02
3.001937402591111415e+00 1.999967553787320051e+00 5.825096551536888129e-02
3.001968264934978148e+00 1.999968225748359085e+00 6.335417962471526221e-02
3.002022235434264719e+00 1.999967068492535027e+00 7.050415883677661755e-02
3.002070167091784647e+00 1.999968355056849889e+00 7.671736566139940316e-02
3.002143718519513005e+00 1.999972605949774440e+00 8.257204052167495256e-02
3.002191220371643876e+00 1.999974434767719078e+00 8.891797668898891727e-02
3.002220643961632351e+00 1.999970525353935713e+00 9.559194255213671054e-02
3.002266452410257802e+00 1.999974310632993912e+00 1.028793875700572819e-01
3.002322917318138273e+00 1.999981430074426081e+00 1.118695422699986647e-01
3.002439313010031530e+00 1.999991810341952059e+00 1.198276583157405206e-01
3.002444321032283092e+00 1.999991973779938981e+00 1.200310108507197798e-01
3.002512432120989949e+00 1.999994953405127562e+00 1.289091293649727576e-01
3.002621179576611787e+00 2.000019124948809068e+00 1.370271069051713364e-01
3.002763055002494852e+00 2.000036231523362407e+00 1.464529676841317407e-01
3.002839921398308576e+00 2.000053204508149829e+00 1.547689871904184278e-01
3.002935858158108040e+00 2.000070883479569517e+00 1.639991666981638063e-01
3.003094022364876992e+00 2.000103836428364978e+00 1.718376454282780907e-01
3.003154058318251440e+00 2.000110673622194302e+00 1.801829386910210884e-01
3.003209909394825239e+00 2.000118442715184131e+00 1.888196357062596475e-01
3.003275779112924759e+00 2.000137666139235826e+00 1.981772569383468408e-01
3.003354100072907151e+00 2.000144422949046596e+00 2.063236390987040203e-01
3.003401344791972516e+00 2.000154387038465487e+00 2.152376932757261441e-01
3.003488933155218810e+00 2.000184539337729994e+00 2.238768051763403710e-01
3.003605305689274640e+00 2.000210559418177159e+00 2.337831512850740145e-01
3.003672972811501918e+00 2.000227755986433653e+00 2.417841035049517473e-01
3.003757260743095348e+00 2.000247624634015065e+00 2.494883337516189126e-01
3.003829090611490837e+00 2.000266143577150935e+00 2.570021744487502868e-01
3.004125050674747666e+00 2.000375839915822240e+00 2.823204725892285993e-01
3.004124467365600459e+00 2.000375955152918550e+00 2.825505718679967582e-01
3.004217273347968842e+00 2.000413367700283551e+00 2.899964640770151258e-01
3.004309546134117159e+00 2.000455159486264289e+00 2.979726205248639515e-01
3.004411090315258992e+00 2.000498043585315688e+00 3.060317891437458471e-01
3.004491864719804006e+00 2.000534524189665486e+00 3.140872342425940489e-01
3.004608589955902076e+00 2.000581598169802966e+00 3.217724269420871308e-01
3.004724033426965590e+00 2.000626100417433939e+00 3.308948159111925191e-01
3.004851043403121924e+00 2.000670401166345869e+00 3.396554910654384085e-01
3.004971323688913287e+00 2.000727363800483882e+00 3.488161584543618687e-01
3.005067156194205946e+00 2.000775742171832849e+00 3.575672069473092018e-01
3.005074548019674108e+00 2.000779297775523879e+00 3.578000854120889640e-01
3.005205803333975911e+00 2.000823021267437607e+00 3.670492777545686924e-01
3.005307185466538744e+00 2.000873026293957579e+00 3.757517772440571724e-01
3.005440716066984930e+00 2.000945732011988998e+00 3.854490824942192750e-01
3.005522035846122098e+00 2.000981439317151001e+00 3.940382755907096968e-01
3.005647257676329787e+00 2.001040465124303225e+00 4.025295647785110398e-01
3.005782129841563677e+00 2.001112273030940525e+00 4.118855926861193506e-01
3.005877346123065674e+00 2.001168759500565386e+00 4.194208528615069875e-01
3.005948063879810839e+00 2.001210355959267329e+00 4.275722755824278853e-01
3.006037063082900751e+00 2.001258177704797969e+00 4.357286031916698388e-01
3.006168612465959455e+00 2.001332692049814899e+00 4.450560066289135364e-01
3.006175520949895930e+00 2.001337594560338218e+00 4.452821156211095310e-01
3.006299957684182456e+00 2.001409656838955886e+00 4.547831101541221499e-01
3.006402644452299544e+00 2.001475948563878227e+00 4.622506273669799715e-01
3.006511296143570711e+00 2.001552495214740990e+00 4.697611271186978854e-01
3.006599130589737268e+00 2.001604967202420760e+00 4.772563791130847166e-01
3.006734488682096806e+00 2.001698624016036376e+00 4.852566781272117935e-01
3.006867353634883777e+00 2.001781676507211394e+00 4.944807068164931985e-01
3.006976024347380871e+00 2.001855469680858146e+00 5.040413081641806903e-01
3.007077168443303972e+00 2.001920178825817853e+00 5.122681153308593638e-01
3.007176590199350130e+00 2.002001389698178979e+00 5.209292059948475995e-01
3.007307132225765400e+00 2.002076204543003168e+00 5.293329654052205679e-01
3.007392913532526357e+00 2.002120441129049855e+00 5.369557129000188667e-01
3.007498567938885703e+00 2.002192913298923571e+00 5.452579171775667755e-01
3.007611942972790775e+00 2.002280741470471082e+00 5.539220216775950778e-01
3.007700132954509442e+00 2.002341132232775767e+00 5.622542435586561638e-01
3.007785612479947357e+00 2.002396250545814382e+00 5.704314559838218335e-01
3.007882440942815538e+00 2.002474894394224769e+00 5.798732648439814952e-01
3.007951417066649036e+00 2.002522259089229539e+00 5.883988134142248416e-01
3.008007354705473091e+00 2.002573236382005017e+00 5.966664476773045900e-01
3.008101758914468071e+00 2.002654266918777903e+00 6.053472107262761748e-01
3.008201533410352457e+00 2.002737199579701866e+00 6.146741154565129595e-01
3.008265342685556121e+00 2.002795287527217916e+00 6.224287572633744325e-01
3.008303123453873074e+00 2.002832681568320172e+00 6.302788114523396601e-01
3.008388523756000854e+00 2.002903125492723202e+00 6.385732499709780852e-01
3.008496820219433321e+00 2.002985916307836955e+00 6.471032264897322861e-01
3.008587246980888974e+00 2.003058059015609071e+00 6.553717553843090293e-01
3.008631831764455367e+00 2.003094034822491043e+00 6.653586414934811177e-01
3.008632695750850239e+00 2.003094009923696461e+00 6.655915612267722103e-01
3.008680653478730260e+00 2.003144705414266813e+00 6.732461317058400230e-01
3.008757393502894839e+00 2.003224643650950210e+00 6.824918088771012581e-01
3.008832329004575534e+00 2.003298487745449385e+00 6.911657164083062632e-01
3.008934427644794685e+00 2.003375957717270950e+00 7.004731189345358988e-01
3.009027778897936045e+00 2.003456855480449939e+00 7.100526273908704944e-01
3.009028729678969505e+00 2.003458979921411309e+00 7.102847706424042507e-01
3.009089417751020346e+00 2.003516201095013383e+00 7.187096767639304939e-01
3.009156026602271883e+00 2.003587093205592584e+00 7.274495970312364612e-01
3.009237579505380733e+00 2.003659408428335897e+00 7.351468806528651534e-01
3.009303220705870086e+00 2.003717596125615952e+00 7.431923716531391166e-01
3.009380855366816210e+00 2.003784869031231430e+00 7.519463355445784591e-01
3.009457499327176766e+00 2.003869281843454253e+00 7.612410707735746129e-01
3.009546826918307882e+00 2.003970713576411544e+00 7.701932520811060057e-01
3.009603816165407952e+00 2.004037927443800715e+00 7.790290607358696384e-01
3.009681564095609385e+00 2.004111240765668711e+00 7.873407808121637430e-01
3.009757131207699388e+00 2.004194655558243721e+00 7.956282918379534719e-01
3.009830185186423535e+00 2.004287728385183431e+00 8.043510890133160895e-01
3.009894426117384114e+00 2.004352688107779557e+00 8.122619128407625455e-01
3.009973873778809317e+00 2.004435057053811864e+00 8.199200428237223282e-01
3.010039786930112093e+00 2.004519075879778178e+00 8.292892289947459972e-01
3.010082884267583747e+00 2.004577250283556378e+00 8.374239625804790199e-01
3.010177339644021899e+00 2.004697945496584310e+00 8.467105764762660192e-01
3.010182017987356851e+00 2.004701788811918739e+00 8.469416400039960768e-01
3.010256504332899485e+00 2.004794602894015121e+00 8.555705491931526741e-01
3.010335747206746682e+00 2.004897274053195400e+00 8.634139311078470325e-01
3.010412187385324234e+00 2.005007985770161927e+00 8.721761173714850379e-01
3.010480799269662278e+00 2.005103152787442333e+00 8.810538339676241559e-01
3.010555927585761182e+00 2.005201344928098539e+00 8.902906367439927804e-01
3.010629779132740325e+00 2.005294683803837685e+00 8.986842293398000781e-01
3.010699328448928291e+00 2.005372980609708033e+00 9.081448363806234880e-01
3.010748273511233641e+00 2.005447554122187892e+00 9.164564155056097450e-01
3.010910962177419048e+00 2.005700632178494036e+00 9.407238668839624784e-01
3.010972745801269390e+00 2.005795100891297977e+00 9.497095137037319112e-01
3.011027070046422782e+00 2.005912649169912854e+00 9.595255381647415094e-01
3.011096157352212810e+00 2.006033799944167306e+00 9.672801845877500027e-01
3.011156274766529251e+00 2.006155080900575705e+00 9.759875135296289805e-01
3.011224759705315002e+00 2.006263136827821203e+00 9.855920843534899944e-01
3.011259424830640352e+00 2.006347147809549369e+00 9.960014788160626020e-01
3.011289894594882277e+00 2.006405811218385349e+00 1.003974924437121663e+00
3.011323068810475512e+00 2.006473429165681388e+00 1.012819562904053727e+00
3.011382593608928016e+00 2.006566792047476788e+00 1.020904831325760265e+00
3.011452833792179096e+00 2.006683592803013561e+00 1.030099054427292327e+00
3.011488909337161957e+00 2.006755313443820743e+00 1.038653867414535581e+00
3.011538908787704916e+00 2.006857792635597271e+00 1.047235683555312269e+00
3.011556738384449705e+00 2.006913137643405953e+00 1.055831061960273098e+00
3.011572318353414879e+00 2.006993655099448937e+00 1.065715124860280083e+00
3.011571505941296412e+00 2.006996341242554660e+00 1.065952688363041467e+00
3.011620278657418659e+00 2.007081517655191938e+00 1.075547398126926124e+00
3.011637120410890045e+00 2.007140040838818251e+00 1.084860892204587035e+00
3.011668831838238081e+00 2.007248792089995071e+00 1.093804761358928346e+00
3.011691528840112486e+00 2.007316569260419126e+00 1.102113053022416578e+00
3.011706269483938492e+00 2.007402318755593384e+00 1.111099043649377727e+00
3.011762891954322896e+00 2.007534367387449503e+00 1.119585782064658863e+00
3.011792319591189759e+00 2.007628393549859336e+00 1.128064972588335602e+00
3.011822133669605162e+00 2.007718511995050914e+00 1.135717358473805838e+00
3.011861843596172150e+00 2.007809881997455914e+00 1.143935994515405730e+00
3.011898097522121009e+00 2.007896385852132148e+00 1.152290555812293338e+00
3.011933554264002666e+00 2.007984065545672436e+00 1.160829331282879906e+00
3.011956811998995676e+00 2.008066235937900679e+00 1.169701159342555252e+00
3.011969809869262438e+00 2.008145859980866366e+00 1.178484263237411067e+00
3.011978468729684000e+00 2.008216248226052159e+00 1.188145947981118056e+00
3.011987940232184968e+00 2.008295822071358039e+00 1.197651936545954365e+00
3.012011568241053538e+00 2.008368967602514044e+00 1.205498790714932600e+00
3.012026001936126018e+00 2.008441986204651641e+00 1.213130581280459808e+00
3.012048944666589900e+00 2.008574467850304579e+00 1.221371175397109710e+00
3.012065562107877348e+00 2.008678010236635281e+00 1.229793735207807215e+00
3.012067547506940279e+00 2.008680059657985684e+00 1.230024979042086963e+00
3.012079617111450780e+00 2.008758485646958025e+00 1.238974979512769137e+00
3.012112961995859095e+00 2.008888714678120024e+00 1.247245107148090115e+00
3.012137385146712809e+00 2.008989510019944191e+00 1.255288383644706185e+00
3.012156072922429928e+00 2.009043688633207925e+00 1.264351244362995175e+00
3.012189932234352163e+00 2.009148883609249037e+00 1.272771542371320175e+00
3.012197295546145348e+00 2.009239805806069423e+00 1.281284381132614225e+00
3.012217528519165466e+00 2.009335760725138087e+00 1.289449278374385166e+00
3.012230670439007607e+00 2.009413805543890152e+00 1.297537388401740710e+00
3.012251741998553722e+00 2.009541717866858868e+00 1.306687276500728245e+00
3.012269458843976899e+00 2.009659598384154755e+00 1.315802538228202145e+00
3.012269820888036964e+00 2.009662281366360936e+00 1.316030472383613814e+00
3.012279857016658902e+00 2.009766381409779701e+00 1.324522905225037572e+00
3.012302710092386260e+00 2.009881125108398781e+00 1.333558368191494203e+00
3.012317758412436763e+00 2.009993360014131092e+00 1.342693060629339685e+00
3.012311590340515988e+00 2.010109958010423803e+00 1.350988494278282159e+00
3.012312670950668014e+00 2.010190167492203361e+00 1.360402553935951220e+00
3.012327186052245587e+00 2.010277146723976394e+00 1.368157848620246142e+00
3.012321562480896997e+00 2.010427958191538966e+00 1.376545177451050206e+00
3.012336190760748877e+00 2.010552978100885291e+00 1.384773738185255842e+00
3.012348771249658164e+00 2.010721583095187892e+00 1.394118450266959464e+00
3.012355009218920632e+00 2.010845472174668025e+00 1.402749090584680003e+00
3.012363460679793103e+00 2.010930705292823806e+00 1.411009670812753525e+00
3.012366675709431618e+00 2.011056754169685767e+00 1.419935201246435685e+00
3.012369617881561545e+00 2.011184401144298750e+00 1.429138158880160603e+00
3.012375187164072265e+00 2.011291185588857555e+00 1.436778316816571976e+00
3.012378654665465838e+00 2.011386596641111968e+00 1.445894024419325241e+00
3.012371796068918695e+00 2.011457998356835919e+00 1.454516549696003302e+00
3.012356587863715074e+00 2.011527050264207084e+00 1.463831814186978164e+00
3.012357677236406239e+00 2.011617813884122530e+00 1.472115890329797727e+00
3.012359109762028808e+00 2.011706479214607768e+00 1.479853859461601528e+00
3.012355206824155029e+00 2.011852479078287015e+00 1.488607623425853843e+00
3.012355796076733316e+00 2.011853777901379203e+00 1.488843974176068619e+00
3.012351119022131929e+00 2.011946616033744473e+00 1.497669416126979236e+00
3.012349219664931077e+00 2.012049246364664423e+00 1.505744045840365031e+00
3.012339544199799324e+00 2.012155673133475098e+00 1.514611953858333138e+00
3.012327704308019438e+00 2.012246367947638337e+00 1.522300811463870307e+00
3.012319728334005742e+00 2.012346296384202926e+00 1.530428669215096793e+00
3.012309372547515629e+00 2.012460175298360632e+00 1.540039096382777695e+00
3.012309851447260378e+00 2.012465657069049563e+00 1.540271537861928497e+00
3.012305047624979082e+00 2.012540412099512288e+00 1.548948339852443512e+00
3.012303710015313385e+00 2.012636125903321194e+00 1.557495453343975766e+00
3.012295936903161220e+00 2.012746436355838942e+00 1.566014592083880386e+00
3.012269014835708969e+00 2.013059913706046977e+00 1.590896058237546873e+00
3.012250508396470128e+00 2.013155278390989622e+00 1.599090389739238116e+00
3.012235575101757767e+00 2.013295130745382799e+00 1.607939915379622109e+00
3.012219815852661853e+00 2.013382507061880933e+00 1.616285939308394148e+00
3.012203009242937490e+00 2.013492092558443414e+00 1.624740981821759078e+00
3.012188974825854793e+00 2.013637964194241015e+00 1.634817918176337148e+00
3.012161124091910835e+00 2.013742368364141555e+00 1.642987972095649729e+00
3.012133942496533656e+00 2.013879982529129808e+00 1.650603788597487576e+00
3.012111760897256296e+00 2.013993275925056725e+00 1.659056361577236682e+00
3.012091837809628192e+00 2.014122113166467276e+00 1.668391405673969929e+00
3.012075794527774519e+00 2.014241862153955953e+00 1.677738020614399250e+00
3.012076630449215475e+00 2.014247383982819883e+00 1.677970191488346252e+00
3.012061431813576107e+00 2.014342287964337341e+00 1.687065851260314719e+00
3.012038135084228685e+00 2.014425434641166301e+00 1.695236144389229205e+00
3.012022362762378780e+00 2.014538242021217229e+00 1.703019378375030479e+00
3.012002657612404377e+00 2.014646236256012912e+00 1.710603408787196633e+00
3.011832934872852086e+00 2.015550069036460723e+00 1.718612181019066654e+00
3.011291109180210590e+00 2.018936784315344291e+00 1.727099794109342445e+00
3.010527216699082853e+00 2.023489228867053402e+00 1.736243861200756688e+00
3.010508704708669825e+00 2.023606858514563456e+00 1.736495291543525665e+00
3.009716839864442939e+00 2.027871660342984050e+00 1.744631312774555187e+00
3.008920820261849816e+00 2.032092640400167127e+00 1.750670519415342241e+00
3.008209525886887281e+00 2.035824606829522487e+00 1.753917616412523639e+00
3.007314633512506941e+00 2.040284060664307564e+00 1.754106893714912907e+00
3.006489777719785650e+00 2.044421167958492269e+00 1.750898551249961077e+00
3.005742592670574975e+00 2.048361473091326435e+00 1.744665318005846011e+00
3.004987875616873083e+00 2.052447998334566925e+00 1.737059085464237818e+00
3.004292913727592218e+00 2.056474626953873397e+00 1.729155863752869227e+00
3.003632844090343923e+00 2.060379899346350019e+00 1.721527458448460335e+00
3.002879115460848958e+00 2.065120903663522967e+00 1.713503948685693334e+00
3.002277807545266075e+00 2.069081938103849883e+00 1.708047565910322252e+00
3.001597539384395219e+00 2.073763984457841492e+00 1.703750021203930931e+00
3.000948944054018686e+00 2.078302996116754287e+00 1.701269037635222636e+00
3.000292639340106149e+00 2.082964686701879398e+00 1.699702509514254389e+00
3.000273798337980136e+00 2.083084818085523260e+00 1.699676182856680651e+00
2.999720850853102139e+00 2.086974877350151303e+00 1.698573732621231125e+00
2.999164115763208738e+00 2.090949995059356414e+00 1.696317639813974099e+00
2.998545751800810066e+00 2.095496919549642900e+00 1.692689522086918252e+00
2.998075944373691737e+00 2.099225177522357821e+00 1.687774138567019300e+00
2.997637857071286493e+00 2.102926232815074403e+00 1.681377505240811088e+00
2.997109467221063639e+00 2.107336154667789785e+00 1.673798358451424884e+00
2.996724235958847515e+00 2.111003282719686958e+00 1.667629335118775868e+00
2.996228364354648122e+00 2.115702113535883999e+00 1.660837943934561745e+00
2.995796485299858425e+00 2.119957077023995939e+00 1.656232251317841575e+00
2.995397511631090914e+00 2.124411850039997773e+00 1.653067629172362274e+00
2.995018092368517681e+00 2.129091576160447641e+00 1.650824079138763611e+00
2.994685875516119200e+00 2.133200329511622417e+00 1.649451479651748320e+00
2.994334000758890557e+00 2.137460434321552416e+00 1.647606934322446426e+00
2.994006447620223721e+00 2.141483683467753529e+00 1.645415078036138512e+00
2.993716056575088214e+00 2.145399924848241824e+00 1.643317420812421270e+00
2.993435791289786874e+00 2.149433868374840628e+00 1.641227483892595984e+00
2.993153805686160851e+00 2.153466518734078239e+00 1.639302687520253876e+00
2.992848002537551899e+00 2.157826968350060159e+00 1.637382744831485271e+00
2.992517661999933853e+00 2.162260143097206821e+00 1.634805369692992505e+00
2.992192637800612953e+00 2.166676944648086245e+00 1.631943991323757004e+00
2.991872098987288009e+00 2.171563773439696199e+00 1.628959317044336830e+00
2.991861085108644680e+00 2.171677447203109068e+00 1.628894972518623030e+00
2.991577553949296142e+00 2.176248486268101967e+00 1.626403895904359409e+00
2.991320005933996384e+00 2.180719130126329119e+00 1.624297755082213079e+00
2.991040275722943953e+00 2.185342917533136475e+00 1.621611779256396435e+00
2.990822553798149652e+00 2.189074588266280763e+00 1.619301442046956252e+00
2.990611813563070598e+00 2.193143730446529105e+00 1.617011418996507466e+00
2.990382032391016853e+00 2.197694643362923195e+00 1.614661893489381050e+00
2.990210462488400722e+00 2.201662866207180436e+00 1.612849997798105006e+00
2.990008931920353774e+00 2.206086275671916397e+00 1.611081642875014319e+00
2.989469069732068718e+00 2.218530191357249493e+00 1.604633936848068654e+00
2.989279085017321869e+00 2.223124459750148496e+00 1.602119280813775193e+00
2.989120986426512694e+00 2.227709563577492613e+00 1.599921777553555913e+00
2.988988956986955881e+00 2.231866586593920676e+00 1.598439128720096969e+00
2.988858077088095033e+00 2.236229591414636175e+00 1.596645313883520600e+00
2.988744169723514865e+00 2.240468766947045332e+00 1.594624419209450972e+00
2.988613239577817993e+00 2.245035434765760840e+00 1.592530395295723045e+00
2.988514858245195693e+00 2.249492763634179049e+00 1.590603601226110886e+00
2.988512071171228524e+00 2.249712996188172998e+00 1.590508327568220359e+00
2.988407983795176914e+00 2.253849616597749517e+00 1.588904596602986219e+00
2.988340536535834868e+00 2.257525336277480754e+00 1.587620664080991784e+00
2.988256557640882161e+00 2.261958256931247746e+00 1.585685417106736272e+00
2.988175896794355690e+00 2.266594025257657741e+00 1.583499743239364488e+00
2.988099424730187081e+00 2.270687428893144233e+00 1.581712021673835844e+00
2.988055439388570544e+00 2.274771664894402523e+00 1.580062334718194350e+00
2.988008891241398679e+00 2.278873363503938432e+00 1.578507846756913358e+00
2.987981686904218837e+00 2.282946776932686550e+00 1.577167632327450386e+00
2.987933586626382976e+00 2.286681037171416797e+00 1.575635959990296930e+00
2.987921167778100351e+00 2.290846898633446038e+00 1.573865252551148730e+00
2.987895031037946403e+00 2.295242038345513880e+00 1.572001188807874872e+00
2.987877788533061629e+00 2.299629066450699977e+00 1.570296262550162858e+00
2.987882078379023643e+00 2.299848218663400168e+00 1.570205484112082051e+00
2.987875551170109834e+00 2.303565472942483261e+00 1.568976265319925512e+00
2.987864331379859184e+00 2.307391568548648575e+00 1.567818841653213502e+00
2.987857638685815331e+00 2.311739796919355605e+00 1.566154463026909749e+00
2.987877522558398891e+00 2.315979199594667470e+00 1.564448640724299455e+00
2.987879546758017923e+00 2.316086023312717401e+00 1.564403298643938900e+00
2.987884489703207969e+00 2.320548408564664822e+00 1.562691278557216679e+00
2.987893344466372891e+00 2.324456289101120010e+00 1.561294107866781689e+00
2.987912143599224635e+00 2.328173790467756632e+00 1.559967099690168224e+00
2.987932784366885919e+00 2.331974814256625894e+00 1.558770551302020690e+00
2.987966718044105185e+00 2.336395077551332911e+00 1.557101015886239281e+00
2.988017779479031244e+00 2.340287032244157128e+00 1.555589575490943233e+00
2.988091450385431003e+00 2.344394265278719747e+00 1.554064148099163933e+00
2.988094361609339167e+00 2.344502897329655333e+00 1.554021130041345122e+00
2.988155376686708387e+00 2.348161431185531001e+00 1.552861233399114971e+00
2.988204824394136594e+00 2.352033021912177890e+00 1.551699103324136741e+00
2.988290014897195146e+00 2.356242591123623775e+00 1.550455443789029886e+00
2.988362743951850309e+00 2.359889366984979642e+00 1.549181845128431156e+00
2.988430272742119698e+00 2.364165175962527954e+00 1.547606641507135228e+00
2.988513423996593588e+00 2.368441125343103693e+00 1.546124385760631492e+00
2.988588936186341805e+00 2.372292558373470861e+00 1.544840997305772179e+00
2.988678066181625237e+00 2.376444784416058553e+00 1.543606700466498394e+00
2.988763216670139222e+00 2.380079887151522300e+00 1.542502937766186744e+00
2.988849194357047434e+00 2.383891233323487846e+00 1.541237455476853535e+00
2.988966069470242903e+00 2.387596869626917417e+00 1.539991985897886773e+00
2.989072792557379454e+00 2.392049249868479333e+00 1.538528483925181156e+00
2.989174969463623821e+00 2.395853898376210545e+00 1.537323046837913543e+00
2.989298873035916237e+00 2.400183352995244324e+00 1.535996916238737020e+00
2.989301985403940876e+00 2.400290087087806334e+00 1.535966432177999774e+00
2.989446000079735377e+00 2.404399922061843053e+00 1.534683356182928948e+00
2.989577947956929993e+00 2.408600369937671015e+00 1.533332551580217862e+00
2.989722970440874317e+00 2.412378114660136408e+00 1.532114058604907125e+00
2.989874853174057101e+00 2.416584860406725266e+00 1.530807672244226980e+00
2.990056973584627631e+00 2.420880524517140309e+00 1.529554506853391782e+00
2.990230236324544322e+00 2.424965683992719612e+00 1.528432579087563026e+00
2.990372923227731405e+00 2.428503328964398023e+00 1.527499287064469691e+00
2.990525814111893332e+00 2.432808451900659197e+00 1.526301565035685925e+00
2.990693440725694874e+00 2.436965680997659867e+00 1.525114503097177776e+00
2.990840982475524878e+00 2.440802630257279837e+00 1.523963496396188777e+00
2.990986388400239004e+00 2.444325042478857402e+00 1.522927045876902197e+00
2.991163916803580847e+00 2.448355836752962311e+00 1.521749396888164796e+00
2.991165545464057995e+00 2.448460181361120647e+00 1.521721240657459839e+00
2.991335043665281024e+00 2.452283351684943824e+00 1.520620895868844746e+00
2.991532363845447406e+00 2.456525683387040804e+00 1.519397909118465062e+00
2.991711082314755465e+00 2.460421117830295934e+00 1.518260993274514359e+00
2.991899591144396631e+00 2.464407152893721697e+00 1.517090974137574211e+00
2.991905204052551337e+00 2.464510092731289959e+00 1.517060903189175525e+00
2.992083709418816184e+00 2.468298648083499192e+00 1.515975125460450545e+00
2.992254354958650886e+00 2.471667999705252861e+00 1.515016527711326333e+00
2.992443418290755108e+00 2.475663804726735862e+00 1.513842652590846605e+00
2.992665610848258329e+00 2.479841135572363964e+00 1.512667459068859355e+00
2.992842578399070419e+00 2.483292623687223699e+00 1.511665509677173835e+00
2.993021568141961186e+00 2.486633298590036567e+00 1.510707479138302611e+00
2.993221038359262565e+00 2.490384337709854456e+00 1.509633265294152649e+00
2.993466134284985536e+00 2.494351280908273072e+00 1.508452797845711180e+00
2.993469209474955317e+00 2.494451889680220802e+00 1.508426711604841985e+00
2.993691742992142579e+00 2.497881555915992369e+00 1.507495329129076467e+00
2.993923202887399881e+00 2.501416537228167147e+00 1.506562006804546661e+00
2.994164985133968671e+00 2.505036823543316693e+00 1.505604661523049836e+00
2.994171875107843661e+00 2.505136501806940252e+00 1.505576896513298735e+00
2.994416929155133911e+00 2.508949084954257280e+00 1.504579871627373278e+00
2.994647980140881849e+00 2.512645291518549762e+00 1.503583104148303651e+00
2.994906388717630819e+00 2.516848545796913861e+00 1.502452130482755388e+00
2.995115661817634223e+00 2.520236815497104210e+00 1.501550744392651904e+00
2.995921890708550972e+00 2.532191158952064480e+00 1.498341187881518044e+00
2.996154020350288771e+00 2.535666449671415634e+00 1.497416309426792491e+00
2.996384839587616256e+00 2.539024637056828126e+00 1.496497607354692283e+00
2.996659000428318453e+00 2.542953459989529374e+00 1.495440064380510803e+00
2.996897776008146774e+00 2.546490618508836956e+00 1.494481333811082502e+00
2.997159361952016710e+00 2.550222582135403648e+00 1.493451464794440131e+00
2.997402345819020208e+00 2.553753238803693648e+00 1.492460329972375099e+00
2.997644308334606489e+00 2.557068527484727127e+00 1.491592408191076302e+00
2.997967043248366714e+00 2.561168614662498122e+00 1.490493839352105887e+00
2.998302356705519589e+00 2.565263331119669310e+00 1.489399907928094624e+00
2.998567320698229732e+00 2.568764714471181598e+00 1.488458608591951116e+00
2.998862689695395822e+00 2.572647657247336017e+00 1.487384537352512304e+00
2.999154357744580057e+00 2.576226803477080551e+00 1.486435131623106143e+00
2.999463585947705457e+00 2.579992232418566900e+00 1.485418310342927262e+00
2.999730759897138999e+00 2.583264898096966355e+00 1.484579779624750184e+00
2.999980337239333661e+00 2.586437620001379223e+00 1.483758156963309149e+00
3.000259325091370943e+00 2.589985059764934316e+00 1.482830492290447166e+00
3.000515238986531052e+00 2.593147135384039625e+00 1.481978888544411177e+00
3.000854480049803819e+00 2.597025698999752219e+00 1.481613967518454755e+00
3.001215413655862640e+00 2.600971801750632473e+00 1.481969519738605356e+00
3.001516396085099458e+00 2.604435950467660632e+00 1.482169035889945530e+00
3.001837847183689956e+00 2.608042369675339422e+00 1.482216069396599112e+00
3.002137453970314507e+00 2.611461762979064627e+00 1.481942652513553060e+00
3.002432649405123222e+00 2.614958492099556775e+00 1.481322114168762916e+00
3.002723764077271706e+00 2.618432897977750695e+00 1.480577083072706079e+00
3.002996075724277514e+00 2.621616877065087614e+00 1.479798657370516857e+00
3.003293606668945070e+00 2.625076129338404396e+00 1.478831248841872670e+00
3.003576481544033339e+00 2.628171053141901137e+00 1.477919087733951198e+00
3.003902613966640711e+00 2.631901872733413583e+00 1.476871060183508000e+00
3.004218280206282010e+00 2.635430231396968193e+00 1.475815158689300022e+00
3.004528605797404772e+00 2.638960546634429249e+00 1.474810642903574331e+00
3.004843635701603066e+00 2.642474684495123238e+00 1.473804107487226567e+00
3.005147254740747620e+00 2.645800833292937693e+00 1.472845034633777361e+00
3.005444168983210318e+00 2.649130879856337550e+00 1.471843807767621026e+00
3.005742626907159654e+00 2.652355198631088928e+00 1.470864678403938974e+00
3.006069026208724626e+00 2.655827501770272825e+00 1.469864599542695549e+00
3.006363052373137279e+00 2.658936093009650836e+00 1.469002288008540491e+00
3.006655806818026022e+00 2.662128705851012356e+00 1.468151643830652997e+00
3.006996743641765946e+00 2.665686695435794284e+00 1.467172777431465347e+00
3.007309004046788914e+00 2.668957037212797978e+00 1.466269342292110034e+00
3.007635608414519268e+00 2.672203852087141840e+00 1.465368538199179449e+00
3.007947864393391235e+00 2.675195873700901394e+00 1.464509699966602296e+00
3.008252932725716811e+00 2.678260422875195168e+00 1.463621590397047312e+00
3.008602155273641277e+00 2.681580653609949572e+00 1.462744425225761757e+00
3.008940363950469266e+00 2.684893879366589964e+00 1.461884676853469456e+00
3.009307834048350117e+00 2.688396011167251132e+00 1.460954658698038866e+00
3.009627878005117996e+00 2.691512727571930164e+00 1.460108792631363617e+00
3.009983335051233055e+00 2.694887525845820697e+00 1.459141155567426740e+00
