2.000355071395546247e+00 1.999964108648999872e+00 -1.199428630085711385e-04
2.000467794525769172e+00 1.999949400876260386e+00 -1.535769448681620320e-04
2.000488532049143231e+00 1.999945829188855217e+00 -1.469421492806985646e-04
2.000517454799004113e+00 1.999934952137949029e+00 1.281394044848848265e-05
2.000546890890540830e+00 1.999931611470060266e+00 3.108893125539334296e-04
2.000581857115872886e+00 1.999929886245186195e+00 7.756204716436650723e-04
2.000622373921401298e+00 1.999923483370123156e+00 1.376577920826706040e-03
2.000679300294404772e+00 1.999923769469265311e+00 2.132001926618265313e-03
2.000736050772615293e+00 1.999929562268116134e+00 3.207144262548749982e-03
2.000873575143955474e+00 1.999935925547426052e+00 4.413219413297758340e-03
2.001007894182234459e+00 1.999926897256779412e+00 5.935771941496352511e-03
2.001057607846770559e+00 1.999926689360630672e+00 7.808356170853757161e-03
2.001117383803024730e+00 1.999930424418580932e+00 1.020171647663823018e-02
2.001119990717850516e+00 1.999929956328453606e+00 1.026454335372016004e-02
2.001170315941765310e+00 1.999944640749020008e+00 1.279144056362795275e-02
2.001294486992919452e+00 1.999941534667535770e+00 1.530552686477418788e-02
2.001294416636935303e+00 1.999945614297737873e+00 1.538835547563918889e-02
2.001359309507586559e+00 1.999944990171711456e+00 1.883305303441677736e-02
2.001407362896186815e+00 1.999939746806462804e+00 2.201580319082207388e-02
2.001409976284257652e+00 1.999940204165200797e+00 2.210531885673779062e-02
2.001482850861221241e+00 1.999934546832698112e+00 2.551678712157488815e-02
2.001527600927112349e+00 1.999933358914191661e+00 2.918944701634207384e-02
2.001605104071506602e+00 1.999945300184954977e+00 3.348416854481550686e-02
2.001673725535727311e+00 1.999942357075374710e+00 3.758005272176859202e-02
2.001703968074699080e+00 1.999944178938696915e+00 4.245325519137690962e-02
2.001770476488716977e+00 1.999941941182473037e+00 4.693179092545629594e-02
2.001810503398728791e+00 1.999963470312114522e+00 5.231433564691047311e-02
2.001948098195970971e+00 1.999963131065929156e+00 5.687060888424855937e-02
2.001999118704941516e+00 1.999970182785566930e+00 6.227081981532574251e-02
2.002063429678490714e+00 1.999965404772713340e+00 6.788024532769608432e-02
2.002099830568071059e+00 1.999966036533306513e+00 7.422134926040958869e-02
2.002099421603578566e+00 1.999966672727943706e+00 7.439172761626292041e-02
2.002162702015560125e+00 1.999971336634630781e+00 8.147232672688063670e-02
2.002228281230475027e+00 1.999972945902593668e+00 8.880926065624926424e-02
2.002255314921754348e+00 1.999970930893259391e+00 9.521084921969033554e-02
2.002291219293942159e+00 1.999973468255070497e+00 1.022617499923958867e-01
2.002341281053231281e+00 1.999980084693695037e+00 1.088561464137614426e-01
2.002428047691366508e+00 1.999987482372294956e+00 1.164096585103425313e-01
2.002527534422729794e+00 1.999993750940824100e+00 1.248278750002986409e-01
2.002591543407385544e+00 2.000006550625635704e+00 1.339459562256250236e-01
2.002666291369966434e+00 2.000017402231180963e+00 1.429322456997517699e-01
2.002750538180583462e+00 2.000035202434365278e+00 1.521747357307817461e-01
2.002855105910967826e+00 2.000051302465658321e+00 1.616294117467941271e-01
2.002908786325546142e+00 2.000061210328411221e+00 1.698022337722253639e-01
2.002968442884274669e+00 2.000067766567983796e+00 1.772601062853224885e-01
2.003018087622621568e+00 2.000074332835911850e+00 1.854660953375901755e-01
2.003100661971424667e+00 2.000091313056056919e+00 1.944914725391131138e-01
2.003100775868693173e+00 2.000091787111161867e+00 1.947198031260584661e-01
2.003344090607542149e+00 2.000153969480076288e+00 2.183721946583457307e-01
2.003503113004260872e+00 2.000199831162322806e+00 2.264819857070043407e-01
2.003574919866517146e+00 2.000214642221065375e+00 2.341893447657378280e-01
2.003671714484347888e+00 2.000243985926413615e+00 2.420890256970450183e-01
2.003720573572933983e+00 2.000251207135753440e+00 2.505447657763789637e-01
2.003719883746558406e+00 2.000250671210356046e+00 2.507751650947448452e-01
2.003769390953386242e+00 2.000265909602820358e+00 2.590219541051945185e-01
2.003827760125346913e+00 2.000287117754471211e+00 2.675166632130581146e-01
2.003956704662860577e+00 2.000319840397654314e+00 2.758893358429990728e-01
2.004041331963183570e+00 2.000351780894215281e+00 2.840195103180416236e-01
2.004126743110452136e+00 2.000376536022272500e+00 2.926635254215002035e-01
2.004231426412859562e+00 2.000419072124264286e+00 3.010961948509893182e-01
2.004275160943258527e+00 2.000433054195887905e+00 3.086864870134806704e-01
2.004367955263203882e+00 2.000483427096211297e+00 3.172199644391123785e-01
2.004442665677822255e+00 2.000515313361577174e+00 3.257400064003418971e-01
2.004555731618346215e+00 2.000562326529463864e+00 3.354469153851721286e-01
2.004634818669637220e+00 2.000604519289783223e+00 3.441498012931692441e-01
2.004636489690161394e+00 2.000605076522874004e+00 3.443843319202936626e-01
2.004685502153716659e+00 2.000622310644290192e+00 3.527091276138188958e-01
2.004778824720334196e+00 2.000668845657680439e+00 3.612798784987969469e-01
2.004899202920196188e+00 2.000720353276648655e+00 3.702370572209253141e-01
2.004971172600964024e+00 2.000751447720888088e+00 3.794301628433475737e-01
2.005086704874053272e+00 2.000812854079228487e+00 3.878755072275625881e-01
2.005201045437573715e+00 2.000860161422509886e+00 3.957203094937699617e-01
2.005296106058204852e+00 2.000911461839935956e+00 4.046625824082419887e-01
2.005406681459938945e+00 2.000967093278897657e+00 4.137908338966067023e-01
2.005518476805080663e+00 2.001039399635927474e+00 4.229641396708032075e-01
2.005519558945884295e+00 2.001038223114514292e+00 4.231900324059066909e-01
2.005639039688672298e+00 2.001107154778472452e+00 4.327701627207382606e-01
2.005739373863588249e+00 2.001188016221730592e+00 4.411921521318724060e-01
2.005828425855217034e+00 2.001235531549232061e+00 4.494273423121831201e-01
2.005977205855812961e+00 2.001300306384650618e+00 4.586846164632978340e-01
2.006072279154607507e+00 2.001355219600662760e+00 4.672676510065211231e-01
2.006168359922607003e+00 2.001422521375430197e+00 4.758071979177036503e-01
2.006278409099910398e+00 2.001484091687018463e+00 4.843934015096798551e-01
2.006352958534199704e+00 2.001535727045992807e+00 4.929547367783080336e-01
2.006489697088186919e+00 2.001593534984682510e+00 5.012848745605601453e-01
2.006604397789444327e+00 2.001667962598712602e+00 5.098024730712793495e-01
2.006736465347908283e+00 2.001730311713509458e+00 5.181136976489076895e-01
2.006847850314382509e+00 2.001798948250669063e+00 5.271177184627718892e-01
2.006899083574066989e+00 2.001830412076612387e+00 5.356110979608253997e-01
2.006974590968036765e+00 2.001886703099128972e+00 5.434160006291648415e-01
2.007059585033261762e+00 2.001943868594260767e+00 5.512488186688149217e-01
2.007203538530464737e+00 2.002049557580695804e+00 5.596230878142228748e-01
2.007300540217517248e+00 2.002124074091080175e+00 5.680301243809318112e-01
2.007367642811994646e+00 2.002187134999567242e+00 5.764811771038949040e-01
2.007463064289177979e+00 2.002258234184043584e+00 5.856119987576676733e-01
2.007554745342949865e+00 2.002323384462980194e+00 5.934615402279328489e-01
2.007641199748430250e+00 2.002391413413865173e+00 6.022486020915035487e-01
2.007749262145841929e+00 2.002468323185126131e+00 6.108762627702708503e-01
2.007819867342221176e+00 2.002525020382937893e+00 6.185323582664696840e-01
2.007923082807993254e+00 2.002585110659710566e+00 6.271540322106768928e-01
2.007995700692797758e+00 2.002657239254417743e+00 6.357056984825852908e-01
2.008084166346006505e+00 2.002724003242188466e+00 6.451669669185782219e-01
2.008182453988854643e+00 2.002811228512812125e+00 6.545653088368597050e-01
2.008259892989398221e+00 2.002883828207854933e+00 6.641813305097145070e-01
2.008338999375580691e+00 2.002949377226381333e+00 6.727412732284808738e-01
2.008411346600170067e+00 2.003016888295903630e+00 6.813526201385695646e-01
2.008484950984087636e+00 2.003094849398884936e+00 6.899242013443921406e-01
2.008558418095367948e+00 2.003168201555368455e+00 6.988368872474549631e-01
2.008604365449084383e+00 2.003216769755212567e+00 7.068870938915351454e-01
2.008693781613247964e+00 2.003289439580015596e+00 7.151739704782849039e-01
2.008770790232635939e+00 2.003356848870581519e+00 7.230598130639138699e-01
2.008838465262984041e+00 2.003433708003477864e+00 7.317429379666523515e-01
2.008929799790776016e+00 2.003515921267474020e+00 7.403287711500172730e-01
2.009018365605759193e+00 2.003613742327945868e+00 7.492612355862081630e-01
2.009018580029657386e+00 2.003614993953505952e+00 7.494948660318195843e-01
2.009107676363836248e+00 2.003692770079807062e+00 7.580967621570006143e-01
2.009182101483148575e+00 2.003761378173908980e+00 7.677783809640388313e-01
2.009248857673629374e+00 2.003828087104759348e+00 7.752099278064158439e-01
2.009294780327821606e+00 2.003883071722991183e+00 7.837780694453724273e-01
2.009333708621968473e+00 2.003929449360390080e+00 7.917019322646146051e-01
2.009416115265333591e+00 2.004019902819737631e+00 8.009842139673017947e-01
2.009471866053482270e+00 2.004081566385771396e+00 8.091490894579134174e-01
2.009518372162213851e+00 2.004138737220209965e+00 8.169161399615608721e-01
2.009599980468923519e+00 2.004212878991802338e+00 8.256520421903763562e-01
2.009690420611501160e+00 2.004317261546340934e+00 8.350095606130691905e-01
2.009913713717356387e+00 2.004585951653636400e+00 8.611241467849967135e-01
2.010018377962072389e+00 2.004718946441961247e+00 8.701249820666508983e-01
2.010078383321387996e+00 2.004786044650018084e+00 8.783789405755589863e-01
2.010122543471997592e+00 2.004857629960374421e+00 8.869481941177130846e-01
2.010186878930942278e+00 2.004955749235127094e+00 8.961474059968711492e-01
2.010189051594349241e+00 2.004956015008349635e+00 8.963782781272583433e-01
2.010233943168846515e+00 2.005018933037085116e+00 9.042170155274803500e-01
2.010301705562346886e+00 2.005121251414222261e+00 9.129881952705596326e-01
2.010362157143555262e+00 2.005204273700970763e+00 9.211017339757048283e-01
2.010411182346287351e+00 2.005285800772890425e+00 9.303136839130652369e-01
2.010820547773866984e+00 2.005856926964918241e+00 9.391055066353374281e-01
2.010854208409625699e+00 2.005898356624030487e+00 9.393353368140422432e-01
2.012813917835602595e+00 2.008612874976067442e+00 9.478593288353500679e-01
2.016286464396316980e+00 2.013510914376026584e+00 9.568793541155300453e-01
2.019800506107937377e+00 2.018612744104414602e+00 9.662854139562224720e-01
2.022647213163776936e+00 2.022860650980859987e+00 9.733757073775338720e-01
2.025540274720429856e+00 2.027268870371802922e+00 9.782272482268290492e-01
2.028879686646604785e+00 2.032416847208835531e+00 9.814464687597596049e-01
2.031566642289598157e+00 2.036536245133513390e+00 9.820065023143038641e-01
2.034181163552546412e+00 2.040662580981936536e+00 9.808787253807497164e-01
2.036976907226943911e+00 2.044956746509389411e+00 9.777324330014535159e-01
2.040062744480876322e+00 2.049629468188265857e+00 9.712034967650025052e-01
2.043099174519630967e+00 2.054087792439709403e+00 9.643967913295843353e-01
2.046015768638314913e+00 2.058372432172918653e+00 9.583056725757067573e-01
2.049380476829868680e+00 2.063229551014070573e+00 9.534958336223230413e-01
2.052882678378538106e+00 2.068221162623403941e+00 9.516615986259538973e-01
2.055996091009261395e+00 2.072615616926161586e+00 9.524602109211147694e-01
2.059318071953560203e+00 2.077368816336580437e+00 9.545473318327164503e-01
2.062183500014735937e+00 2.081500146934276874e+00 9.548411907054031866e-01
2.065329177107529723e+00 2.086024448406408549e+00 9.547092359157357544e-01
2.068563384426611140e+00 2.090617284191568448e+00 9.557340677961331243e-01
2.071866012174789162e+00 2.095312916860159635e+00 9.574769016619664175e-01
2.074943811223587620e+00 2.099735739488719943e+00 9.589248539159250795e-01
2.078153170090323965e+00 2.104395543929158841e+00 9.594419152445936572e-01
2.081312961316041044e+00 2.109005164574030644e+00 9.591400715155412593e-01
2.084863698879433347e+00 2.114224695279242727e+00 9.577342281297861470e-01
2.087927699253762981e+00 2.118696452757763193e+00 9.558227930611318257e-01
2.091277419134236926e+00 2.123550310207928948e+00 9.532159827342918668e-01
2.094853667817043075e+00 2.128672488413314579e+00 9.507336400627076634e-01
2.098125923011704419e+00 2.133365816734358322e+00 9.483524961246105889e-01
2.101630677622714938e+00 2.138328259393533326e+00 9.461900755202276025e-01
2.101723183582176357e+00 2.138455001717135762e+00 9.461554984573676830e-01
2.105552886956483682e+00 2.143804187101779224e+00 9.453246535029670161e-01
2.105642555416721518e+00 2.143929675067234086e+00 9.452836290964401478e-01
2.108964363659109775e+00 2.148627597834896541e+00 9.434229564633385134e-01
2.112265942909286487e+00 2.153219107773098884e+00 9.408887510076007210e-01
2.115810755860140002e+00 2.158191557443771558e+00 9.381632938602256777e-01
2.119428816757698897e+00 2.163194112141250347e+00 9.362924359778682648e-01
2.122927565482102708e+00 2.167923152045972746e+00 9.367347341869834976e-01
2.126528229240070456e+00 2.172819710741640709e+00 9.388890759193625479e-01
2.130253778839437562e+00 2.177910748793615792e+00 9.412530133070328153e-01
2.133425507193961401e+00 2.182289478035490227e+00 9.423010229232423596e-01
2.136343390387922536e+00 2.186362539812027439e+00 9.420921957073083997e-01
2.139838379988140638e+00 2.191216032343786146e+00 9.413042884029969581e-01
2.139922672604289033e+00 2.191340968860781668e+00 9.412815568914145725e-01
2.143072270873630725e+00 2.195761093305994560e+00 9.401202319617587566e-01
2.146543754249378377e+00 2.200623178222119058e+00 9.381701551549341822e-01
2.146633290465750132e+00 2.200745635377762355e+00 9.381183610443409870e-01
2.149969989484674660e+00 2.205348289389077010e+00 9.364620975979772721e-01
2.153460706414624504e+00 2.210063984556287942e+00 9.368383169779437303e-01
2.157052711595532912e+00 2.214968171809511333e+00 9.385884461374203180e-01
2.160614395000357568e+00 2.219841926064447080e+00 9.396706941113032174e-01
2.160700109127735136e+00 2.219961732534675214e+00 9.396668586477141538e-01
2.163840131466181926e+00 2.224344215579654005e+00 9.385850593931694963e-01
2.166904676833822485e+00 2.228674774130904090e+00 9.351988142931572101e-01
2.169879647358124330e+00 2.232706961831612880e+00 9.301707417627819163e-01
2.173207294602747197e+00 2.237222992608009609e+00 9.246838710638098924e-01
2.176414423516918273e+00 2.241541660598349583e+00 9.221448071473666852e-01
2.180099988682338008e+00 2.246382523841556900e+00 9.218886751795154488e-01
2.183602020165734015e+00 2.251000127337451584e+00 9.217418814932949456e-01
2.186709834827208265e+00 2.255178930716920327e+00 9.195019434641870104e-01
2.189955990910959382e+00 2.259446176955437480e+00 9.163593106207341688e-01
2.193401978974709898e+00 2.263930894499920576e+00 9.147645420585173159e-01
2.204931192770542836e+00 2.278838359636206068e+00 9.143019069373684582e-01
2.208622463822766058e+00 2.283639048075295275e+00 9.142875959125539298e-01
2.212368754404182347e+00 2.288542763499985533e+00 9.133380576164060738e-01
2.215867933322984928e+00 2.293160981763614270e+00 9.110921758573884421e-01
2.218853163746625778e+00 2.297054087495066010e+00 9.089532987662806152e-01
2.221688257270796996e+00 2.300732323830787518e+00 9.066061419905865337e-01
2.225468626274417883e+00 2.305676628757979518e+00 9.034755115003286763e-01
2.228765137875208246e+00 2.309945662285615597e+00 9.011108966064874659e-01
2.231801646919469917e+00 2.313820505181016340e+00 8.995548759897065150e-01
2.231885870063255339e+00 2.313933992673721018e+00 8.994975696834008883e-01
2.235227117805594244e+00 2.318191483762995997e+00 8.968968319533116018e-01
2.238554172429198630e+00 2.322461609385075398e+00 8.942079149008206329e-01
2.238640883720032893e+00 2.322570147077863023e+00 8.941356316244469804e-01
2.241984941394582709e+00 2.326814501291648796e+00 8.917613498659547888e-01
2.242071533843609021e+00 2.326925725220931440e+00 8.917056636759281840e-01
2.245214883203888512e+00 2.330849977784125837e+00 8.899175496414473141e-01
2.248448472365476292e+00 2.334825378780315930e+00 8.899436729796434964e-01
2.251747535551173129e+00 2.338896748045879104e+00 8.912095712855012675e-01
2.255349362335053787e+00 2.343363527821921366e+00 8.923800861836933551e-01
2.258513445116207219e+00 2.347321154403803067e+00 8.925095219518605072e-01
2.261467062884038093e+00 2.351104974781882628e+00 8.907111717991637034e-01
2.264577626379253417e+00 2.355041746844749984e+00 8.864341118916867490e-01
2.267637056150276997e+00 2.358813948741471211e+00 8.818681552408025315e-01
2.270926633613649770e+00 2.362823809020293986e+00 8.795697586543804736e-01
2.271014494089310887e+00 2.362929728077303615e+00 8.795313981389064617e-01
2.274427278010096476e+00 2.367030816101801882e+00 8.785881232214090009e-01
2.277211266108356114e+00 2.370391071987076437e+00 8.781042384901817099e-01
2.277297350636176887e+00 2.370493282440815364e+00 8.780900685645600667e-01
2.280686083743393766e+00 2.374623490165520323e+00 8.769662905101573980e-01
2.283817524702238977e+00 2.378520353164926604e+00 8.739214159127739467e-01
2.286807809967266181e+00 2.382085498160112280e+00 8.696876885097425403e-01
2.289592380139858552e+00 2.385422743320891215e+00 8.657489850077317861e-01
2.292808489758765056e+00 2.389212457624867003e+00 8.635601784611075526e-01
2.295794213677233575e+00 2.392698751302909876e+00 8.628948862666899755e-01
2.299009528083701515e+00 2.396467487599578838e+00 8.627007304856877390e-01
2.302196056013500414e+00 2.400191934166460594e+00 8.624623580994835725e-01
2.305041413135209272e+00 2.403514005620149607e+00 8.619911031529526868e-01
2.308413903312518389e+00 2.407483571060936800e+00 8.606981557923579773e-01
2.311520685347907111e+00 2.411117277163306039e+00 8.588568637940442452e-01
2.314709922038216128e+00 2.414864256606267912e+00 8.567747252288108184e-01
2.317705423093736616e+00 2.418374893804629888e+00 8.548107450542793417e-01
2.320801756669740090e+00 2.421978093667923382e+00 8.528373429719919852e-01
2.323924358714012151e+00 2.425562501485502231e+00 8.509526534419509236e-01
2.326870133274884012e+00 2.428949078947878260e+00 8.492763016333647608e-01
2.330094384759669346e+00 2.432638756976632344e+00 8.477686073171627479e-01
2.333244755536755033e+00 2.436201290072664616e+00 8.476040146669445718e-01
2.336471028829380625e+00 2.439870376612284897e+00 8.458927513436150791e-01
2.336553169734973956e+00 2.439959746674497332e+00 8.458333799485949767e-01
2.339623806693545305e+00 2.443491290427145746e+00 8.434781618024339567e-01
2.342783997964517084e+00 2.447151402919010010e+00 8.406330996812981793e-01
2.346237616548206173e+00 2.451055057195079989e+00 8.376813178735273979e-01
2.348955246451488676e+00 2.454134986751512315e+00 8.355335070182725588e-01
2.351824145995589532e+00 2.457316607332248992e+00 8.341457423815771266e-01
2.354641798127988128e+00 2.460414554158765199e+00 8.341509117806540363e-01
2.358117613211649033e+00 2.464283579092605869e+00 8.335461209564983820e-01
2.360938428126667876e+00 2.467469319452010534e+00 8.313543617418522880e-01
2.363606495952048636e+00 2.470469856775507900e+00 8.288315556135450457e-01
2.366670462985251522e+00 2.473858266913274484e+00 8.259326580817939467e-01
2.369404201125159037e+00 2.476902319199250968e+00 8.236349408884553469e-01
2.372432954174812814e+00 2.480210015246663957e+00 8.214901203036658606e-01
2.375346911105784997e+00 2.483347175991873268e+00 8.201085633318189183e-01
2.378316243227747595e+00 2.486529833122607336e+00 8.197645627964974535e-01
2.381255950382518805e+00 2.489691859068839275e+00 8.190526578675615399e-01
2.384131523858836310e+00 2.492841046467451083e+00 8.167982622319981401e-01
2.387411410464315598e+00 2.496378158567917005e+00 8.137945617291548750e-01
2.387487716285163764e+00 2.496466755836756146e+00 8.137233709360679468e-01
2.390724431510962589e+00 2.499942860793360477e+00 8.110287984037823916e-01
2.394210062836901187e+00 2.503655919292424592e+00 8.084442145991802553e-01
2.394292699086174370e+00 2.503745327291457379e+00 8.083872047918062576e-01
2.397335402661346926e+00 2.506953584652508837e+00 8.067230858810839900e-01
2.400430174092442304e+00 2.510186034112500408e+00 8.062835963513503845e-01
2.403732780598927032e+00 2.513634166724406427e+00 8.062310837529093055e-01
2.406550628565622851e+00 2.516593370505152194e+00 8.055559213002178032e-01
2.409281612338848078e+00 2.519516917082221585e+00 8.033412517889682025e-01
2.417224094406118073e+00 2.527892022093437774e+00 7.954185213549637146e-01
2.420152771612382736e+00 2.530896885119860329e+00 7.926094405963628464e-01
2.423141562667930238e+00 2.533967151614417990e+00 7.905833360699915380e-01
2.426121372693947009e+00 2.536959520428520687e+00 7.901026211461076310e-01
2.429611807072722840e+00 2.540490323775754788e+00 7.905586691072901129e-01
2.432650394572736463e+00 2.543571218559405267e+00 7.908467852251467312e-01
2.435612925363108250e+00 2.546597164135393498e+00 7.892200177337338474e-01
2.438231450987422111e+00 2.549314269666757671e+00 7.872195694143476752e-01
2.441104998943704807e+00 2.552273252980908680e+00 7.849116080073880175e-01
2.444072079652405804e+00 2.555309725422188372e+00 7.827602419895869357e-01
2.447092214282713840e+00 2.558329981808160181e+00 7.812412123550686038e-01
2.450045927167450621e+00 2.561271032167256045e+00 7.803316315304211770e-01
2.452738537875340352e+00 2.563938543856467689e+00 7.798321964618760704e-01
2.455574078382430692e+00 2.566801170561600287e+00 7.787202453326249607e-01
2.458331468354324034e+00 2.569585073392486319e+00 7.764008779070864508e-01
2.461101197655044093e+00 2.572323728270981658e+00 7.739719935267516115e-01
2.463806687101713688e+00 2.575012942065300070e+00 7.717898578645873142e-01
2.466673679523518903e+00 2.577843152110033120e+00 7.700977613823677403e-01
2.469556352679983746e+00 2.580651829478937564e+00 7.690143100428554757e-01
2.472446939872695371e+00 2.583455449692924955e+00 7.684377877469987794e-01
2.475037953430028637e+00 2.585966601939129195e+00 7.679980838688651446e-01
2.478085563401180913e+00 2.588908303460857319e+00 7.674973966116831470e-01
2.480745123321424384e+00 2.591516318573482636e+00 7.664577951924349541e-01
2.483685645729006630e+00 2.594412977624855454e+00 7.643567519485234829e-01
2.486179838665881103e+00 2.596833929533767016e+00 7.625292283425065820e-01
2.488682849709687339e+00 2.599251249888524740e+00 7.610026185236971052e-01
2.491374169452807319e+00 2.601839487111710980e+00 7.595970625025991740e-01
2.494453013785478124e+00 2.604770371649389737e+00 7.583278671211811650e-01
2.494532659215942694e+00 2.604843119543930108e+00 7.582930114119539322e-01
2.497679985692331073e+00 2.607833447007869232e+00 7.575073971416177443e-01
2.500448577155125029e+00 2.610450636854761086e+00 7.569729993945668589e-01
2.503273683221682866e+00 2.613134018204111175e+00 7.564860475712410492e-01
2.506210535106118797e+00 2.615916362991101973e+00 7.556486872013159495e-01
2.509020172360156398e+00 2.618602611351764420e+00 7.540044371332754736e-01
2.511747554539030425e+00 2.621215810859763629e+00 7.523623759318992521e-01
2.514497340840521122e+00 2.623841069118619806e+00 7.508399580840037224e-01
2.517276498858330491e+00 2.626472211628599229e+00 7.496190071658448417e-01
2.519914030118079573e+00 2.628945379473769162e+00 7.486084528837257945e-01
2.522404889950663698e+00 2.631246394380163167e+00 7.478692331147396288e-01
2.524942428961264973e+00 2.633603182061930337e+00 7.473815024999213019e-01
2.527916768224930166e+00 2.636353074595295443e+00 7.470403536298679814e-01
2.528066586664488025e+00 2.636492558149288179e+00 7.470272038043767049e-01
2.530710166099694458e+00 2.638959522314825001e+00 7.464442797420062226e-01
2.533030474293084477e+00 2.641134663381440539e+00 7.452105990252302359e-01
2.536083492712296383e+00 2.644003392569448607e+00 7.436233496575015423e-01
2.536154163041638210e+00 2.644073137561698594e+00 7.435859930673607288e-01
2.538947400746497607e+00 2.646677590031957905e+00 7.424975231908961248e-01
2.541582148223140880e+00 2.649116117518836688e+00 7.416470650516923113e-01
2.544531470711137722e+00 2.651848082614100210e+00 7.409048990211939412e-01
2.547562490713934480e+00 2.654633866022968469e+00 7.402317790565616784e-01
2.550689171321938176e+00 2.657506000159128412e+00 7.395324985061055845e-01
2.553529496830310830e+00 2.660132717998853646e+00 7.388988413280086487e-01
2.553602990803178319e+00 2.660199430433014101e+00 7.388822906430055903e-01
2.556390073469345214e+00 2.662771305702073654e+00 7.379885109986198399e-01
2.558968873323835602e+00 2.665126166419730769e+00 7.367679565785973939e-01
2.561697953486786528e+00 2.667611408513436366e+00 7.356734861951357285e-01
2.564501801964430339e+00 2.670143246896468092e+00 7.349270851133581361e-01
2.567532980930860020e+00 2.672886822559860320e+00 7.343095263108352366e-01
2.567604114293091655e+00 2.672950684823165002e+00 7.342975994709516341e-01
2.570418538545700127e+00 2.675490683328153096e+00 7.339330070755135660e-01
2.570564796732821122e+00 2.675619545030810453e+00 7.339167507567843085e-01
2.573411612181246255e+00 2.678218166732827310e+00 7.335248922893591317e-01
2.573481985161649277e+00 2.678279385792485812e+00 7.335127169699715566e-01
2.576103703334094774e+00 2.680647039542691346e+00 7.331344469449357915e-01
2.578516901056978838e+00 2.682841396421947522e+00 7.328357921294753607e-01
2.580796676273022339e+00 2.684939752757006470e+00 7.322232427880613903e-01
2.583360871843064288e+00 2.687277381950816668e+00 7.312508889245757926e-01
2.586017623044800207e+00 2.689672115904642169e+00 7.304354998746208638e-01
2.588535995661017441e+00 2.691923371108013718e+00 7.299501543981735674e-01
2.591277596851108811e+00 2.694368345866739567e+00 7.295960459048261848e-01
2.593714267210255997e+00 2.696551306259484360e+00 7.294213193053804556e-01
2.596355448241794761e+00 2.698911137925636528e+00 7.296109931700730522e-01
2.599012396961012605e+00 2.701286630968584568e+00 7.299176708958021731e-01
2.601511199755206061e+00 2.703519705642341009e+00 7.302177534578291329e-01
2.604176945997724424e+00 2.705923055797065047e+00 7.302524495909722413e-01
2.606521428416486152e+00 2.708069078995131385e+00 7.294907609432337292e-01
2.613670792391599385e+00 2.714598198400089313e+00 7.268359871796795657e-01
2.613738908501195279e+00 2.714659011934516641e+00 7.268095270995528212e-01
2.616321857313349319e+00 2.716982898974267258e+00 7.261922356543215606e-01
2.618830907854822865e+00 2.719209875592694114e+00 7.263467485088689335e-01
2.621183626479349993e+00 2.721306545560761680e+00 7.268162785301155449e-01
2.623690702294764421e+00 2.723530881338533938e+00 7.274763379727579027e-01
2.626120622152257056e+00 2.725695125688253118e+00 7.279866544427829878e-01
2.628739463219203376e+00 2.728037974368861640e+00 7.285416744200475803e-01
2.631149912789588541e+00 2.730230809305206119e+00 7.283392614866787129e-01
2.633444191876379570e+00 2.732292654078231742e+00 7.275949976602301694e-01
2.635852416587663338e+00 2.734469279927325580e+00 7.269730906492913869e-01
2.638600136502533999e+00 2.736958640023806844e+00 7.264386312371774457e-01
2.640975553663168718e+00 2.739089167389774815e+00 7.263383246811981886e-01
2.643560465038595986e+00 2.741397963729772513e+00 7.263999476378014686e-01
2.643626957291568935e+00 2.741457029154384273e+00 7.264019382579580686e-01
2.646056294699626665e+00 2.743619042769404714e+00 7.268827129592415615e-01
2.648811178443778225e+00 2.746061638925003212e+00 7.276492881228370235e-01
2.651553723686626007e+00 2.748504627091096442e+00 7.284956608339412387e-01
2.653960745677567790e+00 2.750652536276212867e+00 7.291308143017198873e-01
2.656413132984410286e+00 2.752861620783895180e+00 7.294195646108205811e-01
2.658755508216696928e+00 2.754988425485361159e+00 7.294051826256852111e-01
2.661268186080158582e+00 2.757276351213447274e+00 7.289596271594578347e-01
2.663674674823452992e+00 2.759438449218146072e+00 7.286700654500632979e-01
2.665842894930494200e+00 2.761365531165031584e+00 7.286142163542624894e-01
2.668320520752580194e+00 2.763596982303857530e+00 7.287944220580212518e-01
2.670543454160581476e+00 2.765599975564291491e+00 7.290582153750377881e-01
2.672713176361080745e+00 2.767537629509856600e+00 7.295136120966222437e-01
2.674793636621976667e+00 2.769400504180579592e+00 7.302063613544319542e-01
2.677311640918966784e+00 2.771665262467877699e+00 7.311777827116839878e-01
2.677371583495859575e+00 2.771721463400326879e+00 7.312075670653208626e-01
2.679492345554204125e+00 2.773632955736827554e+00 7.319596980325432378e-01
2.682116300072657555e+00 2.775988087964072371e+00 7.326765933780762241e-01
2.684247854516973231e+00 2.777898738248943289e+00 7.332370460383886845e-01
2.686891803327709383e+00 2.780293478462799062e+00 7.334573418569487746e-01
2.689149702994901414e+00 2.782369448742474827e+00 7.334418934551184543e-01
2.691352579379129750e+00 2.784383090693611784e+00 7.336484610859529409e-01
2.693688795304110872e+00 2.786499813559728089e+00 7.340748939077090807e-01
2.695967555788018721e+00 2.788557747159889022e+00 7.347184760520879543e-01
2.698488067855633776e+00 2.790836243379175130e+00 7.355887608659905652e-01
2.700759106020976130e+00 2.792897313347786792e+00 7.364666997261312131e-01
2.703057569376009717e+00 2.794980916776847568e+00 7.374385525322491031e-01
2.705237314421828465e+00 2.796972476064844226e+00 7.382102300129316230e-01
2.707469935758430424e+00 2.799018762271188621e+00 7.389631291441369765e-01
2.709712797154486985e+00 2.801075506224677270e+00 7.397229597378219834e-01
2.712042041173737594e+00 2.803196672586217186e+00 7.406905302888384668e-01
2.714156209223725025e+00 2.805160669012201513e+00 7.412285862310131757e-01
2.716219927886132535e+00 2.807075407095824815e+00 7.415674518327832754e-01
2.718287733278081042e+00 2.808992823499140812e+00 7.419701495546928705e-01
2.720482222521438231e+00 2.811020317935156942e+00 7.425189736231448956e-01
2.722611611352787175e+00 2.812983769557926284e+00 7.431387052429172524e-01
2.724805624108351587e+00 2.815019299933308350e+00 7.439209263685891971e-01
2.727060408157845561e+00 2.817112368561429658e+00 7.448146664087135216e-01
2.729138365569723668e+00 2.819035027935511639e+00 7.457353456777578993e-01
2.731181084746015397e+00 2.820914966655668543e+00 7.468037080500966596e-01
2.733326164428330429e+00 2.822908638689797023e+00 7.479920934233678098e-01
2.735468209751051649e+00 2.824898859873957058e+00 7.493901006060447179e-01
2.737785618206406646e+00 2.827056012905979632e+00 7.509529650513747656e-01
2.739923901160004061e+00 2.829060812168053829e+00 7.522594998982011782e-01
2.741914502114119134e+00 2.830942923193879412e+00 7.532940008821924494e-01
2.741969580831109532e+00 2.830999506699733992e+00 7.533135501226345676e-01
2.744009792714642071e+00 2.832940631514894836e+00 7.539649061981396061e-01
2.746279728881947602e+00 2.835100590260792419e+00 7.546749335184920193e-01
2.746337999634972160e+00 2.835152832196268236e+00 7.546911435616843189e-01
2.748452244926961718e+00 2.837142903708624431e+00 7.554805485658949715e-01
2.750734269735247484e+00 2.839291545112352821e+00 7.564600312002454086e-01
2.752803069109098555e+00 2.841236920728838378e+00 7.573872774279699627e-01
2.754974263777804744e+00 2.843280394428957969e+00 7.584519754309667627e-01
2.757243613269773963e+00 2.845426766145074282e+00 7.597042460128721197e-01
2.759494052103975914e+00 2.847560910570320569e+00 7.610687500493518165e-01
2.759549623089175174e+00 2.847614850346518622e+00 7.611036910612150042e-01
2.761576006828702301e+00 2.849543185065809059e+00 7.622932405512227172e-01
