0.000000000000000000e+00
0.000000000000000000e+00
1.400000000000000000e+01
3.000000000000000000e+01
4.900000000000000000e+01
6.100000000000000000e+01
8.200000000000000000e+01
9.200000000000000000e+01
1.120000000000000000e+02
1.210000000000000000e+02
1.290000000000000000e+02
1.310000000000000000e+02
1.330000000000000000e+02
1.350000000000000000e+02
1.370000000000000000e+02
1.380000000000000000e+02
1.400000000000000000e+02
1.420000000000000000e+02
1.440000000000000000e+02
1.450000000000000000e+02
1.480000000000000000e+02
1.490000000000000000e+02
1.520000000000000000e+02
1.540000000000000000e+02
1.560000000000000000e+02
1.580000000000000000e+02
1.600000000000000000e+02
1.610000000000000000e+02
1.640000000000000000e+02
1.650000000000000000e+02
1.680000000000000000e+02
1.690000000000000000e+02
1.720000000000000000e+02
1.740000000000000000e+02
1.760000000000000000e+02
1.780000000000000000e+02
1.800000000000000000e+02
1.830000000000000000e+02
1.840000000000000000e+02
1.870000000000000000e+02
1.890000000000000000e+02
1.910000000000000000e+02
1.930000000000000000e+02
1.960000000000000000e+02
1.970000000000000000e+02
2.000000000000000000e+02
2.020000000000000000e+02
2.040000000000000000e+02
2.060000000000000000e+02
2.090000000000000000e+02
2.100000000000000000e+02
2.120000000000000000e+02
2.150000000000000000e+02
2.170000000000000000e+02
2.190000000000000000e+02
2.220000000000000000e+02
2.240000000000000000e+02
2.260000000000000000e+02
2.280000000000000000e+02
2.300000000000000000e+02
2.320000000000000000e+02
2.340000000000000000e+02
2.370000000000000000e+02
2.380000000000000000e+02
2.410000000000000000e+02
2.430000000000000000e+02
2.460000000000000000e+02
2.470000000000000000e+02
2.500000000000000000e+02
2.510000000000000000e+02
2.540000000000000000e+02
2.550000000000000000e+02
2.580000000000000000e+02
2.590000000000000000e+02
2.620000000000000000e+02
2.630000000000000000e+02
2.660000000000000000e+02
2.670000000000000000e+02
2.700000000000000000e+02
2.710000000000000000e+02
2.740000000000000000e+02
2.750000000000000000e+02
2.780000000000000000e+02
2.790000000000000000e+02
2.810000000000000000e+02
2.840000000000000000e+02
2.850000000000000000e+02
2.880000000000000000e+02
2.900000000000000000e+02
2.920000000000000000e+02
2.940000000000000000e+02
2.960000000000000000e+02
2.980000000000000000e+02
3.010000000000000000e+02
3.030000000000000000e+02
3.050000000000000000e+02
3.070000000000000000e+02
3.090000000000000000e+02
3.110000000000000000e+02
3.140000000000000000e+02
3.150000000000000000e+02
3.180000000000000000e+02
3.200000000000000000e+02
3.220000000000000000e+02
3.240000000000000000e+02
3.270000000000000000e+02
3.290000000000000000e+02
3.310000000000000000e+02
3.330000000000000000e+02
3.360000000000000000e+02
3.370000000000000000e+02
3.400000000000000000e+02
3.410000000000000000e+02
3.440000000000000000e+02
3.460000000000000000e+02
3.480000000000000000e+02
3.500000000000000000e+02
3.530000000000000000e+02
3.540000000000000000e+02
3.570000000000000000e+02
3.590000000000000000e+02
3.610000000000000000e+02
3.630000000000000000e+02
3.660000000000000000e+02
3.680000000000000000e+02
3.710000000000000000e+02
3.720000000000000000e+02
3.750000000000000000e+02
3.770000000000000000e+02
3.790000000000000000e+02
3.810000000000000000e+02
3.840000000000000000e+02
3.860000000000000000e+02
3.880000000000000000e+02
3.900000000000000000e+02
3.930000000000000000e+02
3.950000000000000000e+02
3.970000000000000000e+02
4.000000000000000000e+02
4.020000000000000000e+02
4.040000000000000000e+02
4.060000000000000000e+02
4.090000000000000000e+02
4.110000000000000000e+02
4.120000000000000000e+02
4.150000000000000000e+02
4.170000000000000000e+02
4.200000000000000000e+02
4.220000000000000000e+02
4.240000000000000000e+02
4.260000000000000000e+02
4.290000000000000000e+02
4.310000000000000000e+02
4.330000000000000000e+02
4.350000000000000000e+02
4.380000000000000000e+02
4.400000000000000000e+02
4.420000000000000000e+02
4.440000000000000000e+02
4.470000000000000000e+02
4.490000000000000000e+02
4.510000000000000000e+02
4.530000000000000000e+02
4.560000000000000000e+02
4.570000000000000000e+02
4.600000000000000000e+02
4.620000000000000000e+02
4.650000000000000000e+02
4.670000000000000000e+02
4.690000000000000000e+02
4.710000000000000000e+02
4.730000000000000000e+02
4.760000000000000000e+02
4.770000000000000000e+02
4.800000000000000000e+02
4.820000000000000000e+02
4.850000000000000000e+02
4.870000000000000000e+02
4.890000000000000000e+02
4.910000000000000000e+02
4.940000000000000000e+02
4.960000000000000000e+02
4.980000000000000000e+02
5.000000000000000000e+02
5.030000000000000000e+02
5.040000000000000000e+02
5.070000000000000000e+02
5.090000000000000000e+02
5.110000000000000000e+02
5.140000000000000000e+02
5.160000000000000000e+02
5.180000000000000000e+02
5.210000000000000000e+02
5.230000000000000000e+02
5.250000000000000000e+02
5.270000000000000000e+02
5.300000000000000000e+02
5.310000000000000000e+02
5.340000000000000000e+02
5.360000000000000000e+02
5.380000000000000000e+02
5.400000000000000000e+02
5.420000000000000000e+02
5.440000000000000000e+02
5.470000000000000000e+02
