2.000339148860396765e+00 1.999966429776700583e+00 -1.160116931375589436e-04
2.000473044806618805e+00 1.999949164311962901e+00 -1.547215489059878808e-04
2.000484038910541607e+00 1.999947626271471934e+00 -1.534615277238533316e-04
2.001832989022433562e+00 1.999954328791368585e+00 -9.433047924890839385e-05
2.004222005582544153e+00 1.999960552052467699e+00 2.741358275211828953e-05
2.004992326143298698e+00 1.999962896040027527e+00 9.495578061254441368e-05
2.008192015140398912e+00 1.999967827416737176e+00 4.671252596671921376e-04
2.010600912411417696e+00 1.999971800929403631e+00 9.333269073555520772e-04
2.011984799366776322e+00 1.999972663979562304e+00 1.278218279758830704e-03
2.014928261864141312e+00 1.999978701146275739e+00 2.105548917102067086e-03
2.019590680000870719e+00 1.999992988832011820e+00 3.839297405201638931e-03
2.022702007835318838e+00 2.000016432801555055e+00 5.150613983782445331e-03
2.025939975435004481e+00 2.000023972933924199e+00 6.531954221485517832e-03
2.029060947072883092e+00 2.000044104799529876e+00 8.219983122362359979e-03
2.032112467133147415e+00 2.000069063392025726e+00 1.009710064337565605e-02
2.032558531574554461e+00 2.000070718545919668e+00 1.034925069732290162e-02
2.035036642229001824e+00 2.000107709811920209e+00 1.189705973693553145e-02
2.035850561365452283e+00 2.000118774778718578e+00 1.239271708076495303e-02
2.038304126555772200e+00 2.000142078827038095e+00 1.419988575318417712e-02
2.039533125680795589e+00 2.000162878426282820e+00 1.516218970772786369e-02
2.042581164622769396e+00 2.000211936039653970e+00 1.780250310104176253e-02
2.045614931219700061e+00 2.000271022204837656e+00 2.069470064755727506e-02
2.046046568635286445e+00 2.000280311977399528e+00 2.113225499278448272e-02
2.049437237466341877e+00 2.000350761294375612e+00 2.464152474306280025e-02
2.052477629681639382e+00 2.000432246155281479e+00 2.802238169145869484e-02
2.052651317352074845e+00 2.000436652388542402e+00 2.822200882197310398e-02
2.055109822371038675e+00 2.000507019240747031e+00 3.101219651655539797e-02
2.055892697776634748e+00 2.000535038182599479e+00 3.196246585428896142e-02
2.058932736210877135e+00 2.000633066268959759e+00 3.591335293201888129e-02
2.059110517977313037e+00 2.000638955742045422e+00 3.612616858033342732e-02
2.062112832763752568e+00 2.000753801973733204e+00 3.995981042506364933e-02
2.062201276524102678e+00 2.000754847039007966e+00 4.007893164287819332e-02
2.065108187072267842e+00 2.000873192314417626e+00 4.401607556296740359e-02
2.067918715163765686e+00 2.001009521684363079e+00 4.813054169479204225e-02
2.068093420867150201e+00 2.001016169640085884e+00 4.839191665494724931e-02
2.071014681457540973e+00 2.001161182551921769e+00 5.270968528703731670e-02
2.071193299611064909e+00 2.001171006986315781e+00 5.298692775197038490e-02
2.074396788887312493e+00 2.001352771085557869e+00 5.845713173655094769e-02
2.074482719711783218e+00 2.001358484796654569e+00 5.861020025594040894e-02
2.077403972842951418e+00 2.001530176014179485e+00 6.348722289477605474e-02
2.080363371339041922e+00 2.001728695882264653e+00 6.836550590057351162e-02
2.083607971877110110e+00 2.001951042973249439e+00 7.390841475464779431e-02
2.083698110451607910e+00 2.001959786058774782e+00 7.406767126518033761e-02
2.086047770771915388e+00 2.002136175925565809e+00 7.871491693093778108e-02
2.087450334080385161e+00 2.002247109937709713e+00 8.152209705537796780e-02
2.090106704387781900e+00 2.002462546097252716e+00 8.676208496729631570e-02
2.093455423642535784e+00 2.002768427262239470e+00 9.377976476432961506e-02
2.096637017008298631e+00 2.003075017936947866e+00 1.006658525395588422e-01
2.096811288194251777e+00 2.003095108343631914e+00 1.010523923727248419e-01
2.099815601018915956e+00 2.003400977414100836e+00 1.077594376335223592e-01
2.099998394749462260e+00 2.003421434494468301e+00 1.081397938960634714e-01
2.103153927911402654e+00 2.003774346039680854e+00 1.155807025568437035e-01
2.103241596668854019e+00 2.003787109870349248e+00 1.157891125486629758e-01
2.105704161366344529e+00 2.004076020388360302e+00 1.217505715801699556e-01
2.106686780554431149e+00 2.004202248829165978e+00 1.240647916261796851e-01
2.109063255524207037e+00 2.004509196740717147e+00 1.299681996428898034e-01
2.110388209879618060e+00 2.004677762357030435e+00 1.332173235852311122e-01
2.113566082747992958e+00 2.005122527152740197e+00 1.410133548978864115e-01
2.116643980757780596e+00 2.005562049206981889e+00 1.486256558813353335e-01
2.119878504922120488e+00 2.006059739031213596e+00 1.567389658785987849e-01
2.120235516694605415e+00 2.006110513105720194e+00 1.576062896741068919e-01
2.123047281916846440e+00 2.006571642475656780e+00 1.645307886100732808e-01
2.123399001689183940e+00 2.006624619522661579e+00 1.654091065072100519e-01
2.126624826843740657e+00 2.007173364343012967e+00 1.735202938103422576e-01
2.126802567831941548e+00 2.007203553937097595e+00 1.739433168030485588e-01
2.130114877206800372e+00 2.007808147722563774e+00 1.822775808056405489e-01
2.133241935479909035e+00 2.008390515519276942e+00 1.902405818842438090e-01
2.136405243778173535e+00 2.009016764751272888e+00 1.980104474429956740e-01
2.136585596283851363e+00 2.009052850420198322e+00 1.984464328577658088e-01
2.139816062963133536e+00 2.009692788546588282e+00 2.065002084142107952e-01
2.142909830345808064e+00 2.010366144082955664e+00 2.144956377758514277e-01
2.145928777458550041e+00 2.011024339639832625e+00 2.222259685765264892e-01
2.146102002999798142e+00 2.011062412633121799e+00 2.226693565851388945e-01
2.148432844152318388e+00 2.011595684842837350e+00 2.285929405475177478e-01
2.149566680130410745e+00 2.011870091335246524e+00 2.313934486716461014e-01
2.152423353914166171e+00 2.012540893256995034e+00 2.385572951260648833e-01
2.155499638731264600e+00 2.013301876883315078e+00 2.465207869843379918e-01
2.158658721042079343e+00 2.014104881800839131e+00 2.547445432590516035e-01
2.161751783260691173e+00 2.014929736009885897e+00 2.626676452108241966e-01
2.161923639143458420e+00 2.014972492006615212e+00 2.631083018764441839e-01
2.164994941292615049e+00 2.015803434158809804e+00 2.710636841696811850e-01
2.167949924210413659e+00 2.016636366431855176e+00 2.788972236411390582e-01
2.170308543773293852e+00 2.017324757896000520e+00 2.851465563704941863e-01
2.171494664534593166e+00 2.017671520150725595e+00 2.882601381592826972e-01
2.174280054621733349e+00 2.018500180842570213e+00 2.955743181692759847e-01
2.177299850353627608e+00 2.019431825682607595e+00 3.035983289685235675e-01
2.179567162420452231e+00 2.020153330319343521e+00 3.095983298051711019e-01
2.180586371444876992e+00 2.020483758908145688e+00 3.122121385444061592e-01
2.183464394717218315e+00 2.021418487752163706e+00 3.196631057177516944e-01
2.183797673111436577e+00 2.021529229880465017e+00 3.205569014361793756e-01
2.186568891640846779e+00 2.022455028123079757e+00 3.278499337243913625e-01
2.186735000596915501e+00 2.022512818863573258e+00 3.282965977726888251e-01
2.189412513441824970e+00 2.023434247358701477e+00 3.353987801393410462e-01
2.192360802394056840e+00 2.024472450032783311e+00 3.430196476582549336e-01
2.194671692795238105e+00 2.025308640741641852e+00 3.493022118923092001e-01
2.195496017305611058e+00 2.025616035775513968e+00 3.515195659998949229e-01
2.198239580735440679e+00 2.026622187007422138e+00 3.588386799645347791e-01
2.198319909546115891e+00 2.026652762040706435e+00 3.590598751370088770e-01
2.200532700210359849e+00 2.027492751360590262e+00 3.651170507315761871e-01
2.201355964702673251e+00 2.027806778177451807e+00 3.673309143073490435e-01
2.204350770007545091e+00 2.028972262349595379e+00 3.752339922341824119e-01
2.204516203503202654e+00 2.029038876952546477e+00 3.756764078359675074e-01
2.206753337550538152e+00 2.029920092382573316e+00 3.816182827827285240e-01
2.207754844827489293e+00 2.030323527681970219e+00 3.842191649207014059e-01
2.211128942953886511e+00 2.031698907844035062e+00 3.933153387725085715e-01
2.211212777044320621e+00 2.031730525783962182e+00 3.935323093398455097e-01
2.217459493674154292e+00 2.034376825031060321e+00 4.106745795324697745e-01
2.217943850406936868e+00 2.034589680396349465e+00 4.120268672413439082e-01
2.220929996013273566e+00 2.035933512043631488e+00 4.202888989152663846e-01
2.221091361967092226e+00 2.036008064439424725e+00 4.207432500168064027e-01
2.223966789349810291e+00 2.037297387729331444e+00 4.284046498430451044e-01
2.224044869562249449e+00 2.037336502454002218e+00 4.286325595184672377e-01
2.226235268653947941e+00 2.038337007963058056e+00 4.345222263913169347e-01
2.227038599423345033e+00 2.038710750112979753e+00 4.367453995942588985e-01
2.229315178856088764e+00 2.039783942642962256e+00 4.428090291825985125e-01
2.230042078425634955e+00 2.040124111374016280e+00 4.448054685870229119e-01
2.232836750622526178e+00 2.041471158690293386e+00 4.525593002433969114e-01
2.233162601138995562e+00 2.041631181490476621e+00 4.534134508662777119e-01
2.235925715364556421e+00 2.042981058442053133e+00 4.608538288380508163e-01
2.236241798860943319e+00 2.043138339607226683e+00 4.617285052878240537e-01
2.239032243502254271e+00 2.044527508849072639e+00 4.694033430965155462e-01
2.239188957169576000e+00 2.044608733148735702e+00 4.698504496125848195e-01
2.241318771189589221e+00 2.045689461726686087e+00 4.758223900079973090e-01
2.242497456724301230e+00 2.046303606464594971e+00 4.791578018653126492e-01
2.245341288826211201e+00 2.047810489903046260e+00 4.870943556968543309e-01
2.248440555604930946e+00 2.049452908824290986e+00 4.955605904671961937e-01
2.251144001514310489e+00 2.050922178690974818e+00 5.033588709154581675e-01
2.251300304610702074e+00 2.051008135906431828e+00 5.037955519981338615e-01
2.253880378805951157e+00 2.052457910809030839e+00 5.110185727402362099e-01
2.254038745836977498e+00 2.052543978119717671e+00 5.114485513799790217e-01
2.256980307954191023e+00 2.054202657565372458e+00 5.198019882193873897e-01
2.257132263190723354e+00 2.054294676081037885e+00 5.202371767823202875e-01
2.259813968207889268e+00 2.055849108317849172e+00 5.279623006074658509e-01
2.262248990436174445e+00 2.057268629115728942e+00 5.350702183833295766e-01
2.262400070764577720e+00 2.057358859596352119e+00 5.355140291728972546e-01
2.264521916477226338e+00 2.058644046296482788e+00 5.417186070305294310e-01
2.264988679998590548e+00 2.058912044460544433e+00 5.430360121887528591e-01
2.267129664814024892e+00 2.060211859394320832e+00 5.491799760098975414e-01
2.268035434824827057e+00 2.060761609691401208e+00 5.518232300486944908e-01
2.270674475063717335e+00 2.062407728504280335e+00 5.595231273871267286e-01
2.270748677958253303e+00 2.062456006816423937e+00 5.597427905051078900e-01
2.272850092921037568e+00 2.063768425816577157e+00 5.659500776741459571e-01
2.273520106445419131e+00 2.064201306931382263e+00 5.679242839419740285e-01
2.276029362113539900e+00 2.065811629406303584e+00 5.754976028675915511e-01
2.278625450454793366e+00 2.067506308127306180e+00 5.832251479444390263e-01
2.278772588694873757e+00 2.067603757816624643e+00 5.836703002249645778e-01
2.281978392113984455e+00 2.069752362828572334e+00 5.911572748597018201e-01
2.285871848375631288e+00 2.072401715752347773e+00 5.976403724313920085e-01
2.286726904866230203e+00 2.072995511773770616e+00 5.990858710387405583e-01
2.290533363375713449e+00 2.075661589213525282e+00 6.058822654919773232e-01
2.291934658662749147e+00 2.076653319101428696e+00 6.084402380161277879e-01
2.295712075514029671e+00 2.079342357090241400e+00 6.153261198665209708e-01
2.297791805918823815e+00 2.080844392963394629e+00 6.191818053892371720e-01
2.302910522131800253e+00 2.084580434636661206e+00 6.286507115052946126e-01
2.307866877847879028e+00 2.088265922480681880e+00 6.376772296971829901e-01
2.308141846250888030e+00 2.088481336275768818e+00 6.381811723591402918e-01
2.312507171477598877e+00 2.091771706276817522e+00 6.461479703642135641e-01
2.312782286318970648e+00 2.091983118789540796e+00 6.466419281988269319e-01
2.317555102989955707e+00 2.095647534813359414e+00 6.550606536794052470e-01
2.317689219549901924e+00 2.095756388221136302e+00 6.553061683934731096e-01
2.321328726300488476e+00 2.098591484401401086e+00 6.615807150800798730e-01
2.322948767184032981e+00 2.099869956792102865e+00 6.643194908131012655e-01
2.327524073242632774e+00 2.103480613305413804e+00 6.725789204596432924e-01
2.330369961679241708e+00 2.105659695395679432e+00 6.786289848107908140e-01
2.330517808460570439e+00 2.105779336251501821e+00 6.789441285069131027e-01
2.332962150156375980e+00 2.107748262427202590e+00 6.849237552985304456e-01
2.335321443600108182e+00 2.109716958079072668e+00 6.909911058969516739e-01
2.337818609350963417e+00 2.111786386636527180e+00 6.971533071395566994e-01
2.338154527905498714e+00 2.112065396247568838e+00 6.979864053827014025e-01
2.340543806113644987e+00 2.114080736757466106e+00 7.038099788469242002e-01
2.340811134703691287e+00 2.114304210052247335e+00 7.044439034104179598e-01
2.343242241508193935e+00 2.116389550978509781e+00 7.101986588428873537e-01
2.345617384634096858e+00 2.118437925037384151e+00 7.156390901290449191e-01
2.345683726331836638e+00 2.118497551230329456e+00 7.157929740286956832e-01
2.347957699229195505e+00 2.120495920268605783e+00 7.208874198078352169e-01
2.349766920833747719e+00 2.122096342154160098e+00 7.248557143794001068e-01
2.350729185185293169e+00 2.122950960567595580e+00 7.269508993902901173e-01
2.352711376662008469e+00 2.124729820029093386e+00 7.312169901386934567e-01
2.352842292602758789e+00 2.124846027164193352e+00 7.314891738583151337e-01
2.354937556335785054e+00 2.126756326888486370e+00 7.358409641756205044e-01
2.356711650364562427e+00 2.128383445342004965e+00 7.394128933652646118e-01
2.357470702272249419e+00 2.129069167362024118e+00 7.409321893226293865e-01
2.359155286665135964e+00 2.130631884831122758e+00 7.442739245429182970e-01
2.359962417782074606e+00 2.131385657562184122e+00 7.458315238718344897e-01
2.362687721962693832e+00 2.133943481174485512e+00 7.508885485420403461e-01
2.364332163507263385e+00 2.135501765383703621e+00 7.538887380440512098e-01
2.364885631953971945e+00 2.136034060091671183e+00 7.548515546373540941e-01
2.366896954349854809e+00 2.137967574870941245e+00 7.583088903470626141e-01
2.367138416247513089e+00 2.138191491727269522e+00 7.587132529451012797e-01
2.369001645552329727e+00 2.140012522548231821e+00 7.617631023646173061e-01
2.369062916162147481e+00 2.140072021109297395e+00 7.618565207386196469e-01
2.371052809049539967e+00 2.142006582136576132e+00 7.649181249180133646e-01
2.371298598402026503e+00 2.142239885800424570e+00 7.652661942119460825e-01
2.373325575456032954e+00 2.144242548819933702e+00 7.681793794213434001e-01
2.375547393227784188e+00 2.146445883231712148e+00 7.710773989523350691e-01
2.377772709420731712e+00 2.148681214494397196e+00 7.738951102046219832e-01
2.377832346160314803e+00 2.148741041020823861e+00 7.739738564870719539e-01
2.379937673537617648e+00 2.150845999545176301e+00 7.765228585308917575e-01
2.381557923367608076e+00 2.152468841461657068e+00 7.783515246959811229e-01
2.382395390926925760e+00 2.153302626307992629e+00 7.791244998980551006e-01
2.384649071396749420e+00 2.155603474565219280e+00 7.811966463845417818e-01
2.386713847657173204e+00 2.157704904990354500e+00 7.829635387239011202e-01
2.388339083651797257e+00 2.159365048609526383e+00 7.840594330215517882e-01
2.388969794463918994e+00 2.160018246127213715e+00 7.844062448952952016e-01
2.390941602774427910e+00 2.162056227720118073e+00 7.856718538825793186e-01
2.392873809217973324e+00 2.164090489551929064e+00 7.868285359620896813e-01
2.393096534101428308e+00 2.164325913831055992e+00 7.869427504294007614e-01
2.394895184236407459e+00 2.166211356828781742e+00 7.876308922947627966e-01
2.395013413430165272e+00 2.166321449080017114e+00 7.876516833521055583e-01
2.396884591419644828e+00 2.168244472968416936e+00 7.880891730011918561e-01
2.397113722006244174e+00 2.168480587531665726e+00 7.880980691628536317e-01
2.398668844227985986e+00 2.170075629524988781e+00 7.880734346422904046e-01
2.399275205641556941e+00 2.170724001770096834e+00 7.880860438173468152e-01
2.400848635370379291e+00 2.172355757388288122e+00 7.880404271258961701e-01
2.401233782411792639e+00 2.172749814464985718e+00 7.880903511690916519e-01
2.403317545917255771e+00 2.174910109204739150e+00 7.877108820129949951e-01
2.408111648887602207e+00 2.179857954226689820e+00 7.860435934052891760e-01
2.410033658991693528e+00 2.181829571047754879e+00 7.852130869030340410e-01
2.410262771851746866e+00 2.182054844785350056e+00 7.850938935701562427e-01
2.411851551419944339e+00 2.183702011437489876e+00 7.841629093264633754e-01
2.412522372793787451e+00 2.184398455448261611e+00 7.837389793206158695e-01
2.414382887508174758e+00 2.186287499519723898e+00 7.824104351994255468e-01
2.414440588513678598e+00 2.186344369845798052e+00 7.823616055570603578e-01
2.415948736629206284e+00 2.187908714614369199e+00 7.811816706314038683e-01
2.416508949149230201e+00 2.188487663158576790e+00 7.807184663539250558e-01
2.418440297234648817e+00 2.190471712890543987e+00 7.787668641902314448e-01
2.420019903286283469e+00 2.192053183279879747e+00 7.770865932217423389e-01
2.420572952753026197e+00 2.192637534256786314e+00 7.764879825066237640e-01
2.422457930858435304e+00 2.194522891525742647e+00 7.742980114172659523e-01
2.423923688545653210e+00 2.196034882243856678e+00 7.725463790452837820e-01
2.424652143631281564e+00 2.196725131465113279e+00 7.716362922055128859e-01
2.426578806539112954e+00 2.198651779569626985e+00 7.689599389045943534e-01
2.428564611072940860e+00 2.200646296753953290e+00 7.658071424528088977e-01
2.430578026853861484e+00 2.202649487155156294e+00 7.622856873963179680e-01
2.432613618245654141e+00 2.204634663432365471e+00 7.585450737776272545e-01
2.434568904687829161e+00 2.206543785722670847e+00 7.546394025099262270e-01
2.434681202010703149e+00 2.206654647834302985e+00 7.544014240816248051e-01
2.436842079451171816e+00 2.208723063760123395e+00 7.496766110572382624e-01
2.438367561908972192e+00 2.210206739200404780e+00 7.461702169969002263e-01
2.438994164212220372e+00 2.210786185945705640e+00 7.447318223692180883e-01
2.441041713141558933e+00 2.212770212487396027e+00 7.399017578769055969e-01
2.442911311925898943e+00 2.214512141660069044e+00 7.353103185957875487e-01
2.444424635742531215e+00 2.215919033008113104e+00 7.313767295666018242e-01
2.445156712222028794e+00 2.216586641681651315e+00 7.294928175199779652e-01
2.447270543419908240e+00 2.218565014757219345e+00 7.236449077440928468e-01
2.447382641379920010e+00 2.218665856962604988e+00 7.233273793107594107e-01
2.449505847722645679e+00 2.220559242700993696e+00 7.172691816792930997e-01
2.451554163748172588e+00 2.222377763314814292e+00 7.111227332102482146e-01
2.451845397163519458e+00 2.222623569623526141e+00 7.102323533883940776e-01
2.453770852466516494e+00 2.224338650939851725e+00 7.043875731768484139e-01
2.453997683836393495e+00 2.224544140949497262e+00 7.036858304701980593e-01
2.455929343127034592e+00 2.226202400839141227e+00 6.975022791139484646e-01
2.456047501778590547e+00 2.226305340259033372e+00 6.971338582149790852e-01
2.458567493520430691e+00 2.228478489914234917e+00 6.902807438306042265e-01
2.461655951796297259e+00 2.231060200193769383e+00 6.846774823495563878e-01
2.463132734693120440e+00 2.232292287602466452e+00 6.821906081469993888e-01
2.467515379390190944e+00 2.235888134210144429e+00 6.746973494644327163e-01
2.471860792827478281e+00 2.239407578212972094e+00 6.671283418772967488e-01
2.476020287204254711e+00 2.242756210017658347e+00 6.597401813924859137e-01
2.476642877114282104e+00 2.243245313224689230e+00 6.586315556419921613e-01
2.480086196307452084e+00 2.245965349255060861e+00 6.524499432317034664e-01
2.481187840870992201e+00 2.246804272674912450e+00 6.504234336715220000e-01
2.484626683682769066e+00 2.249462576160260241e+00 6.442833530283023080e-01
2.485619989813633968e+00 2.250227908885389816e+00 6.425059936688551909e-01
2.488962316136508424e+00 2.252787848819906458e+00 6.365761397573690417e-01
2.490795118665392494e+00 2.254149374266584349e+00 6.333765393253188991e-01
2.495028525038888390e+00 2.257315901148057691e+00 6.260586694751147929e-01
2.500141926557095218e+00 2.261050593154918520e+00 6.175109060968508867e-01
2.503436670465848390e+00 2.263478175043727170e+00 6.119046832032474237e-01
2.504288944740932887e+00 2.264147884387972098e+00 6.102004502086713078e-01
2.507447088951884950e+00 2.266435090888474946e+00 6.029763081205542496e-01
2.507581181726789232e+00 2.266534570240639201e+00 6.025565536064438898e-01
2.509668473345332274e+00 2.267972368739952227e+00 5.959342774876139615e-01
2.511738025504067551e+00 2.269413486130194890e+00 5.898323820014942376e-01
2.511986756255427444e+00 2.269589652965936288e+00 5.891175657346336969e-01
2.513704621473965339e+00 2.270759684394340283e+00 5.843660618528959683e-01
2.514584665999749724e+00 2.271374554308079219e+00 5.820058821529777715e-01
2.517053976832964501e+00 2.273027934481420598e+00 5.756258832415807047e-01
2.519242807687473107e+00 2.274506968288831921e+00 5.701964186559010939e-01
2.519694394137629967e+00 2.274812442521306988e+00 5.691029026390228562e-01
2.521820001398297872e+00 2.276197046343443109e+00 5.640393034516029136e-01
2.524098351199834944e+00 2.277673247131838163e+00 5.589450151703239111e-01
2.526317673093598781e+00 2.279095089071851987e+00 5.541338634108334826e-01
2.528871711683526868e+00 2.280708088887698715e+00 5.489302851868078648e-01
2.528934476454133051e+00 2.280753406416757834e+00 5.488057153453493875e-01
2.531535232338678387e+00 2.282370685327117066e+00 5.437447931245625865e-01
2.531600781821811363e+00 2.282411457946980082e+00 5.436179677530474930e-01
2.533369644450911284e+00 2.283490688479091091e+00 5.403026844973475296e-01
2.534351784716333711e+00 2.284080942787733548e+00 5.385319652144158198e-01
2.536654161496959325e+00 2.285463586559298044e+00 5.344632919896145085e-01
2.536718584730080828e+00 2.285503488706335240e+00 5.343538490548342956e-01
2.538891455418169407e+00 2.286808073655557383e+00 5.307062261773135559e-01
2.540742046753286409e+00 2.287903466929780638e+00 5.277461980527019536e-01
2.541343480566484292e+00 2.288252870470986799e+00 5.268035366842966916e-01
2.543612152319433051e+00 2.289580920890964322e+00 5.234159171528908194e-01
2.545422315818477887e+00 2.290621644025668147e+00 5.208364222824400924e-01
2.546097601351523743e+00 2.291001582328855424e+00 5.198918861326253804e-01
2.547968701461219343e+00 2.292065422788782669e+00 5.174426837965219184e-01
2.548781531138436751e+00 2.292534891035892475e+00 5.164146489813138396e-01
2.550579971724654893e+00 2.293552382526931943e+00 5.142573135046261124e-01
2.551581264854474007e+00 2.294112770663648160e+00 5.131247837084317309e-01
2.553897053082361257e+00 2.295422346293435556e+00 5.106863274569971578e-01
2.556151145782325607e+00 2.296688620419278237e+00 5.084762999412890672e-01
2.561812326314738986e+00 2.299824404453033821e+00 5.036347029792078711e-01
2.564002850432463454e+00 2.301034564218347178e+00 5.020091305639566848e-01
2.564069251914440795e+00 2.301070379379466679e+00 5.019641034795533363e-01
2.566515153222617585e+00 2.302411260844333452e+00 5.004110151532380479e-01
2.569319185906000058e+00 2.303940656715825153e+00 4.987817940303330699e-01
2.571753124168286053e+00 2.305270644087325405e+00 4.975248579236670743e-01
2.571822454892902066e+00 2.305307910604128097e+00 4.974900398908814747e-01
2.574361651328411327e+00 2.306689442988308691e+00 4.965408769275100331e-01
2.576225520231884669e+00 2.307690889593615235e+00 4.959986776822052912e-01
2.576687679358380834e+00 2.307939880609033878e+00 4.959285386949286445e-01
2.578924322698700866e+00 2.309154062547122521e+00 4.956276244162911571e-01
2.579056246953607801e+00 2.309223351868141094e+00 4.956139143096484068e-01
2.581301967703341749e+00 2.310436491045051444e+00 4.954432547025236500e-01
2.583821863677429942e+00 2.311791602828983994e+00 4.954576172411540025e-01
2.585967718020528938e+00 2.312956655112482274e+00 4.955976158700068912e-01
2.586103994306612197e+00 2.313029830440979318e+00 4.955985147940363822e-01
2.587907866946991486e+00 2.313997717441461877e+00 4.958502094701195961e-01
2.588782066391430714e+00 2.314477872800583036e+00 4.960031937207903807e-01
2.591275319866351179e+00 2.315818537760505613e+00 4.969323927697888443e-01
2.593103224367365289e+00 2.316811502588056904e+00 4.978623051345436590e-01
2.593818296428061831e+00 2.317204792142354641e+00 4.982924526936681198e-01
2.595581172464307862e+00 2.318165136416256100e+00 4.994014709288133735e-01
2.596298374143245269e+00 2.318553381688643888e+00 4.998764266583296534e-01
2.598729535372601429e+00 2.319887716385044207e+00 5.016240227910755412e-01
2.601156516599961055e+00 2.321220206272573527e+00 5.036579096759075114e-01
2.603294599047681679e+00 2.322401711758551368e+00 5.058126894735152090e-01
2.603421926591804603e+00 2.322470382196460292e+00 5.059565288195574384e-01
2.605599178325507026e+00 2.323671012108560863e+00 5.084195255162451410e-01
2.605922159514344916e+00 2.323855729126325986e+00 5.087634905438984667e-01
2.608043517418090929e+00 2.325039396138728787e+00 5.112683542325673347e-01
2.608293440310641476e+00 2.325181851567739599e+00 5.116083762099987720e-01
2.610582715045446811e+00 2.326463267400748158e+00 5.146741066510370777e-01
2.610708523536488634e+00 2.326534221613293596e+00 5.148483785959663273e-01
2.612717592457353355e+00 2.327681928165598713e+00 5.178770612668789353e-01
2.613094634777334946e+00 2.327892923993288399e+00 5.184727757705893669e-01
2.615414128508247948e+00 2.329220606292739859e+00 5.222612965368618188e-01
2.615539898788835416e+00 2.329289699320749030e+00 5.224676516657693615e-01
2.618175346220058319e+00 2.330816067297209138e+00 5.269254685597610788e-01
2.618300227838076921e+00 2.330891474844324129e+00 5.271554638970993301e-01
2.620552303270718753e+00 2.332197570070937864e+00 5.313010058569047622e-01
2.620799559012473523e+00 2.332344612058528277e+00 5.317676843948925258e-01
2.622870225393485910e+00 2.333572848985449255e+00 5.356803728391072994e-01
2.623180731341342664e+00 2.333757178497740892e+00 5.363037006803124118e-01
2.625418796564765511e+00 2.335086218159762250e+00 5.408965742600940763e-01
2.627169506366519691e+00 2.336158597671783355e+00 5.445131800520593979e-01
2.627740055704177458e+00 2.336497287937394862e+00 5.456886217988894394e-01
2.629645624370296808e+00 2.337654341811417957e+00 5.499543050654973619e-01
2.629766322934362410e+00 2.337728689388143710e+00 5.502324321255539497e-01
2.631471062016223161e+00 2.338792532688327874e+00 5.542449559711675189e-01
2.631894663607215357e+00 2.339049302325069135e+00 5.553063220552483248e-01
2.633561083768298339e+00 2.340088706653625117e+00 5.597105926412723198e-01
2.634036650308154925e+00 2.340385640244391219e+00 5.609775098855758202e-01
2.636186505920095513e+00 2.341752925166924015e+00 5.669030327629550614e-01
2.637836473625364331e+00 2.342798911147955021e+00 5.713578380782572408e-01
2.638432483080411117e+00 2.343179982043130050e+00 5.730658445187136740e-01
2.640656755623890017e+00 2.344623359344836899e+00 5.795575686078989763e-01
2.640776710281998341e+00 2.344703442256099279e+00 5.799081837023976060e-01
2.642416621732605719e+00 2.345792241887906471e+00 5.846869282896516307e-01
2.642965219301983471e+00 2.346154155682850906e+00 5.863357091667439347e-01
2.645105719395330901e+00 2.347575957597514140e+00 5.931395070327231123e-01
2.645163224974512950e+00 2.347615186222836492e+00 5.933384805483828961e-01
2.647460401209870362e+00 2.349180019103192407e+00 6.010381018998181002e-01
2.649897431388824387e+00 2.350873923357801765e+00 6.092720887605476143e-01
2.649957989950389781e+00 2.350912873867152086e+00 6.094732342228807997e-01
2.652167200177336426e+00 2.352461102345487109e+00 6.170238970380014232e-01
2.654201046633904770e+00 2.353912408842542714e+00 6.245650603386642130e-01
2.654319922151887390e+00 2.353995330603881442e+00 6.249906754106264728e-01
2.655857930720574522e+00 2.355115279126471783e+00 6.308404404996014181e-01
2.656643231869577626e+00 2.355703305819062177e+00 6.338895620400540887e-01
2.658223542247670323e+00 2.356869557746488208e+00 6.399646810513712758e-01
2.658735329031102879e+00 2.357250206921272628e+00 6.419076857716214946e-01
2.660784007187511513e+00 2.358792901535619713e+00 6.495399172748826944e-01
2.662327417393558271e+00 2.359966020932925179e+00 6.556880831318278036e-01
2.662977278559517380e+00 2.360470435604517192e+00 6.583398031058472766e-01
2.664436059044575700e+00 2.361611326711148706e+00 6.643892898134595715e-01
2.664975095209246359e+00 2.362032211969947060e+00 6.666046491244693728e-01
2.666965636753530156e+00 2.363603624904344613e+00 6.744256541925680581e-01
2.669022874509942245e+00 2.365266000835053450e+00 6.823171779563500516e-01
2.670909125782004345e+00 2.366801825762743228e+00 6.895282480254349977e-01
2.672668566290121728e+00 2.368253795808463291e+00 6.967694175857026551e-01
2.672775155479265141e+00 2.368340655944777051e+00 6.972102238024312504e-01
2.674695336312222338e+00 2.369964485267064269e+00 7.055350583741955006e-01
2.676604696046239518e+00 2.371610818486299621e+00 7.134572365191763632e-01
2.676660187894779330e+00 2.371657644684334265e+00 7.136760861403957934e-01
2.678525686727143196e+00 2.373275212215421259e+00 7.211478717232495672e-01
2.680006966534508983e+00 2.374581321795767863e+00 7.270028761461050371e-01
2.680473361075057070e+00 2.374989358690918539e+00 7.289069232646875340e-01
2.682108157529189629e+00 2.376458498325851654e+00 7.357740112799957544e-01
2.682157224947468777e+00 2.376503789109681186e+00 7.359956753511078809e-01
2.683949049171251211e+00 2.378132182310594978e+00 7.439221495548714591e-01
2.687779623822860842e+00 2.381714791537756337e+00 7.611272886240297852e-01
2.688218168785247109e+00 2.382148953014031179e+00 7.630775356693215716e-01
2.690344210787677603e+00 2.384203723256379970e+00 7.708743130962055767e-01
2.693610485782080399e+00 2.387442569023705108e+00 7.795018933161232955e-01
2.693785975886728412e+00 2.387622818275138670e+00 7.800025071636125240e-01
2.696869381968876489e+00 2.390734741870335522e+00 7.883846166672570099e-01
2.696960882618684163e+00 2.390828265556127263e+00 7.886351686835645358e-01
2.699389876969026325e+00 2.393329068495008816e+00 7.952633041337744402e-01
2.700472682042508232e+00 2.394432203758334765e+00 7.982413024296911574e-01
2.703423973617068210e+00 2.397510296873732738e+00 8.063439095873816687e-01
2.703603351594342730e+00 2.397697077929787035e+00 8.068284095664425282e-01
2.706030099094565600e+00 2.400264630571887992e+00 8.136700063089052914e-01
2.706884101542272436e+00 2.401187337211383444e+00 8.161113504910622041e-01
2.709271067679518197e+00 2.403766116935763364e+00 8.228956589338287664e-01
2.709776172450489184e+00 2.404314929646425014e+00 8.243608655858615242e-01
2.712383543081922976e+00 2.407163942661185718e+00 8.318668099002650695e-01
2.712463869771607694e+00 2.407258297644159661e+00 8.321161636333964662e-01
2.714718014017699410e+00 2.409756825674624015e+00 8.386180505747383718e-01
2.715873463750937855e+00 2.411062632922831739e+00 8.419871407553241038e-01
2.718922736658553774e+00 2.414523274891249294e+00 8.507867819645410501e-01
2.721146261785116316e+00 2.417065540027789616e+00 8.572145249108172882e-01
2.721957389636689761e+00 2.418025947255258323e+00 8.595901129295283605e-01
2.725136060551298645e+00 2.421722583254951822e+00 8.687232389168456637e-01
2.725216719822117994e+00 2.421818395768939425e+00 8.689589871673948362e-01
2.728264412254281623e+00 2.425477664846816150e+00 8.778205121119191379e-01
2.730854983399944036e+00 2.428651438739440671e+00 8.853074683411693568e-01
2.733563502808788570e+00 2.431975414176287931e+00 8.932439875973656740e-01
2.736093683428339585e+00 2.435153063613676672e+00 9.008168962763243304e-01
2.736462058172868694e+00 2.435625540338291373e+00 9.019478869717235670e-01
2.738530966969663361e+00 2.438265832249054910e+00 9.080948442302320123e-01
2.739339296312730099e+00 2.439301011436727507e+00 9.104979485589412835e-01
2.741666079891295738e+00 2.442327721098271009e+00 9.174156579544765489e-01
2.741812234581830765e+00 2.442517032433617619e+00 9.178467401199400522e-01
2.743773782155384033e+00 2.445071927641665255e+00 9.234982998684785338e-01
2.744347786513867682e+00 2.445835409337890454e+00 9.251700147883109571e-01
2.746318377868879335e+00 2.448493878052749650e+00 9.309629788415861862e-01
2.746951897149972233e+00 2.449345979946401020e+00 9.327805784329493699e-01
2.749414362996060124e+00 2.452704838971405454e+00 9.397007147721763154e-01
2.751355288848654546e+00 2.455382196164816122e+00 9.451537623394702381e-01
2.752313829961089642e+00 2.456723353369641316e+00 9.478381106873913220e-01
2.754647224563159025e+00 2.460012639195187756e+00 9.542759348219843618e-01
2.756898875225669787e+00 2.463250564600209191e+00 9.605334237040487055e-01
2.757026723946004676e+00 2.463437651641933623e+00 9.608965219713281325e-01
2.759488763200105943e+00 2.467021270238639374e+00 9.676448685299043895e-01
2.761184415960078464e+00 2.469536083327500187e+00 9.721655472023347233e-01
2.761820570250065998e+00 2.470466529300550995e+00 9.737727916962495289e-01
2.763584382738494938e+00 2.473082995565359266e+00 9.782027040142032837e-01
2.764138263806985130e+00 2.473917859837491129e+00 9.795977641905224687e-01
2.765822062669456294e+00 2.476454945518569595e+00 9.837285429355199229e-01
2.766443475113079753e+00 2.477395060569444585e+00 9.852299527891025255e-01
2.768337261816546047e+00 2.480279512248492413e+00 9.897395609902041036e-01
2.768459568644537239e+00 2.480467060772524768e+00 9.900360544155799580e-01
2.770088707444515297e+00 2.482975545903816972e+00 9.938507684803149500e-01
2.770925476672249754e+00 2.484275553135056658e+00 9.958150207542804111e-01
2.772989393095614208e+00 2.487521916075572825e+00 1.000474961243661198e+00
2.773051571266148763e+00 2.487617297910200698e+00 1.000604126284182049e+00
2.775336453043127705e+00 2.491238153750730877e+00 1.005613700051078307e+00
2.776891152949176877e+00 2.493735881837567891e+00 1.008885784717075351e+00
2.777454916501840732e+00 2.494663164508705400e+00 1.010101667652501645e+00
2.779027782632144117e+00 2.497233718418238269e+00 1.013259352780288669e+00
2.779406293108019010e+00 2.497866529984132278e+00 1.014054637530323655e+00
2.781158802435871991e+00 2.500739980216926561e+00 1.017365681598086491e+00
2.781211891978731199e+00 2.500829966903756585e+00 1.017464110713283132e+00
2.782700082697125321e+00 2.503312176126785360e+00 1.020307784436286003e+00
2.783292628353515319e+00 2.504286252312070360e+00 1.021325364195681651e+00
2.785087934062927317e+00 2.507320404594321150e+00 1.024389712303494848e+00
2.785348750146555474e+00 2.507753501815427111e+00 1.024829462545373326e+00
2.787056948177729865e+00 2.510663699602136312e+00 1.027696046752652359e+00
2.787159141991494504e+00 2.510840490302042483e+00 1.027871245613687368e+00
2.788869551172099115e+00 2.513768680175242132e+00 1.030473724807435820e+00
2.788920424300033396e+00 2.513859883372323356e+00 1.030548886521514662e+00
2.790732047783171410e+00 2.516966630566170871e+00 1.033009157678125733e+00
2.791045105295768547e+00 2.517507417762327115e+00 1.033375002725270164e+00
2.792469271182960622e+00 2.520014030226527701e+00 1.035164092732178132e+00
2.792917046740877041e+00 2.520793816409002019e+00 1.035788336443159707e+00
2.794315554595973694e+00 2.523207480607550401e+00 1.037291638799614946e+00
2.794865905798787686e+00 2.524182441776862795e+00 1.037931385261815276e+00
2.796936947749644631e+00 2.527823870591408895e+00 1.039895640377080932e+00
2.798703303105971596e+00 2.530938918854120701e+00 1.041402468159036365e+00
2.800084960041946402e+00 2.533409345157363823e+00 1.042383446054183205e+00
2.800686563415995867e+00 2.534470838314259566e+00 1.042736307978263666e+00
2.802445460464149996e+00 2.537563574204791728e+00 1.043957457353725360e+00
2.802637716759683428e+00 2.537903568783047792e+00 1.044064720199990637e+00
2.804382480692359625e+00 2.541018756830341285e+00 1.045221314602572171e+00
2.805896308572823461e+00 2.543714656679878061e+00 1.046401008670267307e+00
2.806127693383546173e+00 2.544138378041753690e+00 1.046613730760625804e+00
2.807614944426959802e+00 2.546749887101382281e+00 1.047946367661789946e+00
2.807711534752560745e+00 2.546914684402444173e+00 1.048037547140346915e+00
2.808986486278535200e+00 2.549183704079905244e+00 1.049355340433930417e+00
2.809657900567019695e+00 2.550365465828458689e+00 1.050082226403485919e+00
2.811419036937977900e+00 2.553490733702497018e+00 1.052097931179716284e+00
2.812748923930972200e+00 2.555815698738336916e+00 1.053798257571851194e+00
2.813075208143138273e+00 2.556400655954876200e+00 1.054257691325228841e+00
2.814470424314462260e+00 2.558874194959996018e+00 1.056237182336245972e+00
2.814563447978589483e+00 2.559040314433345120e+00 1.056365792960539673e+00
2.816234302552464985e+00 2.562056370749567158e+00 1.058808947640378584e+00
2.817497577765058381e+00 2.564311325100686823e+00 1.060749572132639207e+00
2.817916849731893159e+00 2.565066682100357376e+00 1.061407901540498688e+00
2.819192478967302407e+00 2.567336012250408306e+00 1.063496236631277458e+00
2.819560497169510516e+00 2.567999750057728736e+00 1.064150644216368402e+00
2.823960907800691089e+00 2.576014744348767316e+00 1.071974298420869109e+00
2.824147306078977682e+00 2.576361406465040194e+00 1.072307444737890858e+00
2.825818172010902352e+00 2.579448686723926798e+00 1.075540867041144155e+00
2.826083389102147958e+00 2.579945197778333643e+00 1.076095206798512782e+00
2.827223943619537216e+00 2.582083908565851349e+00 1.078546646683813393e+00
2.827467962478653174e+00 2.582546225280272001e+00 1.079034855882216704e+00
2.828352090039280231e+00 2.584234754735171613e+00 1.081150280012892928e+00
2.829150060399281408e+00 2.585722738761607964e+00 1.084780693659020301e+00
2.829172724170483821e+00 2.585761336731878135e+00 1.084894897192137497e+00
2.829888169726419989e+00 2.587110780300931889e+00 1.089266912938651188e+00
2.829969812427993059e+00 2.587261533409138003e+00 1.089780319659797048e+00
2.830701044648072262e+00 2.588672787177646040e+00 1.094527463948375523e+00
2.830738830578824139e+00 2.588751254916421551e+00 1.094797865619751009e+00
2.831615098617631610e+00 2.590498415849340930e+00 1.099472750755605466e+00
2.831692603813170006e+00 2.590651377867404737e+00 1.099747756863386217e+00
2.833072020276000025e+00 2.593344111324919155e+00 1.104470542302047109e+00
2.834149054312003368e+00 2.595501886411384795e+00 1.108313272365733182e+00
2.834590167490798507e+00 2.596368591631045497e+00 1.109963308165424323e+00
2.835657951034622037e+00 2.598538881967159764e+00 1.113991165513027903e+00
2.836008632230210935e+00 2.599266138509302770e+00 1.115373115531455017e+00
2.837448227288844382e+00 2.602217209011183030e+00 1.121230252110245296e+00
2.838708723295410685e+00 2.604841743785197394e+00 1.126791263693827316e+00
2.838893636207350468e+00 2.605239712662501539e+00 1.127650462407167931e+00
2.840195919745070796e+00 2.607997930135309339e+00 1.133576107749013406e+00
2.841487619518548779e+00 2.610766497355678339e+00 1.139730423826447403e+00
2.842989513838413806e+00 2.614087965452996709e+00 1.147996378716113819e+00
2.843966624437380908e+00 2.616257473739298955e+00 1.153645416299390991e+00
2.844449294115607429e+00 2.617357230007149926e+00 1.156473995007654354e+00
2.845671773745182875e+00 2.620168909591506612e+00 1.163950527542580993e+00
2.846614045739382259e+00 2.622354830313358587e+00 1.169993076631181461e+00
2.846967912939944778e+00 2.623208288525813892e+00 1.172432770135811486e+00
2.848164224381489529e+00 2.626079648568994340e+00 1.180580064017094921e+00
2.849272167741785378e+00 2.628800714587335108e+00 1.188062219689264953e+00
2.849303580693106852e+00 2.628879078130705871e+00 1.188275518973661127e+00
2.850387201193411268e+00 2.631637166141461481e+00 1.195601565645316944e+00
2.850514173351879066e+00 2.631946396323267656e+00 1.196411905109900253e+00
2.851602095069586174e+00 2.634762202177415080e+00 1.203916962953395897e+00
2.851745663446950019e+00 2.635125050037637973e+00 1.204914755499607582e+00
2.852705878808328599e+00 2.637668970030424997e+00 1.211940357022502912e+00
2.853486533433881700e+00 2.639740942289252601e+00 1.217725755613177308e+00
2.853863090561040927e+00 2.640789802310801626e+00 1.220614104931086352e+00
2.854617892449310634e+00 2.642849694189209675e+00 1.226603754534182800e+00
2.854794946243364162e+00 2.643360250639053444e+00 1.228133679458380145e+00
2.855528034503977075e+00 2.645427472873515207e+00 1.234176382423243012e+00
2.855710451133416150e+00 2.645950363156560403e+00 1.235655779819629485e+00
2.856554864975010766e+00 2.648371328851659712e+00 1.243263279205614413e+00
2.857355409384516154e+00 2.650761818446823348e+00 1.250642830067465905e+00
2.857380392924755874e+00 2.650834942177331843e+00 1.250863804945596014e+00
2.858170549761969603e+00 2.653263204717660084e+00 1.258235492654003362e+00
2.858260703851050799e+00 2.653539141388310707e+00 1.259114618035922284e+00
2.858962274943374737e+00 2.655737188247154101e+00 1.265736380393994720e+00
2.859004629532304165e+00 2.655879037722725045e+00 1.266166267885789898e+00
2.859786601482388946e+00 2.658382988102277356e+00 1.273831226471537903e+00
2.859826657548330431e+00 2.658520555285033282e+00 1.274260890843663896e+00
2.860490271728818534e+00 2.660743000645772405e+00 1.281020957940149474e+00
2.861222343310825256e+00 2.663239664196497714e+00 1.288275774864320988e+00
2.861765499618373454e+00 2.665138729812028373e+00 1.293485745910990747e+00
2.862009754826829067e+00 2.665977795332287403e+00 1.295698332094028515e+00
2.862708194528592820e+00 2.668469034256403916e+00 1.302332652833889881e+00
2.863380408896223805e+00 2.670945626450568433e+00 1.308759571247053444e+00
2.863418823397379853e+00 2.671083198664085057e+00 1.309108901164891980e+00
2.863980550599373842e+00 2.673254590831248834e+00 1.314968954616101193e+00
2.864324545109893538e+00 2.674570488550408243e+00 1.320011896992211664e+00
2.864624151788270900e+00 2.675775895677967586e+00 1.325144784664677333e+00
2.864658762983770757e+00 2.675925768783518954e+00 1.325739990072916319e+00
2.864965866521559157e+00 2.677141640524432820e+00 1.330665330695400161e+00
2.864982209186310858e+00 2.677211613725089645e+00 1.330940680478339466e+00
2.865211089253535626e+00 2.678164796000451098e+00 1.334675888738853233e+00
2.865329483207522898e+00 2.678655291124649729e+00 1.336541475486528352e+00
2.865622384047180837e+00 2.679876905802704101e+00 1.341104731622937862e+00
2.865940944788378353e+00 2.681245066018381529e+00 1.345826609266440155e+00
2.866211366135558158e+00 2.682395580387832990e+00 1.349863578438087686e+00
2.866417596756852593e+00 2.683323312433130159e+00 1.353095639519133142e+00
2.866519644806361899e+00 2.683772266299154552e+00 1.354686137231915666e+00
2.866774083345728918e+00 2.684939519113421547e+00 1.358606320975490167e+00
2.867013101718813850e+00 2.686062858685995813e+00 1.362176887494243038e+00
2.867045039404631623e+00 2.686226391672308811e+00 1.362676675740271959e+00
2.867224730351999984e+00 2.687091146297448496e+00 1.365263447788628737e+00
2.867273686892504614e+00 2.687352974660897509e+00 1.365999536768351952e+00
2.867492310844252046e+00 2.688491551948968272e+00 1.369103308205369185e+00
2.867506275856844589e+00 2.688556944834045837e+00 1.369273666095806474e+00
2.867677836016044868e+00 2.689413648828931080e+00 1.371563715104190839e+00
2.867735072403051699e+00 2.689729250795157789e+00 1.372379304235004538e+00
2.867941906775126171e+00 2.690891019757242653e+00 1.375207287741695872e+00
2.868182064563931544e+00 2.692261451419709850e+00 1.378339630384216141e+00
2.868386504888926325e+00 2.693457260485321303e+00 1.380888886958237416e+00
2.868597424351265524e+00 2.694571364496625598e+00 1.383103275708079449e+00
2.868758082738649406e+00 2.695637259783587147e+00 1.384966947428182049e+00
2.868913008584675683e+00 2.696694118102356263e+00 1.386629661797270208e+00
2.869063072508442946e+00 2.697735996744829556e+00 1.387994987254308032e+00
2.869091103428595524e+00 2.697889157785708925e+00 1.388191378797837716e+00
2.869249707540196592e+00 2.699019074678421948e+00 1.389520867249660174e+00
2.869472566126364477e+00 2.700704119749667065e+00 1.390975166316505085e+00
2.869620173446532529e+00 2.701669374313494298e+00 1.391686564131355386e+00
2.869788819005449909e+00 2.702700050847192337e+00 1.392344733347971486e+00
2.869920354386586769e+00 2.703507662471175355e+00 1.392692440354259098e+00
2.869949401951130685e+00 2.703679665188753578e+00 1.392736587871887588e+00
2.870076022926459469e+00 2.704487726435894857e+00 1.392884905978458043e+00
2.870109791192339443e+00 2.704763066629416901e+00 1.392976200902801276e+00
2.870225214037104511e+00 2.705691041373198935e+00 1.393141749657204942e+00
2.870232478249128860e+00 2.705749221518845893e+00 1.393147581665199475e+00
2.870366092977172379e+00 2.706554464421394357e+00 1.392904874969726814e+00
2.870392348414257278e+00 2.706753710491167197e+00 1.392827723640330140e+00
2.870509791979459990e+00 2.707529755100890778e+00 1.392384713603987523e+00
2.870585477079637293e+00 2.707991052402781040e+00 1.392036823820630209e+00
2.870747496645478680e+00 2.709043688771602287e+00 1.391121277301737402e+00
2.870852826315460238e+00 2.709964765931372810e+00 1.390184058803281886e+00
2.870857963391004741e+00 2.710020774256247655e+00 1.390123259482248796e+00
2.870938792551154251e+00 2.710770577761749678e+00 1.389194434968122227e+00
2.870968680862349132e+00 2.711000256486762794e+00 1.388889408394797575e+00
2.871094746497660388e+00 2.712024281533356174e+00 1.387338025436978706e+00
2.871226919315898574e+00 2.713006410192044360e+00 1.385585286888110002e+00
2.871232076413855694e+00 2.713063245648360322e+00 1.385483030920009684e+00
2.871376650008301556e+00 2.714036427044708599e+00 1.383499087678266903e+00
2.871387128953428736e+00 2.714093095374173537e+00 1.383367010829020582e+00
2.871583973903836018e+00 2.715156832108764462e+00 1.380782393045615564e+00
2.871770808232208871e+00 2.716209331616114664e+00 1.377984609798948545e+00
2.871776049810078391e+00 2.716236425986993996e+00 1.377901976088808711e+00
2.871917150776742922e+00 2.717008101406564347e+00 1.375684996571580498e+00
2.871965420706292793e+00 2.717390055920087644e+00 1.374572911316894519e+00
2.872141913198755336e+00 2.718357311460818160e+00 1.371515812615955232e+00
2.872246615183553509e+00 2.719103646884217351e+00 1.368984055710800618e+00
2.872288320214380519e+00 2.719375536609400790e+00 1.368030565840980373e+00
2.872399961048067496e+00 2.720207499345567825e+00 1.364926383288404432e+00
2.872403408629751631e+00 2.720232967638300359e+00 1.364829828360902608e+00
2.872564594424804607e+00 2.721267318078115505e+00 1.360630787358478422e+00
2.872683174173511489e+00 2.721994716755385735e+00 1.357375075403434161e+00
2.872748730021070784e+00 2.722308691500831213e+00 1.355878954239698286e+00
2.872884188633961777e+00 2.723242648019740919e+00 1.351460313710302508e+00
2.872984341502040628e+00 2.723853343066698240e+00 1.348302032975556397e+00
2.873027328887918230e+00 2.724100134217385616e+00 1.347060063007079922e+00
2.873132076844991722e+00 2.724775685822381277e+00 1.343528283867984063e+00
2.873179881613568742e+00 2.724976607465777079e+00 1.342370876665716972e+00
2.873325672093363536e+00 2.725744677288986395e+00 1.338290050961108424e+00
2.873359423298956994e+00 2.726003241918115716e+00 1.336895190682783285e+00
2.873478535472799855e+00 2.726566743100315549e+00 1.333035756366830915e+00
2.873524905451304345e+00 2.726769196332843315e+00 1.331705560001662292e+00
2.873846468888396011e+00 2.728337529636518433e+00 1.326116214128180815e+00
2.874248529367146698e+00 2.729986705610574660e+00 1.320268192401712781e+00
2.874294636071034859e+00 2.730174021432985043e+00 1.319580182284893155e+00
2.874685002264826039e+00 2.731961687115675552e+00 1.313102436887246593e+00
2.874981370208601561e+00 2.733204217945499170e+00 1.308213284726725378e+00
2.875106813882030821e+00 2.733674451265137861e+00 1.306275247624349989e+00
2.875500255800222504e+00 2.735273446103607675e+00 1.300090593094265445e+00
2.875550811932459983e+00 2.735499408289174816e+00 1.299187708789222295e+00
2.875709695382369979e+00 2.736143935605653166e+00 1.294230600538994524e+00
2.875740997329649495e+00 2.736289781146395761e+00 1.292593800929740189e+00
2.875861745146960136e+00 2.736883952185400037e+00 1.287793003245240264e+00
2.875921061923297994e+00 2.737239271978083366e+00 1.284983871286212276e+00
2.876137144536645263e+00 2.738102143946385958e+00 1.278325795567548662e+00
2.876164016330668538e+00 2.738222596707194256e+00 1.277482365466085623e+00
2.876354367738386486e+00 2.739068252507566470e+00 1.271187213535782901e+00
2.876361376740088183e+00 2.739086835574642276e+00 1.271021210234158483e+00
2.876535118541204916e+00 2.739827895873471864e+00 1.265569371138252741e+00
2.876687540312583113e+00 2.740432154180433066e+00 1.261349481149017571e+00
2.876745520274077705e+00 2.740675936185448247e+00 1.259740488734036878e+00
2.876900441842580314e+00 2.741285972870332710e+00 1.255871418292285435e+00
2.876970259736014501e+00 2.741597089527082254e+00 1.253936272063453483e+00
2.877198605552071964e+00 2.742371811782127189e+00 1.249073375309008194e+00
2.877228130755121516e+00 2.742477746746494915e+00 1.248438126832456252e+00
2.877439914614054572e+00 2.743250726254062855e+00 1.244136850594604216e+00
2.877451225365416310e+00 2.743298999402995708e+00 1.243886723580098108e+00
2.877609355622825493e+00 2.743871346403588873e+00 1.240631827416114774e+00
2.877668408404007394e+00 2.744080107251254841e+00 1.239518195397411260e+00
2.877842755795501084e+00 2.744708795652505806e+00 1.236298022880596426e+00
2.877921092820079352e+00 2.744963206113579801e+00 1.234924675646888126e+00
2.878167871621177820e+00 2.745834950384955953e+00 1.230719454452005701e+00
2.878420445373746084e+00 2.746657101488136909e+00 1.226979530413201180e+00
2.878645875582554137e+00 2.747421853205110676e+00 1.223732793461485002e+00
2.878675083382436384e+00 2.747517743415454738e+00 1.223333753214542297e+00
2.878874701105923695e+00 2.748183265694167599e+00 1.220717178225814381e+00
2.878930603178228242e+00 2.748364679995137561e+00 1.220034539528354056e+00
2.879196020643516984e+00 2.749184261314525202e+00 1.217056765329917134e+00
2.879211994118570761e+00 2.749230804789196903e+00 1.216891425931140969e+00
2.879525395747293715e+00 2.750161764932808062e+00 1.213716690619847993e+00
2.879541624354427398e+00 2.750207465398633921e+00 1.213565695053947513e+00
2.879792172563136354e+00 2.750950219803318664e+00 1.211076132523413174e+00
2.879827507164897327e+00 2.751055118164236202e+00 1.210737111905483054e+00
2.880032358887266497e+00 2.751621534795968493e+00 1.208931709068988614e+00
2.880128755577135991e+00 2.751890837244405308e+00 1.208125278253431301e+00
2.880409867473786356e+00 2.752639152878259221e+00 1.205988031181015163e+00
2.880625650518657821e+00 2.753211028479804590e+00 1.204531687291140241e+00
2.880697937501480066e+00 2.753392339865237126e+00 1.204083464800780323e+00
2.880977610652377230e+00 2.754093028537704768e+00 1.202476754535219738e+00
2.880984766352280069e+00 2.754112523645144250e+00 1.202433097452371369e+00
2.881194316243350428e+00 2.754668017980139716e+00 1.201326655449945546e+00
2.881253612306412304e+00 2.754822434416460908e+00 1.201047790376829738e+00
2.881530835780806044e+00 2.755542410990609703e+00 1.199884297697954683e+00
2.881745478468139332e+00 2.756085309736945543e+00 1.199113241191969381e+00
2.881877252525828936e+00 2.756419411879559078e+00 1.198712351129746168e+00
2.882144897085284985e+00 2.757102939104791428e+00 1.198066977615743767e+00
2.882568093700705880e+00 2.758186224154699939e+00 1.197236211155166430e+00
2.882824683441364222e+00 2.758840052214802441e+00 1.196892356542397007e+00
2.883102650493117203e+00 2.759546717662499482e+00 1.196828059126782362e+00
2.883320850809702129e+00 2.760114211212794988e+00 1.196892525746417579e+00
2.883390212505116068e+00 2.760286146702688015e+00 1.196961669909772263e+00
2.883653252368020503e+00 2.760949709814510378e+00 1.197296506850435316e+00
2.883907361545763770e+00 2.761608087373944809e+00 1.197901952954097515e+00
2.883944681348553640e+00 2.761705939827805878e+00 1.198023919913958846e+00
2.884205876000931923e+00 2.762384151312436309e+00 1.199018540923395104e+00
2.884220768004677637e+00 2.762422605282520482e+00 1.199079836518340603e+00
2.884496897312480268e+00 2.763135177213415616e+00 1.200287842513179770e+00
2.884535174678349190e+00 2.763238774639528827e+00 1.200468486606216745e+00
2.884740242643374586e+00 2.763768199990383145e+00 1.201528860722973269e+00
2.884845911732520918e+00 2.764043917073268020e+00 1.202141690261685714e+00
2.885121840206926080e+00 2.764752696248035768e+00 1.203876088014786072e+00
2.885150399436637869e+00 2.764828823626267251e+00 1.204082776252567877e+00
2.885350860691153319e+00 2.765345120646674815e+00 1.205585731263569604e+00
2.885424913014177584e+00 2.765536312353191306e+00 1.206185365433726897e+00
2.885673316329172788e+00 2.766187456351630214e+00 1.208379206763491975e+00
2.885879012934439825e+00 2.766733355186631105e+00 1.210267821024000101e+00
2.885973381441429897e+00 2.766984287096769801e+00 1.211221393841822369e+00
2.886176720483477620e+00 2.767529889180490699e+00 1.213378778599647934e+00
2.886257237735058823e+00 2.767740174953761123e+00 1.214246982375111861e+00
2.886454732063071127e+00 2.768293958674126642e+00 1.216379998774440807e+00
2.886526059917601028e+00 2.768475916090129996e+00 1.217114243719976896e+00
2.886758402508861288e+00 2.769106887558747232e+00 1.219905438917353369e+00
2.886770760795363877e+00 2.769148251409797368e+00 1.220087871437028015e+00
2.887013717330275231e+00 2.769812856446153049e+00 1.223351355397827467e+00
2.887022520291623096e+00 2.769833469261585357e+00 1.223448060645319746e+00
2.887298453435954926e+00 2.770598655627980911e+00 1.227640295718332331e+00
2.887484262518946743e+00 2.771103745389945860e+00 1.230682157100462693e+00
2.887592290455463839e+00 2.771423540843961586e+00 1.232495031599616153e+00
2.887857722199063115e+00 2.772179424351534305e+00 1.236571153300108472e+00
2.887882095210194677e+00 2.772251458583778749e+00 1.237064697579737249e+00
2.888074641510203211e+00 2.772827416398734535e+00 1.240329581763450317e+00
2.888146908473633090e+00 2.773062312089707326e+00 1.241476424814250468e+00
2.888355294194912659e+00 2.773668634792543664e+00 1.244895772649031285e+00
2.888419947759384598e+00 2.773868031558173186e+00 1.246246002069831382e+00
2.888686680316333799e+00 2.774658123059201564e+00 1.251881620841953424e+00
2.888911328736518680e+00 2.775344440996011741e+00 1.257294007276017256e+00
2.888923347175697209e+00 2.775384047832307743e+00 1.257600570283408103e+00
2.889111259377035168e+00 2.775957052958062832e+00 1.261743558628798390e+00
2.889161880617477252e+00 2.776119805944698093e+00 1.263097924135235361e+00
2.889308825677410653e+00 2.776598233049305087e+00 1.267409051993217739e+00
2.889366500256145720e+00 2.776781734315416195e+00 1.269214654459204006e+00
2.889580653370546592e+00 2.777461980186563206e+00 1.276026543670028435e+00
2.889586594787344254e+00 2.777478830262426257e+00 1.276195718296123882e+00
2.889736005736067703e+00 2.777965130845733377e+00 1.281078042029263564e+00
2.889786206676364433e+00 2.778126055406302530e+00 1.282662371182315741e+00
2.890001134515814751e+00 2.778864635815930129e+00 1.289304050189826523e+00
2.890206519481568925e+00 2.779582890740534218e+00 1.295995167878658982e+00
2.890389039135762950e+00 2.780222611401024224e+00 1.302735138181864150e+00
2.890414748763584729e+00 2.780316082201933270e+00 1.303711562439995308e+00
2.890602862387718464e+00 2.781026901632996040e+00 1.311313273274596902e+00
2.890611048064786637e+00 2.781049151198788039e+00 1.311504749677432358e+00
2.890796487776188251e+00 2.781777618269042129e+00 1.318996551897796854e+00
2.890925027513123080e+00 2.782312838626309848e+00 1.326377957020281162e+00
2.890938109301505410e+00 2.782374515027889572e+00 1.327297597957697084e+00
2.891109386266331960e+00 2.783056288481469132e+00 1.336244211057739939e+00
2.891115377944578402e+00 2.783075069394253642e+00 1.336463796048483976e+00
2.891278805149531728e+00 2.783762057855693861e+00 1.344771423226094775e+00
2.891415165540329735e+00 2.784383994227138892e+00 1.352255369390904738e+00
2.891422237877939949e+00 2.784418808544004698e+00 1.352707921739771946e+00
2.891567920526761704e+00 2.785135051444678211e+00 1.360173989569314124e+00
2.891687983823648889e+00 2.785729891958442117e+00 1.366271360459986539e+00
2.891742790819191278e+00 2.785964282955830651e+00 1.369249388655970900e+00
2.891835984050262098e+00 2.786532943716886201e+00 1.375496901999630595e+00
2.891881475735522677e+00 2.786767073680881612e+00 1.377626534995549878e+00
2.891987426182719201e+00 2.787297155078997335e+00 1.383624561870505643e+00
2.892032472509662444e+00 2.787533778856217115e+00 1.386319469019003714e+00
2.892175277653182164e+00 2.788326833571708629e+00 1.394620665612080979e+00
2.892274634398039446e+00 2.788878021463171208e+00 1.400856809193340879e+00
2.892295059251472011e+00 2.789040378235444706e+00 1.402652007046245153e+00
2.892486216052700509e+00 2.790212461547532108e+00 1.411444388803443806e+00
2.892660656968206290e+00 2.791335686148279649e+00 1.418416005685554371e+00
2.892671504262213755e+00 2.791403028418528720e+00 1.418883744909351874e+00
2.892872870193283319e+00 2.792705127845911406e+00 1.426971950490530938e+00
2.892906116518243920e+00 2.792920752831094422e+00 1.428317043561051269e+00
2.893106361393527948e+00 2.794384206772151824e+00 1.437283247509233197e+00
2.893258541360332448e+00 2.795603463759337881e+00 1.445370850176478594e+00
2.893281022409372127e+00 2.795782293867769219e+00 1.446527725210789095e+00
2.893443030029057450e+00 2.797100586028629543e+00 1.454910184430142861e+00
2.893556598676627623e+00 2.798074845085937401e+00 1.460714417886000538e+00
2.893593878283426513e+00 2.798396065361062224e+00 1.462620200896603162e+00
2.893710128410273974e+00 2.799434376477241138e+00 1.468384702919594886e+00
2.893935540534557926e+00 2.801692054352635353e+00 1.481251764203002530e+00
2.893955185650947559e+00 2.801868197757688250e+00 1.482250053559225123e+00
2.894038460597634810e+00 2.802799363638633690e+00 1.487798397049530541e+00
2.894063930181167699e+00 2.803149198913757800e+00 1.489989419793980918e+00
2.894152978474970439e+00 2.804199778284084843e+00 1.496780011251190867e+00
2.894241828705429231e+00 2.805269664719933775e+00 1.503936211882778373e+00
2.894294009572546233e+00 2.806046457078315015e+00 1.509156697487601173e+00
2.894317501628119516e+00 2.806505743596891200e+00 1.512000776337548480e+00
2.894373678411167550e+00 2.807647238244806331e+00 1.518631948254380415e+00
2.894382339950706928e+00 2.807764453089135248e+00 1.519334227828295525e+00
2.894434728831503989e+00 2.808794002737467821e+00 1.525423395256056081e+00
2.894438471773128185e+00 2.808822410992541041e+00 1.525594022030868802e+00
2.894481159099672851e+00 2.809706777194858951e+00 1.531870633866823761e+00
2.894502756222016249e+00 2.810206559677189908e+00 1.537398618186548216e+00
2.894517812848778515e+00 2.810628709060011943e+00 1.541776290263241700e+00
2.894520531185715395e+00 2.810812119218356830e+00 1.543620057205849383e+00
2.894531393326809088e+00 2.811344297006563853e+00 1.548376157054010438e+00
2.894533184153470273e+00 2.811359236077737744e+00 1.548519764434969748e+00
2.894542187078479323e+00 2.811838536711325442e+00 1.553277687438331611e+00
2.894551619908749096e+00 2.812345647731546716e+00 1.557556836338176209e+00
2.894551603073677093e+00 2.812361500340930132e+00 1.557686364055023143e+00
2.894556417842188978e+00 2.812808011643267214e+00 1.561265390964245325e+00
2.894563196749905032e+00 2.812975655669374575e+00 1.562631320780972777e+00
2.894552783187045009e+00 2.813602498018747955e+00 1.567188641750666633e+00
2.894552422879949738e+00 2.813616332406819520e+00 1.567306733990538659e+00
2.894554521019044202e+00 2.814112452456439151e+00 1.571228834860449508e+00
2.894556066304826647e+00 2.814128048832218010e+00 1.571338182486786250e+00
2.894556791918593941e+00 2.814653662865468142e+00 1.574881373167612120e+00
2.894559164136879748e+00 2.815077139764319725e+00 1.577819801758432838e+00
2.894563962754187703e+00 2.815324303542958262e+00 1.579425112850720181e+00
2.894560320350975324e+00 2.815859545230012362e+00 1.582860865072851952e+00
2.894556105188422102e+00 2.816394623742104031e+00 1.586034505909006853e+00
2.894555520763236078e+00 2.816452919057993665e+00 1.586379538553726043e+00
2.894549475611293499e+00 2.816843857864200551e+00 1.588596277542815960e+00
2.894545626439477548e+00 2.817027804366288635e+00 1.589612853656467761e+00
2.894536438993698724e+00 2.817499554475937806e+00 1.592147375125431141e+00
2.894535013296916759e+00 2.817514488739676359e+00 1.592222509274999975e+00
2.894525617954306629e+00 2.817990087390720433e+00 1.594583714980702505e+00
2.894525875174350560e+00 2.818003763220498392e+00 1.594649816907915074e+00
2.894516773625178008e+00 2.818384859695477918e+00 1.596399149980566534e+00
2.894514414077600684e+00 2.818507863149310566e+00 1.596936383576284646e+00
2.894483876938031663e+00 2.818967118141062045e+00 1.598836305314082828e+00
2.894452623809076641e+00 2.819337386182501515e+00 1.600243402040719909e+00
2.894445975095546242e+00 2.819455590129148703e+00 1.600665105338918037e+00
2.894424613357291953e+00 2.819879426898722397e+00 1.602022899259047506e+00
2.894413118494117310e+00 2.820284426428428581e+00 1.603039914422389023e+00
2.894411441646479677e+00 2.820336241738397032e+00 1.603154552920639242e+00
2.894397180763665034e+00 2.820775580100433721e+00 1.603987102740074722e+00
2.894396288047467181e+00 2.820801321399908801e+00 1.604030823316580090e+00
2.894380953031788550e+00 2.821239229950668115e+00 1.604654117803353985e+00
2.894379430420777499e+00 2.821291695896662066e+00 1.604716307089907090e+00
2.894362640926817054e+00 2.821793056265021526e+00 1.605128214010160148e+00
2.894345889907746106e+00 2.822269730264172161e+00 1.605287189003627324e+00
2.894345380478034802e+00 2.822282375276172317e+00 1.605288754960917830e+00
2.894333818052238883e+00 2.822628276387314727e+00 1.605247836383935311e+00
2.894325400444111018e+00 2.822795234012263954e+00 1.605193176945423073e+00
2.894303777142359646e+00 2.823235667044386332e+00 1.604865606758461460e+00
2.894274983121670974e+00 2.823697811863569829e+00 1.604288112470140470e+00
2.894273113003166475e+00 2.823761148041266988e+00 1.604181983095131825e+00
2.894224369897400173e+00 2.824173299284764127e+00 1.603477325608432924e+00
2.894218442296200955e+00 2.824194878244073337e+00 1.603445515155357715e+00
2.894158460604387528e+00 2.824579419479574582e+00 1.602600846251367006e+00
2.894094084179910542e+00 2.825040740708535392e+00 1.601298099216997617e+00
2.894093128873776344e+00 2.825062369159236919e+00 1.601222339055923038e+00
2.894059749877912147e+00 2.825389949978958537e+00 1.599838059334413254e+00
2.894058421210989440e+00 2.825406599328029067e+00 1.599746261559039207e+00
2.894030761224310133e+00 2.825682392897215234e+00 1.598128824022580829e+00
2.893986914478213102e+00 2.825939312789606195e+00 1.596355750351548197e+00
2.893942591277499421e+00 2.826162913134738552e+00 1.594643748968670227e+00
2.893930988757248635e+00 2.826241705131161908e+00 1.594032231118298171e+00
2.893872910136982668e+00 2.826530432753385558e+00 1.591581057944105870e+00
2.893869419095745688e+00 2.826548824329901066e+00 1.591431719378687770e+00
2.893840300587894987e+00 2.826850452522693846e+00 1.588830881260361982e+00
2.893797424160652554e+00 2.827121070252875512e+00 1.586043965022773783e+00
2.893793704763368169e+00 2.827136205882756048e+00 1.585870644983952138e+00
2.893737645702156414e+00 2.827426763553914757e+00 1.582639866621731617e+00
2.893732064484378252e+00 2.827458437140452308e+00 1.582270090255212702e+00
2.893669088480645080e+00 2.827764350905290769e+00 1.578390649059235873e+00
2.893625750598451063e+00 2.827986077769023776e+00 1.575555044381844683e+00
2.893619160438428484e+00 2.828109550335406119e+00 1.574123342455639341e+00
2.893617335588416051e+00 2.828371776022806650e+00 1.570935317424748456e+00
2.893618198167621891e+00 2.828456988651098403e+00 1.569871366002462354e+00
2.893602311920445924e+00 2.828761671838416092e+00 1.565921242171846028e+00
2.893551711926369840e+00 2.829069954503400375e+00 1.561000384835693255e+00
2.893547318579835270e+00 2.829079267129999131e+00 1.560880558472904633e+00
2.893504105740817067e+00 2.829361631831295298e+00 1.556199862367680931e+00
2.893501582813375439e+00 2.829367425575313177e+00 1.556076258300078674e+00
2.893457539795161182e+00 2.829463193458820136e+00 1.552655480287463474e+00
2.893443104581957304e+00 2.829614998947440618e+00 1.550105725952048763e+00
2.893412103595341733e+00 2.829852406742364046e+00 1.546177533665928916e+00
2.893414334694782042e+00 2.829976120093845804e+00 1.544189066788459463e+00
2.893401781063567046e+00 2.830369521177150016e+00 1.539841929893072558e+00
2.893390179898439385e+00 2.830492296749755887e+00 1.538576788888814217e+00
2.893387556617100120e+00 2.830887495441715362e+00 1.534303573903931905e+00
2.893379305935661616e+00 2.831125180197421987e+00 1.531619144714826186e+00
2.893356484587175981e+00 2.831582349054964087e+00 1.526513316337645199e+00
2.893333980473086431e+00 2.832089312302794148e+00 1.520231259309165583e+00
2.893333038811265023e+00 2.832103785506172144e+00 1.519919713110672088e+00
2.893338341592387231e+00 2.832515559179607845e+00 1.514176481596718471e+00
2.893336791403014363e+00 2.833038852986412781e+00 1.507651641628898975e+00
2.893328681779316902e+00 2.833478152545968687e+00 1.501217158652642825e+00
2.893326629060282151e+00 2.833506314494329548e+00 1.500839232577821036e+00
2.893319553687099699e+00 2.834009205122035358e+00 1.493859734290545971e+00
2.893320346028286583e+00 2.834036447860856622e+00 1.493439279320267765e+00
2.893316141089841587e+00 2.834604039248368235e+00 1.484403685186378219e+00
2.893333340172378865e+00 2.835741690481286881e+00 1.467393922812860740e+00
2.893325568929654423e+00 2.836135367857124834e+00 1.462041437481672590e+00
2.893339175026143462e+00 2.836681706949658377e+00 1.454705930812342896e+00
2.893361673654228028e+00 2.837251941620716700e+00 1.447242913968663114e+00
2.893387250854258408e+00 2.837746064896403020e+00 1.441290314383844917e+00
2.893397702907245517e+00 2.837930476694203286e+00 1.439212226118340654e+00
2.893410620138125999e+00 2.838545461397180336e+00 1.432176540003592624e+00
2.893412654464172284e+00 2.838581466407807952e+00 1.431780228580158854e+00
2.893450608200295537e+00 2.839227342353695782e+00 1.425073555672543568e+00
2.893457111050088848e+00 2.839260989957331560e+00 1.424691253174861005e+00
2.893495003456183934e+00 2.839720352160131966e+00 1.419618229648283991e+00
2.893519290578352887e+00 2.839892129806627530e+00 1.417752775302144608e+00
2.893527253139393185e+00 2.840255354666588961e+00 1.412631180568719280e+00
2.893539585890172017e+00 2.840311195343836914e+00 1.411164469885291428e+00
2.893560693799647865e+00 2.840680190668175342e+00 1.404841310040319202e+00
2.893565949099757173e+00 2.841034094806166532e+00 1.399013236650693770e+00
2.893566777459160910e+00 2.841043713373029966e+00 1.398845093961026631e+00
2.893574667088072427e+00 2.841319774450595581e+00 1.394351914658384928e+00
2.893583694279628471e+00 2.841433711434398823e+00 1.392442086393575806e+00
2.893578114537571189e+00 2.841680983181764208e+00 1.388210086863906012e+00
2.893584999218939302e+00 2.841718021117500825e+00 1.387299728600112747e+00
2.893628324529357254e+00 2.842025740651469068e+00 1.382381427409618002e+00
2.893630674935653069e+00 2.842033566198731265e+00 1.382240670814132821e+00
2.893640889829518503e+00 2.842346347451825128e+00 1.377834432917784513e+00
2.893640383723055542e+00 2.842358969308156791e+00 1.377701288830105009e+00
2.893657004847662861e+00 2.842718105513057480e+00 1.373103540203203909e+00
2.893660290406217861e+00 2.842734294655536953e+00 1.372851375932225171e+00
2.893681304178563174e+00 2.843120060419931150e+00 1.368228663275222079e+00
2.893682902804678214e+00 2.843170118400621504e+00 1.367633641235799224e+00
2.893700678819341121e+00 2.843445269553331656e+00 1.364414094253004750e+00
2.893706330428702955e+00 2.843502406630574519e+00 1.363744869565098217e+00
2.893734528588725929e+00 2.843787697636291689e+00 1.360643498005883023e+00
2.893741872056420306e+00 2.843866203380697399e+00 1.359781826816910177e+00
2.893764563387895450e+00 2.844217956217486520e+00 1.356223131011695449e+00
2.893799945993319245e+00 2.844581301107545812e+00 1.352816564269669231e+00
2.893804655538297688e+00 2.844599608398750590e+00 1.352630827412559800e+00
2.893861216452874530e+00 2.844960237937630421e+00 1.349446105055312373e+00
2.893869975275695339e+00 2.845012983333099932e+00 1.349022315631379643e+00
2.893924458679861367e+00 2.845379706924313634e+00 1.345941190719354807e+00
2.893950010026010489e+00 2.845662514163308288e+00 1.343742422843688500e+00
2.893958092063905418e+00 2.845762872991127956e+00 1.342997015255436910e+00
2.894004007589128236e+00 2.846103334672298590e+00 1.340531018968231569e+00
2.894058122422322299e+00 2.846426455035083070e+00 1.338421274787137127e+00
2.894060766206547619e+00 2.846444618386669845e+00 1.338306590977649702e+00
2.894130602773365091e+00 2.846779990778664171e+00 1.336255748925359699e+00
2.894128557641483024e+00 2.846790124776613862e+00 1.336207122552368620e+00
2.894181685297958939e+00 2.847148863394812324e+00 1.334323548263591119e+00
2.894186170841495986e+00 2.847166066008113727e+00 1.334227901144270589e+00
2.894247303105905722e+00 2.847525637715313529e+00 1.332573235481411489e+00
2.894252935189686404e+00 2.847542820847754896e+00 1.332492959799949750e+00
2.894319899284814035e+00 2.847858156963273490e+00 1.331210559776819125e+00
2.894390046411408512e+00 2.848169008991475515e+00 1.330149994720984719e+00
2.894395469204785076e+00 2.848216237199061140e+00 1.330011235705740980e+00
2.894443952787304930e+00 2.848460284536511899e+00 1.329314120594428106e+00
2.894453164167732240e+00 2.848514708744820823e+00 1.329176519020740299e+00
2.894520957713219378e+00 2.848829176894371429e+00 1.328489616691728381e+00
2.894524760494501692e+00 2.848845812762385243e+00 1.328461700357639330e+00
2.894600710940852473e+00 2.849156334469357787e+00 1.328050940990787465e+00
2.894608681494946545e+00 2.849192320638333609e+00 1.328014751700096641e+00
2.894691748954340227e+00 2.849520857866596923e+00 1.327820290020547800e+00
2.894695794318230320e+00 2.849539909997112375e+00 1.327815876642738813e+00
2.894748178478027789e+00 2.849783409842616244e+00 1.327877248399049082e+00
2.894767477759096597e+00 2.849856777293671595e+00 1.327929723314680954e+00
2.894837200397732069e+00 2.850141588335110665e+00 1.328278039512366115e+00
2.894889612841231585e+00 2.850371299547930448e+00 1.328704411928639084e+00
2.894917555955021982e+00 2.850474420738144499e+00 1.328957843383133497e+00
2.894959475049729836e+00 2.850697801758435013e+00 1.329782102762200102e+00
2.895010857992409647e+00 2.850892387731745803e+00 1.330845865468761824e+00
2.895047130238957322e+00 2.851041400089427746e+00 1.331912228235644591e+00
2.895063174808117257e+00 2.851106184881477379e+00 1.332426875256881749e+00
2.895105289524545267e+00 2.851282255087840500e+00 1.333956580707326589e+00
2.895107279894261865e+00 2.851292861296745862e+00 1.334054452804190882e+00
2.895149150614895639e+00 2.851486194950075603e+00 1.335838503187118276e+00
2.895155559326631600e+00 2.851513241807550614e+00 1.336116351418404902e+00
2.895204417788179718e+00 2.851708649783430527e+00 1.338279662645517343e+00
2.895253756435611336e+00 2.851901651943065552e+00 1.340611073255026042e+00
2.895285604641242294e+00 2.852062702595890009e+00 1.342606550163236712e+00
2.895296897262128688e+00 2.852112741150201636e+00 1.343195319196375470e+00
2.895347764368379817e+00 2.852343611683231472e+00 1.346395028722981557e+00
2.895396340168852056e+00 2.852559454559012941e+00 1.349268971306905263e+00
2.895427283976735211e+00 2.852695620126585396e+00 1.351940622024271788e+00
2.895439214307976350e+00 2.852754953256445791e+00 1.353032786921858355e+00
2.895463553279584268e+00 2.852904902815933674e+00 1.355785628705645784e+00
2.895485662909226487e+00 2.852992911208777738e+00 1.357086713506117981e+00
2.895517966122106213e+00 2.853137751622031537e+00 1.359987213272755513e+00
2.895526454119951243e+00 2.853185836483608018e+00 1.361125455531317474e+00
2.895564403098702222e+00 2.853350189409245452e+00 1.364313207488857094e+00
2.895571246817771449e+00 2.853390107781132556e+00 1.365127070486281680e+00
2.895599810636134919e+00 2.853579442471020577e+00 1.369291120332670086e+00
2.895650582673006568e+00 2.853860716273126208e+00 1.373168422557964119e+00
2.895680400360667761e+00 2.854007086052021691e+00 1.376776862689668368e+00
2.895691225356869403e+00 2.854073832368248187e+00 1.378268794448718193e+00
2.895733498186655375e+00 2.854316700456016154e+00 1.383112577125265696e+00
2.895733067322908028e+00 2.854322462595676235e+00 1.383256159969275645e+00
2.895761668642623299e+00 2.854469204881699529e+00 1.387246745206737852e+00
2.895780948027403934e+00 2.854544665927317482e+00 1.389385088342435237e+00
2.895823376682826744e+00 2.854755019864706256e+00 1.394464208712591358e+00
2.895856665808436148e+00 2.854933153284511249e+00 1.399870667471541985e+00
2.895885136408645089e+00 2.855116278651795625e+00 1.404543960074179143e+00
2.895900721389181864e+00 2.855210974217651465e+00 1.407118481130190002e+00
2.895945324601821191e+00 2.855433549214015265e+00 1.413109363047339251e+00
2.895996921114904588e+00 2.855745658160083078e+00 1.423238929740371583e+00
2.896042802834661867e+00 2.856039952977870833e+00 1.432137209721069615e+00
2.896067128511296662e+00 2.856307974714652698e+00 1.439256972185299466e+00
2.896069706673310762e+00 2.856322993546606348e+00 1.439649187865117641e+00
2.896108066529173186e+00 2.856585036838455771e+00 1.446291138702334278e+00
2.896135824275049231e+00 2.856793247728388607e+00 1.451772434988179983e+00
2.896145819424305046e+00 2.856852130909368181e+00 1.453657693265292483e+00
2.896172764059884663e+00 2.857069054560857246e+00 1.461023493741510748e+00
2.896173314985326819e+00 2.857073675348231312e+00 1.461248066005173429e+00
2.896200135193345293e+00 2.857318011640684219e+00 1.469496909459064860e+00
2.896221292094926625e+00 2.857561514831109761e+00 1.477562956536579986e+00
2.896240498085595139e+00 2.857753303661421551e+00 1.483793418699420830e+00
2.896244237834933788e+00 2.857832234113971914e+00 1.486010280823784280e+00
2.896268439692585073e+00 2.858081057774692901e+00 1.492041636175793329e+00
2.896274790557820999e+00 2.858180946984037796e+00 1.494159046236295252e+00
2.896298836696680645e+00 2.858449516444586891e+00 1.500137764972923282e+00
2.896303312839385136e+00 2.858581907456074767e+00 1.502403320904820871e+00
2.896323366772284746e+00 2.858854114814080916e+00 1.508063815918786021e+00
2.896333716724914353e+00 2.858999574941739841e+00 1.510800995639607791e+00
2.896347778578037602e+00 2.859286933224414184e+00 1.516413766849729949e+00
2.896353566854140027e+00 2.859387155379462087e+00 1.518538197837677073e+00
2.896374610787733062e+00 2.859713034754600258e+00 1.524588006019092390e+00
2.896373569175422880e+00 2.859887844167213089e+00 1.527449449764475053e+00
2.896390075336855219e+00 2.860386732083981087e+00 1.535258196018952193e+00
2.896404281610226228e+00 2.860761725524294086e+00 1.541133846154040032e+00
2.896407629499142100e+00 2.860944488897595228e+00 1.543975848565400488e+00
2.896415261241334083e+00 2.861443692007165307e+00 1.551537764223212434e+00
2.896412078788084266e+00 2.861534419568104060e+00 1.552587968955649878e+00
2.896419223543268195e+00 2.861887727714555574e+00 1.558453553493978960e+00
2.896423494822405686e+00 2.862065012996352742e+00 1.561525769576424194e+00
2.896417867355142839e+00 2.862518388726695839e+00 1.568476768611995809e+00
2.896415936767676058e+00 2.862967235446834735e+00 1.576086960323215491e+00
2.896416278011034962e+00 2.863399646722910141e+00 1.583023436491311831e+00
2.896415261568834776e+00 2.863411419708115524e+00 1.583221769743017981e+00
2.896409859510179707e+00 2.863712729455569761e+00 1.588537023316879182e+00
2.896407446375038663e+00 2.863883651934553409e+00 1.591199482668930854e+00
2.896400838809674472e+00 2.864230203092843929e+00 1.596400695429156524e+00
2.896397643928466881e+00 2.864362392224355069e+00 1.598603480210332384e+00
2.896387772237157154e+00 2.864580509769774963e+00 1.603543017888770406e+00
2.896386976894515186e+00 2.864655891354935147e+00 1.605715942822129261e+00
2.896378757691840278e+00 2.864880589591526139e+00 1.611611560363022999e+00
2.896369793653284397e+00 2.865075706305060255e+00 1.617370242758109145e+00
2.896367359819776777e+00 2.865103815812152455e+00 1.618194790529125626e+00
2.896356391635054983e+00 2.865278702821550727e+00 1.622779542958008747e+00
2.896352476969656919e+00 2.865350713817472972e+00 1.624525743832210267e+00
2.896340022191639108e+00 2.865584387650858211e+00 1.629702812718515803e+00
2.896321422185576644e+00 2.865826410882442943e+00 1.634293384220397938e+00
2.896319389149369261e+00 2.865848563571672614e+00 1.634862463297393598e+00
2.896303205767403632e+00 2.866081139538921629e+00 1.639428405397894473e+00
2.896277474849055622e+00 2.866345552383413597e+00 1.643862603333309691e+00
2.896279413682969484e+00 2.866354009791375113e+00 1.643991745045136232e+00
2.896262734756497537e+00 2.866550897564295042e+00 1.648161187649003434e+00
2.896241386985313859e+00 2.866776447694781460e+00 1.652636411441986919e+00
2.896235156201939276e+00 2.866790339733932491e+00 1.652873505785438457e+00
