1.000292191079758197e+00 2.797936062797486503e-04 -6.423551559433632015e-04
1.000388254339093841e+00 3.998206809803630862e-04 -8.671578597778710961e-04
1.048055010532442433e+00 2.267029149931663705e-03 8.652597393143431070e-02
1.099904538970456258e+00 9.475694056113797420e-03 1.908364362351143984e-01
1.150620796487408004e+00 2.203880389722934902e-02 2.968488205169483307e-01
1.200011264943142919e+00 4.005445713648566469e-02 4.031466446823351868e-01
1.248773677265084814e+00 6.397446819940344476e-02 5.102829334285934326e-01
1.294373306959073933e+00 9.280016318096458161e-02 6.174419384506935060e-01
1.336250906134911043e+00 1.258514034421795713e-01 7.213082100504040195e-01
1.375918686609208130e+00 1.645232197187392886e-01 8.275474301567341540e-01
1.411463634459039440e+00 2.074618095283844721e-01 9.352566303261727887e-01
1.441352901469503678e+00 2.527203816235144007e-01 1.041150263667697695e+00
1.464768484328605958e+00 2.935118920447741253e-01 9.929855133270535372e-01
1.492100303116784765e+00 3.319590711893233848e-01 8.843952706830122690e-01
1.523840952188681541e+00 3.672895634574669943e-01 7.718288520182411405e-01
1.557885383931787882e+00 3.976678367876896325e-01 6.623815687525885787e-01
1.598273732173875139e+00 4.261188633004273640e-01 5.417435269692909561e-01
1.637802877994104955e+00 4.483321590602483142e-01 4.847411072797198073e-01
1.680191895433628124e+00 4.718315423146854926e-01 5.541472642569197360e-01
1.720757141013682823e+00 4.999203886005225694e-01 6.600317296672182366e-01
1.757752018023567064e+00 5.318650525520701722e-01 7.654975333136103677e-01
1.791554962760942615e+00 5.679712059016288617e-01 8.733329660442769038e-01
1.819162261633223698e+00 6.016146599023461938e-01 8.247141896229764901e-01
1.851172764754772215e+00 6.334551279740141538e-01 7.145264724116481281e-01
1.884589521872007900e+00 6.600855859308202289e-01 6.090989038877627770e-01
1.922994227378769683e+00 6.844914043645520252e-01 4.969494455701674029e-01
1.965226412321559479e+00 7.049792728158392752e-01 3.821119157507650854e-01
2.012397498499747250e+00 7.241461852093468154e-01 4.311519149220150449e-01
2.054377442081073646e+00 7.461087678658310240e-01 5.343774932467858507e-01
2.094787131132747060e+00 7.729509663560759636e-01 6.394177684595059308e-01
2.131819444333314717e+00 8.036279543043287621e-01 7.453123935461996030e-01
2.164877222385444888e+00 8.373416975034830845e-01 8.486881523647714642e-01
2.195474776134654249e+00 8.760468593693765404e-01 9.563665514200960782e-01
2.220966270919406682e+00 9.165743431769991512e-01 1.063702798663049620e+00
2.241496027557030146e+00 9.575503541064352975e-01 1.121540591835242129e+00
2.260066970961224442e+00 9.953966862435910112e-01 1.052989226978698012e+00
2.283995971313287576e+00 1.033726591286645347e+00 9.435200235523687473e-01
2.312923847745022243e+00 1.070040077837477455e+00 8.290616993453919781e-01
2.345758893274034751e+00 1.103461739372029404e+00 7.581407405182349901e-01
2.380471561548642256e+00 1.137654533694461012e+00 8.253860149144950364e-01
2.411204770367073813e+00 1.174621262959022916e+00 9.312121034630621574e-01
2.437471733170133437e+00 1.213944662212143699e+00 1.033365545182784784e+00
2.459584701373015214e+00 1.255684087020775719e+00 1.138003472464745647e+00
2.477609063340740825e+00 1.298348655795632078e+00 1.162805950443715819e+00
2.495397063894965850e+00 1.337289213471829941e+00 1.078623911446672023e+00
2.518675923747540679e+00 1.376327707659049437e+00 9.677956152209059582e-01
2.547273523463476685e+00 1.414089258566308072e+00 8.527803465112490100e-01
2.579165155107377760e+00 1.450826905519404963e+00 8.985922524468069605e-01
2.606971327325704468e+00 1.489617045908712800e+00 1.002339169789349116e+00
2.630953338857983326e+00 1.531719004812988727e+00 1.107986179129379245e+00
2.650141534236195362e+00 1.575764630287211254e+00 1.212918797132394255e+00
2.665275792217873363e+00 1.623910272904570018e+00 1.321939658741924095e+00
2.676248276886608934e+00 1.668265113556568036e+00 1.271933046690020053e+00
2.692883647464226815e+00 1.714795357186623681e+00 1.154500819740396533e+00
2.712460949834187396e+00 1.754396571552468309e+00 1.048893268597314243e+00
2.737762778450853141e+00 1.798178476071105258e+00 1.086389593330939318e+00
2.758339238028874263e+00 1.842718227357190930e+00 1.190091295008378847e+00
2.774531073162217254e+00 1.890187018377341710e+00 1.296661978060801523e+00
2.786009037021718093e+00 1.941990222943315247e+00 1.409741391679319555e+00
2.793141577704955303e+00 1.987670964983374811e+00 1.362511219371425275e+00
2.805382659201861806e+00 2.034793961258313466e+00 1.250262872755490751e+00
2.822597287701314350e+00 2.079804528357640514e+00 1.139218750486972631e+00
2.843969722255214272e+00 2.126822195745802890e+00 1.185549481514761139e+00
2.860807830646807659e+00 2.175516684686991553e+00 1.291365015578930020e+00
2.872433900811172336e+00 2.225655622051505578e+00 1.397510388399091585e+00
2.878530436107710422e+00 2.274734688005307870e+00 1.500341094842050582e+00
2.879891348423625264e+00 2.323206397217210561e+00 1.547934200642056668e+00
2.881723315082671100e+00 2.372951841769096237e+00 1.467903156343996152e+00
2.889025819816591234e+00 2.421485128105016038e+00 1.353239204401175177e+00
2.900389601288283714e+00 2.464224890697840120e+00 1.248520745089063633e+00
2.918032122149453400e+00 2.510994216297254056e+00 1.173969667263232042e+00
2.934976841859345598e+00 2.554015990301043981e+00 1.242968469487542471e+00
2.947776859222032364e+00 2.599485407194660258e+00 1.350105616924939245e+00
2.955201568761266273e+00 2.643048286863955099e+00 1.455138916322164411e+00
2.957891742277376945e+00 2.686538555654977234e+00 1.566053066625993084e+00
2.955947146861587438e+00 2.726284951069215978e+00 1.674827710378184120e+00
2.952314649078026321e+00 2.758751189477915755e+00 1.628010253215675052e+00
2.951673025793604133e+00 2.788885590043602036e+00 1.517717972042098129e+00
2.954377588482769657e+00 2.819025660650958720e+00 1.405062950728631632e+00
2.959955842537191906e+00 2.845768214491319448e+00 1.291618905381689997e+00
2.967025193687796047e+00 2.871082385426561689e+00 1.339225253188600862e+00
2.971073183620571712e+00 2.893455449998756368e+00 1.446065294231652087e+00
2.972657281137297325e+00 2.915401752045962080e+00 1.556298782451073226e+00
