2.905569815970926451e-04 1.000279790904074595e+00 -6.316752712271451803e-04
3.851871032201220624e-04 1.000391786374761338e+00 -8.564332265620940412e-04
4.651691380908474366e-02 1.002149285080102814e+00 8.379593770167420574e-02
9.887571475672617127e-02 1.009337051156060872e+00 1.911165661631180346e-01
1.493511719198564736e-01 1.021922855377627615e+00 2.989788963110082132e-01
1.964687323321630541e-01 1.039131547191050053e+00 4.029443011180002254e-01
2.415114445435851687e-01 1.061212708112527547e+00 5.096979944965599474e-01
2.823933758379222891e-01 1.086815289166981113e+00 6.118122489613373460e-01
3.227691048626052939e-01 1.118465792164728301e+00 7.192005265677063885e-01
3.595918706659195774e-01 1.154273120396570151e+00 8.263127137851433712e-01
3.930280483218653309e-01 1.194596431224086208e+00 9.350796571763547727e-01
4.216044096497409965e-01 1.237857869775683906e+00 1.043264783309060917e+00
4.453489216538799589e-01 1.284033058082480583e+00 1.150901496461721241e+00
4.638200419352468407e-01 1.331926998489579406e+00 1.256988689813484550e+00
4.771437357432925519e-01 1.381786495720802144e+00 1.365825912805958442e+00
4.848920829739757354e-01 1.432427929163841540e+00 1.474079772182298687e+00
4.888522816678905203e-01 1.476920904583169714e+00 1.429394858928273004e+00
4.971416608358101286e-01 1.521890842900835761e+00 1.319199366579748567e+00
5.107550995101370894e-01 1.566341557349298252e+00 1.205970650064429606e+00
5.294316365991680318e-01 1.609137122174528312e+00 1.090865615738209726e+00
5.512060972544546855e-01 1.646838134008535182e+00 9.821500336111491647e-01
5.799107067956738026e-01 1.685566506551650523e+00 8.612957566584281688e-01
6.119031630390789900e-01 1.719567509086529666e+00 7.462861110957551558e-01
6.477886500198877240e-01 1.749776886296401823e+00 6.293731629808664296e-01
6.859024510739379910e-01 1.777975194893506306e+00 6.814727736544397008e-01
7.210534130558391430e-01 1.809606192863234764e+00 7.850488548744321005e-01
7.536464915516303265e-01 1.845821717818834529e+00 8.925838966625271320e-01
7.815442461868747914e-01 1.884359549383560761e+00 9.980957755762308592e-01
8.077406567604882293e-01 1.930717664967100067e+00 1.116263352618564797e+00
8.266622869028981135e-01 1.968469650227518519e+00 1.041901882196100360e+00
8.510770587737156445e-01 2.006583840896205562e+00 9.316286731294876056e-01
8.787818127152868808e-01 2.040735146913297271e+00 8.226588040683706637e-01
9.107189787990056518e-01 2.072200258383229965e+00 7.105295740414842021e-01
9.458695657383866529e-01 2.099918206069958160e+00 5.977925153670111680e-01
9.836730216578496444e-01 2.123521358836187645e+00 4.926708068506491234e-01
1.025669841243674218e+00 2.146351935527587074e+00 5.421627672551515564e-01
1.065563548518259962e+00 2.173342403594315186e+00 6.482881830808574497e-01
1.101177838941200138e+00 2.203289317669018477e+00 7.528074364316106326e-01
1.134092855632811814e+00 2.237447554595090260e+00 8.581534902915477492e-01
1.161964439705188923e+00 2.270328245123868882e+00 8.136682307919534951e-01
1.194315817079844244e+00 2.301727093463473928e+00 7.013090670290200723e-01
1.230735610440121253e+00 2.329729432213623497e+00 5.858188716355919867e-01
1.269498324205254214e+00 2.353887884481449255e+00 5.323413676923812732e-01
1.309829357226713897e+00 2.379013338559522239e+00 6.063721636516696822e-01
1.346113976291946512e+00 2.406999894998796741e+00 7.096516225833299218e-01
1.377690890792071965e+00 2.434753181287329760e+00 6.647296068689571014e-01
1.415211360843558808e+00 2.461458771388648437e+00 5.487005059062587398e-01
1.454123261703337944e+00 2.482960082766853205e+00 4.367135372031655804e-01
1.497102909442400431e+00 2.500725255451269557e+00 3.202632287888857454e-01
1.539943675534519274e+00 2.512899082027794773e+00 2.103086639546655201e-01
1.588995633735812207e+00 2.523479545167748306e+00 2.576792051786226945e-01
1.634515518150371216e+00 2.538001952441427456e+00 3.620153658705334565e-01
1.678987874287457327e+00 2.557598122813076635e+00 4.685195662454468835e-01
1.721972630997434139e+00 2.582324538690624838e+00 5.769455023249645542e-01
1.759159343303096978e+00 2.608525975483191761e+00 6.196327619273777065e-01
1.796164819549844527e+00 2.634310544178612545e+00 5.447493495707113054e-01
1.836319360948862167e+00 2.656362478593224274e+00 4.365061408425791045e-01
1.886108499547874295e+00 2.676442201809080323e+00 3.062839266555449358e-01
1.933554916007556024e+00 2.689103258510976424e+00 1.912279589126818224e-01
1.983250272724550456e+00 2.697255352224477321e+00 1.378623110447458611e-01
2.034817396026259217e+00 2.706040267853169201e+00 2.207030294103229096e-01
2.084100165260509563e+00 2.719806149438695364e+00 3.261302385403374027e-01
2.130544482512892301e+00 2.738235955322842585e+00 4.308059754175160849e-01
2.173601906383581639e+00 2.760085655530120974e+00 4.832521774432904094e-01
2.214018065358273279e+00 2.780991868669029365e+00 4.130073585456162655e-01
2.260483095540392284e+00 2.798785100428523354e+00 2.956455842888384145e-01
2.304091898848978470e+00 2.810094660510594977e+00 1.879949842921217751e-01
2.350194905738588691e+00 2.816768084889593293e+00 7.482979049906120228e-02
2.401772397083663968e+00 2.817960989849879638e+00 -2.310350903709043613e-02
2.450108668820557334e+00 2.817408163188972470e+00 3.344920123900222558e-02
2.496886930274436978e+00 2.821411914840817659e+00 1.391980125513446465e-01
2.539535111586668670e+00 2.829627198556542211e+00 2.430405730893181460e-01
2.580179658438113588e+00 2.841957591025838781e+00 3.484314900996420272e-01
2.619127762036729035e+00 2.858542978046604510e+00 4.573120010594848295e-01
2.650447950169983802e+00 2.874557484193271062e+00 4.190913189663674765e-01
2.681896360712465732e+00 2.887136991981858802e+00 3.117505140910917238e-01
2.714220457697188227e+00 2.896305974781131276e+00 1.962308095197373148e-01
2.745337088420211291e+00 2.902289374870109739e+00 2.049776354731072114e-01
2.772849030502290812e+00 2.909218952786548407e+00 2.979715453855402707e-01
2.799827462562316516e+00 2.919179871428645434e+00 4.117366043912756290e-01
2.821692618817874365e+00 2.930162260038947419e+00 5.187525403177328798e-01
2.840266809305585838e+00 2.941781285897094644e+00 5.950911047863378656e-01
2.854772453335626459e+00 2.951851529440466138e+00 5.265072610124086339e-01
2.867364951802669815e+00 2.958952149708841795e+00 4.181683677937149679e-01
2.881545287416532819e+00 2.965026166074926195e+00 3.056137939196866271e-01
2.896015902961958322e+00 2.969761040384748974e+00 3.618545404606651750e-01
2.909295431856164349e+00 2.975582689384626889e+00 4.687277977309401988e-01
2.920922476289465664e+00 2.982225953998870693e+00 5.731688352693289357e-01
