2.000344564747231324e+00 9.999653646743446034e-01 -1.147982056410302943e-04
2.000482219594641009e+00 9.999483203026243716e-01 -1.562981821530291240e-04
2.057452423734004832e+00 1.002370089732036895e+00 9.025739163012906630e-02
2.118855110169173273e+00 1.011165337334548830e+00 1.954168829685718756e-01
2.174882426261397494e+00 1.025268947468963576e+00 2.992603797214032912e-01
2.227952087454444285e+00 1.044754769566137886e+00 4.052378258928463484e-01
2.272680592183387027e+00 1.066647541496998697e+00 5.073977774014152287e-01
2.314113218280320794e+00 1.092546263684491370e+00 6.116667287087874660e-01
2.353048076900456920e+00 1.123070113873005260e+00 7.189350649325166875e-01
2.387528733147242122e+00 1.156509475726435143e+00 8.227701623699168465e-01
2.417875593424962943e+00 1.192710056385729134e+00 9.265672387671697319e-01
2.444981323059841838e+00 1.233014751479387439e+00 1.035148685106950239e+00
2.467200031478150368e+00 1.275422550320666648e+00 1.143129318698574703e+00
2.484979535171113696e+00 1.316240821122327542e+00 1.105903654346715781e+00
2.507441884575503543e+00 1.356756591939952017e+00 9.938507863741178339e-01
2.536792785587348664e+00 1.397533660964348501e+00 8.693006809765989606e-01
2.566749711345043039e+00 1.431658271461169862e+00 8.350236082748562216e-01
2.596958712397728686e+00 1.466976661298229345e+00 9.102203712745239317e-01
2.625553360217234733e+00 1.508160746885486958e+00 1.019149663804312489e+00
2.648170786942988464e+00 1.549369006182156561e+00 1.122102480525989154e+00
2.667434600716204418e+00 1.595497552646853334e+00 1.230029284270495848e+00
2.681550923836161004e+00 1.643195310531113673e+00 1.338619499705391513e+00
2.690434449812656226e+00 1.691725890510567432e+00 1.446331763644560731e+00
2.695840829950964412e+00 1.736930447052306814e+00 1.393478083565174108e+00
2.705170706857894292e+00 1.779083994403961810e+00 1.291780560377199683e+00
2.719886525803778987e+00 1.823248968196419684e+00 1.182508871422334185e+00
2.742124088838729712e+00 1.870061373402136962e+00 1.055943654202563087e+00
2.769165812860251208e+00 1.912786568138873378e+00 9.383745063496461425e-01
2.797626790667383734e+00 1.952083124720165319e+00 9.851339571479877932e-01
2.823761393475387127e+00 1.996427988130016651e+00 1.093129305342545265e+00
2.845163867066353713e+00 2.043730399140966547e+00 1.200620966662088174e+00
2.861115869594600625e+00 2.092213570045326598e+00 1.306979688359499070e+00
2.872013479111696910e+00 2.143131765506778308e+00 1.415127042643777644e+00
2.877294566461309877e+00 2.193716949741892464e+00 1.521253720858893876e+00
2.877131211671010380e+00 2.246187460738121366e+00 1.629916095332445414e+00
2.874030847642507602e+00 2.293007286407200418e+00 1.583901844809409099e+00
2.875571803419932237e+00 2.338138281521680018e+00 1.474305139672760223e+00
2.882950484625295573e+00 2.388750004177203845e+00 1.355062144946280744e+00
2.894873637878459416e+00 2.433602852359680213e+00 1.246088957200354175e+00
2.911859915971501511e+00 2.478333299412934565e+00 1.171217932617008906e+00
2.931134973576986713e+00 2.526316006831986094e+00 1.235850865193037773e+00
2.944390018827516275e+00 2.572252563911112677e+00 1.344480547268644743e+00
2.952467453982457801e+00 2.618501083602421620e+00 1.452278661054105635e+00
2.955329580860748706e+00 2.660252409788954608e+00 1.554383844830988348e+00
2.953851135716965004e+00 2.701815137811561573e+00 1.661661192664649178e+00
2.950329777096947215e+00 2.736357589587262495e+00 1.618415673421186973e+00
2.950026417665667200e+00 2.769298202452040059e+00 1.506353476601965724e+00
2.952965407629356775e+00 2.798964798153960043e+00 1.398222460472630768e+00
2.958660124735196018e+00 2.826402992784445622e+00 1.326347202924994528e+00
2.964323732606239048e+00 2.851080070636077490e+00 1.393450909466243948e+00
2.967510695710992685e+00 2.876693412910574565e+00 1.501635609513242597e+00
2.967927134849011050e+00 2.899954036333171725e+00 1.607434107776522403e+00
