3.912449384965988042e-04 -7.055183334551224858e-05 -1.356228520760697598e-04
5.253634639009602258e-04 -9.949472063662983038e-05 -1.790667579205762038e-04
4.501132544152997017e-02 1.675984353964696250e-03 8.740430913807367697e-02
9.322020964385037411e-02 8.412562711637769711e-03 1.928728135657600262e-01
1.386387656104446087e-01 1.977607143227667896e-02 2.991136170629871138e-01
1.834241484233880004e-01 3.630427976239459370e-02 4.090088509639629444e-01
2.233893198056044194e-01 5.617482808507677505e-02 5.148743973892671022e-01
2.599137116898558308e-01 7.942992772571168258e-02 6.210626447661140581e-01
2.936066598888534274e-01 1.058757355352852036e-01 7.037852174774964498e-01
3.214185820793304393e-01 1.296771979231896021e-01 6.450724495496283906e-01
3.526256704193305724e-01 1.512325837430019138e-01 5.367340695257681871e-01
3.876939022600492946e-01 1.702598418119149193e-01 4.234424404646439100e-01
4.241716965126026140e-01 1.848571280516842497e-01 3.090717359555229526e-01
4.633202345802949762e-01 1.959999054250275430e-01 2.491334336593978294e-01
5.025665299254442608e-01 2.072260619302404849e-01 3.294510495445039933e-01
5.414648082539287310e-01 2.228190370998033298e-01 4.349580948379471179e-01
5.753947316828021963e-01 2.389558789626299584e-01 3.954383666171353839e-01
6.107741813436841083e-01 2.522559761832418035e-01 2.928532899775493359e-01
6.507439268172318103e-01 2.625799230541724927e-01 1.814807427829744357e-01
6.946274045799671892e-01 2.685347426890925537e-01 6.149350634227828544e-02
7.404636032279870994e-01 2.716379718331983772e-01 1.128196599117666094e-01
7.832527382881908640e-01 2.786102481195754099e-01 2.109779880106370520e-01
8.283543123653438478e-01 2.907491523634252450e-01 3.161697418383636049e-01
8.715126878704637647e-01 3.054285440106461191e-01 2.687375973637368687e-01
9.154156872736713968e-01 3.154865963252101446e-01 1.599114545772480356e-01
9.613724226237311266e-01 3.209177707055912432e-01 5.069755303816215336e-02
1.011487735526482190e+00 3.212838836430820244e-01 -6.586863401087567071e-02
1.063805486628734087e+00 3.180503845312923072e-01 -1.792621277235275506e-02
1.116263589955318825e+00 3.198445342431562310e-01 8.702164052251058768e-02
1.170733826773456165e+00 3.276265214856904362e-01 1.985922355955246077e-01
1.221353003929548375e+00 3.406488550328439224e-01 3.065015136250153760e-01
1.266926186700739088e+00 3.552740264946722681e-01 2.530278512675709357e-01
1.313715529765608458e+00 3.651925008319396038e-01 1.417956238867522645e-01
1.362249231886901502e+00 3.700099116815069311e-01 3.025392566823914553e-02
1.414052918604094433e+00 3.717569046309224245e-01 7.755594596905464322e-02
1.464158458085973447e+00 3.782605922181309643e-01 1.834906254998181496e-01
1.510687132043764258e+00 3.893387195313354199e-01 2.868345574868254588e-01
1.557030038108624170e+00 4.057538208061572949e-01 3.956175981772355743e-01
1.599714448260750155e+00 4.262723414605185113e-01 5.011980677971632492e-01
1.640719977568861676e+00 4.516109160443952386e-01 6.071581119447150288e-01
1.679617286024275957e+00 4.818606352988414332e-01 7.159874170905389246e-01
1.713752786685425633e+00 5.148093260029485974e-01 8.198742012334566676e-01
1.744861705455696743e+00 5.518183978220734254e-01 9.252772784098395320e-01
1.770615075669565330e+00 5.870330352996455670e-01 8.782177596998937963e-01
1.800376289644989747e+00 6.201876868098399331e-01 7.706090631374008515e-01
1.834712526172128433e+00 6.507590718803656360e-01 6.592890057599449793e-01
1.872170940261799865e+00 6.772775546901224075e-01 5.475053570621004617e-01
1.913876428128892027e+00 7.002233751452847654e-01 4.322917361580113083e-01
1.958705730714766613e+00 7.206537372481136572e-01 4.483041090778663862e-01
2.001500339532888972e+00 7.436202280747227222e-01 5.438831172227440724e-01
2.040740244019696892e+00 7.701716077962901252e-01 6.476728502487013595e-01
2.077656548793233249e+00 8.012334361244725089e-01 7.535465130726125560e-01
2.114350477746445911e+00 8.398631702268722909e-01 8.708388939277683649e-01
2.143240561811208700e+00 8.779826382923966444e-01 9.764205383500843549e-01
2.166688560040639810e+00 9.134358199099521514e-01 9.310704164581573572e-01
2.194974753120299216e+00 9.483805884404026276e-01 8.212261619760274911e-01
2.228224102363208114e+00 9.810139292952220202e-01 7.065415083470457658e-01
2.263779322816636963e+00 1.008788242216960951e+00 5.962103019656622704e-01
2.303688687866564333e+00 1.036140143659527224e+00 6.438399205979031814e-01
2.340994156773497981e+00 1.067273920962157119e+00 7.476101411296203203e-01
2.373616564766127368e+00 1.100702108106384358e+00 8.494835353407415024e-01
2.404233245980133216e+00 1.139444445866278910e+00 9.568211537203706873e-01
2.430825529416914765e+00 1.181900744162189598e+00 1.068791764898472829e+00
2.452395764780152199e+00 1.227131911568370759e+00 1.181674097605274198e+00
2.468314577083521755e+00 1.272669362108993951e+00 1.289267940334541063e+00
2.480383190479255706e+00 1.315161710026259367e+00 1.235246223430371160e+00
2.496780998454982914e+00 1.356728780578241533e+00 1.127148477967812035e+00
2.518051619847087697e+00 1.396830325657113292e+00 1.016482927817329074e+00
2.544290015008159322e+00 1.435118151020625232e+00 9.036257614460068144e-01
2.575207716757539345e+00 1.470835904668560179e+00 7.892296521428072698e-01
2.609512817498302439e+00 1.504921225683578667e+00 7.935711300972688731e-01
2.642868529201635841e+00 1.541929137222176616e+00 8.910026296150749259e-01
2.671079879283354330e+00 1.580792855590068990e+00 9.960617420617968731e-01
2.694779184617943635e+00 1.621762751418913018e+00 1.098359057915168080e+00
2.715964817642807727e+00 1.669706037491531792e+00 1.212554710541604575e+00
2.731063315187357343e+00 1.717482615332501572e+00 1.319588666979498059e+00
2.740524933838548893e+00 1.763836776925088889e+00 1.422392707385129684e+00
2.745302242218039535e+00 1.813568532666397948e+00 1.530405357628393581e+00
2.746767248800050520e+00 1.859910471773140950e+00 1.486146266850691511e+00
2.752647249295617105e+00 1.905437918526395880e+00 1.378103850622614646e+00
2.763964491071179364e+00 1.952112684070060222e+00 1.266492123867369646e+00
2.781249321615063774e+00 1.999430061842611295e+00 1.150141028502883689e+00
2.802701936098397351e+00 2.042204923746744782e+00 1.038959214280717136e+00
2.828044252330851105e+00 2.085751895490009389e+00 1.084513650362446402e+00
2.849159103626675016e+00 2.131170662248883740e+00 1.189075477318408902e+00
2.866499321509948128e+00 2.182174219520580216e+00 1.299802289715218162e+00
2.877782822981204358e+00 2.233130088594930562e+00 1.407205439314627604e+00
2.883411832179278544e+00 2.283433560039420218e+00 1.514186616330013280e+00
2.884534960962824357e+00 2.332060098449672658e+00 1.543928432203385492e+00
2.886495584372070766e+00 2.375170544866192390e+00 1.464926080978672607e+00
2.894376205653103273e+00 2.426121702764509447e+00 1.345426356473340190e+00
2.906810852434897452e+00 2.471118251996680115e+00 1.235598389019929355e+00
2.923024695000608908e+00 2.515473870153197122e+00 1.216599064223865545e+00
2.937646293941524878e+00 2.559953401417980778e+00 1.303477732164315839e+00
2.947657742425237259e+00 2.606060393731398861e+00 1.411848901630472941e+00
2.952404129421489554e+00 2.649989184211037685e+00 1.516114204012056987e+00
2.952531301413634512e+00 2.691954812984944656e+00 1.623324992052115556e+00
2.949591937241470507e+00 2.729593793625573195e+00 1.627696598152303720e+00
2.948672810881024287e+00 2.761825856877623053e+00 1.529430719549173201e+00
2.951106805087900575e+00 2.791951001471624672e+00 1.418669684515455609e+00
2.956177696939937150e+00 2.818219617594241111e+00 1.311639119637918904e+00
2.963643307263624127e+00 2.846607278503016758e+00 1.353770782930784122e+00
2.968386091153512485e+00 2.876917552226580632e+00 1.479837239637238788e+00
2.969296707957378878e+00 2.899794015001157632e+00 1.588742697756159394e+00
