2.000394192276137684e+00 -5.067118020939087689e-05 -1.861226160823680278e-04
2.000532029913986154e+00 -7.914332365426831424e-05 -2.310302097438536486e-04
2.058535414989229650e+00 2.285520963306701854e-03 8.644816110800213060e-02
2.122161470945553408e+00 1.105815482706310783e-02 1.883524136701175689e-01
2.184097166900130560e+00 2.620279190221173893e-02 2.922619328253854842e-01
2.244603799812405320e+00 4.792121150707912003e-02 3.976091071652361753e-01
2.301668634734339136e+00 7.542829859440261520e-02 5.015396818086752528e-01
2.358943444841893111e+00 1.110044273351713934e-01 6.115667554136915429e-01
2.411673461457841672e+00 1.522920371107142345e-01 7.204917092445084492e-01
2.457854420680018137e+00 1.972568741972862971e-01 8.246157639807034645e-01
2.499445402177812081e+00 2.471963630229186415e-01 9.302973777509697673e-01
2.536836698917322330e+00 3.033797467951857563e-01 1.039046074223523020e+00
2.566974071404939384e+00 3.612510887275358629e-01 1.143064863117890351e+00
2.591444805018984443e+00 4.232956433759025305e-01 1.248926828260813027e+00
2.609652264961326740e+00 4.892906644646593528e-01 1.356313420052844831e+00
2.621048336708458493e+00 5.594945685965959647e-01 1.466705924499053237e+00
2.624707007409009307e+00 6.293069356361131739e-01 1.572708220771106058e+00
2.621034354946833123e+00 6.985569113131214758e-01 1.676540442846363055e+00
2.610060805835202835e+00 7.679195647461549701e-01 1.779919721766434204e+00
2.589950612659542628e+00 8.420392674126210286e-01 1.892453293235072831e+00
2.563549884832844405e+00 9.092901758913116694e-01 1.998092921125496080e+00
2.536331966640684943e+00 9.671568942572676963e-01 1.958298575084208570e+00
2.514286257117671397e+00 1.028971777558884027e+00 1.849059202370235910e+00
2.498979478254957698e+00 1.094239379057827533e+00 1.732101314338465592e+00
2.492567807189941753e+00 1.148249780119212193e+00 1.627309962379812180e+00
2.491979828710003453e+00 1.202397847941221398e+00 1.515321993548031765e+00
2.497303102190687518e+00 1.254792482394800679e+00 1.402336288525680041e+00
2.507446514492460921e+00 1.301567481067551046e+00 1.291210436483982482e+00
2.522355853944528548e+00 1.345974795263846779e+00 1.179972408228766367e+00
2.542857076392153193e+00 1.389514554086156206e+00 1.061715071404518929e+00
2.566287105468373131e+00 1.427525035510225582e+00 9.532398841313582949e-01
2.594059926954533246e+00 1.465748381064532868e+00 9.515763381568359547e-01
2.621378164726485771e+00 1.507937529107925334e+00 1.049997897829735294e+00
2.643424179906113114e+00 1.551502125361996054e+00 1.155785818786589925e+00
2.660983072672683747e+00 1.597771758401963282e+00 1.262398798982656167e+00
2.672720273304862726e+00 1.642056743324010526e+00 1.363233074527225419e+00
2.680615842912209335e+00 1.689629621035659834e+00 1.414492189428377289e+00
2.688142412008359017e+00 1.733475549936337679e+00 1.339128075538595919e+00
2.700892351999454100e+00 1.778601556944341633e+00 1.228886829876666642e+00
2.718562121890170324e+00 1.822031151658423553e+00 1.119409177591731197e+00
2.741700070157975233e+00 1.864471496322572808e+00 1.005276904485820300e+00
2.769344615946241372e+00 1.903908624930391147e+00 8.933348966159181392e-01
2.801812882565475782e+00 1.944474162852905419e+00 9.403955372771544141e-01
2.829539773796772906e+00 1.986858633911519068e+00 1.045264203614336029e+00
2.853216862523451969e+00 2.033170504532686884e+00 1.152408437474675917e+00
2.871857024800726244e+00 2.081800710754468042e+00 1.260847863539266367e+00
2.885114789919692058e+00 2.132102038366112673e+00 1.367612075994489418e+00
2.892921920722504758e+00 2.182936339404617510e+00 1.472491155816847641e+00
2.895318397352027784e+00 2.236067290688759979e+00 1.580848374734121542e+00
2.894374232982237949e+00 2.282868340079128533e+00 1.549513935040571111e+00
2.897459718830469377e+00 2.331001200787406802e+00 1.441823449122745293e+00
2.905862072874093371e+00 2.378697956603652575e+00 1.330563044975895615e+00
2.919092802828271438e+00 2.423947279618511530e+00 1.221623296384165780e+00
2.936119394908682789e+00 2.470859779652762711e+00 1.263578724097137229e+00
2.948384004669863945e+00 2.517925961498404419e+00 1.369200288902493456e+00
2.955640590303108883e+00 2.566085784691020333e+00 1.476262814060096407e+00
2.957624888652265582e+00 2.612680137915358358e+00 1.583090439788409354e+00
2.954753247985605125e+00 2.656556224550364220e+00 1.691169247315002622e+00
2.950147071769352092e+00 2.692054922844699494e+00 1.650407526904585476e+00
2.948643561409861391e+00 2.727287323216309733e+00 1.541037846464512917e+00
2.950899405880390347e+00 2.760991439022446592e+00 1.429504752415600155e+00
2.956443470635933934e+00 2.791550781084315425e+00 1.317475917888563997e+00
2.963929855016271819e+00 2.821387390769329873e+00 1.366322453567796469e+00
2.968217121641752776e+00 2.849549415768668048e+00 1.473441325981873495e+00
2.969393623042352104e+00 2.875687040722035626e+00 1.581185706663515989e+00
2.967952777042341062e+00 2.898927367904348795e+00 1.689034803339975577e+00
