1.000352976744546041e+00 2.999961489626977063e+00 -1.397405589131819718e-04
1.000470499708890681e+00 2.999946501961200607e+00 -1.766867982518576625e-04
1.000644872629063542e+00 2.999946023116957239e+00 -2.458372312699449243e-04
1.002650888499954762e+00 2.999986188697413514e+00 -2.418448437660356866e-03
1.004531878359205876e+00 3.000008881750808598e+00 -5.671411874615076877e-03
1.006229951174720361e+00 3.000007417781655583e+00 -1.057576695365730797e-02
1.006540141487495266e+00 3.000030618352453438e+00 -1.145868385416578920e-02
1.008989006018276458e+00 3.000019481023595169e+00 -2.000218622698234430e-02
1.011333117066206544e+00 3.000017637819737626e+00 -2.816603152664801796e-02
1.013554601666937005e+00 2.999975574004793533e+00 -3.605581553963878999e-02
1.015709228168267808e+00 2.999917566608503616e+00 -4.375444635117405057e-02
1.018143295545109517e+00 2.999827222338123267e+00 -5.239719696255291242e-02
1.018208327753347575e+00 2.999823977049840273e+00 -5.263230815498817078e-02
1.020511961585377714e+00 2.999713430880748710e+00 -6.083132513237546335e-02
1.023263367363573373e+00 2.999573187466752167e+00 -7.064402986498333203e-02
1.025534205949036881e+00 2.999439322193332202e+00 -7.871810720230855429e-02
1.027428970089412807e+00 2.999334875988064031e+00 -8.502312965046286697e-02
1.028114517171387465e+00 2.999286461085066247e+00 -8.729336607669294090e-02
1.030548042644849671e+00 2.999156250749723363e+00 -9.545510171361452911e-02
1.030812643899553294e+00 2.999132586327246219e+00 -9.641705913894424440e-02
1.033369559040092422e+00 2.998929274833918246e+00 -1.052741380900287377e-01
1.035574336864532929e+00 2.998719273092203874e+00 -1.130260105230576073e-01
1.037848007947045792e+00 2.998464640091091926e+00 -1.209840572154863847e-01
1.037984500722443304e+00 2.998450796548443265e+00 -1.214292959244232389e-01
1.040712547654016440e+00 2.998172215245009653e+00 -1.304793548864143782e-01
1.043135712121265879e+00 2.997919289064195247e+00 -1.384211326798500952e-01
1.045604942333501208e+00 2.997624606857650420e+00 -1.466227095181885653e-01
1.048387863082328675e+00 2.997234541279634179e+00 -1.562668101500322149e-01
1.048458717065527512e+00 2.997226336548240333e+00 -1.564943318416049389e-01
1.050884214708841080e+00 2.996885257401597169e+00 -1.645038610915015576e-01
1.053371211440244704e+00 2.996491125250751342e+00 -1.730188957383399784e-01
1.055852231357459425e+00 2.996104684681389685e+00 -1.812197460611914557e-01
1.057635231025788602e+00 2.995789682338792836e+00 -1.873361087883604337e-01
1.058659799877584851e+00 2.995622192307839882e+00 -1.907734109434779113e-01
1.060455414733753710e+00 2.995277696033681103e+00 -1.969237995689098741e-01
1.061639049148757508e+00 2.995054255120932485e+00 -2.008352412195619496e-01
1.064129437106458465e+00 2.994600066396572391e+00 -2.091249979469821940e-01
1.066673685277206296e+00 2.994098221847270036e+00 -2.177075190621030332e-01
1.069194767666436396e+00 2.993565691378719862e+00 -2.263308510591043043e-01
1.072232655772219490e+00 2.992890257491818140e+00 -2.364837480838876405e-01
1.074782612189592923e+00 2.992299375538919559e+00 -2.450911883728474072e-01
1.077343654737003886e+00 2.991690280938591684e+00 -2.536604782661340818e-01
1.079694233834400885e+00 2.991089208388082898e+00 -2.618665796793622769e-01
1.082117217856450209e+00 2.990478803797595120e+00 -2.700770889728440483e-01
1.082253228010526147e+00 2.990443868666387228e+00 -2.705433900226648647e-01
1.084750404509956967e+00 2.989787604643540764e+00 -2.789676537666699319e-01
1.087230142057852955e+00 2.989109958252743393e+00 -2.873549256405895092e-01
1.089123972430544596e+00 2.988566239847517458e+00 -2.938514633653946384e-01
1.089793172136225730e+00 2.988365589445478143e+00 -2.961486131677520950e-01
1.092319114244250100e+00 2.987611197904595617e+00 -3.047165082164962624e-01
1.095065622413563311e+00 2.986772008099587872e+00 -3.140522370395797958e-01
1.097540197404551554e+00 2.986004149732151003e+00 -3.225366119187050851e-01
1.100265735539963430e+00 2.985126103338119119e+00 -3.318493435558694804e-01
1.102837818635980627e+00 2.984252272717306198e+00 -3.407332774542567999e-01
1.105557065103281333e+00 2.983313759765011675e+00 -3.500185321293010077e-01
1.107907168747843896e+00 2.982475851816082546e+00 -3.581608539824097104e-01
1.110342868899349078e+00 2.981589381097422553e+00 -3.665002973527943797e-01
1.112788249569966581e+00 2.980682266197321795e+00 -3.749296596891713573e-01
1.113052573240491672e+00 2.980579690116405445e+00 -3.758732286212478901e-01
1.116720838937633520e+00 2.979166106886403043e+00 -3.885595703401996115e-01
1.121523946187545473e+00 2.977201127840011452e+00 -4.054535864416259905e-01
1.123862155156652554e+00 2.976204197467288814e+00 -4.135798997325897952e-01
1.126275321634962134e+00 2.975166861273935037e+00 -4.219398557524256521e-01
1.128933315493826584e+00 2.973997920777163628e+00 -4.311926006704725478e-01
1.131429068973140328e+00 2.972877338196948216e+00 -4.394819623541231790e-01
1.133829510403343566e+00 2.971743868273649447e+00 -4.465056188067511589e-01
1.136548310236178860e+00 2.970434661155950451e+00 -4.528656718828826255e-01
1.138996098698862758e+00 2.969243644565616513e+00 -4.572932768807381199e-01
1.139064417449373146e+00 2.969214257583318695e+00 -4.573905492592265642e-01
1.141345820762598606e+00 2.968084660779747974e+00 -4.606316787497032328e-01
1.143666134409845991e+00 2.966931288902077579e+00 -4.622897375021955413e-01
1.146252692478294311e+00 2.965651875779093949e+00 -4.633601485735985848e-01
1.148911771248822156e+00 2.964327685930174372e+00 -4.640234449380765125e-01
1.151174923761066227e+00 2.963204482003579443e+00 -4.643006350508520619e-01
1.152976753091040418e+00 2.962296255744120810e+00 -4.644510136565543346e-01
1.154044200907845319e+00 2.961772774831848754e+00 -4.644439491933394781e-01
1.156242055555076753e+00 2.960669500799643306e+00 -4.646358010125561933e-01
1.158994338957537895e+00 2.959294982454607315e+00 -4.652342768362625613e-01
1.161357373625533818e+00 2.958107756644790420e+00 -4.657565837124522656e-01
1.163791040644250652e+00 2.956887606330362406e+00 -4.661652785701657087e-01
1.166184621183287140e+00 2.955690984858053927e+00 -4.664746889773354610e-01
1.168952351273895518e+00 2.954300782695487460e+00 -4.664951236731837425e-01
1.171756041347238098e+00 2.952898332396109549e+00 -4.665045759482377430e-01
1.174353484574787831e+00 2.951596583122139350e+00 -4.664260138099101671e-01
1.176663368214841299e+00 2.950430982385313872e+00 -4.662240682271265868e-01
1.178563891781817974e+00 2.949475805506192927e+00 -4.659932690552972545e-01
1.179317983048213891e+00 2.949099732470686686e+00 -4.659075235076487465e-01
1.181892502218581331e+00 2.947815224447234872e+00 -4.656663366983468388e-01
1.182027831919780780e+00 2.947745795362701760e+00 -4.656685063601887498e-01
1.184944563226801861e+00 2.946275756900573750e+00 -4.657689044371212117e-01
1.187783616651798990e+00 2.944849219880416147e+00 -4.658168575635640574e-01
1.190496742343605696e+00 2.943481191044181600e+00 -4.657909923129558982e-01
1.192926169901504574e+00 2.942261984854866341e+00 -4.656245862844648475e-01
1.195277901031196244e+00 2.941080690670434539e+00 -4.652976009508898447e-01
1.197973531720160079e+00 2.939722499449479276e+00 -4.649301312012562026e-01
1.200647533878652862e+00 2.938390573421924223e+00 -4.647155067625093894e-01
1.200783372181022823e+00 2.938322600450396394e+00 -4.647007245115614138e-01
1.203223851939210443e+00 2.937100012551317363e+00 -4.645174067780361016e-01
1.205649010615699179e+00 2.935881225671551853e+00 -4.646154006058927366e-01
1.207475332192160300e+00 2.934964801818278790e+00 -4.646902867097063017e-01
1.208423524853815101e+00 2.934494620353576000e+00 -4.647062470167521719e-01
1.210817172672909781e+00 2.933298962895138473e+00 -4.648033571138383002e-01
1.213267211704299076e+00 2.932070603223922767e+00 -4.647609580416451891e-01
1.215171986001805315e+00 2.931115098168174171e+00 -4.647057918830138079e-01
1.216056672295698027e+00 2.930664561288907954e+00 -4.646577362335009842e-01
1.218593260561197988e+00 2.929402887472103423e+00 -4.645146045185731820e-01
1.218864318999623331e+00 2.929269517594815131e+00 -4.644813985429916414e-01
1.221457648712384048e+00 2.927967661927540099e+00 -4.641462029753192220e-01
1.224146305725005490e+00 2.926623238105885871e+00 -4.639199237116247709e-01
1.226428831980969303e+00 2.925480222000900188e+00 -4.637522645013988365e-01
1.228288032768873883e+00 2.924545100181545898e+00 -4.635769567708505345e-01
1.229105441908996177e+00 2.924134825906237634e+00 -4.634597552055879643e-01
1.231646586225720874e+00 2.922864364415610705e+00 -4.632234069459663095e-01
1.234054774132773424e+00 2.921659466322532150e+00 -4.630999426039204558e-01
1.236673771212898565e+00 2.920346122045317294e+00 -4.629486140365552949e-01
1.239155172679499373e+00 2.919103146281722516e+00 -4.627624226879349378e-01
1.241576264853913925e+00 2.917893750426651334e+00 -4.625465902108302219e-01
1.243945364200439663e+00 2.916717715350214846e+00 -4.623726619782773661e-01
1.246374231897786400e+00 2.915500921120152356e+00 -4.621203353382988266e-01
1.246650885987079516e+00 2.915361680407693168e+00 -4.620819865032664842e-01
1.248993943373298388e+00 2.914190403685575248e+00 -4.617216583504696326e-01
1.251844420398002811e+00 2.912779363217797624e+00 -4.613341701029858855e-01
1.254423498885214094e+00 2.911504303540161764e+00 -4.609860994099010401e-01
1.256344134432988202e+00 2.910549073738476711e+00 -4.607243329259131936e-01
1.256963122696700408e+00 2.910242189681372604e+00 -4.606872664098342063e-01
1.259725361066740046e+00 2.908868198488779644e+00 -4.605495630711325949e-01
1.262141823187332923e+00 2.907666866299759789e+00 -4.603951484256736948e-01
1.264981230995307016e+00 2.906271780126081783e+00 -4.602114444962033812e-01
1.267547293328669333e+00 2.905005804441718631e+00 -4.600035992530759343e-01
1.270129647566319742e+00 2.903734477959565741e+00 -4.598220144607203519e-01
1.272100584688315328e+00 2.902772857248353322e+00 -4.597071005952065303e-01
1.272735294857561206e+00 2.902461409461241537e+00 -4.596645234950881842e-01
1.275191010721403728e+00 2.901257013805278895e+00 -4.594471307301372653e-01
1.281002886593468837e+00 2.898384999927586136e+00 -4.587591949504075117e-01
1.282946602477018416e+00 2.897416219044585350e+00 -4.585806086008492044e-01
1.283364995151198285e+00 2.897208021984607029e+00 -4.585642070819355154e-01
1.285812617264113777e+00 2.895994899101618891e+00 -4.583861759218988974e-01
1.288748448984746053e+00 2.894538814953032002e+00 -4.578482411599685276e-01
1.291268488505731504e+00 2.893291952818719981e+00 -4.573847658475203581e-01
1.293979218666279518e+00 2.891959573230912905e+00 -4.567752871670711090e-01
1.296558513996155071e+00 2.890698517587669603e+00 -4.562041984327708244e-01
1.299489677255729170e+00 2.889262519871087065e+00 -4.555604407886730822e-01
1.302153531325824121e+00 2.887948311673028456e+00 -4.550662784207472611e-01
1.302435476120126667e+00 2.887812413815479928e+00 -4.550184431364601156e-01
1.305027942569054966e+00 2.886541536733550739e+00 -4.546144982549608082e-01
1.307469377965195356e+00 2.885344165207908151e+00 -4.543212528263601002e-01
1.310050507470260195e+00 2.884091783961073130e+00 -4.539814288476315407e-01
1.312497440964545126e+00 2.882917517316638367e+00 -4.536798258253393334e-01
1.312912156682462195e+00 2.882712592248010797e+00 -4.536230814917091569e-01
1.315359059474228820e+00 2.881532698240887314e+00 -4.532964266780344365e-01
1.317812265916892933e+00 2.880354326001454357e+00 -4.529793116109992468e-01
1.319790306187717421e+00 2.879403597863145592e+00 -4.527476718733698946e-01
1.320419777993492083e+00 2.879101688857429231e+00 -4.526481444311770685e-01
1.322727973283906788e+00 2.877985980610254124e+00 -4.523079704258442524e-01
1.325253062232802037e+00 2.876757223257927709e+00 -4.519330496058170388e-01
1.327775669761320554e+00 2.875542396346505658e+00 -4.515351443933903752e-01
1.330508369510012834e+00 2.874227444161411960e+00 -4.511743005659111794e-01
1.332967512790254272e+00 2.873058414580580866e+00 -4.509554720308766029e-01
1.334862942117419404e+00 2.872149764656946935e+00 -4.506109919662906194e-01
1.335428991221355721e+00 2.871877960755359727e+00 -4.504715385926806315e-01
1.337983771957267809e+00 2.870656045222498953e+00 -4.498140059168028726e-01
1.340601092903943581e+00 2.869404882069352958e+00 -4.490616910294955577e-01
1.343057714402194236e+00 2.868226995274090640e+00 -4.482925209142251122e-01
1.345648287856824554e+00 2.866986552372042585e+00 -4.475095874900458237e-01
1.348099156531647802e+00 2.865811553323716954e+00 -4.468327173689447540e-01
1.350903795067599944e+00 2.864463673202794158e+00 -4.460968540979118324e-01
1.353854176286708233e+00 2.863048222918721297e+00 -4.453621257075106588e-01
1.356091492085129246e+00 2.861971248627825037e+00 -4.448280925093536786e-01
1.356230357224180505e+00 2.861904395025218317e+00 -4.447890292227768549e-01
1.358817855560771948e+00 2.860684965517122258e+00 -4.442136021209813213e-01
1.361695114573320264e+00 2.859337484386855976e+00 -4.436169443665497480e-01
1.364285050318117865e+00 2.858096166842575503e+00 -4.430864396677461348e-01
1.366802746126377421e+00 2.856889892767346062e+00 -4.425743248440299760e-01
1.369261837261250392e+00 2.855734157376602855e+00 -4.421093415831600648e-01
1.369331537842644497e+00 2.855701012588768517e+00 -4.420972247583473402e-01
1.371790112613234580e+00 2.854557525369513460e+00 -4.416951044334243570e-01
1.374261861230511084e+00 2.853409996778260460e+00 -4.413223071769016292e-01
1.376653321029188692e+00 2.852296423408221759e+00 -4.409250915085788369e-01
1.379477213988734796e+00 2.850991770628790167e+00 -4.404882024380201710e-01
1.382006337729825063e+00 2.849817772436385788e+00 -4.400571660929142315e-01
1.383971937560160903e+00 2.848910504190217186e+00 -4.397103229977067373e-01
1.384604988906671164e+00 2.848612151766625189e+00 -4.395898310396211262e-01
1.387123939460694011e+00 2.847429044476143645e+00 -4.390015984125735793e-01
1.387261958836848219e+00 2.847359204520060416e+00 -4.389471329175399505e-01
1.389719074659486964e+00 2.846208993622545425e+00 -4.377851285897284561e-01
1.392286204557671603e+00 2.845009143836779941e+00 -4.364261114305415523e-01
1.394803732709305688e+00 2.843839555069402003e+00 -4.352180397535355127e-01
1.394873403691916147e+00 2.843806202075875422e+00 -4.351853113909622262e-01
1.397372617933033467e+00 2.842647407772666224e+00 -4.340326827949206323e-01
1.399966332369406485e+00 2.841456789551898954e+00 -4.331198873812275307e-01
1.402834866151993598e+00 2.840143987599685893e+00 -4.321550560667213325e-01
1.405430123750595950e+00 2.838959396075872110e+00 -4.313699920102244678e-01
1.407956850551747685e+00 2.837817113042242489e+00 -4.306123804889424589e-01
1.410405804992816092e+00 2.836704974513756472e+00 -4.298496388399826729e-01
1.412854223285656019e+00 2.835597327183344785e+00 -4.291075912700915707e-01
1.415520734358776123e+00 2.834392836554395778e+00 -4.283524080037887094e-01
1.418335090742154136e+00 2.833134570499999505e+00 -4.276352474967162198e-01
1.420716550277493884e+00 2.832070472635482616e+00 -4.270587359795064430e-01
1.423161404578744182e+00 2.830970446182637712e+00 -4.264491006910873794e-01
1.425052077084407287e+00 2.830115110547234636e+00 -4.260107362060106539e-01
1.425961007499469080e+00 2.829706235743159493e+00 -4.257966493756549786e-01
1.428413732971302919e+00 2.828618396002548607e+00 -4.252026616025820771e-01
1.431070863100438961e+00 2.827432301176890039e+00 -4.244415777124976308e-01
1.433581629603612351e+00 2.826317822941629032e+00 -4.236979630757034543e-01
1.435535827738473325e+00 2.825456240237647965e+00 -4.231627013330619413e-01
1.436587475160665761e+00 2.824989365628171711e+00 -4.228838548929898522e-01
1.439029709508607091e+00 2.823911831498393976e+00 -4.222896819304360894e-01
1.441635240553633457e+00 2.822745310099657789e+00 -4.211829683381697609e-01
1.444461801688216696e+00 2.821484578253642184e+00 -4.190088410126566187e-01
1.447029355503417936e+00 2.820349152909650492e+00 -4.171179155439082020e-01
1.449541638616297368e+00 2.819257897526493029e+00 -4.155178614168282270e-01
1.451983529663263717e+00 2.818192566265190102e+00 -4.142534332563359567e-01
1.454569247998783066e+00 2.817068576576395866e+00 -4.131442136939334486e-01
1.457358483676131300e+00 2.815846202566868239e+00 -4.117138216487168378e-01
1.459895227291031494e+00 2.814742567878980584e+00 -4.102498288283773498e-01
1.462307125029415511e+00 2.813700518396412331e+00 -4.089975609101829668e-01
1.465007313160439750e+00 2.812531747303635310e+00 -4.077410857824187440e-01
1.465144886075665509e+00 2.812472069801637442e+00 -4.076737626472494713e-01
1.467899848301386534e+00 2.811287355329961102e+00 -4.064880277506756623e-01
1.470380668421964465e+00 2.810244522815900314e+00 -4.055881971097205496e-01
1.473072157137671923e+00 2.809109527103341719e+00 -4.046895231214790445e-01
1.474932461448414278e+00 2.808311558374157801e+00 -4.040816994996934142e-01
1.475969134457430609e+00 2.807869041191267012e+00 -4.037591673791738334e-01
1.478522655582736656e+00 2.806804062344783190e+00 -4.030272951149351246e-01
1.478589889511359390e+00 2.806775780997216252e+00 -4.030110868866098595e-01
1.481274025821889717e+00 2.805648114219492228e+00 -4.019659012199549020e-01
1.483542179184700549e+00 2.804695819246144417e+00 -4.009886793936023319e-01
1.486157739524974097e+00 2.803608386617332027e+00 -3.999243573417585185e-01
1.486434331402836984e+00 2.803494826206406110e+00 -3.998163481653975171e-01
1.488899657694013889e+00 2.802470455762688495e+00 -3.988479966709669311e-01
1.495357746394545329e+00 2.799796922950707145e+00 -3.966964273656186091e-01
1.496525605680744997e+00 2.799306573750841132e+00 -3.962986121124374428e-01
1.499142561266553653e+00 2.798227157258203146e+00 -3.952296786197468381e-01
1.499283433242879493e+00 2.798166506598416259e+00 -3.951390270093386170e-01
1.501748398040836818e+00 2.797139005983852567e+00 -3.928540335131565087e-01
1.504194052175790608e+00 2.796127820486618010e+00 -3.904650182495575383e-01
1.506869693700439772e+00 2.795036904139144518e+00 -3.876019649671962886e-01
1.509212670998233641e+00 2.794081170568814443e+00 -3.846700950392264451e-01
1.511613623200915413e+00 2.793106999432988236e+00 -3.819551136585040974e-01
1.514091860919309696e+00 2.792120482432012274e+00 -3.795463646538346225e-01
1.516940487372844926e+00 2.790991488952500266e+00 -3.773341427065780573e-01
1.519419504625048933e+00 2.790018885992858966e+00 -3.757847475976384133e-01
1.522115321287287770e+00 2.788985635761072945e+00 -3.743603984206664848e-01
1.524610270223500486e+00 2.788034100045811314e+00 -3.732069586928192795e-01
1.527308324869846246e+00 2.787021173071983160e+00 -3.720986492988318517e-01
1.529667445364861988e+00 2.786132911906672671e+00 -3.712431154222880503e-01
1.532163884976251333e+00 2.785178876545580717e+00 -3.702410174066604331e-01
1.532299335884286018e+00 2.785126503517510343e+00 -3.701622062033929073e-01
1.534592931944584793e+00 2.784249596290084394e+00 -3.687181842968849099e-01
1.536884348266190692e+00 2.783370739400469418e+00 -3.673425628451744140e-01
1.539359823778624126e+00 2.782416848146922916e+00 -3.658604743633916412e-01
1.539827746476667425e+00 2.782235851272540916e+00 -3.655934049865290358e-01
1.542172133403139744e+00 2.781370417079571222e+00 -3.644126921886837733e-01
1.544589594815944711e+00 2.780480707293506715e+00 -3.633715652619302627e-01
1.547062366688799262e+00 2.779572741933813873e+00 -3.623426360791898171e-01
1.549533110293700444e+00 2.778657894633733694e+00 -3.614245951545429492e-01
1.549599800474097178e+00 2.778634424603510400e+00 -3.614017635493239067e-01
1.552076072869565060e+00 2.777724684213530360e+00 -3.605759906412720484e-01
1.554557324895016190e+00 2.776810629610430681e+00 -3.598928828067777252e-01
1.556350456935749804e+00 2.776137270790029810e+00 -3.591836131762289885e-01
1.557087427140101843e+00 2.775861949034784004e+00 -3.587052151963828761e-01
1.559386840268246477e+00 2.774997122780561654e+00 -3.570289437744067484e-01
1.561920835985793676e+00 2.774062084051513555e+00 -3.554112906771459968e-01
1.564234055277172963e+00 2.773208277565455404e+00 -3.534257895493687074e-01
1.566015963964483504e+00 2.772553033929783695e+00 -3.503232681823209571e-01
1.566850110430788590e+00 2.772252568398512640e+00 -3.485178678980532241e-01
1.569183894612270702e+00 2.771406430776086616e+00 -3.437632606331683660e-01
1.571741443684447681e+00 2.770493772777241848e+00 -3.396231766139397035e-01
1.574435971832044867e+00 2.769545053099829790e+00 -3.358595959460539682e-01
1.576283759469395696e+00 2.768920135888337519e+00 -3.336956908408752476e-01
1.577002331996810058e+00 2.768669700068667527e+00 -3.329649241110821389e-01
1.579388524168792607e+00 2.767849872436981329e+00 -3.304915315965566425e-01
1.581697384398131678e+00 2.767057609506109017e+00 -3.269505659811322018e-01
1.583454372866772264e+00 2.766465991710923777e+00 -3.244639615771765517e-01
1.584099045808958550e+00 2.766239513350361889e+00 -3.236170551813135621e-01
1.586760960703384793e+00 2.765359567159376031e+00 -3.203882204289985602e-01
1.589208989937518357e+00 2.764548988664549789e+00 -3.180296874788590689e-01
1.591407357551410717e+00 2.763843519651337122e+00 -3.161974355666978265e-01
1.593142994988670402e+00 2.763295870078087191e+00 -3.148742629997396958e-01
1.593785139168042431e+00 2.763081603156643418e+00 -3.144334037753248046e-01
1.596167965887735241e+00 2.762345365894149030e+00 -3.129164505735715918e-01
1.598547038939386766e+00 2.761612622483238244e+00 -3.116987520665178701e-01
1.600926338724344866e+00 2.760881269489948941e+00 -3.106306389542193291e-01
1.603133256180229171e+00 2.760209130652779397e+00 -3.099138039102637965e-01
1.604844000000466675e+00 2.759681190660915107e+00 -3.091141796908198902e-01
1.605360673121099646e+00 2.759516388331237469e+00 -3.087185973651532800e-01
1.608024803463249164e+00 2.758674746524294008e+00 -3.061965178882386507e-01
1.608151978379702474e+00 2.758634066682595254e+00 -3.060660369299908479e-01
1.610456624745701282e+00 2.757910969520333655e+00 -3.038245188194640400e-01
1.612711885555026203e+00 2.757216325666469459e+00 -3.019439541675488226e-01
1.614507340323322993e+00 2.756674727279348591e+00 -3.005053216230368363e-01
1.615403608389291978e+00 2.756408111033743058e+00 -2.998394128646250656e-01
1.617702649691630690e+00 2.755713687411425195e+00 -2.982257963394299161e-01
1.620074158433445710e+00 2.754997667621639224e+00 -2.968678626646774066e-01
1.621852545255853872e+00 2.754477022119831364e+00 -2.959061008362462442e-01
1.622621506720494322e+00 2.754246336245302018e+00 -2.955439938343556450e-01
1.625111336635158832e+00 2.753528121063546941e+00 -2.944731506231443308e-01
1.625177234708008678e+00 2.753509816283847389e+00 -2.944516449613058806e-01
1.627390358625203648e+00 2.752873095034152229e+00 -2.935719621357880671e-01
1.629689786202785484e+00 2.752162803332208973e+00 -2.913468791293440385e-01
1.631906002046995763e+00 2.751494244572135983e+00 -2.887529930442030990e-01
1.632219557909807328e+00 2.751403023722663654e+00 -2.883827859875203181e-01
1.634565066804292144e+00 2.750720058571372029e+00 -2.858374953217087677e-01
1.636799720020782445e+00 2.750083366217581649e+00 -2.840090225852870409e-01
1.639023919275070185e+00 2.749447289023938090e+00 -2.823031564393295723e-01
1.640794951346501218e+00 2.748954543005701190e+00 -2.810670765413641470e-01
1.641488820246514990e+00 2.748763212480742624e+00 -2.806167761338307920e-01
1.643934095632295644e+00 2.748079406515653744e+00 -2.788600641827693183e-01
1.646681034298528967e+00 2.747309075597438532e+00 -2.748176587790457370e-01
1.648996319630391172e+00 2.746679241969437246e+00 -2.701122544928705183e-01
1.651381124141064971e+00 2.746025536673035283e+00 -2.645761290505119767e-01
1.653912862389303129e+00 2.745341541820660147e+00 -2.586959514082259326e-01
1.656292440605305671e+00 2.744721172789950536e+00 -2.521990541579937628e-01
1.658573038391768950e+00 2.744125652336672605e+00 -2.443754626087704107e-01
1.660515042529488339e+00 2.743647501569799196e+00 -2.385039056583324879e-01
1.660577322310230697e+00 2.743633534693675102e+00 -2.383402183087307280e-01
1.662726821208269090e+00 2.743120065007145225e+00 -2.335422916856163822e-01
1.664867125551552807e+00 2.742610592648174972e+00 -2.299870634295942684e-01
1.666583972198386610e+00 2.742212591861992177e+00 -2.272525404122103243e-01
1.667258708693573066e+00 2.742059282282625965e+00 -2.263089749427708020e-01
1.669406479191154258e+00 2.741566731446584360e+00 -2.237812028009814880e-01
1.671548324143709241e+00 2.741097352300720047e+00 -2.216859532817229694e-01
1.674215385856590466e+00 2.740531891414715648e+00 -2.193007384708832719e-01
1.676380241569467078e+00 2.740104453862429512e+00 -2.176518945336879118e-01
1.678580970214216483e+00 2.739708623771037299e+00 -2.163232399192561439e-01
1.680912068723228181e+00 2.739216850417336868e+00 -2.143132361119512164e-01
1.683313583187941997e+00 2.738691806675957352e+00 -2.104902129212493644e-01
1.689179793731308443e+00 2.737468886149177383e+00 -2.011557740413610906e-01
1.690160699222602148e+00 2.737263231776084105e+00 -1.996220896762786190e-01
1.692410479298613657e+00 2.736825339586585137e+00 -1.962052878359555053e-01
1.694614933610909091e+00 2.736420102887472616e+00 -1.941288097893495990e-01
1.696679382018068782e+00 2.736058644475871215e+00 -1.926729851876912147e-01
1.696736129424757600e+00 2.736046441553689146e+00 -1.926377316839882614e-01
1.698857259227021910e+00 2.735693786323625254e+00 -1.917137477925792144e-01
1.701235758169378887e+00 2.735304651905676732e+00 -1.911235241385903783e-01
1.703297533115013973e+00 2.734951339596767284e+00 -1.906925170955610371e-01
1.704895331087131538e+00 2.734678220207775290e+00 -1.903138566313766489e-01
1.705858293650234003e+00 2.734495311847758625e+00 -1.895788182865443261e-01
1.708175413753703298e+00 2.734059127831577563e+00 -1.862751392017713004e-01
1.708236832368242197e+00 2.734048224383064607e+00 -1.861754676431176259e-01
1.710409581428149473e+00 2.733641782680749088e+00 -1.827321485951353408e-01
1.712826833608283472e+00 2.733194876770416837e+00 -1.794534054205582929e-01
1.714923947785912839e+00 2.732823760637189014e+00 -1.768299987917852645e-01
1.716589369349490912e+00 2.732544261112805462e+00 -1.749592046536322110e-01
1.717187814215839881e+00 2.732434638626127565e+00 -1.743469633951979236e-01
1.719262104694187387e+00 2.732069970761317634e+00 -1.722163774843339656e-01
1.721451356178790304e+00 2.731705036469128878e+00 -1.705129789096129500e-01
1.723094744647570842e+00 2.731449568920494286e+00 -1.693625688264480400e-01
1.723503509434741954e+00 2.731383650489714210e+00 -1.691180720131114368e-01
1.725498302991762767e+00 2.731103934182325332e+00 -1.681176992771753198e-01
1.727578218788124342e+00 2.730788027209512414e+00 -1.674176216305564013e-01
1.729757569405445672e+00 2.730439750939909871e+00 -1.663126599496722036e-01
1.729877360541600684e+00 2.730416388624261614e+00 -1.662047462637878115e-01
1.731873939944357010e+00 2.730077817640064186e+00 -1.634916335241231866e-01
1.733973035646863670e+00 2.729733657180180462e+00 -1.596070096148085316e-01
1.735994119144523840e+00 2.729416029373952224e+00 -1.557823244917838912e-01
1.738121361979449997e+00 2.729082952378158122e+00 -1.524725653505798473e-01
1.739721143863460995e+00 2.728842816245801384e+00 -1.504099521305316267e-01
1.740364372955654604e+00 2.728747357211971369e+00 -1.496339009580360258e-01
1.742358068016934824e+00 2.728465763374412489e+00 -1.473558537480440245e-01
1.744683193803445942e+00 2.728165256694023988e+00 -1.453028889623388664e-01
1.746902170690577627e+00 2.727859727120398148e+00 -1.436135430682534686e-01
1.748927963808890373e+00 2.727609876056593663e+00 -1.422870502939498627e-01
1.749043923766502751e+00 2.727595386242559261e+00 -1.422184439026017988e-01
1.751061924341573928e+00 2.727340839339550183e+00 -1.411850329412943361e-01
1.753031152369282530e+00 2.727110666937857530e+00 -1.405894611708440045e-01
1.755213806607818006e+00 2.726856676851207251e+00 -1.394460180108136049e-01
1.757410280627834664e+00 2.726546913364358282e+00 -1.361112678660955366e-01
1.759356998215084511e+00 2.726281863980931419e+00 -1.321705057377653980e-01
1.761317511884480158e+00 2.726023375409400540e+00 -1.286235544350035342e-01
1.761545897962055740e+00 2.725995215278457451e+00 -1.282048180152726424e-01
1.763936800502192259e+00 2.725697866599172237e+00 -1.247405254451060125e-01
1.766079953940317360e+00 2.725429428335413462e+00 -1.221491312368614413e-01
1.768398365613796042e+00 2.725157668034145608e+00 -1.196771462417616089e-01
1.770407259029357583e+00 2.724949780058208315e+00 -1.178444548492464383e-01
1.772762801951601297e+00 2.724716133217773617e+00 -1.160765729123759971e-01
1.774339826552630672e+00 2.724557828446364738e+00 -1.147235485769031865e-01
1.774855435484820720e+00 2.724495809285000458e+00 -1.140613678535568332e-01
1.776911417864657672e+00 2.724267977312806011e+00 -1.100491048998970683e-01
1.779371870577949988e+00 2.724010915135414823e+00 -1.027317479557806057e-01
1.781479625784380794e+00 2.723787422773069622e+00 -9.514312492444289282e-02
1.783781793419167316e+00 2.723582856764273696e+00 -8.646451012117564727e-02
1.785766705713272007e+00 2.723415193850079241e+00 -7.835960205053241201e-02
1.787720422603801929e+00 2.723265791520922630e+00 -6.999765383472338065e-02
1.787775507402108666e+00 2.723262609013578306e+00 -6.977245363624369479e-02
1.789980890847826300e+00 2.723121049103483848e+00 -6.152839244620908477e-02
1.791983740266258174e+00 2.723001210299272667e+00 -5.387527470275305097e-02
1.794162379279940822e+00 2.722881427999022996e+00 -4.524274489574547226e-02
1.796094516844096933e+00 2.722804839926254328e+00 -3.852757204347096592e-02
1.798240996733628805e+00 2.722733024204033736e+00 -3.253109915897457044e-02
1.800314587388214482e+00 2.722676501252337289e+00 -2.789796881333319462e-02
1.800535998217029698e+00 2.722672117174911310e+00 -2.745825712557672937e-02
1.802548030571241355e+00 2.722637407675325694e+00 -2.335797006214497540e-02
1.805036344427561890e+00 2.722583404204190316e+00 -1.698129518147349984e-02
1.807220976645622201e+00 2.722545686474358018e+00 -1.031716353661364313e-02
1.809198556028790428e+00 2.722530107441655911e+00 -4.019901985148981692e-03
1.811075249890669925e+00 2.722523489689209875e+00 1.033035438067304943e-03
1.813045784981401454e+00 2.722538032421790266e+00 5.157422220373806057e-03
1.815197108539044368e+00 2.722582436588946386e+00 9.108511428465753887e-03
1.817120234540342771e+00 2.722640776610481872e+00 1.216094697660364404e-02
1.817336452543250491e+00 2.722643370877258828e+00 1.246599402815357777e-02
1.819337721206632175e+00 2.722721188192206654e+00 1.436184472969107180e-02
1.821375183139743115e+00 2.722796796698713884e+00 1.565102414008791992e-02
1.823241917336616780e+00 2.722880008536094021e+00 1.657613782114206874e-02
1.825234673033037769e+00 2.722968301318533957e+00 1.722287883188715688e-02
1.825341882196328758e+00 2.722975102031845118e+00 1.724605503007934845e-02
1.827293900028872375e+00 2.723041674319402805e+00 1.775841678979595342e-02
1.827510780070404461e+00 2.723047984367849228e+00 1.788878947799157210e-02
1.829415852257885611e+00 2.723098080911964924e+00 2.047925442043033173e-02
1.831280816533809475e+00 2.723122148669298248e+00 2.470720063572120345e-02
1.833638426271986255e+00 2.723191305709651289e+00 3.055250005673038408e-02
1.835123209891161622e+00 2.723239737087059353e+00 3.388903226739616720e-02
1.835774045535643717e+00 2.723266163284796981e+00 3.526279583686270369e-02
1.837657166281803534e+00 2.723336355686666987e+00 3.904166583835024656e-02
1.839587582176477776e+00 2.723423235139267984e+00 4.172965751641883464e-02
1.841413446643003882e+00 2.723527987302357012e+00 4.395805310359646167e-02
1.843336762340116675e+00 2.723655719083312388e+00 4.584661528392235119e-02
1.845442807949958297e+00 2.723807180870184030e+00 4.738338973421804545e-02
1.847178499351654679e+00 2.723943179930080838e+00 4.829181269921598019e-02
1.848554354941341460e+00 2.724055132204425966e+00 4.900539406527948394e-02
1.850393419246384230e+00 2.724188198425304464e+00 4.946898453059236228e-02
1.853826849609068184e+00 2.724444647839344036e+00 5.035692832333284186e-02
1.855235668474305211e+00 2.724532155645235321e+00 5.071761972981942562e-02
1.855764062092890576e+00 2.724558669028030344e+00 5.109938224163790982e-02
1.857993228040186517e+00 2.724667412939097755e+00 5.441463605889673705e-02
1.860041991422211938e+00 2.724787487790502283e+00 5.929675357352930110e-02
1.861905772591256003e+00 2.724911367978065435e+00 6.355498631803387088e-02
1.864091190326227387e+00 2.725056441908701998e+00 6.782414135540987266e-02
1.866066407938984373e+00 2.725215356611294659e+00 7.075584098687776047e-02
1.867943793283276754e+00 2.725395906457591444e+00 7.285712733834083521e-02
1.869676514420117730e+00 2.725568906855553308e+00 7.311854522601059225e-02
1.869770726814167450e+00 2.725575110299816028e+00 7.303480704910235433e-02
1.871137348532573741e+00 2.725730297423623050e+00 7.151162626205126438e-02
1.872143553605957411e+00 2.725829980159683252e+00 6.828153720107382751e-02
1.873567460220276981e+00 2.725928533135342668e+00 6.172267377003916311e-02
1.875400285204167794e+00 2.726089776425514533e+00 5.356958382008963904e-02
1.877073521313331828e+00 2.726205925657567697e+00 4.585120471442177131e-02
1.878835813609990746e+00 2.726318253471553543e+00 3.784418825301191086e-02
1.880705863200312633e+00 2.726419121703131943e+00 3.180575652419447702e-02
1.882678541084380708e+00 2.726538693542673197e+00 2.866607236719315166e-02
1.882956317044696348e+00 2.726552523035942421e+00 2.845228939566640455e-02
1.884850560099934125e+00 2.726651114772360884e+00 2.772035114309978621e-02
1.887038424650952173e+00 2.726729095103903155e+00 2.804935509745026812e-02
1.888513352644951571e+00 2.726778266726582522e+00 2.834348641686220555e-02
1.888891796462849104e+00 2.726788266927217208e+00 2.842320185147723111e-02
1.890848061212056397e+00 2.726862408503354374e+00 2.880375274121820331e-02
1.891066361619008207e+00 2.726865631299321802e+00 2.882931486881499389e-02
1.893239851072962887e+00 2.726945533620354301e+00 2.911196576148285600e-02
1.893294590617808471e+00 2.726948462663228323e+00 2.911910622005704080e-02
1.895301402285818781e+00 2.727016865918734823e+00 2.934043107542556178e-02
1.897311173102064208e+00 2.727083252992926088e+00 2.951808875922838638e-02
1.899157026673022663e+00 2.727130874430141461e+00 2.968345359749892040e-02
1.900626225406886416e+00 2.727168025105747518e+00 2.978057452339191724e-02
1.901118269079228318e+00 2.727185415868874419e+00 2.980575611275851355e-02
1.903244323219690948e+00 2.727227434399383199e+00 3.016468611180523132e-02
1.905412632932418582e+00 2.727284457946009155e+00 3.235044522239948622e-02
1.907588398605423841e+00 2.727359638122885066e+00 3.629031484344918262e-02
1.909640212448700414e+00 2.727433329229663528e+00 4.091272225347308833e-02
1.911786539093546011e+00 2.727517142958077123e+00 4.547450425862144263e-02
1.913781126031647961e+00 2.727619792105547170e+00 4.895938277477084044e-02
1.915848943769816071e+00 2.727732097888773133e+00 5.174000701059758983e-02
1.915903448238720497e+00 2.727734992166236605e+00 5.180599835446488693e-02
1.917861526394245786e+00 2.727843353660438286e+00 5.392796941653532627e-02
1.918074582800367356e+00 2.727854678825930801e+00 5.409093679497093549e-02
1.920007114228384770e+00 2.727964077001550081e+00 5.533905426172842923e-02
1.921830358945691763e+00 2.728079994326634949e+00 5.629892844692668818e-02
1.923700021115133385e+00 2.728207248421039122e+00 5.720133706296993276e-02
1.923806410020794999e+00 2.728217112639902631e+00 5.725076733344353075e-02
1.925937428195731327e+00 2.728375068224195843e+00 5.808486145471662698e-02
1.927864285530226152e+00 2.728503613048804510e+00 5.862100975397175479e-02
1.930102428672215709e+00 2.728621303599950032e+00 6.010040653270013605e-02
1.932171222882560713e+00 2.728751911869187197e+00 6.375747528479741577e-02
1.933713285778387858e+00 2.728847707551754098e+00 6.738210568177629978e-02
1.934379675629840589e+00 2.728890502025548948e+00 6.890608193861387509e-02
1.936516778729588051e+00 2.729042916880579206e+00 7.374231567275725541e-02
1.938554750992451225e+00 2.729198346150970345e+00 7.723054972334074397e-02
1.940629895837247876e+00 2.729365987223059342e+00 8.025462532232034707e-02
1.942064099525145027e+00 2.729481012556849162e+00 8.190535352882520603e-02
1.942550887022185702e+00 2.729526036249297238e+00 8.238666280201727143e-02
1.944564235943130104e+00 2.729704331484385182e+00 8.421386317309532965e-02
1.946454379875806051e+00 2.729898416885424339e+00 8.550484244582474969e-02
1.948291561984807352e+00 2.730083626979791234e+00 8.655314265048068278e-02
1.949745790779001675e+00 2.730244193858081481e+00 8.730275378635282690e-02
1.950218458634126240e+00 2.730303068912491860e+00 8.750541685905713352e-02
1.951641780771455448e+00 2.730458695737892683e+00 8.800470819029226899e-02
1.952212362483443986e+00 2.730521702776918858e+00 8.817397219655503937e-02
1.954060800447254831e+00 2.730690307270654760e+00 8.961826499096266219e-02
1.956003325223284683e+00 2.730865481695369912e+00 9.249348748075163218e-02
1.958075467293676875e+00 2.731048858855159356e+00 9.675293396166100013e-02
1.959992444161033687e+00 2.731245332147305582e+00 1.008519252148822598e-01
1.962065845610307946e+00 2.731464258146909962e+00 1.047044297071086510e-01
1.964012989609393411e+00 2.731665914430206232e+00 1.077199255233873554e-01
1.965479756302065617e+00 2.731830849628280600e+00 1.095352840363649771e-01
1.966008301261577884e+00 2.731891552173033144e+00 1.101120194497570565e-01
1.967932016430795628e+00 2.732135098411895058e+00 1.118436346882555332e-01
1.970054696767177038e+00 2.732423737273591335e+00 1.134355580223237597e-01
1.970106162884304402e+00 2.732427868384551317e+00 1.134719681559337584e-01
1.972092589062243384e+00 2.732702964725354899e+00 1.147547139284129103e-01
1.973937493185564662e+00 2.732952767523399995e+00 1.156855431555699337e-01
1.976052669048691701e+00 2.733235161746143671e+00 1.165228502878364603e-01
1.977940439694773733e+00 2.733496670738146950e+00 1.171485061094684199e-01
1.977990382305569117e+00 2.733507956925183890e+00 1.171599325288098792e-01
1.979689014858983853e+00 2.733751035942185048e+00 1.176522436046820719e-01
1.981561255385432929e+00 2.733970234255163945e+00 1.196205088416774504e-01
1.987605660073514802e+00 2.734727752837073922e+00 1.327422587300549628e-01
1.989512941354581788e+00 2.734982987020755818e+00 1.367250821594778731e-01
1.991609519351506430e+00 2.735293308054589367e+00 1.404279770754353895e-01
1.993516795472749514e+00 2.735591370355809016e+00 1.423736369359688003e-01
1.995408959609263899e+00 2.735901680104252609e+00 1.434368085481558530e-01
1.997180988680146818e+00 2.736208913401032117e+00 1.441669880910805834e-01
1.999106848999176789e+00 2.736542648451481874e+00 1.446699507735176859e-01
2.000853882780246895e+00 2.736823788209766128e+00 1.449526796176197618e-01
2.002598348684383467e+00 2.737129723614203147e+00 1.450319744571137714e-01
2.004612792829151502e+00 2.737465289028329529e+00 1.454684799783724780e-01
2.006468015463758192e+00 2.737712926129655777e+00 1.476770837307432027e-01
2.008401239093324797e+00 2.738003626949824465e+00 1.514840487083748966e-01
2.010250155261275040e+00 2.738293803601009824e+00 1.551241792812855513e-01
2.012172646534819975e+00 2.738598222853253716e+00 1.583049617250658070e-01
2.014019696431216033e+00 2.738895288692527519e+00 1.606684019744838987e-01
2.016021993403244839e+00 2.739232056618183808e+00 1.628249687254295919e-01
2.017407540980570957e+00 2.739476093012671143e+00 1.641161035074889529e-01
2.017915455063310937e+00 2.739572493327480984e+00 1.645472029086634536e-01
2.019737867006136334e+00 2.739914020177062426e+00 1.659403740158227059e-01
2.021619441299955966e+00 2.740277881027272322e+00 1.669739216797345993e-01
2.023406532453736695e+00 2.740611028811499761e+00 1.677186221827298984e-01
2.025117617628245270e+00 2.740939298051766393e+00 1.683578738594138369e-01
2.027031351465112152e+00 2.741319771013972506e+00 1.688597882298694119e-01
2.027129374674594420e+00 2.741336012517318732e+00 1.688782751973385843e-01
2.028977514010728900e+00 2.741654383115635696e+00 1.701211808643857126e-01
2.030959248241331672e+00 2.741987437792853033e+00 1.733198958049865790e-01
2.032874698117010936e+00 2.742323563125290686e+00 1.770389651826094479e-01
2.034252934369387589e+00 2.742573795138083526e+00 1.796051419465885257e-01
2.035033517575866924e+00 2.742714949047896589e+00 1.808394072205117553e-01
2.036835266108270925e+00 2.743045142785282220e+00 1.834857340564766681e-01
2.038719414776883454e+00 2.743406923217831750e+00 1.854980346605063779e-01
2.040558135735109246e+00 2.743754960369160667e+00 1.872695532338475299e-01
2.042289201273056243e+00 2.744085926404356002e+00 1.887899194802731273e-01
2.044034863008072467e+00 2.744461099421379391e+00 1.899672684707439663e-01
2.046055872405190712e+00 2.744881437833947668e+00 1.910266761456095863e-01
2.047809940706644127e+00 2.745261231332031038e+00 1.917706824245113129e-01
2.048155717714497115e+00 2.745341364768933090e+00 1.919055220338322099e-01
2.050183634022066936e+00 2.745775534192718581e+00 1.924444954068653402e-01
2.051965140968199819e+00 2.746174444244076529e+00 1.927276799654965567e-01
2.054034891946256547e+00 2.746598535093339510e+00 1.938059162857630746e-01
2.056127104802894401e+00 2.747006713882999662e+00 1.970694610330646912e-01
2.057979789813725091e+00 2.747371010928922441e+00 2.002879817889395841e-01
2.059818629290337988e+00 2.747751417884590097e+00 2.031729118099914189e-01
2.061496580895300301e+00 2.748099027485090051e+00 2.055232076445540346e-01
2.063257669007255046e+00 2.748474810343261687e+00 2.074311042355167223e-01
2.064662929431504423e+00 2.748790306414607088e+00 2.087448171956168830e-01
2.065311210669227293e+00 2.748941381766708769e+00 2.092905211815428712e-01
2.067112486376606384e+00 2.749358600825572818e+00 2.106887555883031060e-01
2.068854676684099392e+00 2.749768940279798457e+00 2.116988307098213729e-01
2.070976652235756887e+00 2.750279322417216399e+00 2.127746631230704177e-01
2.072764767035847111e+00 2.750696430468817510e+00 2.134675895219805275e-01
2.074523431451392508e+00 2.751120034899546596e+00 2.138757198842738960e-01
2.074673648187956410e+00 2.751152435283100051e+00 2.139255041796391810e-01
2.075932297014215777e+00 2.751461952649128850e+00 2.129007173568813749e-01
2.077465660162802763e+00 2.751804414444779301e+00 2.076946218528763211e-01
2.078842624673767681e+00 2.752128126773909500e+00 2.007510600004823731e-01
2.080467750099361801e+00 2.752441518493771166e+00 1.931115646543698494e-01
2.081723998103564455e+00 2.752729849438461329e+00 1.877424550267222936e-01
2.082417406089504652e+00 2.752877768553188442e+00 1.851421188473297008e-01
2.084110638956602202e+00 2.753259102513322176e+00 1.793211479522458518e-01
2.085833676651434487e+00 2.753612148779011726e+00 1.752656070793734699e-01
2.087682099659103674e+00 2.753980801908008313e+00 1.719654373765872601e-01
2.089541180938150333e+00 2.754354749870591146e+00 1.694006472390737761e-01
2.091194281675722522e+00 2.754683900297324683e+00 1.678886779762457926e-01
2.092600836081447646e+00 2.754967141856430324e+00 1.668445492720148637e-01
2.092902934323620734e+00 2.755027097749958909e+00 1.666432503643442975e-01
2.094731825068844699e+00 2.755357285364521847e+00 1.655701629510839545e-01
2.096513831678544992e+00 2.755672978178880239e+00 1.647960857885370778e-01
2.098344151603630525e+00 2.755978252782671500e+00 1.640880837230477285e-01
2.100438209502180520e+00 2.756319787037807334e+00 1.633670181913592090e-01
2.102234824827477588e+00 2.756609844007018140e+00 1.628798071513057888e-01
2.104336075143280915e+00 2.756943625114648633e+00 1.630217045996148195e-01
2.106573163332992493e+00 2.757293406315694195e+00 1.655914049373711505e-01
2.112224560763396042e+00 2.758269926313680731e+00 1.748882577435633690e-01
2.112426241038614094e+00 2.758307537463213777e+00 1.752326391014679685e-01
2.114197859238911015e+00 2.758626054883338785e+00 1.778438686364218757e-01
2.115560258868994126e+00 2.758874853966231999e+00 1.788755137544210116e-01
2.116275438937071485e+00 2.758999657201275824e+00 1.792958365401499110e-01
2.118260438894895792e+00 2.759367594671264357e+00 1.803205001096218063e-01
2.120140256476152452e+00 2.759710148195186008e+00 1.809132020258645279e-01
2.122023690787050221e+00 2.760050381135245257e+00 1.813857025042078241e-01
2.124044950803270382e+00 2.760429627816325837e+00 1.818215339431301092e-01
2.125917344464429704e+00 2.760790042916434928e+00 1.821704829220197053e-01
2.128087388035329042e+00 2.761212955273422143e+00 1.825058042025225757e-01
2.130225894672722831e+00 2.761593158989159136e+00 1.839261239537144932e-01
2.132265693134167250e+00 2.761971192009763598e+00 1.873889674592243149e-01
2.134087692529114122e+00 2.762324006933015053e+00 1.904268510135656012e-01
2.135952759187678573e+00 2.762691825561389258e+00 1.932300534135796000e-01
2.138024792146527631e+00 2.763098357702987062e+00 1.956900492266159253e-01
2.139893175099476075e+00 2.763475945599228378e+00 1.975456119376044761e-01
2.141813666566065422e+00 2.763861764612085548e+00 1.988475789645511305e-01
2.143658059135695293e+00 2.764239330048900101e+00 1.999279089884717364e-01
2.145010494460044992e+00 2.764529894433607193e+00 2.005997828130363092e-01
2.145909367482031094e+00 2.764719612061699028e+00 2.009805500371691644e-01
2.147311689409886704e+00 2.765021106640155768e+00 2.015117162085365565e-01
2.147660499800224443e+00 2.765095608924448722e+00 2.016380522753296600e-01
2.149352513510581986e+00 2.765465982488481966e+00 2.021822732127253885e-01
2.151084471925703845e+00 2.765850150183527756e+00 2.027048821425537772e-01
2.152826467323496029e+00 2.766238749990934664e+00 2.031751848923366577e-01
2.154645696281098477e+00 2.766623346670709083e+00 2.039507454244151585e-01
2.154855578740903166e+00 2.766664111302731044e+00 2.041328719933517555e-01
2.156754674951902206e+00 2.767060860146445922e+00 2.067380889279924472e-01
2.158408759475601180e+00 2.767405513865932143e+00 2.092963366201584519e-01
2.160125169167621539e+00 2.767775381540382273e+00 2.117011225217352022e-01
2.161899741905175532e+00 2.768165883992432352e+00 2.136370752872031320e-01
2.163950483785547885e+00 2.768620734000445616e+00 2.155781046658566957e-01
2.165790342246163291e+00 2.769021139764764161e+00 2.170425101673607859e-01
2.167718486825598312e+00 2.769456571698961422e+00 2.183462098690382436e-01
2.167769266530907402e+00 2.769468092253737357e+00 2.183776362996485976e-01
2.169501288483985491e+00 2.769873418224166883e+00 2.194087682241155635e-01
2.171229372332241336e+00 2.770283648342305671e+00 2.202169334047164584e-01
2.173005850298872943e+00 2.770712522049249227e+00 2.209852522717444256e-01
2.175001640122116164e+00 2.771165010225520753e+00 2.217886184579512809e-01
2.176795607184598857e+00 2.771574402620894606e+00 2.223611990282479967e-01
2.178648557194638347e+00 2.771989981055082986e+00 2.235457775683158399e-01
2.180031348195643481e+00 2.772298532452419195e+00 2.252668974195131957e-01
2.180626781782680546e+00 2.772443718374209887e+00 2.261045153310651257e-01
2.182577470801870589e+00 2.772897486009425982e+00 2.286287997159429930e-01
2.184535023486311012e+00 2.773347389255667483e+00 2.306849527913596987e-01
2.186374210446679456e+00 2.773783416496854670e+00 2.324131946181528519e-01
2.188196267959295671e+00 2.774220059755097001e+00 2.339275380133492566e-01
2.189829242998401870e+00 2.774625061371668533e+00 2.350328658949096816e-01
2.191455067168320170e+00 2.775035179448428480e+00 2.360364529601627626e-01
2.193286949427347921e+00 2.775473928011884528e+00 2.370303321986746148e-01
2.195175258190598111e+00 2.775967259045899471e+00 2.373340482637242843e-01
2.196509556632502136e+00 2.776339205585543812e+00 2.360183332722752270e-01
2.197719458601937959e+00 2.776694650402595776e+00 2.317710811573779894e-01
2.198547752731899507e+00 2.776881840401274282e+00 2.274313153352293393e-01
2.199171988640223674e+00 2.777036201536488225e+00 2.242855411346196537e-01
2.200761696818401170e+00 2.777376341438198448e+00 2.160182976827247359e-01
2.202635797594361122e+00 2.777844579845309525e+00 2.068236371027238618e-01
2.204428587457151423e+00 2.778257239389978928e+00 1.992459051027781480e-01
2.205837795246385014e+00 2.778567460217805873e+00 1.953516708707302985e-01
2.206284940186507892e+00 2.778664861092432936e+00 1.945383386890733868e-01
2.208095022955769871e+00 2.779082019602737930e+00 1.919871704642726884e-01
2.209896747783123061e+00 2.779450191383518121e+00 1.909480263563656799e-01
2.211702456737043576e+00 2.779801249017777032e+00 1.903566725517855385e-01
2.213032764510257877e+00 2.780050019458208954e+00 1.901242042747938454e-01
2.213731631388547783e+00 2.780184982527187820e+00 1.900344588589902295e-01
2.215503144938739677e+00 2.780523072195093537e+00 1.899254257408616309e-01
2.215802924053535072e+00 2.780582348131527493e+00 1.899149444868483139e-01
2.217545100194935337e+00 2.780920549125249330e+00 1.899025177108809581e-01
2.219497307215611670e+00 2.781286215006002038e+00 1.899123733532746550e-01
2.220840198411909050e+00 2.781536475479612580e+00 1.899597135875907561e-01
2.221538588574953010e+00 2.781672747458985739e+00 1.899862610266950524e-01
2.223474182506446795e+00 2.782044539568166996e+00 1.901586172043885914e-01
2.225265450615388385e+00 2.782399243180015080e+00 1.903703410293916265e-01
2.227075135711033216e+00 2.782747649522242739e+00 1.905732180607966342e-01
2.228894474155066696e+00 2.783081241966490538e+00 1.911691868633980107e-01
2.229165193692721036e+00 2.783135897013544469e+00 1.913749856350535905e-01
2.231145910229225038e+00 2.783523832838719514e+00 1.938585538989066326e-01
2.236596507811266399e+00 2.784616043868852753e+00 2.017317958034277325e-01
2.236695046861165270e+00 2.784636371960439227e+00 2.018746778558059840e-01
2.238425284600638498e+00 2.784992721042285346e+00 2.038568125234561101e-01
2.240271759932499940e+00 2.785367378217905809e+00 2.048937879445936472e-01
2.241986878066658306e+00 2.785724924136452785e+00 2.057833309757257367e-01
2.243916497758132511e+00 2.786128996423419046e+00 2.064706924349589690e-01
2.245688418918928342e+00 2.786499092169268277e+00 2.070532373204914955e-01
2.247076881629221035e+00 2.786787372804129248e+00 2.074521133878866053e-01
2.247613331189967312e+00 2.786899909911074502e+00 2.076194954824654160e-01
2.249659006156842445e+00 2.787330343754394146e+00 2.082657121749180440e-01
2.249706877454840548e+00 2.787340819818489912e+00 2.082814984732905272e-01
2.251697732861514645e+00 2.787760351595927499e+00 2.089028774786363118e-01
2.253407086781338275e+00 2.788131016905868620e+00 2.093838491514994349e-01
2.255117393229893352e+00 2.788495421083643233e+00 2.102205731672875111e-01
2.256933382422228629e+00 2.788875933307879862e+00 2.124996425909199405e-01
2.257029117873269541e+00 2.788897125896192097e+00 2.126328812723854433e-01
2.258736706465062305e+00 2.789269219052388227e+00 2.147170444086358987e-01
2.260644882584561088e+00 2.789690603983236095e+00 2.167682135778848662e-01
2.261961188514005627e+00 2.789977961769603887e+00 2.180903287314725769e-01
2.262561172330707748e+00 2.790116020644728412e+00 2.185904965368481445e-01
2.264364111211541797e+00 2.790510386802691034e+00 2.200824941422502290e-01
2.266115086521723221e+00 2.790899251009902660e+00 2.212200963473692217e-01
2.267801428680852549e+00 2.791282974595771460e+00 2.222621646170813148e-01
2.269101105562864262e+00 2.791577158726937569e+00 2.229889603120754626e-01
2.269629580769739086e+00 2.791696687429757073e+00 2.232747271937264855e-01
2.271355230866141994e+00 2.792091762815424705e+00 2.241471595232447100e-01
2.273043960156534204e+00 2.792479045567975771e+00 2.248830370656918765e-01
2.274653851332367527e+00 2.792836209830219296e+00 2.255501234979480074e-01
2.274701383056296322e+00 2.792846124361352711e+00 2.255664865038941591e-01
2.276394634219116142e+00 2.793253120478493390e+00 2.261905814710327145e-01
2.278217374743529255e+00 2.793690111854073788e+00 2.268388637227326532e-01
2.280027327319402275e+00 2.794108436706717935e+00 2.279524987239441303e-01
2.281724029252322428e+00 2.794504101378678218e+00 2.298601774525012298e-01
2.283480770742753130e+00 2.794918064639085209e+00 2.316986811110075262e-01
2.285465585155177060e+00 2.795384425804826822e+00 2.335939154217165359e-01
2.287430135784510377e+00 2.795861388787251656e+00 2.350987481448202909e-01
2.289204612677175898e+00 2.796286804205072141e+00 2.363996757903947254e-01
2.290488811634122879e+00 2.796597924440891170e+00 2.372651429093407538e-01
2.291203794157357088e+00 2.796771190334225832e+00 2.377324563660594692e-01
2.292874370991179411e+00 2.797173777034394071e+00 2.387421772428904021e-01
2.292972693590683342e+00 2.797198096546984480e+00 2.387930999852131420e-01
2.294655448003949605e+00 2.797599250350807143e+00 2.396670897867005101e-01
2.296196991427849277e+00 2.797969319770313934e+00 2.404291805136035687e-01
2.296389499527207612e+00 2.798015026975009256e+00 2.405249353971817272e-01
2.298130008325237839e+00 2.798428488170781048e+00 2.413898251105240367e-01
2.300044141023586786e+00 2.798895958261033101e+00 2.422615695124964441e-01
2.301819164031242426e+00 2.799327503371022985e+00 2.430077550974814593e-01
2.303125331634202411e+00 2.799642584153696045e+00 2.436387534608171757e-01
2.303613894567612341e+00 2.799758596112541298e+00 2.440219647639095268e-01
2.305398075803222202e+00 2.800197196777401754e+00 2.455964472942964993e-01
2.307240106489861553e+00 2.800673348447765498e+00 2.471197434019068717e-01
2.308969058561707755e+00 2.801132140407406546e+00 2.479966132245687016e-01
2.310287215047305054e+00 2.801529808357196671e+00 2.471876119905265790e-01
2.310331105857069911e+00 2.801541792284518717e+00 2.471147160455455793e-01
2.311588260352733126e+00 2.801846779515707375e+00 2.439122950388570299e-01
2.312793555792945988e+00 2.802159635713870944e+00 2.380476143089248209e-01
2.314373882661882487e+00 2.802549052018671993e+00 2.295703127694734558e-01
2.314416421634041932e+00 2.802556671874143479e+00 2.293420660138041078e-01
2.316009563998243870e+00 2.802954951623195079e+00 2.223064610522346163e-01
2.317634730803053600e+00 2.803372879311001764e+00 2.168853456311782557e-01
2.319174143493232254e+00 2.803753070018836002e+00 2.121978884017235445e-01
2.319361104478734781e+00 2.803796406813080289e+00 2.117162418091643739e-01
2.321258873280620527e+00 2.804263676540724504e+00 2.081913289477200224e-01
2.321305601238676797e+00 2.804273361324954639e+00 2.081277082798514977e-01
2.322986455340083189e+00 2.804680407759363447e+00 2.062074295573910476e-01
2.324622228909283272e+00 2.805062598629392667e+00 2.048146828862888735e-01
2.325954325657723309e+00 2.805361814808931431e+00 2.038122479659300046e-01
2.326237968551092994e+00 2.805424996457507092e+00 2.036268561997960358e-01
2.327762037394498051e+00 2.805752372783680837e+00 2.028582469352039341e-01
2.329789764296484655e+00 2.806159002188465479e+00 2.032115898512563135e-01
2.331582949956512607e+00 2.806537240628764529e+00 2.038849187811546948e-01
2.333155587399590836e+00 2.806854980317542214e+00 2.046502416586110096e-01
2.334985308617124389e+00 2.807246998595877674e+00 2.055237441971604073e-01
2.335081419735753450e+00 2.807264597362514102e+00 2.055656653747188478e-01
2.337012186971099137e+00 2.807663644556388061e+00 2.063960102371124317e-01
2.338720392249517666e+00 2.808023927320371094e+00 2.071945951791807350e-01
2.340370613339484152e+00 2.808367834874435864e+00 2.080266731560360405e-01
2.342073760493355028e+00 2.808730452510326270e+00 2.088693856293228623e-01
2.343777879778373485e+00 2.809102527396700300e+00 2.096853126889302033e-01
2.345429095013376930e+00 2.809457871250124583e+00 2.103538670048148151e-01
2.346894454646977657e+00 2.809776705359860571e+00 2.109895366116472382e-01
2.346989177389850134e+00 2.809793919504540938e+00 2.110281804485509560e-01
2.348600615543340098e+00 2.810131346994134915e+00 2.116277551548007285e-01
2.350274984442209281e+00 2.810501507129994359e+00 2.121967046014815172e-01
2.350366800223436137e+00 2.810521829994229392e+00 2.122401191717586955e-01
2.352101473775896068e+00 2.810890625359677042e+00 2.129539029401130434e-01
2.354008673930938489e+00 2.811303183902971181e+00 2.147239526342286098e-01
2.355559699248797045e+00 2.811637494809973603e+00 2.162913427769906638e-01
2.356837250467370914e+00 2.811923287832845286e+00 2.175723638094830825e-01
2.357537419793979794e+00 2.812073591010044726e+00 2.182266800635639381e-01
2.359253599730985584e+00 2.812457455907362291e+00 2.196211777713774349e-01
2.361128354233358095e+00 2.812868849823937811e+00 2.210313175197070046e-01
2.362870558259650533e+00 2.813272172739623933e+00 2.221692677108673963e-01
2.364133059671751802e+00 2.813549250656201206e+00 2.229264511755050526e-01
2.364605494410933595e+00 2.813659080986198990e+00 2.231951069688440370e-01
2.366271661724305808e+00 2.814036249938111744e+00 2.241888514767968466e-01
2.367802762798317584e+00 2.814385053045388663e+00 2.250560735676346291e-01
2.369467442401283819e+00 2.814766204478021283e+00 2.259897158148309604e-01
2.369559921672604652e+00 2.814788328432985320e+00 2.260420069211779570e-01
2.371325669905950839e+00 2.815201792472949549e+00 2.269688340038876762e-01
2.372955642883817440e+00 2.815577057156080976e+00 2.277762843406543614e-01
2.374208442813251718e+00 2.815868689515430123e+00 2.283839196108232439e-01
2.374852377783281732e+00 2.816018225825370092e+00 2.287002700422550439e-01
2.376519636228940691e+00 2.816404550301471410e+00 2.294973505352101428e-01
2.376701900515177712e+00 2.816447925895235738e+00 2.295868576796990246e-01
2.377944466246440847e+00 2.816737048955725076e+00 2.302252578504712099e-01
2.382040502618191002e+00 2.817700988673906615e+00 2.336361429544404900e-01
2.383877395295447954e+00 2.818136798535435972e+00 2.352776725503056554e-01
2.385769847143115463e+00 2.818590858575069635e+00 2.368192833157658772e-01
2.387558360548970082e+00 2.819023167168771771e+00 2.379993414901890036e-01
2.389258303882919598e+00 2.819434851993579905e+00 2.390249190625036713e-01
2.391055739249158485e+00 2.819875839802433060e+00 2.400231755012148527e-01
2.392855676738674831e+00 2.820323717826425103e+00 2.409656374350302721e-01
2.394402489340595075e+00 2.820707933920473476e+00 2.418284215654084301e-01
2.396242677715686220e+00 2.821175672645470200e+00 2.427366383544342643e-01
2.397947207010121318e+00 2.821605117913901228e+00 2.435626915695423278e-01
2.399714702698966029e+00 2.822047920323239811e+00 2.445148257421953519e-01
2.401632088980950375e+00 2.822537107511220000e+00 2.454503550099803311e-01
2.403322000396437286e+00 2.822958357729468126e+00 2.462944217512620937e-01
2.405217723613261249e+00 2.823426282509698737e+00 2.474831785456955702e-01
2.406888623626944224e+00 2.823844022045784108e+00 2.487274033811842644e-01
2.408667025874405176e+00 2.824301034701788726e+00 2.499807427032824103e-01
2.409893669962084317e+00 2.824613925187020591e+00 2.508078735943813364e-01
2.410569049777184780e+00 2.824784654337888057e+00 2.512676517772875484e-01
2.412195828128694153e+00 2.825203934324227895e+00 2.523446975960572658e-01
2.413994605545255467e+00 2.825665131047476297e+00 2.534741636642096618e-01
2.415571553359752155e+00 2.826099580949463785e+00 2.538767021885652286e-01
2.416811658539614438e+00 2.826483370613557700e+00 2.526950347462786906e-01
2.417801247890720262e+00 2.826760467514862540e+00 2.492922793259648717e-01
2.418192168012875065e+00 2.826871902756226351e+00 2.471805569289025062e-01
2.419518735711163160e+00 2.827185250104481185e+00 2.397743789374966183e-01
2.419563347955120847e+00 2.827196854571541795e+00 2.395391271441560943e-01
2.421118974020248338e+00 2.827566607703580814e+00 2.319563388763948297e-01
2.422652605541267157e+00 2.827969407825638992e+00 2.261826226681359908e-01
2.424093735340428601e+00 2.828322596570457481e+00 2.213125151166990823e-01
2.425320070878683509e+00 2.828631157463602275e+00 2.181079873640071054e-01
2.425835781348006925e+00 2.828768338518324210e+00 2.169953119471817460e-01
2.427567617390524290e+00 2.829229027681476438e+00 2.140195127415704113e-01
2.427611131675962319e+00 2.829240269665515228e+00 2.139690942925786543e-01
2.429276368292374144e+00 2.829619387644362494e+00 2.128319020680666529e-01
2.430767066363101581e+00 2.829946740775071579e+00 2.122607957338238094e-01
2.432315865993590620e+00 2.830275096750225927e+00 2.118842147148953525e-01
2.433879170089006116e+00 2.830609088333582157e+00 2.117848311809277517e-01
2.435564677027566738e+00 2.830974261220449595e+00 2.119029094328322982e-01
2.437201051797883711e+00 2.831326496087190225e+00 2.121550834709045874e-01
2.438946359760358451e+00 2.831703850636511977e+00 2.125928189340866026e-01
2.440614720841229879e+00 2.832056078522730225e+00 2.130752272664636626e-01
2.440791790111876747e+00 2.832093204895334004e+00 2.131306378825025549e-01
2.442410942788917350e+00 2.832443170563994972e+00 2.137091103614414123e-01
2.444290095478660163e+00 2.832846747236188012e+00 2.145090225884719592e-01
2.445887202980562947e+00 2.833194371033580516e+00 2.152765847846727920e-01
2.447102210397656741e+00 2.833458995520709234e+00 2.158677473807635305e-01
2.447806020944002015e+00 2.833610421015848591e+00 2.162562120249985897e-01
2.449009528365770905e+00 2.833880844909357322e+00 2.169196322726281712e-01
2.449708694629889827e+00 2.834030984222899896e+00 2.173527043693421479e-01
2.451301065715429939e+00 2.834393763444462255e+00 2.183460684051356793e-01
2.453064315109654281e+00 2.834786121649412571e+00 2.194130148763611676e-01
2.454698402602199181e+00 2.835152245554309225e+00 2.205910632301835705e-01
2.456273523108296608e+00 2.835503737762465448e+00 2.218101139529110033e-01
2.457847342868083373e+00 2.835856420691456936e+00 2.228521865446589367e-01
2.458061063101873778e+00 2.835907024725313530e+00 2.230092115409909037e-01
2.459607686554693640e+00 2.836251933943814141e+00 2.240852104642127585e-01
2.461257936607029073e+00 2.836627569255316672e+00 2.253250704103571811e-01
2.462876310797777357e+00 2.836999163215600639e+00 2.264523556250180314e-01
2.464070237974073763e+00 2.837276558617361388e+00 2.272393260133059312e-01
2.464590269498858177e+00 2.837389811692332842e+00 2.275932426392092978e-01
2.466117111141041818e+00 2.837747086682599562e+00 2.286462325876809087e-01
2.467677065890802268e+00 2.838115161055282609e+00 2.297089417401647071e-01
2.469320573365489047e+00 2.838498803358347367e+00 2.308875510305944401e-01
2.470495120867265193e+00 2.838770557622704249e+00 2.316995831998770183e-01
2.471101085795857522e+00 2.838907767359818202e+00 2.320871214837741947e-01
2.472486565342176590e+00 2.839237455752152250e+00 2.330202160533239586e-01
2.472531104913024080e+00 2.839246438655004923e+00 2.330474755158880029e-01
2.474108508992861832e+00 2.839623910291889430e+00 2.341389526727851167e-01
2.475618178319717977e+00 2.839978724319676129e+00 2.351396071071132077e-01
2.477330135014884860e+00 2.840393674134112700e+00 2.363194358063942235e-01
2.478879385008165848e+00 2.840768893374037152e+00 2.373226362207259965e-01
2.480416920618836230e+00 2.841139286156961319e+00 2.383275204320376706e-01
2.482133824671320710e+00 2.841562971577302754e+00 2.394361063885638574e-01
2.483881033562497009e+00 2.841985697745687656e+00 2.406233920416122885e-01
2.485462839105712529e+00 2.842375260254085489e+00 2.416434776948174212e-01
2.485631786447330960e+00 2.842413635393930882e+00 2.417510633759096250e-01
2.487131506866777642e+00 2.842783977088182201e+00 2.427169111138336444e-01
2.488696891654568422e+00 2.843171697205918225e+00 2.437815758643511466e-01
2.493306014963303952e+00 2.844322338804958328e+00 2.470155330926457893e-01
2.493473918396486688e+00 2.844364354652081595e+00 2.471366859653989223e-01
2.495038602592151378e+00 2.844759956322346905e+00 2.482077013032104595e-01
2.496560808009339993e+00 2.845141506280071564e+00 2.492430190752959185e-01
2.497995775541768104e+00 2.845507461082553480e+00 2.502336676161946993e-01
2.498037877895118442e+00 2.845517453305597577e+00 2.502651724732421479e-01
2.499586415154498198e+00 2.845913750841782885e+00 2.513818557452233704e-01
2.501123571710356153e+00 2.846307005726485428e+00 2.525088739844885133e-01
2.502596191337929987e+00 2.846688202533494749e+00 2.535641206192397745e-01
2.502678748995081470e+00 2.846709810413894370e+00 2.536248317998250901e-01
2.504188921522499278e+00 2.847109944062492293e+00 2.546807313139803353e-01
2.505728918576360265e+00 2.847513400333423927e+00 2.555380936222865773e-01
2.507152460141373496e+00 2.847883778430652768e+00 2.563082406012177072e-01
2.508788737909804833e+00 2.848306327587481590e+00 2.572592293554878395e-01
2.510488625041025657e+00 2.848749869226222753e+00 2.582922509982892301e-01
2.512146914027157507e+00 2.849188859107441907e+00 2.593326541055011036e-01
2.513268840152771855e+00 2.849485715784155992e+00 2.600503721528594214e-01
2.513837630637722143e+00 2.849635731672218064e+00 2.604627232881880361e-01
2.514982699249355580e+00 2.849942847982666727e+00 2.612810704396753558e-01
2.515471876806981477e+00 2.850072548803367578e+00 2.616268196467531060e-01
2.516866920772336869e+00 2.850445675476592111e+00 2.626320602631687096e-01
2.518376122246895221e+00 2.850876539458270464e+00 2.630651730714073655e-01
2.519691646795021445e+00 2.851240371211368529e+00 2.611454060722508408e-01
2.520575287430748102e+00 2.851559304520832949e+00 2.574182033048141305e-01
2.521481912252062862e+00 2.851788471741329989e+00 2.518670686739080677e-01
2.522024236578893408e+00 2.851928820345932536e+00 2.485992288026424302e-01
2.523435657099727614e+00 2.852332827969611628e+00 2.408804930703507263e-01
2.523474790699145043e+00 2.852345970927699259e+00 2.407058891840812009e-01
2.524981221928240593e+00 2.852753344972474903e+00 2.350147743153509772e-01
2.526280680755940811e+00 2.853104092589271890e+00 2.314753807165180477e-01
2.527754007728291619e+00 2.853504832694834015e+00 2.280368231343014307e-01
2.529218075121483000e+00 2.853921420061915626e+00 2.254485520949721100e-01
2.530918053822150071e+00 2.854351504502154580e+00 2.233432668077778294e-01
2.532477439229891658e+00 2.854738873912502584e+00 2.220670592855971404e-01
2.532679634505054178e+00 2.854783736356713231e+00 2.219432035846114204e-01
2.534161244269766300e+00 2.855105182551825660e+00 2.214886664500200775e-01
2.535805889303266447e+00 2.855479181105299968e+00 2.213499189885127505e-01
2.537375410933541353e+00 2.855824197392891950e+00 2.214077997260966157e-01
2.538788215525217495e+00 2.856145248904312428e+00 2.217038352485165009e-01
2.539874613106762880e+00 2.856392974109595695e+00 2.220838988178298334e-01
2.540403627644005180e+00 2.856515639580834431e+00 2.222903508282366714e-01
2.541767102926217436e+00 2.856820950808926174e+00 2.229081865563954934e-01
2.543190911651942443e+00 2.857146168294137478e+00 2.236131737520568874e-01
2.544618505285283216e+00 2.857472061161079324e+00 2.244023410931400841e-01
2.546095177543360677e+00 2.857811636078099404e+00 2.254233472509440117e-01
2.547812846361900085e+00 2.858205623186926392e+00 2.265480923572589789e-01
2.549270727166567774e+00 2.858533562481659018e+00 2.275892064035579809e-01
2.550830018924092890e+00 2.858904021388365635e+00 2.288852111961762748e-01
2.552272238358360479e+00 2.859235331239852851e+00 2.300660499888935173e-01
2.553831155256196528e+00 2.859593073864989066e+00 2.310373913879631147e-01
2.555199182787093459e+00 2.859929812388160464e+00 2.318946145489619304e-01
2.556589398200937335e+00 2.860257449787695805e+00 2.328902255445579050e-01
2.557918496315096046e+00 2.860577757822603040e+00 2.338399777848856886e-01
2.559274841572648285e+00 2.860900998357100100e+00 2.348736308731770028e-01
2.560683402425144806e+00 2.861240776152439214e+00 2.359392322588252655e-01
2.562305389612659745e+00 2.861622976194460044e+00 2.370448717214450052e-01
2.563659163448143374e+00 2.861958405740795186e+00 2.381431106548477783e-01
2.564752802833941470e+00 2.862213338752590541e+00 2.390127538945741870e-01
2.565228664109230117e+00 2.862335782393885975e+00 2.393510194678860337e-01
2.566620591650535577e+00 2.862674069090219042e+00 2.405799076748270371e-01
2.567990797160447869e+00 2.863009049258675720e+00 2.419318517017916281e-01
2.569433671816377718e+00 2.863367551059036842e+00 2.431539609798501478e-01
2.570792280190028478e+00 2.863708677247743584e+00 2.443282568974146363e-01
2.572250352495652592e+00 2.864071055595878601e+00 2.456693497121628100e-01
2.573791642031352467e+00 2.864464550081558425e+00 2.471296276974463690e-01
2.575165983202769127e+00 2.864813767697639069e+00 2.484475368952958896e-01
2.576251509172491350e+00 2.865080023916232843e+00 2.494115441497359031e-01
2.576749377822961762e+00 2.865206495922052454e+00 2.498552417787450464e-01
2.578175913955842447e+00 2.865574824848975855e+00 2.510306674712135533e-01
2.578363932835777028e+00 2.865621809353738225e+00 2.511274060561023425e-01
2.579732062220791100e+00 2.865973649411128754e+00 2.518186993384886052e-01
2.581119006625570478e+00 2.866336056011261402e+00 2.525597094986720137e-01
2.582625728006090249e+00 2.866728370600137410e+00 2.534520953574564417e-01
2.583630816544768116e+00 2.866988202885789150e+00 2.541079514280478180e-01
2.584080425034603223e+00 2.867105912877345730e+00 2.544231784182458544e-01
2.585417366261594019e+00 2.867451555940757402e+00 2.554322036499399040e-01
2.586821068634324039e+00 2.867820672791747683e+00 2.564504466225776547e-01
2.587842363540016066e+00 2.868090517811919593e+00 2.572119680434218347e-01
2.588104545802027978e+00 2.868158952581920218e+00 2.574212154462825475e-01
2.589488753423082379e+00 2.868519060609673321e+00 2.585538593687026765e-01
2.591035133564471238e+00 2.868926308573904738e+00 2.598552945820990501e-01
2.592370277410958934e+00 2.869282325952492219e+00 2.610576459742827149e-01
2.593760123851251542e+00 2.869650673848547662e+00 2.622819911303168605e-01
2.597279082972878239e+00 2.870602244654404611e+00 2.656151570198674317e-01
2.598587858163895703e+00 2.870955141704054636e+00 2.668284668562876383e-01
2.599855296285794815e+00 2.871302280825132058e+00 2.680206407161260240e-01
2.601291675967162043e+00 2.871692565109142503e+00 2.694859542256490825e-01
2.602624331649272982e+00 2.872062670211350977e+00 2.708135655393197894e-01
2.603611111579178683e+00 2.872343175127894277e+00 2.716274221721559079e-01
2.604017452086888618e+00 2.872456445197236974e+00 2.718430279874778921e-01
2.605293258587006111e+00 2.872804514999827585e+00 2.725120105238016954e-01
2.606705394675167486e+00 2.873209682548553801e+00 2.732688353038901230e-01
2.607918285996630559e+00 2.873550460420484232e+00 2.740102274227056434e-01
2.609114872870500257e+00 2.873897153436942187e+00 2.747686679356624584e-01
2.610432788575099305e+00 2.874269691831941032e+00 2.757612479773192127e-01
2.611759969887328836e+00 2.874647767537120924e+00 2.767679557002296065e-01
2.613207350961540332e+00 2.875062141852892328e+00 2.779257745142352243e-01
2.614576240246915706e+00 2.875456379608862356e+00 2.791049214962124103e-01
2.616023856613308052e+00 2.875911499353237311e+00 2.795144648342083316e-01
2.616782824532684959e+00 2.876166260994337698e+00 2.786317421848060749e-01
2.617216029187935167e+00 2.876359039886098756e+00 2.765071027261318259e-01
2.617693664854486624e+00 2.876590179825919691e+00 2.721478544577534686e-01
2.618466078221608040e+00 2.876791715076572942e+00 2.664554148443672443e-01
2.618919717830241467e+00 2.876954869028887529e+00 2.634734024901087546e-01
2.620010208137306229e+00 2.877246368710564717e+00 2.561651884100515919e-01
2.621142925026360704e+00 2.877601041941127757e+00 2.509630643009558293e-01
2.622333924106396985e+00 2.877959552511076602e+00 2.464404954071983678e-01
2.623592129117422012e+00 2.878323035018334863e+00 2.432630955995085387e-01
2.624858929016460785e+00 2.878700416100798076e+00 2.410397879107975538e-01
2.626133240263514690e+00 2.879058897759580127e+00 2.395478581124444728e-01
2.626270270890273650e+00 2.879101697419412353e+00 2.394343636667102260e-01
2.627528690109420140e+00 2.879422519818314985e+00 2.384891811474420531e-01
2.628940906805445898e+00 2.879767766772702853e+00 2.376304565777077327e-01
2.630221865175459417e+00 2.880071859976936821e+00 2.370597601890769013e-01
2.631463839836197138e+00 2.880362025939942505e+00 2.367757282648726147e-01
2.632715696842983899e+00 2.880660495572773261e+00 2.367054862911906477e-01
2.632854803307599134e+00 2.880692370782122147e+00 2.367115087282756491e-01
2.634346032403956706e+00 2.881046490261235160e+00 2.370061597817884891e-01
2.635639568940416844e+00 2.881369959422968474e+00 2.374525335434115592e-01
2.636953933778696246e+00 2.881684089457166031e+00 2.382991134575939973e-01
2.638293491631180210e+00 2.882009698443548817e+00 2.392939957590187183e-01
2.638366370470589750e+00 2.882024886621699533e+00 2.393382717037759178e-01
2.639596534673763095e+00 2.882328176475657866e+00 2.403563687155106376e-01
2.640779996047476263e+00 2.882618933602346445e+00 2.415446198699277569e-01
2.641705219064725441e+00 2.882846069370859965e+00 2.425420466774484973e-01
2.642185693888976949e+00 2.882967317910258842e+00 2.430926885915197511e-01
2.643443413557575283e+00 2.883276832533068212e+00 2.445450675001991092e-01
2.644672640117891493e+00 2.883582111210805987e+00 2.460251142893867260e-01
2.645615566934979679e+00 2.883819813199214099e+00 2.472007895829036184e-01
2.646016924502345269e+00 2.883917704967471796e+00 2.477337240594026935e-01
2.647150429783820869e+00 2.884208664307001957e+00 2.492157846685143507e-01
2.648516635062946989e+00 2.884555237482679502e+00 2.508279245397933566e-01
2.649679798424904753e+00 2.884853308981027986e+00 2.521767965912772858e-01
2.649714560216732018e+00 2.884862530300362771e+00 2.522162046708453231e-01
2.650945667338525435e+00 2.885175552109619179e+00 2.537832277676701498e-01
2.652278273319302215e+00 2.885522487682402826e+00 2.553657303921446631e-01
2.653528604892059661e+00 2.885858922525454506e+00 2.562879038833856260e-01
2.654713250398021529e+00 2.886171944796888322e+00 2.568356176187839290e-01
2.655625852472237369e+00 2.886415017943883221e+00 2.573533968262435301e-01
2.656088094934547783e+00 2.886534477400616083e+00 2.576149390897957137e-01
2.657203652120498916e+00 2.886823532520339075e+00 2.583297146080085760e-01
2.657236493334679928e+00 2.886833099541710190e+00 2.583530405811834130e-01
2.658398031417805285e+00 2.887135203380311488e+00 2.592434032898446317e-01
2.659770181362066666e+00 2.887497328356268156e+00 2.604660602382030121e-01
2.660916425937677410e+00 2.887802365953554773e+00 2.615389043269676361e-01
2.661082857365983045e+00 2.887846367248090296e+00 2.616863939482833579e-01
2.662384058920310714e+00 2.888201802913521909e+00 2.631321846015006738e-01
2.663655683389524853e+00 2.888544463056175182e+00 2.646065101517620088e-01
2.663687537451269627e+00 2.888551325320264151e+00 2.646424510364575045e-01
2.664892696707365616e+00 2.888877225890706057e+00 2.660513647329775244e-01
2.666076995844697262e+00 2.889203152473235559e+00 2.674473937051169981e-01
2.666990957599223222e+00 2.889451278916818744e+00 2.685418774257390395e-01
2.667277834927004321e+00 2.889530568975084979e+00 2.689243957236310822e-01
2.668576537991495634e+00 2.889888829225126354e+00 2.707465768094529657e-01
2.669847426514355249e+00 2.890236254899614998e+00 2.723231815576415138e-01
2.671072194352115403e+00 2.890581278364483531e+00 2.738435236484733082e-01
2.672211640631001028e+00 2.890894551912677635e+00 2.752170190710608866e-01
2.673355213907905537e+00 2.891220979780055877e+00 2.765730535048731564e-01
2.674648784755395248e+00 2.891590618980269145e+00 2.781585808566274243e-01
2.675843361862642933e+00 2.891922901857477246e+00 2.797121655185678679e-01
2.676702060136200600e+00 2.892169298326272120e+00 2.808602124792667909e-01
2.677184839960020213e+00 2.892311762661446739e+00 2.814985252635789914e-01
2.678361880012276597e+00 2.892659343886049950e+00 2.828990684990502769e-01
2.679460366901548873e+00 2.892995776920222362e+00 2.835426529244647331e-01
2.680618005958498085e+00 2.893337384665062295e+00 2.842700686432080848e-01
2.684004183058215531e+00 2.894353982568981465e+00 2.866379917739216854e-01
2.684064610204333956e+00 2.894371403178948476e+00 2.866825621177208072e-01
2.685164926286326192e+00 2.894692665906761331e+00 2.876784492723186704e-01
2.686280361599521882e+00 2.895020930246666513e+00 2.888665029065926593e-01
2.687488219410266943e+00 2.895377409877918140e+00 2.902182890302374418e-01
2.687518393094858737e+00 2.895387639492510434e+00 2.902550212468015256e-01
2.688651729388705114e+00 2.895726402729180471e+00 2.916401499160110600e-01
2.689890822221935096e+00 2.896100637836707126e+00 2.932212889104782727e-01
2.691037336363760968e+00 2.896446614164671196e+00 2.946453005069660236e-01
2.692168733167460637e+00 2.896786714689625786e+00 2.961508380212927727e-01
2.693317198940403667e+00 2.897138601992940377e+00 2.976649655477561218e-01
2.694399500714117046e+00 2.897466657386543520e+00 2.991187892325780640e-01
2.695527455151082830e+00 2.897808989045225214e+00 3.006848781993817221e-01
2.696593790037937310e+00 2.898140080432813459e+00 3.021573341879333907e-01
2.697741649363606165e+00 2.898499202577397238e+00 3.038031717798082010e-01
2.698870731943972423e+00 2.898848080106358527e+00 3.053973872191517724e-01
2.698900149842174745e+00 2.898858623031593584e+00 3.054417846414606008e-01
2.699975139115764478e+00 2.899198015895245728e+00 3.068964854764463790e-01
2.701086339514578327e+00 2.899550463924485566e+00 3.083785215613660258e-01
2.702118356131671284e+00 2.899875608264446569e+00 3.098379119804028914e-01
2.703135401529069615e+00 2.900210647262172259e+00 3.107871106986713206e-01
2.703929033920402514e+00 2.900463940529228513e+00 3.113388921264586551e-01
2.704221932196830380e+00 2.900557833219113757e+00 3.115472361141085611e-01
2.705262512169535505e+00 2.900894632985496102e+00 3.121189214201833817e-01
2.705904796803357826e+00 2.901125563756901560e+00 3.118107938880183561e-01
2.706358613172994865e+00 2.901304315176014725e+00 3.093264554232199592e-01
2.706603684975390500e+00 2.901488893291885862e+00 3.054195848523785228e-01
2.707489444372271237e+00 2.901779685440255996e+00 2.967581499088507435e-01
2.708326042648250720e+00 2.902098704576292931e+00 2.884581052049208783e-01
2.709251060811622480e+00 2.902371162552104256e+00 2.803217226683232810e-01
2.710202978303779098e+00 2.902702074371041885e+00 2.742091031779088084e-01
2.711176457885930979e+00 2.903019775609063657e+00 2.700570187630149666e-01
2.711965268022176190e+00 2.903276432173046206e+00 2.676870091979600685e-01
2.712131592946532166e+00 2.903332766650805308e+00 2.673020502044748947e-01
2.713096086752535996e+00 2.903653545421984727e+00 2.653723062568599245e-01
2.713267073664415108e+00 2.903714390864517547e+00 2.651633978636697697e-01
2.714267354794309473e+00 2.903994034065616070e+00 2.644877691440389311e-01
2.715198825663780902e+00 2.904240292247602717e+00 2.643041240106309697e-01
2.716263829114485162e+00 2.904522721380255135e+00 2.642178230527326699e-01
2.716322131965247522e+00 2.904537652926794333e+00 2.642175551675756129e-01
2.717353877388333228e+00 2.904814276594650746e+00 2.645345502096925761e-01
2.718478335731178142e+00 2.905116264816259619e+00 2.652527010832286258e-01
2.719292726589931597e+00 2.905340528178932402e+00 2.657778203041921694e-01
2.719513598968204882e+00 2.905397737662211988e+00 2.659732605208370293e-01
2.720553013289100264e+00 2.905681445743093061e+00 2.668628293033155630e-01
2.721585637730484120e+00 2.905958564786617071e+00 2.680000212769955148e-01
2.722818718123475534e+00 2.906302103966095007e+00 2.694776163761000709e-01
2.723829390232892500e+00 2.906580104001903031e+00 2.708863050559356389e-01
2.724749744500180260e+00 2.906833566869988950e+00 2.721435560877882853e-01
2.724804270582632526e+00 2.906849946476069757e+00 2.722307721512335354e-01
2.725813872643963798e+00 2.907129818873374738e+00 2.737743201086499933e-01
2.726864909561689032e+00 2.907422499150815742e+00 2.753761586170875852e-01
2.727889723556586432e+00 2.907711828738028359e+00 2.766224089698500754e-01
2.728923842837192471e+00 2.908004667741928895e+00 2.771649404320370436e-01
2.729907700134731829e+00 2.908277510545874911e+00 2.778972198536419080e-01
2.730908292398730453e+00 2.908563206737246887e+00 2.787541381170513533e-01
2.731923128931910583e+00 2.908861919292050846e+00 2.798326946447078911e-01
2.732866395672884252e+00 2.909132493396368702e+00 2.809535258173482264e-01
2.733783578812912118e+00 2.909394383257292382e+00 2.821749126028975652e-01
2.734496067404966979e+00 2.909600638276347517e+00 2.832820867534308618e-01
2.734923627960588632e+00 2.909721093589327179e+00 2.839217610370949330e-01
2.735921250580968689e+00 2.910013832173281134e+00 2.854170603759704772e-01
2.735947784357662282e+00 2.910022213983219697e+00 2.854590632481921464e-01
2.736944844821767031e+00 2.910315559800748186e+00 2.869920582393538089e-01
2.737937123870546330e+00 2.910605508671639363e+00 2.885798536036299211e-01
2.738794752151749723e+00 2.910858791330870332e+00 2.901289066446701703e-01
2.739501021838591122e+00 2.911071248716744275e+00 2.913982037597152575e-01
2.739686840305667559e+00 2.911127141116680139e+00 2.917252913059457664e-01
2.740633462728360392e+00 2.911412908961211077e+00 2.933879079554541081e-01
2.741603017259584441e+00 2.911697981698460946e+00 2.948153853949933012e-01
2.742459041010965048e+00 2.911958749873901020e+00 2.963363601471120101e-01
2.742484837889033411e+00 2.911966321822303971e+00 2.963865628596887847e-01
2.743402784026915953e+00 2.912244028689868980e+00 2.980460964287948156e-01
2.744359249298732539e+00 2.912543780731491783e+00 2.998184086371767920e-01
2.745382109320819275e+00 2.912861566168131855e+00 3.015443938666195756e-01
2.746387611573752885e+00 2.913170281544578799e+00 3.034094546868724152e-01
2.747339523891145774e+00 2.913461534690263033e+00 3.050425792969837513e-01
2.748196662753028541e+00 2.913736284085620465e+00 3.067736007518911956e-01
2.748248436315587018e+00 2.913754129202815069e+00 3.068741619955424604e-01
2.749188900526094770e+00 2.914045567110665313e+00 3.085240970163221075e-01
2.749373570519847654e+00 2.914105458114348401e+00 3.088332828698097665e-01
2.750305870021768406e+00 2.914403853642678843e+00 3.105114651187204089e-01
2.750449049910702826e+00 2.914449040405773239e+00 3.107022254318790866e-01
2.751334147970551314e+00 2.914735619138447476e+00 3.120282511744016940e-01
2.752236074987880254e+00 2.915028005301837588e+00 3.129557248406218406e-01
2.753068697388404651e+00 2.915299337608898700e+00 3.137842675688579663e-01
2.753190924717342725e+00 2.915338382246647431e+00 3.139070127846584346e-01
2.754225477470719774e+00 2.915670065107833775e+00 3.151161952943777878e-01
2.754250700838629218e+00 2.915678918825495014e+00 3.151474134727657028e-01
2.755062481006142150e+00 2.915941526213397861e+00 3.161843588328853150e-01
2.755977054874557908e+00 2.916240575457980544e+00 3.174289200702131164e-01
2.756791998140768030e+00 2.916506895849605652e+00 3.185625969183120132e-01
2.756841498636937615e+00 2.916523092074605028e+00 3.186325567326791508e-01
2.757758475826070921e+00 2.916825391136122825e+00 3.200432309549652299e-01
2.758825417662645219e+00 2.917180136742825614e+00 3.217068058139411213e-01
2.761639354969852800e+00 2.918116403627239119e+00 3.260501522205450642e-01
2.762551980877966606e+00 2.918421541564082844e+00 3.275773190534362334e-01
2.763413429104145003e+00 2.918716090066283630e+00 3.291448507760094677e-01
2.763437123365074743e+00 2.918726025579061023e+00 3.291916998032090036e-01
2.764312952367879994e+00 2.919021300405515440e+00 3.308017644085086695e-01
2.765264281589235651e+00 2.919346852012715932e+00 3.326755722740962207e-01
2.766155548920523621e+00 2.919651530621650615e+00 3.343671681691398612e-01
2.767056248406270846e+00 2.919962229381629193e+00 3.361478247806491404e-01
2.767229343619641568e+00 2.920024632105687967e+00 3.364806041434993400e-01
2.768110553436261334e+00 2.920332566721499212e+00 3.382152840268214944e-01
2.769088944369772598e+00 2.920676851834121290e+00 3.401433818286891952e-01
2.769933790110076455e+00 2.920973351899255999e+00 3.417032892010596901e-01
2.770972190573308680e+00 2.921342484226731706e+00 3.436560300578463956e-01
2.771842326102352594e+00 2.921649111542160338e+00 3.454028020866622972e-01
2.772503881154158023e+00 2.921886921877895560e+00 3.468260155366967856e-01
2.772670807124372416e+00 2.921948014760406220e+00 3.471858578195862188e-01
2.773696383419641975e+00 2.922318925986422844e+00 3.493043128395141861e-01
2.774519257996444388e+00 2.922619131160863581e+00 3.509483601079800841e-01
2.775529439623304562e+00 2.922993966806176402e+00 3.528364961881483852e-01
2.776200358283368530e+00 2.923253961513241794e+00 3.542301398796781631e-01
2.776520571293170647e+00 2.923366740005924669e+00 3.548189758541999694e-01
2.777401939929077024e+00 2.923691881023596117e+00 3.563355051995437117e-01
2.778165211188089678e+00 2.923974195832287126e+00 3.574538951344072846e-01
2.779001893026001646e+00 2.924285017851723900e+00 3.586793653499540380e-01
2.779845159762126539e+00 2.924604342136212676e+00 3.599482281268726047e-01
2.780781625882730701e+00 2.924951742633638219e+00 3.614123665698935062e-01
2.781527773846271145e+00 2.925232053216147321e+00 3.626784963647359250e-01
2.781571901309261463e+00 2.925249192763021533e+00 3.627588650656743963e-01
2.782359734496973047e+00 2.925551434532768447e+00 3.639573904468377807e-01
2.783067976126109677e+00 2.925883673310706978e+00 3.634345399580455882e-01
2.783407092453390241e+00 2.926078817288396028e+00 3.607472251006600406e-01
2.783401738848069407e+00 2.926061787282364879e+00 3.575515547724766874e-01
2.783315963382291258e+00 2.926092358098923096e+00 3.559833941411613689e-01
