3.000287535260600880e+00 1.000276417772493209e+00 -6.300508371609562803e-04
3.000384723972540968e+00 1.000389661974789401e+00 -8.621332216657826876e-04
3.072111543895910568e+00 1.003481161321065240e+00 9.095051502939190124e-02
3.149361798737197571e+00 1.014484117474624192e+00 1.944480011992189006e-01
3.221795415150217057e+00 1.032436161012061371e+00 2.937765369604277699e-01
3.296637367498027160e+00 1.059469006259463830e+00 4.012168992805980050e-01
3.365365823839051362e+00 1.092811094874029276e+00 5.039050107244800181e-01
3.431657384706937375e+00 1.133948880702374096e+00 6.078201251424290019e-01
3.495100525063847385e+00 1.183112297576817129e+00 7.146354175478515369e-01
3.552004109639620211e+00 1.237767130691570516e+00 8.179604198723745556e-01
3.605766416050521617e+00 1.301679931640702836e+00 9.260193000759946447e-01
3.651525282027629604e+00 1.369374222244292838e+00 1.029559675490167248e+00
3.692750564227579524e+00 1.446993619228265526e+00 1.138103529583250673e+00
3.725705424250186582e+00 1.529406044979012114e+00 1.243739738974548592e+00
3.751088850308005096e+00 1.619789900705815189e+00 1.351223275320353245e+00
3.767227172006712976e+00 1.714869258458315615e+00 1.457507674292399580e+00
3.773423720410860049e+00 1.816576475938620039e+00 1.565007210894959311e+00
3.768594009446845750e+00 1.922200682835127017e+00 1.670499943534402343e+00
3.753090612875031873e+00 2.025966207091373761e+00 1.769639756480552162e+00
3.724342494492758782e+00 2.138454570468387494e+00 1.875823104132561259e+00
3.682175891077279495e+00 2.251313638535770156e+00 1.982503392504701312e+00
3.628325434189372256e+00 2.359469480439328137e+00 2.087126870173523940e+00
3.562913100391657206e+00 2.462168293864053226e+00 2.192359982055034795e+00
3.486832468839299537e+00 2.557516311821546040e+00 2.299780568009166082e+00
3.413059064561210221e+00 2.632665880161473293e+00 2.399200254974575230e+00
3.336708975511223585e+00 2.696059455563049490e+00 2.501924199201852161e+00
3.270583284150115677e+00 2.743582892033758380e+00 2.473362351513062052e+00
3.221935299380556117e+00 2.785043691801017740e+00 2.377138543070183907e+00
3.172272293292213607e+00 2.837848438486374469e+00 2.247263187609946922e+00
3.141685567367792586e+00 2.879547840189924379e+00 2.136012471876830077e+00
3.118707374020876166e+00 2.915236703079574276e+00 2.186680287051326665e+00
3.096031208522729727e+00 2.943984333934645647e+00 2.294368296797610007e+00
3.075561851990615825e+00 2.964906567133000159e+00 2.398255615613480440e+00
3.059966054299168903e+00 2.978735125465953981e+00 2.363031364054302585e+00
3.048001561666783932e+00 2.991037441610989056e+00 2.260375634171338799e+00
