3.430513066026638636e-04 1.999973755642635798e+00 -1.383943064243115331e-04
4.708887967439165378e-04 1.999958496012042231e+00 -1.787885161142295433e-04
5.670847735210232665e-02 1.998051999509387722e+00 -9.492587251419766503e-02
1.166585527711933856e-01 1.989570571076362926e+00 -2.053593811456100038e-01
1.813625453504863760e-01 1.976371169724050469e+00 -1.596227166631097316e-01
2.484606742352920006e-01 1.969096055135382439e+00 -5.590702614355991945e-02
3.166807023899491647e-01 1.968762330174512298e+00 4.832694239132666325e-02
3.818686039520866604e-01 1.973961751717689284e+00 7.949933627478457387e-02
4.454920427586789300e-01 1.977659628187393714e+00 2.365812032911533431e-03
5.124240167790777845e-01 1.974710566802306833e+00 -1.108650840107316959e-01
5.774012698860436776e-01 1.965146854024706569e+00 -1.810289102909260761e-01
6.433547313008525226e-01 1.954341374896150008e+00 -1.163698483844235188e-01
7.046533293526690001e-01 1.950174212084097913e+00 -1.685725981450588926e-02
7.603942419453738610e-01 1.952058319717120183e+00 8.809558292529584556e-02
8.092878266901496476e-01 1.958964018267882912e+00 1.951005386218095661e-01
8.555467472691909991e-01 1.970692270388676448e+00 3.029579224066300536e-01
8.989865171618374173e-01 1.986804073557776773e+00 4.095414539512197138e-01
9.411506655046348868e-01 2.007839828883893230e+00 5.170819489760248855e-01
9.813825476415444227e-01 2.033626961163867097e+00 6.221286642565057035e-01
1.021509698871872374e+00 2.065802901032737449e+00 7.310853680310916980e-01
1.058620215687110955e+00 2.102887945618129972e+00 8.402245841807588489e-01
1.090725646534881577e+00 2.142780170861461109e+00 9.475160305603123057e-01
1.117318141295878586e+00 2.184034933180513782e+00 1.050828834044918780e+00
1.139997232203854072e+00 2.228173736923575010e+00 1.133729925379879377e+00
1.159148888609068617e+00 2.269386961034790318e+00 1.076074421163477401e+00
1.181889204415033090e+00 2.307781392326796244e+00 9.669263802454980405e-01
1.209217019439579044e+00 2.343812031724190614e+00 8.546690146096567187e-01
1.240748370301302694e+00 2.376959326092267233e+00 7.418081992621522458e-01
1.278374735294330211e+00 2.408279928956523985e+00 6.216446903268911806e-01
1.317578519864953224e+00 2.433820951488327999e+00 5.072896913746182124e-01
1.358478994802809314e+00 2.454236821586063488e+00 3.920073903604063825e-01
1.401608590877292615e+00 2.469939059215646271e+00 2.790504745480642534e-01
1.447766574054071498e+00 2.480903262291402012e+00 1.641126082690537447e-01
1.494572467394555959e+00 2.489017397390919317e+00 2.169708144065408129e-01
1.540483952566732873e+00 2.501573866091656662e+00 3.192998100851804355e-01
1.583495378369043527e+00 2.518236192542365970e+00 4.219105655319881354e-01
1.628508402510552733e+00 2.541573279403241514e+00 5.339478345485580979e-01
1.668961674674533935e+00 2.568460374946656799e+00 6.408978328412747727e-01
1.705079223573778169e+00 2.596022578279385762e+00 5.924805713527574458e-01
1.743592291733309763e+00 2.619756233713482541e+00 4.845690359668292091e-01
1.786526623738879938e+00 2.639980105121882747e+00 3.714155848837004115e-01
1.832723002673182888e+00 2.655563982130829004e+00 2.550407553385934389e-01
1.879096238517318218e+00 2.665527165861115488e+00 1.423747502479083271e-01
1.927687964996187109e+00 2.670218843688563215e+00 2.795117240960389229e-02
1.979271994405699342e+00 2.671842215194883075e+00 7.514031797769191168e-02
2.031001560312382548e+00 2.678430356246293886e+00 1.801263420406007121e-01
2.080217979559852992e+00 2.690109327590212374e+00 2.865418843569441099e-01
2.129413086468327609e+00 2.707507829582258552e+00 3.949890121899057305e-01
2.174491514717375118e+00 2.729121004830333597e+00 5.002370088557263061e-01
2.215650824885500025e+00 2.752283942984493414e+00 4.683446063741118492e-01
2.257106589624389148e+00 2.771092986209293230e+00 3.637045850450985052e-01
2.301302989013033873e+00 2.785687187533118170e+00 2.539995420062663989e-01
2.347624073773327158e+00 2.795543704597969636e+00 1.393516913899192078e-01
2.397215572238839076e+00 2.802688917765958188e+00 1.868724549288058034e-01
2.444197951375880251e+00 2.814089501850483011e+00 2.916443794600194761e-01
2.487262476094265207e+00 2.829476151812264195e+00 3.971683802177568556e-01
2.526012100762947021e+00 2.847429527126790205e+00 4.393727403579731350e-01
2.561501857406474514e+00 2.863734827202107702e+00 3.632161369365225490e-01
2.597462035733879127e+00 2.875869190529354746e+00 2.547918165807551150e-01
2.635779869736828651e+00 2.884218814626861693e+00 1.388261234452808079e-01
2.669914296069483939e+00 2.887653992070430942e+00 2.870815974147265803e-02
2.707130537072452103e+00 2.888715968249800703e+00 7.072062509818331788e-02
2.740207788406779255e+00 2.892781038126806425e+00 1.767276201167721217e-01
2.769292739337927856e+00 2.899526291394392441e+00 2.811975994318385852e-01
2.795952904374321424e+00 2.908793788440645844e+00 3.874253990905380807e-01
2.820541582662885460e+00 2.920411898186456856e+00 4.968148971948336268e-01
2.840029857543870939e+00 2.932396763300914699e+00 6.050163878801050332e-01
2.856035094681324882e+00 2.944519601793386343e+00 6.250352620620406308e-01
2.867962570440898862e+00 2.953124005558418919e+00 5.390467882308438430e-01
2.880042614344685337e+00 2.960236584336522370e+00 4.311282385427356867e-01
2.892983666280065425e+00 2.966274170371739682e+00 3.434265073259024081e-01
2.906422800822558550e+00 2.971321254701612347e+00 4.055554370208780401e-01
2.919286384880556806e+00 2.977671126676974644e+00 5.146180713934995765e-01
2.928344778026394923e+00 2.983486713742705909e+00 6.237831453203315224e-01
