3.000362751897839075e+00 -4.030405763744962164e-05 -1.277201930876329359e-04
3.000485668112709448e+00 -6.009170608221686921e-05 -1.575194930294542114e-04
3.040369443002223893e+00 1.512185917105773360e-03 8.762196543374858870e-02
3.083063795383575556e+00 7.516604525822945596e-03 1.939340812561702321e-01
3.122532543891204160e+00 1.745901259134248831e-02 3.013320107186356900e-01
3.159957167040414738e+00 3.133166942808539301e-02 4.097263657590591301e-01
3.195145047828710894e+00 4.887811598268067270e-02 5.184365138989305288e-01
3.228091964951976145e+00 7.009146322933595963e-02 6.255286043932554163e-01
3.257905560659262179e+00 9.412663202489318648e-02 7.317771191817536991e-01
3.285018534568730608e+00 1.211741356871660624e-01 8.379894018738219819e-01
3.308795192315704625e+00 1.506726656801564146e-01 9.471619687163770340e-01
3.328637732012138528e+00 1.814722229964041145e-01 1.053002457920788615e+00
3.345881719670998233e+00 2.158992597872550490e-01 1.162378255620771350e+00
3.359238844080784769e+00 2.518023148873920203e-01 1.269853366331347155e+00
3.369115184547891939e+00 2.908703093498773429e-01 1.380655043779172697e+00
3.374640274326462297e+00 3.309870696814151136e-01 1.490454712052337261e+00
3.375783633845320875e+00 3.713787356484922197e-01 1.597477262435494705e+00
3.372434634761778405e+00 4.137117487206020128e-01 1.706054320133163937e+00
3.363785450870924620e+00 4.586163237575952567e-01 1.818460712258221035e+00
3.350429275859744482e+00 5.017018608378809308e-01 1.925010962196908038e+00
3.330949011502942536e+00 5.466826884560753719e-01 2.034721705988460361e+00
3.306865622140591654e+00 5.891747168985429495e-01 2.138252313058544463e+00
3.278861245643314604e+00 6.319138005699624916e-01 2.099076295770829326e+00
3.254768338036775344e+00 6.775365758840423691e-01 1.991930887800360983e+00
3.234178408780681746e+00 7.295627124646160144e-01 1.881824954588688703e+00
3.215010350761119184e+00 7.877865396293409761e-01 1.933389358070245034e+00
3.189677562808057587e+00 8.455097113352654237e-01 2.035974376175465395e+00
3.156582479193756896e+00 9.037119115844867157e-01 2.141236883677565928e+00
3.117050317517404689e+00 9.597537388166919037e-01 2.212801670358255812e+00
3.078442014684341643e+00 1.011220416347558215e+00 2.157974196807525669e+00
3.039305311295741774e+00 1.076533640993698748e+00 2.042809079453299148e+00
3.008336648054946938e+00 1.144795202090899577e+00 1.931802836516621769e+00
2.981918830430717371e+00 1.219417715826553339e+00 1.900184393063591548e+00
2.954132157029357941e+00 1.293151006592688557e+00 1.980014149645426436e+00
2.917690293592251294e+00 1.366800888860252750e+00 2.083944781025155901e+00
2.873824476664393668e+00 1.436008334558738664e+00 2.190255819050222374e+00
2.831774873619001376e+00 1.493487080036610015e+00 2.154262297377373514e+00
2.795836351984591239e+00 1.553134677479931725e+00 2.048625405809261224e+00
2.766938659204044804e+00 1.616168921778106116e+00 1.934781082395659935e+00
2.747121728921011918e+00 1.676787080949884823e+00 1.818906018304360384e+00
2.736785831178000894e+00 1.726386636983204159e+00 1.713766864690827951e+00
2.731844865529557076e+00 1.776547489078368347e+00 1.598391269208282450e+00
2.732578521472728728e+00 1.824055210069493782e+00 1.487967805935010546e+00
2.738743315727862893e+00 1.871976771547652962e+00 1.374671104087691997e+00
2.750162201107293924e+00 1.918189951665589144e+00 1.262824344869855508e+00
2.766783006254889710e+00 1.963138357628768871e+00 1.150738714316945854e+00
2.789839180012374076e+00 2.008480341263525926e+00 1.032364050598734595e+00
2.815213234748522364e+00 2.051627694299802851e+00 1.082606712199594812e+00
2.836856824204118332e+00 2.097912432209958045e+00 1.186692090926861010e+00
2.853295325716671993e+00 2.145456831535153874e+00 1.291028046566465415e+00
2.865126723643227180e+00 2.197068844285468447e+00 1.401234180603434964e+00
2.871128886412523507e+00 2.248453746637826267e+00 1.509764434198528793e+00
2.871961931411837643e+00 2.298679164769138250e+00 1.585370841382654161e+00
2.871578940688315207e+00 2.343833885222582403e+00 1.521681382841690855e+00
2.876025927899009904e+00 2.391055121380715409e+00 1.410891004998337861e+00
2.885145896560969980e+00 2.435565928666208357e+00 1.303936439573725403e+00
2.900316061423326985e+00 2.482192751689287658e+00 1.187305827947361614e+00
2.917775501826389561e+00 2.525899294518962002e+00 1.230458728184194328e+00
2.931082594909951489e+00 2.570854067139445753e+00 1.338417361965000385e+00
2.939266632772477461e+00 2.615865462397753749e+00 1.446310111344595972e+00
2.942464578632772110e+00 2.659915239299496470e+00 1.553395582897540983e+00
2.941074249557567022e+00 2.700750549096472497e+00 1.660208025832955459e+00
2.937635688409162782e+00 2.733279241859917885e+00 1.625560155742773238e+00
2.937227523664343032e+00 2.763770703991119237e+00 1.518734711140717009e+00
2.939882213151299606e+00 2.793362603774377728e+00 1.408202451040677872e+00
2.945497407867372353e+00 2.820643949252345184e+00 1.295010949792158028e+00
2.952893567008841647e+00 2.847697995616723876e+00 1.350558084570458783e+00
2.957040149993513278e+00 2.872314239019205129e+00 1.457008080405958417e+00
2.958463299200179808e+00 2.895545852087656691e+00 1.562005610959919855e+00
2.957750969075131131e+00 2.913918438048745507e+00 1.592527110320269168e+00
