0.000000000000000000e+00 -1.831428990012444469e-02 0.000000000000000000e+00
0.000000000000000000e+00 -3.378329947575210018e-02 0.000000000000000000e+00
0.000000000000000000e+00 -4.642585628691803246e-02 0.000000000000000000e+00
0.000000000000000000e+00 -5.676871190423796870e-02 0.000000000000000000e+00
0.000000000000000000e+00 -6.243828364552930776e-02 0.000000000000000000e+00
0.000000000000000000e+00 -6.831211979095942743e-02 0.000000000000000000e+00
0.000000000000000000e+00 -7.085836532236300389e-02 0.000000000000000000e+00
0.000000000000000000e+00 -7.651254538491315815e-02 0.000000000000000000e+00
0.000000000000000000e+00 -7.947737016883950345e-02 0.000000000000000000e+00
0.000000000000000000e+00 -8.304836249053239305e-02 0.000000000000000000e+00
0.000000000000000000e+00 -8.465566453538457548e-02 0.000000000000000000e+00
0.000000000000000000e+00 -8.625412685592818984e-02 0.000000000000000000e+00
0.000000000000000000e+00 -8.575800837433146528e-02 0.000000000000000000e+00
0.000000000000000000e+00 -8.654753262847782180e-02 0.000000000000000000e+00
0.000000000000000000e+00 -8.592827569364371032e-02 0.000000000000000000e+00
0.000000000000000000e+00 -9.047603763212042072e-02 0.000000000000000000e+00
0.000000000000000000e+00 -9.601063276920202005e-02 0.000000000000000000e+00
0.000000000000000000e+00 -1.044740931133180950e-01 0.000000000000000000e+00
0.000000000000000000e+00 -1.106390127170686355e-01 0.000000000000000000e+00
0.000000000000000000e+00 -1.132046917136037278e-01 0.000000000000000000e+00
0.000000000000000000e+00 -1.147755557940015880e-01 0.000000000000000000e+00
0.000000000000000000e+00 -1.145707196583485715e-01 0.000000000000000000e+00
0.000000000000000000e+00 -1.157011344363746280e-01 0.000000000000000000e+00
0.000000000000000000e+00 -1.159207565186808758e-01 0.000000000000000000e+00
0.000000000000000000e+00 -1.166908897425149999e-01 0.000000000000000000e+00
0.000000000000000000e+00 -1.180765239447730264e-01 0.000000000000000000e+00
0.000000000000000000e+00 -1.173298982064312074e-01 0.000000000000000000e+00
0.000000000000000000e+00 -1.168169159129642393e-01 1.746170630594768777e-02
0.000000000000000000e+00 -1.153801066340502945e-01 3.102676892564289537e-02
0.000000000000000000e+00 -1.153435502099342258e-01 4.164406851296281742e-02
0.000000000000000000e+00 -1.139395928371911004e-01 4.725350055413871792e-02
0.000000000000000000e+00 -1.138001590887836034e-01 3.455175960518622885e-02
1.816025179271206491e-02 -1.146498218648407674e-01 2.526424662331216986e-02
3.298936637665143834e-02 -1.181046866580582333e-01 3.553079771457455516e-02
4.376145342246641479e-02 -1.216406578658466714e-01 2.598011928889691624e-02
5.130807245171942893e-02 -1.266352829750703179e-01 1.899666322404142474e-02
5.756298575889637337e-02 -1.320371842599822321e-01 1.389036014941908911e-02
6.323774929958729529e-02 -1.380256796169834210e-01 1.015663134125523864e-02
6.709539653623435018e-02 -1.439206226412142464e-01 7.426528836725830932e-03
6.995111986163365936e-02 -1.485406073769290902e-01 5.430277885413926919e-03
7.126451922301198227e-02 -1.505119416118115006e-01 2.222842197562141173e-02
6.929149925390444553e-02 -1.473279158000745381e-01 3.589322269688102751e-02
5.066594425445493377e-02 -1.444184708027861919e-01 4.796324674656060605e-02
5.422349406383916715e-02 -1.420819740058453517e-01 5.673149154138702049e-02
5.915332502484473010e-02 -1.433941734781592203e-01 6.358478382891222247e-02
6.268814292846416891e-02 -1.429229805795687591e-01 6.645112672735516146e-02
6.462347544107270580e-02 -1.448833485664600684e-01 6.943078683145419150e-02
6.575161775265758735e-02 -1.465623694113497577e-01 7.096290844169601819e-02
6.699076183301889975e-02 -1.509404104648809919e-01 7.150617986338345111e-02
6.811248375320318182e-02 -1.563597574714080951e-01 7.132633124086854015e-02
7.162196429897041416e-02 -1.637274924099106077e-01 7.175049227970749233e-02
7.616553071708200007e-02 -1.711826313303622948e-01 7.122957843736750505e-02
7.961669047064091898e-02 -1.761840284081385710e-01 6.973618208208437474e-02
8.101274617982225090e-02 -1.797254389558230192e-01 6.986883785724788687e-02
8.073781003050105320e-02 -1.827353305097118852e-01 7.123970715659136421e-02
8.077399679774618924e-02 -1.847057470908553822e-01 7.292952467929578186e-02
7.881896113762484890e-02 -1.855356628402867469e-01 7.428522177251591085e-02
7.727507107828469890e-02 -1.855972775979011224e-01 7.733859623782626813e-02
7.696703160045897940e-02 -1.847430747630206260e-01 7.989775431919549087e-02
7.839120850248855465e-02 -1.820532079188531549e-01 8.010326341083884305e-02
7.913224404680362090e-02 -1.784724229965818920e-01 7.871631157448145955e-02
8.033697562400082814e-02 -1.776175427622268821e-01 7.774992622130752484e-02
8.281935132484860573e-02 -1.793500859629739985e-01 7.645535101309648696e-02
8.654047252274890689e-02 -1.830719692304652035e-01 7.467503433289032766e-02
8.958252433095391376e-02 -1.873254994106733629e-01 7.310670284481758652e-02
9.251199278263184944e-02 -1.925920740727285752e-01 7.139606919325143519e-02
9.476052805265360035e-02 -1.967660401900793443e-01 5.220480579410544802e-02
9.655690693318179363e-02 -2.000000000000000111e-01 3.817215399664990183e-02
9.655502964169539182e-02 -2.000000000000000111e-01 2.791147900235040752e-02
9.668060257232639898e-02 -2.000000000000000111e-01 3.846570200746916857e-02
9.596783377184638086e-02 -2.000000000000000111e-01 4.875282129894674410e-02
9.312624432840363453e-02 -1.975858076491507354e-01 5.781630729773033772e-02
8.928584401255290626e-02 -1.951686413790777175e-01 6.487201837068549970e-02
8.673852942249724030e-02 -1.919638663060459494e-01 6.946897690624012633e-02
8.774109375412549039e-02 -1.919880029110698494e-01 7.104486832892864534e-02
8.986789634825874395e-02 -1.919464538504690454e-01 7.082534900384473975e-02
9.273740688581418035e-02 -1.946308148037885211e-01 7.122385905032388442e-02
9.439883767954569682e-02 -1.970980783038440154e-01 7.044000966656950580e-02
9.550297972520194190e-02 -2.000000000000000111e-01 6.845106761681749030e-02
9.431852476464498702e-02 -2.000000000000000111e-01 5.005142064141694658e-02
9.418723779300952614e-02 -2.000000000000000111e-01 3.659759877300407249e-02
9.494335733003862743e-02 -2.000000000000000111e-01 4.379282728541672443e-02
9.664343611929214484e-02 -2.000000000000000111e-01 4.924223361186360476e-02
9.816171537211046405e-02 -2.000000000000000111e-01 3.600592121699466852e-02
9.963332252783053955e-02 -2.000000000000000111e-01 2.632752959386649994e-02
1.016160449301731772e-01 -2.000000000000000111e-01 1.925068963903518379e-02
1.026575090336803026e-01 -2.000000000000000111e-01 1.407610426406252606e-02
1.022224091115285227e-01 -2.000000000000000111e-01 1.029244743788251815e-02
1.017662196180346562e-01 -2.000000000000000111e-01 2.546695538645480511e-02
1.006927928228795177e-01 -2.000000000000000111e-01 3.791730478839694385e-02
9.951393947168575560e-02 -2.000000000000000111e-01 4.702119578977099340e-02
9.849915097627104377e-02 -2.000000000000000111e-01 5.419796698540520902e-02
9.946851633219860878e-02 -2.000000000000000111e-01 5.772331236736314569e-02
1.013003404487809039e-01 -2.000000000000000111e-01 4.220728600301593136e-02
1.021604826430719537e-01 -2.000000000000000111e-01 3.086196752540525112e-02
1.028134687228233618e-01 -2.000000000000000111e-01 2.256627065457631615e-02
1.044449313355364367e-01 -2.000000000000000111e-01 1.650045710262620230e-02
1.055495671627735138e-01 -2.000000000000000111e-01 1.206513423344027919e-02
1.062042827352844832e-01 -2.000000000000000111e-01 8.822026151491531298e-03
1.069860752907381835e-01 -2.000000000000000111e-01 6.450665521970607753e-03
1.095179265581019551e-01 -2.000000000000000111e-01 4.716726629664907966e-03
1.125516282259380330e-01 -2.000000000000000111e-01 3.448870511610980724e-03
1.144632837152904092e-01 -2.000000000000000111e-01 2.521814118089949104e-03
1.150390902717308428e-01 -2.000000000000000111e-01 1.843950483147370652e-03
1.140475599895720421e-01 -2.000000000000000111e-01 1.974120388729819556e-02
1.123846229767214433e-01 -2.000000000000000111e-01 3.417212401820968193e-02
1.110107336910021031e-01 -2.000000000000000111e-01 4.610714298524609678e-02
1.112599700389938773e-01 -2.000000000000000111e-01 5.592299407281133006e-02
1.125300185578920059e-01 -2.000000000000000111e-01 6.098633260932408151e-02
1.133178726815172316e-01 -2.000000000000000111e-01 6.220384128201388030e-02
1.146434763908089766e-01 -2.000000000000000111e-01 6.235170222914885457e-02
1.163068177068483089e-01 -2.000000000000000111e-01 6.256165670145845403e-02
1.182505622281204150e-01 -2.000000000000000111e-01 4.574508338010642439e-02
1.196294717403102309e-01 -2.000000000000000111e-01 3.344880496753381560e-02
1.214665832183650096e-01 -2.000000000000000111e-01 4.151261107141017426e-02
1.237119603349967900e-01 -2.000000000000000111e-01 4.814270387927725020e-02
1.252269523741934010e-01 -2.000000000000000111e-01 5.216429494058798938e-02
1.267554666189929513e-01 -2.000000000000000111e-01 5.511593221175055402e-02
1.294631706554175143e-01 -2.000000000000000111e-01 5.727387541374663604e-02
1.322617938868257959e-01 -2.000000000000000111e-01 5.889889725210315646e-02
1.335195609823457696e-01 -2.000000000000000111e-01 6.080195429528716111e-02
1.331478047139638132e-01 -2.000000000000000111e-01 6.369651148952988617e-02
1.316989455976289025e-01 -2.000000000000000111e-01 6.712060506925476844e-02
1.308834915592264059e-01 -2.000000000000000111e-01 6.973489997914544825e-02
1.300019909144687347e-01 -2.000000000000000111e-01 7.095335657047523170e-02
1.305280780951577901e-01 -2.000000000000000111e-01 7.287770508883968656e-02
1.316664702964082390e-01 -2.000000000000000111e-01 7.379726837026864827e-02
1.331487077140589281e-01 -2.000000000000000111e-01 7.373330385986261171e-02
1.333715270153821575e-01 -2.000000000000000111e-01 7.272377812032240763e-02
1.336014890107702080e-01 -2.000000000000000111e-01 7.288488729148663581e-02
1.340928501458472644e-01 -2.000000000000000111e-01 7.333803605276960347e-02
1.346996160035211498e-01 -2.000000000000000111e-01 7.138041822714709383e-02
1.346458171916307400e-01 -2.000000000000000111e-01 5.219336180768995026e-02
1.351114870435285442e-01 -2.000000000000000111e-01 3.816378615378289429e-02
1.370016984138210658e-01 -2.000000000000000111e-01 4.478122435451085959e-02
1.386944893892698150e-01 -2.000000000000000111e-01 3.274403124801834181e-02
1.400099379953707590e-01 -2.000000000000000111e-01 2.394243564855100953e-02
1.408419507372273560e-01 -2.000000000000000111e-01 1.750670894622050056e-02
1.418130743527714344e-01 -2.000000000000000111e-01 1.280090558147643082e-02
1.414506523055032716e-01 -2.000000000000000111e-01 9.360022161175566777e-03
1.405073602986890158e-01 -2.000000000000000111e-01 6.844048204251574133e-03
1.391977561620909576e-01 -2.000000000000000111e-01 5.004368046948750801e-03
1.382051442299433441e-01 -2.000000000000000111e-01 3.659193915928926275e-03
1.364112262646511864e-01 -2.000000000000000111e-01 2.675602591327231120e-03
1.352330960503456136e-01 -2.000000000000000111e-01 1.956400614778471252e-03
1.345658169587872488e-01 -2.000000000000000111e-01 1.430520129526018178e-03
1.341438741852985228e-01 -2.000000000000000111e-01 1.045996318709424512e-03
1.340124056786449469e-01 -2.000000000000000111e-01 7.648325082403311260e-04
1.345218117304121386e-01 -2.000000000000000111e-01 5.592455300253301471e-04
1.361235657123430476e-01 -2.000000000000000111e-01 4.089203315545213678e-04
1.374903234667220198e-01 -2.000000000000000111e-01 2.990025464326660234e-04
1.386792952037633475e-01 -2.000000000000000111e-01 2.186306619515653786e-04
1.406660010331833854e-01 -2.000000000000000111e-01 1.598627400189846031e-04
1.431127016929454598e-01 -2.000000000000000111e-01 1.168916355018815494e-04
1.453369788202995838e-01 -2.000000000000000111e-01 8.547116387897578751e-05
1.471185684820555395e-01 -2.000000000000000111e-01 6.249651502830710394e-05
1.486642905896974343e-01 -2.000000000000000111e-01 4.569745178869815419e-05
1.505309589689455829e-01 -2.000000000000000111e-01 3.341397674789609246e-05
1.520030169208065052e-01 -2.000000000000000111e-01 2.443229979806162266e-05
1.544247453797452374e-01 -2.000000000000000111e-01 1.826465893950097660e-02
1.563838222361783048e-01 -2.000000000000000111e-01 3.273489775137506524e-02
1.592737587928567400e-01 -2.000000000000000111e-01 4.390327760004128499e-02
1.619906944846565833e-01 -2.000000000000000111e-01 5.252143369237596837e-02
1.658598262226153031e-01 -2.000000000000000111e-01 5.972150978684771100e-02
1.684473551731621721e-01 -2.000000000000000111e-01 6.580380378666320085e-02
1.698479646120334419e-01 -2.000000000000000111e-01 7.085149133139610755e-02
1.707758558318125952e-01 -2.000000000000000111e-01 7.619237523373041665e-02
1.728794331588927313e-01 -2.000000000000000111e-01 8.277041619727543154e-02
1.757948953833598504e-01 -2.000000000000000111e-01 8.884405051599589265e-02
1.790275138278657474e-01 -2.000000000000000111e-01 9.284352357005495882e-02
1.826370209045622972e-01 -2.000000000000000111e-01 9.536813132271403093e-02
1.857732958015815006e-01 -2.000000000000000111e-01 9.809646735774726900e-02
1.892027528542410408e-01 -2.000000000000000111e-01 1.005645092090611259e-01
1.922952231634986464e-01 -2.000000000000000111e-01 1.033766870477862698e-01
1.969614664412064620e-01 -2.000000000000000111e-01 1.073373772221382916e-01
2.000000000000000111e-01 -2.000000000000000111e-01 1.126017951245548016e-01
2.000000000000000111e-01 -2.000000000000000111e-01 1.169703435227252841e-01
2.000000000000000111e-01 -2.000000000000000111e-01 1.194906784060450478e-01
2.000000000000000111e-01 -2.000000000000000111e-01 1.215268555224802982e-01
2.000000000000000111e-01 -2.000000000000000111e-01 1.226125300220022168e-01
2.000000000000000111e-01 -2.000000000000000111e-01 1.218536896993949736e-01
2.000000000000000111e-01 -2.000000000000000111e-01 1.192311724929600164e-01
2.000000000000000111e-01 -2.000000000000000111e-01 1.170130985842877530e-01
2.000000000000000111e-01 -2.000000000000000111e-01 1.157562899439582016e-01
2.000000000000000111e-01 -2.000000000000000111e-01 1.130026326513682705e-01
2.000000000000000111e-01 -2.000000000000000111e-01 1.088176362223455956e-01
1.994520596731799711e-01 -2.000000000000000111e-01 1.042890139931131471e-01
1.990426909427323865e-01 -2.000000000000000111e-01 1.007928718949004654e-01
1.980914872274643357e-01 -2.000000000000000111e-01 9.706697425561661152e-02
1.973718475003446438e-01 -2.000000000000000111e-01 9.293426959252649999e-02
1.963207000385401857e-01 -2.000000000000000111e-01 8.907031618375918502e-02
1.946731129235780566e-01 -1.990163765126774509e-01 8.559720749284760455e-02
1.928413676970266999e-01 -1.972672705581688113e-01 8.323087042648613654e-02
1.902718210925131159e-01 -1.940550335695347406e-01 8.120294531087672574e-02
1.886962769782882798e-01 -1.913044017127042140e-01 7.881677754860497154e-02
1.873977863440439984e-01 -1.867518485716336829e-01 5.763082774353995436e-02
1.879919968332684765e-01 -1.802289370588171791e-01 4.213966124607641806e-02
1.906251738522353190e-01 -1.712892888828597970e-01 3.081252030313107876e-02
1.935871752613076147e-01 -1.626774760836982581e-01 2.253011484564944322e-02
1.954588739020773624e-01 -1.548814977031706119e-01 1.647401997513887190e-02
1.953073593281901277e-01 -1.485299578781868468e-01 1.204580340582154380e-02
1.946077337957748676e-01 -1.439598912246848328e-01 8.807891450336712350e-03
1.946106132530204536e-01 -1.416075198596857265e-01 6.440330228486204102e-03
1.952995610567676565e-01 -1.399650275188012438e-01 4.709169463069111730e-03
1.959179898882047188e-01 -1.358172923547736333e-01 3.443344711396134801e-03
1.965320443702978370e-01 -1.281624204654835675e-01 2.517773652972853798e-03
1.958403598993701256e-01 -1.189037167795400640e-01 1.840996095053750586e-03
1.959670836868558363e-01 -1.126925257980098960e-01 1.346136344703302307e-03
1.948600904084598073e-01 -1.079420091367153667e-01 9.842948952470545812e-04
1.930339243752290657e-01 -1.033029710877324814e-01 7.197164274046463075e-04
1.893085671576412443e-01 -9.547311548754176813e-02 5.262566517182773376e-04
1.869640427449848208e-01 -6.980994204449053608e-02 3.847988637364043916e-04
1.872673051001192412e-01 -5.104502962293147594e-02 2.813649291640588838e-04
1.890916051697442146e-01 -3.732412566028749795e-02 2.057340362047598448e-04
1.901050557437528599e-01 -2.729140068280221793e-02 1.504327272729203931e-04
1.904715503175430646e-01 -1.995547217926497974e-02 1.099964101819593976e-04
1.904717616300404259e-01 -1.459144125747855250e-02 8.042937512504871173e-05
1.907905679897738682e-01 -2.780538421628613033e-02 5.880995909143561649e-05
1.918704110468190671e-01 -3.770328158126958623e-02 4.300184208765771895e-05
1.945096930098640098e-01 -2.756863949222432275e-02 3.144294693449532232e-05
1.974446841995429747e-01 -2.015818919671442250e-02 2.299108279850298219e-05
1.986794135076550838e-01 -1.473966794063758662e-02 1.681107974226538163e-05
1.986855186610773649e-01 -1.077764519819420300e-02 1.229226150754444678e-05
1.973032033751189185e-01 -7.880614168919601592e-03 8.988101614316498626e-06
1.961721953173515554e-01 -5.762305080314012937e-03 6.572099900388223359e-06
1.959989924444348053e-01 -4.213397474725606717e-03 4.805519447163868595e-06
1.983232645642174774e-01 -3.080836233519363559e-03 3.513795819766220822e-06
2.000000000000000111e-01 -2.252707453949358632e-03 2.569287503413060905e-06
2.000000000000000111e-01 -1.647179690327770993e-03 1.878663022495630125e-06
2.000000000000000111e-01 -1.204417789567666184e-03 1.373678402048804638e-06
1.999209299156412267e-01 -2.195709730722521930e-02 1.004433647578085848e-06
1.979231421190602858e-01 -4.272699010994157609e-02 7.344418831090963667e-07
1.961548204412815188e-01 -6.363770695162845881e-02 5.370239049293712210e-07
1.944007280527969561e-01 -8.331334529033024294e-02 3.926718792843562347e-07
1.934772660860117899e-01 -1.067824714184188450e-01 2.871216781327212666e-07
1.921615579849540456e-01 -1.327603799092441639e-01 2.099433710506457792e-07
1.898263392266779370e-01 -1.583222240824159188e-01 1.535105929122322029e-07
1.857550977358849442e-01 -1.782451074292019377e-01 1.122469455374241920e-07
1.810865181905906562e-01 -1.889131368323354876e-01 8.207496657696457307e-08
1.780531317490599563e-01 -1.958753623035889291e-01 6.001321556107649881e-08
1.758403286156633438e-01 -1.990171967473203241e-01 4.388166321825913915e-08
1.749808818266534727e-01 -2.000000000000000111e-01 3.208627214519108309e-08
1.733639078689413193e-01 -1.985466612477332360e-01 2.346148219256371806e-08
1.719047661844780861e-01 -1.938232089082453924e-01 1.715503577920259019e-08
1.692982168766321571e-01 -1.862827437329878100e-01 1.254376216175293367e-08
1.671577595844875863e-01 -1.792029859511015122e-01 9.171998892673744683e-09
1.662415409101055119e-01 -1.729025451322315221e-01 6.706565590323042084e-09
1.658262195380958981e-01 -1.685734797173079891e-01 4.903840759644208079e-09
1.647389685235647327e-01 -1.662534591492491054e-01 3.585688363451844948e-09
1.638327554899655925e-01 -1.667949502377845949e-01 2.621855331355988867e-09
1.625986278046953337e-01 -1.684780943470712278e-01 1.917100618287498936e-09
1.614002155855954745e-01 -1.701599927246822963e-01 1.401783972091819204e-09
1.587599134643138121e-01 -1.703739223595369112e-01 1.024984440393538248e-09
1.549511487196181536e-01 -1.684128129571749455e-01 7.494686228157552229e-10
1.487104308991828716e-01 -1.633210529987643711e-01 5.480114570028802532e-10
1.406076965537845502e-01 -1.560376522779363395e-01 4.007059773605060447e-10
1.327483046312358805e-01 -1.477994000439485089e-01 2.929962106460019950e-10
1.271552624367231210e-01 -1.392239605782925604e-01 2.142388292243566540e-10
1.237072279504952965e-01 -1.296055932180402714e-01 1.566514319288495905e-10
1.209760223286099612e-01 -1.183941444475368615e-01 1.145435270263748217e-10
1.194681577559773833e-01 -1.062419122184424941e-01 8.375422696168526437e-11
1.185318322712708844e-01 -7.768408621412514758e-02 6.124109075438426843e-11
1.185588898824662535e-01 -5.680260383976830363e-02 4.477948555960577191e-11
1.188624810840861606e-01 -4.153406392763858701e-02 3.274275984118373781e-11
1.199003783911268411e-01 -4.816410928760619242e-02 2.394150599587354847e-11
1.203856924659099936e-01 -5.312157516374435562e-02 1.750602918418273777e-11
1.188419444311239609e-01 -5.585401965609346209e-02 1.280040853947441787e-11
1.154806561341747279e-01 -4.084045917253553704e-02 9.359658724063694349e-12
1.121087644430436570e-01 -2.986254374695798686e-02 6.843782459035372941e-12
1.093189442312526016e-01 -2.183549198777567923e-02 -1.730208800594889434e-02
1.076797904941772521e-01 -1.596611174146157774e-02 -1.265128674994983084e-02
1.076604057808263071e-01 -1.167442090535670413e-02 -9.250620871563315639e-03
1.078595918765783701e-01 -8.536336565996820863e-03 -6.764053981287095757e-03
1.068293938964204604e-01 -6.241769297056875068e-03 -4.945876271117124502e-03
1.049832813652916974e-01 -4.563981710007987240e-03 -3.616424729440841090e-03
1.041596998384162476e-01 -3.337183426357840169e-03 -2.644329762167142717e-03
1.055135810922147449e-01 -2.440148521352852873e-03 -1.933533922096614642e-03
1.076106354766217660e-01 -1.784236598813205860e-03 -1.413800003837044610e-03
1.106799425954448080e-01 -1.304633801052216234e-03 -1.033770562805646966e-03
1.138426132557023157e-01 -9.539482353293805839e-04 -1.798009010008369893e-02
1.164772549161560977e-01 -6.975269496728431478e-04 -1.314704188118120086e-02
1.181167831612754959e-01 -5.100317056007828628e-04 -9.613117023519694021e-03
1.168752357163387878e-01 -3.729351831352924326e-04 -7.029111167597600074e-03
1.138274448703184838e-01 -2.265183282106926835e-02 -5.139686085747365019e-03
1.089162018375826185e-01 -4.296901323663902816e-02 -3.758138465898472856e-03
1.042689804878243059e-01 -5.888994950364787040e-02 -2.747950846264963359e-03
9.968733057503954831e-02 -6.859284811826497907e-02 -2.009301658788941163e-03
9.661332394025380632e-02 -7.513085346203612902e-02 -1.469201372906473770e-03
9.581293582388171470e-02 -8.173360810344447447e-02 -1.074280043869213540e-03
9.894560299084262378e-02 -8.938522090605288684e-02 -7.855135680771689090e-04
1.045605734762501127e-01 -9.752347930137658660e-02 -5.743675209780259088e-04
1.113107520850797616e-01 -1.023890140633597345e-01 -4.199775313391325578e-04
1.185822868428498406e-01 -1.055452249924475894e-01 -3.070875709151737478e-04
1.243491357226778060e-01 -1.073683835788177415e-01 -2.245424318531750389e-04
1.297460748636706240e-01 -1.104175311826308681e-01 -1.641854261710415863e-04
1.324871359703053697e-01 -1.112161728976089198e-01 -1.200523836162656203e-04
1.340218609902725233e-01 -1.091386414214444156e-01 -8.778230290021342321e-05
1.322512791396149856e-01 -1.059030622991445347e-01 -6.418641988063604996e-05
1.298865167520021624e-01 -1.043739995309874713e-01 -4.693311021672107771e-05
1.271829942663880442e-01 -1.071073253661448399e-01 -3.431749019046644820e-05
1.259753877526458288e-01 -1.116264082251580830e-01 -2.509294882726906606e-05
1.258151578242583946e-01 -1.153498012666222955e-01 -1.834796418249913980e-05
1.267240688649235170e-01 -1.148547077936895033e-01 -1.341603141024337223e-05
1.280340782257974042e-01 -1.115550610800046111e-01 -9.809802167169954197e-06
1.283545377886040895e-01 -1.079276780776253775e-01 -7.172927344634670407e-06
1.278468794162507804e-01 -1.074066605807415115e-01 -5.244844474396870858e-06
1.253636285535455475e-01 -1.100160229584302846e-01 -3.835030279678991732e-06
1.209683317272391978e-01 -1.140068840875174822e-01 -2.804174140501278736e-06
1.154873840884188957e-01 -1.160007781055352322e-01 -2.050412131534534914e-06
1.096264852425573033e-01 -1.142775447842301340e-01 -1.499261350578051884e-06
1.038790159820100617e-01 -1.100103291326404442e-01 -1.096259899542671459e-06
9.852863072506284903e-02 -1.047724583732334985e-01 -8.015852385456013479e-07
9.446352830673396261e-02 -9.937840074120603273e-02 -5.861191264245437288e-07
9.248292432043982159e-02 -9.424748503844170011e-02 -4.285703052416263921e-07
9.053595506758042866e-02 -8.862434568214838659e-02 -3.133706071926772161e-07
8.922056477110208716e-02 -8.316272438635448350e-02 -2.291365879792855545e-07
8.807492874098910018e-02 -7.803691276185178993e-02 -1.675446731304535964e-07
8.980072084843289393e-02 -7.395069935126183380e-02 -1.225086649929876569e-07
9.142228952684137988e-02 -5.407275136564265727e-02 -8.957833584287256700e-08
9.280510964549294750e-02 -3.953799579855791363e-02 -6.549967916830842228e-08
9.348507569513918314e-02 -2.891018252790554521e-02 -4.789336540786712104e-08
9.390627586082926637e-02 -2.113912546440453386e-02 -3.501962878623243835e-08
9.356939930360744229e-02 -1.545692853957259319e-02 -2.560635256849315802e-08
9.148060245044149774e-02 -1.130210614813548058e-02 -1.872336499808219715e-08
9.024018276788312032e-02 -8.264100015516662526e-03 -1.369052448659770102e-08
8.954923854238058811e-02 -6.042709931345783755e-03 -1.001051150460023848e-08
8.917067868161222821e-02 -4.418429501800037046e-03 -7.319686012163693749e-09
8.873932187460764620e-02 -3.230755651716187178e-03 -5.352154412094092889e-09
8.881763101197123755e-02 -2.362328532534875916e-03 -3.913495306123200277e-09
8.326167803519762822e-02 -2.398553504556693444e-02 -2.861547767837283867e-09
6.088093897933650328e-02 -4.700464997331516709e-02 -2.092363727842621838e-09
4.451614258169084987e-02 -7.181267389767677367e-02 -1.529936357798525088e-09
3.255020345573234747e-02 -9.161868986550705807e-02 -1.118689464822281472e-09
4.840015660025817623e-02 -1.107651865328742047e-01 2.095592083453998167e-02
6.740381980582751953e-02 -1.262356013395371790e-01 3.940477742081080481e-02
8.446298237219873606e-02 -1.384254416193920478e-01 5.263080879051759697e-02
9.372677919879147945e-02 -1.441718948045113968e-01 5.828260225933674932e-02
9.627930206426295323e-02 -1.446535418839463016e-01 4.261623877202702637e-02
8.828517040243016867e-02 -1.392409063890736320e-01 3.116099379010615900e-02
6.455411659825693871e-02 -1.300285867318384803e-01 2.278491865932562310e-02
4.720197005664547585e-02 -1.228893201291232223e-01 1.666033252369889667e-02
5.505719905105777023e-02 -1.193864979790011244e-01 1.218203514132863360e-02
6.429194515815613020e-02 -1.195171039440111882e-01 8.907504095339496830e-03
7.102720338981827197e-02 -1.179647150343231116e-01 6.513166994512239842e-03
7.957796576704122271e-02 -1.177261908453575978e-01 4.762427706387349288e-03
8.949661090608650171e-02 -1.182785729401739094e-01 3.482287138910429743e-03
1.010556749763979745e-01 -1.241189596369590697e-01 2.546248355971306339e-03
1.126421636926979580e-01 -1.329746632781977911e-01 1.861816797886219196e-03
1.237246524108431001e-01 -1.440735629408628760e-01 1.361360442614403506e-03
1.317142839107608432e-01 -1.506443917229785823e-01 9.954267556396517551e-04
1.361207384945156140e-01 -1.526687037102172906e-01 7.278560437237133760e-04
1.378704551041553816e-01 -1.508689303564714201e-01 5.322083391707791876e-04
1.392591198202258185e-01 -1.500407276044928573e-01 3.891507376016737491e-04
1.412950885288693781e-01 -1.491555726017029515e-01 2.845470193343438165e-04
1.429248410304959083e-01 -1.484822689815711028e-01 2.080607805372721960e-04
1.446388671662070524e-01 -1.460358278191648262e-01 1.521340427288534185e-04
1.468012470644518008e-01 -1.429831086466461232e-01 1.112404120433376268e-04
1.498281364087011291e-01 -1.398349164415857437e-01 8.133898928608847289e-05
1.535754673838489459e-01 -1.384779470459052420e-01 5.947506896598789110e-05
1.574375683272240256e-01 -1.387603313329677235e-01 4.348817042793034137e-05
1.614003334602152895e-01 -1.388710123384659378e-01 3.179855021690266838e-05
1.644467695613412717e-01 -1.376285047102510373e-01 2.325109991859923087e-05
1.654813118578918885e-01 -1.345145353534615840e-01 1.700120426047975835e-05
1.658464267763513633e-01 -1.328948849999010140e-01 1.243128055526279851e-05
1.649336030827571464e-01 -1.320510588554643927e-01 9.089752342008157677e-06
1.630475948814618103e-01 -1.313802159997339569e-01 6.646426912476365202e-06
1.597058221177974635e-01 -1.285995555354716713e-01 4.859867358402718650e-06
1.568541240761683886e-01 -1.245554244413407952e-01 3.553535012464067647e-06
1.538719579724539266e-01 -1.194426300660382662e-01 2.598344801113726412e-06
1.507758742464403723e-01 -1.143198690028236347e-01 1.899909718574356637e-06
1.481628795795670583e-01 -1.096176908019376173e-01 1.389213986221569727e-06
1.472021270846943786e-01 -1.055631956269138805e-01 1.015793266725211829e-06
1.470039240872064445e-01 -1.015169890476710635e-01 7.427480366294749432e-07
1.464843526162950271e-01 -9.704361906146714845e-02 5.430973643834720442e-07
1.455073832245745158e-01 -9.334492330490469503e-02 3.971127928371947691e-07
1.443224496399011236e-01 -8.988257958423624683e-02 2.903688741225567907e-07
1.422369203296734996e-01 -8.766143163509469705e-02 1.736460388550018982e-02
1.394986086116854207e-01 -8.590306468208862289e-02 3.008966866884686328e-02
1.362650454331016669e-01 -8.513076424605096892e-02 3.935839818747381702e-02
1.329547101188983116e-01 -8.436114760567600679e-02 2.877886075468085586e-02
1.291591135849472494e-01 -8.391137401222861780e-02 2.104310298382264244e-02
1.255556532165192640e-01 -8.407080915913697772e-02 1.538671690177111605e-02
1.226800762323842497e-01 -8.593456326546256019e-02 1.125076739857503935e-02
1.207040146852892265e-01 -8.714578760784380540e-02 8.226561121838069437e-03
1.181996328927346768e-01 -8.931378859809470383e-02 6.015261492287996004e-03
1.154455952211138337e-01 -9.067793169816368293e-02 4.398359203160982084e-03
1.126967950360850818e-01 -9.359574771448435360e-02 3.216080249351310066e-03
1.106906646036474595e-01 -9.656347298569967208e-02 2.351597878325677789e-03
1.090000564045540410e-01 -1.006880471365689950e-01 1.719488368631735733e-03
1.084502170091835582e-01 -1.056702394290827407e-01 1.257289895143525252e-03
1.085445345379125459e-01 -1.092265646004605267e-01 9.193303713289456688e-04
1.074233579185672333e-01 -1.106556721075231259e-01 6.722143675157250722e-04
1.049930006958099543e-01 -1.101753027916033550e-01 4.915231455274982585e-04
1.044360649425939008e-01 -1.117906412099359814e-01 3.594017240097067576e-04
1.065308955835862631e-01 -1.140863154940216784e-01 2.627945405958975874e-04
1.095951069894804536e-01 -1.164081453567481633e-01 1.921553680837203020e-04
1.119307804632108938e-01 -1.160625084552767555e-01 1.405040051428162759e-04
1.143024367059830432e-01 -1.160715527959891857e-01 1.027365285604272518e-04
1.172980612472237505e-01 -1.174067328033500807e-01 7.512094968338440821e-05
1.199720334269029215e-01 -1.193320368271988119e-01 5.492843840849067640e-05
1.219378508779745129e-01 -1.205903360523176288e-01 4.016367416428838125e-05
1.227818699847817441e-01 -1.194375735894824958e-01 2.936767854892766345e-05
1.226294419966732913e-01 -1.180433930775575263e-01 2.147364655497590880e-05
1.216687256042794096e-01 -1.159100944804812017e-01 1.570153036099838201e-05
1.216629703721292532e-01 -1.147051702527001338e-01 1.148095899996201755e-05
1.222414481992005059e-01 -1.133419132195249701e-01 8.394877220772226209e-06
1.228520460211508653e-01 -1.114609674788099997e-01 6.138334223828651811e-06
1.222665442351230369e-01 -1.082290064128712398e-01 4.488349984463509903e-06
1.214045037282344142e-01 -1.037729606942845023e-01 3.281881508639718372e-06
1.210543139285800984e-01 -1.000794363440426910e-01 1.782923108404673232e-02
1.208549956665198322e-01 -9.789968332571057086e-02 3.141128589794094789e-02
1.207135600540673176e-01 -9.699996146038424027e-02 4.138630922114077543e-02
1.207265451574586895e-01 -9.630056625848613938e-02 4.904497580111707306e-02
1.209796579680801620e-01 -9.552982250981598145e-02 5.485490805948854687e-02
1.205422768763710351e-01 -9.600175212837150363e-02 5.935877080385722204e-02
1.193963315273075254e-01 -9.619770128785330721e-02 6.295013683257234816e-02
1.184541684819003377e-01 -9.490507487599013359e-02 6.605703604899650083e-02
1.177891231578149928e-01 -9.230520235907677118e-02 6.881638257756353405e-02
1.176312594755811042e-01 -8.982913548834360606e-02 7.094509533793966205e-02
1.168734056547294092e-01 -8.839256754171087582e-02 7.232001232946695668e-02
1.157713958044720576e-01 -8.664386893246996124e-02 7.306700946872185520e-02
1.142607221513001481e-01 -8.506955867594986898e-02 7.300508436680501478e-02
1.125001602335480022e-01 -8.417815022487527832e-02 7.258253394227351385e-02
1.119063365236289131e-01 -8.319591362476222440e-02 7.195862536070547766e-02
1.125095016074556808e-01 -8.398696790579031346e-02 7.083024537033837109e-02
1.135179789347927071e-01 -8.586218583318380726e-02 6.886681830865463982e-02
1.140463492533339007e-01 -8.978353025345767180e-02 5.035541754728826980e-02
1.138020867568093619e-01 -9.485888869807490575e-02 3.681988131057718078e-02
1.136093728270194114e-01 -9.942526398661963305e-02 2.692269721429403628e-02
1.127963573968393529e-01 -1.047813083262618683e-01 1.968587620309179831e-02
1.128537653653485379e-01 -1.086144482867197059e-01 1.439431267970072217e-02
1.138964843747877764e-01 -1.121244417157520740e-01 1.052512143139716812e-02
1.150765014130419595e-01 -1.144319844221980964e-01 7.695968790637610149e-03
1.148741122599621495e-01 -1.146724589849576481e-01 5.627292379714220888e-03
1.139780586338348112e-01 -1.150834981624105913e-01 4.114676188047038281e-03
1.140489447142411933e-01 -1.140058552795115976e-01 3.008651228699994046e-03
1.146500684498088923e-01 -1.138770331075133896e-01 2.199925778425435800e-03
1.161699682763275149e-01 -1.129713522176710450e-01 1.608585729184678617e-03
1.178596986514599682e-01 -1.122918491922270667e-01 1.176197885179836901e-03
1.198465848601758116e-01 -1.107683504768520039e-01 8.600358936434967551e-04
1.205617105132988504e-01 -1.089882816779345065e-01 6.288582454321248617e-04
1.210438405970150483e-01 -1.073494858122787249e-01 4.598211490599696770e-04
1.216560583159975867e-01 -1.063160980550912210e-01 3.362212241926498422e-04
1.232379578495795824e-01 -1.047427304029915074e-01 2.458449591296655548e-04
1.251180697594498070e-01 -1.026190690728719518e-01 1.797618341156114494e-04
1.267678589997115191e-01 -9.825687844623934297e-02 1.314418531053350902e-04
1.287927421109396064e-01 -9.461451939397648447e-02 9.611028299062100797e-05
1.314825974400762598e-01 -9.088801168386402562e-02 7.027583892274207977e-05
1.352516472694376970e-01 -8.939277614633263369e-02 5.138569342030900296e-05
1.392764476368692772e-01 -8.807973966193952120e-02 3.757321902892994274e-05
1.428256735536398148e-01 -8.675904292149200225e-02 2.747353775395357242e-05
1.452514531390428631e-01 -8.582387601883356698e-02 2.008865080569085086e-05
1.465549825654084704e-01 -8.463853225938973435e-02 1.468882146912114914e-05
1.473142299754361395e-01 -8.381810859328307772e-02 1.817997282807477105e-02
1.478127975235133396e-01 -8.116137462078469589e-02 3.191755106730344987e-02
1.472499086134039792e-01 -7.778307067480895454e-02 4.272911383197306595e-02
1.459435842158460506e-01 -7.387963586277283834e-02 5.121443895311956346e-02
1.446013309748561404e-01 -5.402078974285950269e-02 5.817596647519850811e-02
1.443318014290056461e-01 -3.950000145997886736e-02 6.364814352393959040e-02
1.441383330191362000e-01 -2.888240106753654779e-02 6.796006920955396935e-02
1.442125761520630656e-01 -2.111881166058272516e-02 7.123027786614999357e-02
1.446169767693660513e-01 -1.544207508621808778e-02 7.424338582225713246e-02
1.454715989430668543e-01 -1.129124530304266572e-02 7.706891295884461812e-02
1.457961171596034444e-01 -8.256158565584797299e-03 7.966934411023109119e-02
1.447837953754503859e-01 -6.036903143155603405e-03 8.145718530147201542e-02
1.424468369705821080e-01 -2.177864689068551018e-02 8.282199505878566625e-02
1.391468984496000982e-01 -3.567950575138342795e-02 8.335060563010071588e-02
1.347102162248556834e-01 -4.810515249418842454e-02 8.304411594380223249e-02
1.302563312187951794e-01 -5.710944988955442975e-02 8.200187981572161500e-02
1.265549533818288164e-01 -6.435137284391388712e-02 8.166427618222614482e-02
1.240268781101706436e-01 -6.983602749020856315e-02 8.161592189358851668e-02
1.225078099682668648e-01 -7.507597156895660928e-02 8.083957908524291858e-02
1.214518702904466424e-01 -7.970107554750889556e-02 7.863091833161832411e-02
1.206282218279986634e-01 -8.457582592634031726e-02 7.571519300885770631e-02
1.197901721640073774e-01 -8.975805235943519478e-02 7.299242209137098147e-02
1.184796893856506217e-01 -9.444897705307933600e-02 5.337205903321046163e-02
1.168889395928882358e-01 -9.873123318751388100e-02 3.902564956508348948e-02
1.148547829336487164e-01 -1.024580597399605136e-01 2.853555496198904862e-02
1.122021777709586721e-01 -1.072431393834337721e-01 2.086519778820639104e-02
1.094797945066519479e-01 -1.117851587459753604e-01 1.525663262273651427e-02
1.063397845967271466e-01 -1.153192471301869859e-01 1.115564977374493977e-02
1.037327406028939886e-01 -1.172373959186268910e-01 8.157011114562299353e-03
1.011849631300590219e-01 -1.177326693269704488e-01 5.964406526967953003e-03
9.902256073729021058e-02 -1.171776350268929207e-01 4.361174052518967253e-03
9.716239011470055587e-02 -1.166086910412298255e-01 3.188890467201868986e-03
9.590486373913330309e-02 -1.156096186896772154e-01 2.331716709618006887e-03
9.549515918928996872e-02 -1.153356910377065642e-01 1.704951258072686607e-03
9.541412092624824981e-02 -1.141980686189189298e-01 1.246660359902748358e-03
9.570108823424780531e-02 -1.127755709937068446e-01 9.115580551608895576e-04
9.596793587562055250e-02 -1.099040697735240157e-01 6.665312499336425132e-04
9.669887114793368488e-02 -1.067641840399964348e-01 4.873676499514794074e-04
9.771106028892914686e-02 -1.031964172646529787e-01 3.563632256445217338e-04
9.939684839888110468e-02 -1.001001586876586885e-01 2.605727905912742890e-04
1.010360620852845948e-01 -9.687776903249854799e-02 1.905308244803397477e-04
1.032674711775925930e-01 -9.215666814360159997e-02 1.393161388600244234e-04
1.159906560136111653e-01 -9.452795968069947763e-02 1.018679607344498596e-04
1.333313080338092704e-01 -9.543710217582115907e-02 7.448585288902973510e-05
1.482212777268117065e-01 -1.000880898108869321e-01 5.446405563245854554e-05
1.520686599726756016e-01 -9.745395862962771827e-02 3.982411747845368576e-05
1.501494710599259597e-01 -9.888653527542609623e-02 2.911939470024533385e-05
1.459231832096313242e-01 -9.674256346394989603e-02 2.129210140481938859e-05
1.403675616546291027e-01 -9.447149130460677502e-02 1.556878454720393660e-05
1.364029878211160396e-01 -8.631345259648565138e-02 1.819588315603877515e-02
1.362593219341374229e-01 -6.311239653855030274e-02 3.619660633448278098e-02
1.362056867495530232e-01 -4.614778434898798160e-02 5.126275755128472528e-02
1.354858346221788912e-01 -3.374325991598001173e-02 6.195544358934968604e-02
1.357991630927833371e-01 -2.467307165056458612e-02 6.778084472898290858e-02
1.389433181194678069e-01 -1.804094999089282669e-02 7.194895217789326614e-02
1.450675633790736718e-01 -1.319154263334083518e-02 7.658242175655216588e-02
1.524288691067323120e-01 -9.645655973498819258e-03 8.415384803644310185e-02
1.588008184873502815e-01 -7.052903647822336697e-03 9.164004941521661229e-02
1.631078189131841272e-01 -5.157083147287692265e-03 9.862533588505713322e-02
1.648696698009448347e-01 -3.770859197296760196e-03 1.035276538650913430e-01
1.651081802566870260e-01 -2.757252245063391421e-03 1.070018133176475900e-01
1.644133441570824472e-01 -2.016102841590351746e-03 1.088677804563088769e-01
1.640130412810161531e-01 -2.099391235450666360e-02 1.103256260967337699e-01
1.646077592170556159e-01 -3.705765336067677607e-02 1.114829736384860825e-01
1.647572252491714406e-01 -5.012873774937725430e-02 1.118560820991810201e-01
1.641786690444882457e-01 -6.125060892370422228e-02 1.115193750928192146e-01
1.623232821220141620e-01 -7.144326585426394316e-02 1.100503125057525622e-01
1.593992928656588759e-01 -8.134487284164122756e-02 1.077194540157462577e-01
1.560057421080904283e-01 -9.161535750430728486e-02 1.042003518601288814e-01
1.513760639446461720e-01 -1.011937187307654362e-01 9.953495558974886914e-02
1.466296847967325512e-01 -1.098319885068762408e-01 9.388486504006929301e-02
1.412911108734098420e-01 -1.166113964994381358e-01 8.791654457523781496e-02
1.368882723446208649e-01 -1.207682195727913937e-01 8.246792859165158474e-02
1.325047750908850963e-01 -1.233083399846079814e-01 7.821781022283244567e-02
1.274350516227370500e-01 -1.246281854864809135e-01 7.484803038167370248e-02
1.222324880448771300e-01 -1.254041828840563033e-01 7.191122052208480386e-02
1.174385024225632207e-01 -1.249674015423706680e-01 5.258148444574840819e-02
1.141973766616338204e-01 -1.228074501953301811e-01 3.844758142673123519e-02
1.116245872082054502e-01 -1.201451806830456243e-01 2.811287153922587684e-02
1.092970393961295028e-01 -1.169784069155496986e-01 2.055613166948196124e-02
1.074250497508014157e-01 -1.145390916129484238e-01 1.503064347672521117e-02
1.054442763958555324e-01 -1.128610136057237590e-01 1.099040651018147463e-02
1.041291374393543828e-01 -1.129162748521036208e-01 8.036185240244693440e-03
1.049747565241553465e-01 -1.143039305760729929e-01 5.876058647666920071e-03
1.073419945512512491e-01 -1.147172270973314534e-01 4.296574083174051900e-03
1.100903555955007745e-01 -1.129474050654808437e-01 3.141654969616866633e-03
1.117319254370023190e-01 -1.088930037390616890e-01 2.297178113783852980e-03
1.140299171633226971e-01 -1.051131949366391621e-01 1.867412551965393422e-02
1.161657928091494041e-01 -1.016401072058837202e-01 3.147482253723299372e-02
1.175055143254718770e-01 -9.873025889282587009e-02 4.075527025832732797e-02
1.181440215968610069e-01 -9.419883690555524991e-02 4.752522454761037851e-02
1.198438703141554290e-01 -8.857741347655539998e-02 5.206522202956897355e-02
1.217519439459824743e-01 -8.247112809637417719e-02 5.536916464274910937e-02
1.230997733828491508e-01 -7.836663996866964632e-02 5.755172205553342468e-02
1.234967172213918829e-01 -7.647317542560734538e-02 4.208181916700604042e-02
1.248278334634551623e-01 -7.742062032082230871e-02 3.077022617491481649e-02
1.263516053220631041e-01 -7.925455067218245553e-02 2.249918937909771433e-02
1.277818464671684751e-01 -8.240916760210283132e-02 1.645140727399625052e-02
1.288140618866151221e-01 -8.441507751438506735e-02 1.202926899874605729e-02
1.298130692679765330e-01 -8.585222090817157259e-02 8.795801491883116496e-03
1.301954250917556899e-01 -8.684842899538107452e-02 6.431490050864935304e-03
1.298009416525416071e-01 -8.910675651475899461e-02 4.702705525192440485e-03
1.301367254495743864e-01 -9.288128861030979511e-02 3.438618280020712403e-03
1.315939326483593352e-01 -9.556369214118722033e-02 2.514317686351144610e-03
1.324676860618416441e-01 -9.637210836123054347e-02 1.838469092259956963e-03
1.322177891132721994e-01 -9.537828926780941852e-02 1.344288600260480551e-03
1.310558391127881195e-01 -9.430157239717124051e-02 9.829438245104633876e-04
1.302884837110817873e-01 -9.306208904129915915e-02 7.187285244820508555e-04
1.298442887500910747e-01 -9.199061559718531289e-02 5.255342971012755748e-04
1.298907920216484380e-01 -9.096319235116910595e-02 3.842706780404527012e-04
1.307204617909666355e-01 -9.095117822562993892e-02 1.742070472629613648e-02
1.315796449929723944e-01 -9.175664448771736481e-02 2.970292661717452432e-02
1.313775391804966330e-01 -9.395576297166571833e-02 2.171877994247801286e-02
1.314514372216104565e-01 -9.681292806778514504e-02 1.588077189393992394e-02
1.314212006912918729e-01 -9.760100279314914973e-02 1.161202040884887210e-02
1.320088802238297554e-01 -9.702431320216717281e-02 8.490709322950294041e-03
1.315175164846067168e-01 -9.564409739986046155e-02 6.208406656941254514e-03
1.320838244568214026e-01 -9.654054231043163181e-02 4.539586947555445534e-03
1.328528469188468564e-01 -9.749907368950642972e-02 3.319345976052541763e-03
1.330646218517845536e-01 -9.787647839330604338e-02 2.427105777689618580e-03
1.315594241693481270e-01 -9.641982843070136255e-02 1.774699744646649271e-03
1.299580496114467743e-01 -9.448340488490274136e-02 1.916439483992285475e-02
1.293306749809009781e-01 -9.177513601305224700e-02 3.316816005162243064e-02
1.294264242331576997e-01 -8.925093146051475690e-02 4.370564818150086961e-02
1.302978016577461262e-01 -8.680350363807366743e-02 5.138154159777606755e-02
1.327732736451208984e-01 -8.557786941504157141e-02 5.671135826085862280e-02
1.359053157154503921e-01 -8.446746477124254804e-02 6.052473013357424769e-02
1.380219743185217840e-01 -8.423224400512101251e-02 6.384723260672114931e-02
1.380919370493274567e-01 -8.445702085318304575e-02 6.639145818017114231e-02
1.369110094711827874e-01 -8.573684317202209804e-02 6.841902830761539822e-02
1.354456755604064588e-01 -8.752353236660295743e-02 6.991522893885927792e-02
1.331517787375588457e-01 -8.989757071760678953e-02 7.123162394617030269e-02
1.305909841256128190e-01 -9.183399213708622055e-02 7.263851097527906919e-02
1.283421771849004023e-01 -9.313403189239242985e-02 7.348541106215858432e-02
1.266838107589259577e-01 -9.331724289283102602e-02 7.342077324723883525e-02
1.242433933572096999e-01 -9.354410766471749072e-02 7.206436022635881455e-02
1.219555934179213652e-01 -9.359151343392886624e-02 6.998699668602972879e-02
1.198448808585491493e-01 -9.360091134558623516e-02 5.117449197682493595e-02
1.186342574071943545e-01 -9.422093621312710443e-02 3.741878853345439321e-02
1.172407964769609928e-01 -9.506810600319531845e-02 2.736061817566184939e-02
1.167735432012615288e-01 -9.682958452547898998e-02 2.000608401004394521e-02
1.173769666114453658e-01 -9.851001999241160156e-02 1.462844862814413269e-02
1.180858110211973760e-01 -1.007932771733204558e-01 1.069632163689899010e-02
1.192627567738606953e-01 -1.028159039684164028e-01 7.821150380900540947e-03
1.202135934754443997e-01 -1.041195798405184919e-01 5.718825158514475281e-03
1.202072823638700577e-01 -1.044390214606096962e-01 4.181604955905784439e-03
1.188223076697146469e-01 -1.035607361666196768e-01 3.057589543758309526e-03
1.169856218736229497e-01 -1.026404769725082350e-01 2.235709474396076028e-03
1.164419686178038982e-01 -1.002458871322083750e-01 1.634750767678410776e-03
1.167769675553543274e-01 -9.802575909419945777e-02 1.877037322107440523e-02
1.177471558193746715e-01 -9.534310750794956768e-02 3.162691475318292478e-02
1.196624558296757457e-01 -9.383307716799567377e-02 4.109623835380719209e-02
1.223089559405540760e-01 -9.220842177111260307e-02 4.703265667162231239e-02
1.248649436359859088e-01 -9.102389693504493728e-02 3.439027855829023678e-02
1.273524970431774150e-01 -9.093667525964320431e-02 2.514617168182182311e-02
1.301449071502393806e-01 -9.195527372122094811e-02 1.838688073374811563e-02
1.333143487489057144e-01 -9.255175511370382357e-02 1.344448719251662219e-02
1.352378312093238666e-01 -9.288896188014592048e-02 2.703212292530026567e-02
1.352731383926293607e-01 -9.295043338326479387e-02 3.769913076921490441e-02
1.348129287180990232e-01 -9.410086134889161791e-02 4.622072306346740322e-02
1.343764582676480468e-01 -9.427395382570118165e-02 5.202836879369430317e-02
1.334158469121176083e-01 -9.378165870030080731e-02 5.552804545007491294e-02
1.325735666575325045e-01 -9.324604840517483617e-02 4.060210683309477264e-02
1.323548529409019903e-01 -9.401606994145357554e-02 2.968826051635890112e-02
1.315187039655763557e-01 -9.591416546108856578e-02 2.170805608956162883e-02
1.299446959856285222e-01 -9.791310841379112506e-02 1.587293061268746364e-02
1.277045125564103545e-01 -1.002332525177675043e-01 1.160628686399707218e-02
1.269308013681474667e-01 -1.023919750530354611e-01 8.486516954954659991e-03
1.260489069600405632e-01 -1.048703471282890071e-01 6.205341197462847791e-03
1.251855360811959805e-01 -1.070291428780345278e-01 4.537345483584834423e-03
1.243892221985681695e-01 -1.089153723642562466e-01 3.317707017597230999e-03
1.237444981711344483e-01 -1.104493299549006019e-01 2.425907371267095342e-03
1.226940151932395390e-01 -1.114132602779165787e-01 1.773823469870500040e-03
1.209323999359090546e-01 -1.118997948207867132e-01 1.297019721169309549e-03
1.204682554177402276e-01 -1.120729906435887768e-01 9.483808201189991571e-04
1.207140805109336718e-01 -1.115704000017177094e-01 6.934560556710121348e-04
1.216456612592489578e-01 -1.105275285313767619e-01 5.070550679066440289e-04
1.216277179532463254e-01 -1.086993089781724126e-01 3.707586656533381174e-04
1.219487764884992498e-01 -1.071436420338277851e-01 2.710987363257208265e-04
1.224782720708119110e-01 -1.055779566338145015e-01 1.982273960013670447e-04
1.228792310913972702e-01 -1.034087120388084979e-01 1.721689992732180693e-02
1.233168611802371167e-01 -1.004172875957836386e-01 3.070815506158400265e-02
1.246496729471707615e-01 -9.654069668128795190e-02 4.128883011343611326e-02
1.259773229265246375e-01 -9.286841908784594646e-02 4.953188651862315550e-02
1.262224159655726818e-01 -8.958252298218115361e-02 5.553233514636231327e-02
1.260358069433277217e-01 -8.748119066024388768e-02 5.990439588763448592e-02
1.265921790673565639e-01 -8.511501160097861840e-02 6.311968365011698390e-02
1.273917286590691145e-01 -8.224444188143661960e-02 6.561421219126362114e-02
1.275013456597641759e-01 -7.931977454549361817e-02 6.737744101344692038e-02
1.281544615918514263e-01 -7.816004791004664554e-02 6.882989727836955063e-02
1.300478429622764776e-01 -7.829944517647442759e-02 7.009238351793906086e-02
1.315401636672530461e-01 -7.936120140440941495e-02 7.144110925123373090e-02
1.315252209330931565e-01 -7.995213076051135848e-02 7.253512305512800629e-02
1.297455180687708542e-01 -8.100234052069496538e-02 7.323468358117245225e-02
1.265408443810533134e-01 -8.311876774558159264e-02 7.336760052235255514e-02
1.211987399666594328e-01 -8.733304723996823671e-02 7.322771479152824503e-02
1.157165261009082124e-01 -9.231973050551718629e-02 7.269844654148896468e-02
1.121423128471790986e-01 -9.669539756181015633e-02 7.216802156229870646e-02
1.109371919904462850e-01 -9.902465536059919249e-02 7.123744259211001184e-02
1.114756053163764166e-01 -9.984710394656517995e-02 6.956045927913104276e-02
1.133340185741446432e-01 -9.937495442872157358e-02 5.086260782490062415e-02
1.158251466516157929e-01 -9.784830428935736846e-02 3.719073884156733761e-02
1.167120578966532179e-01 -9.646488629840622997e-02 2.719386824095403749e-02
1.153575351357275652e-01 -9.621885098635304945e-02 1.988415645778559074e-02
1.137640084835132986e-01 -9.859205071682089483e-02 1.453929520193282532e-02
1.120364345182628396e-01 -1.015020532070779191e-01 1.063113265165328142e-02
1.101611745261503045e-01 -1.041507335475504448e-01 7.773484194888879116e-03
1.081142819275005967e-01 -1.043182615017825415e-01 5.683971643302748213e-03
1.077237331789621527e-01 -1.033883639980227170e-01 4.156120065582969737e-03
1.084422730577511568e-01 -1.010126733969846230e-01 3.038954991954267385e-03
1.092047258807357646e-01 -9.933825956819505865e-02 2.222083890116960305e-03
1.099014485932464785e-01 -9.809686308168874547e-02 1.624787740453521347e-03
1.111355684582042563e-01 -9.772839179698084022e-02 1.188044795819614930e-03
1.123588208350524698e-01 -9.807279080991131159e-02 1.793850478610675356e-02
1.127114658336670350e-01 -9.785299905579952773e-02 3.116235087373382326e-02
1.136332212667013203e-01 -9.690258103127347145e-02 4.147686481057911295e-02
1.161486291124563669e-01 -9.304461270067704293e-02 4.919646997489372786e-02
1.187916734112617612e-01 -8.838580726407153920e-02 5.529857296721286952e-02
1.215715666587409149e-01 -8.479628864701974078e-02 6.019310382682619559e-02
1.223174065480538975e-01 -8.375504337828434953e-02 6.398993678035022614e-02
1.232989869960369883e-01 -8.430878157449135657e-02 6.651598404956376998e-02
1.220510793728541293e-01 -8.485286916961620740e-02 6.769922450834377214e-02
1.211735730232137709e-01 -8.550228818296783107e-02 6.861103466136404816e-02
1.204259519593200572e-01 -8.722823838262502849e-02 6.983732974999956600e-02
1.195443815128941073e-01 -8.978152580370266089e-02 7.097308241657539207e-02
1.179092254146767715e-01 -9.379558263420441355e-02 7.123467114122603028e-02
1.170715943964541900e-01 -9.801755556647748224e-02 6.992103202539204365e-02
1.178031632549979557e-01 -1.018777055574461021e-01 5.112625861696665913e-02
1.196650222796386276e-01 -1.047738263313715418e-01 3.738352030072601695e-02
1.212824190797811424e-01 -1.065189486738968988e-01 2.733483004389086410e-02
1.234585930943199739e-01 -1.076446053080022530e-01 1.998722772809299886e-02
1.249532534217741575e-01 -1.074972583387798636e-01 1.461466091478160097e-02
1.245392789915580195e-01 -1.073468987722029783e-01 1.068624006088830618e-02
1.221773053173342144e-01 -1.061112386214721343e-01 7.813778732521529935e-03
1.199356959907867948e-01 -1.049806842504374532e-01 2.301910837752031008e-02
1.192071113694541246e-01 -1.022389683425112827e-01 3.521863806697472787e-02
1.194951494550537674e-01 -1.002860574582673248e-01 4.558645442117571778e-02
1.209871630905558632e-01 -9.751681384450518186e-02 5.361402418875075432e-02
1.233525778982939997e-01 -9.512323159307102538e-02 5.986462156984499738e-02
1.255252938229806381e-01 -9.168119351253345428e-02 6.374782585285489189e-02
1.271840611901607632e-01 -8.944951153755939521e-02 6.555527880028076682e-02
1.288869583247176931e-01 -8.858760140500213098e-02 6.595367230051694951e-02
1.312062375112136026e-01 -8.934620113579874734e-02 6.569746688150564229e-02
1.322090765922624700e-01 -9.106620899664345792e-02 6.526927576800965747e-02
1.314462166480233618e-01 -9.315364481912835615e-02 6.508793517906087678e-02
1.305945038696925964e-01 -9.570710886955285934e-02 6.571900085227679045e-02
1.300634975785152081e-01 -9.616804051974284229e-02 6.667101628472810182e-02
1.284278040019736777e-01 -9.556913175730469279e-02 6.741032275484779013e-02
1.250886603331453628e-01 -9.397643247594675286e-02 6.698935443525533273e-02
1.224564822848054207e-01 -9.408186953774275163e-02 6.638220873119908549e-02
1.217215128185640538e-01 -9.484171980940721280e-02 6.600586767142216371e-02
1.218149020346765699e-01 -9.641594913466904060e-02 6.631727416450119983e-02
1.218237146620966133e-01 -9.703460337366821842e-02 6.598972619312325205e-02
1.221372223291441045e-01 -9.773582070983997949e-02 6.510910609122641524e-02
1.228016580576930528e-01 -9.794729187029536932e-02 4.760777837390475775e-02
1.230216004891683673e-01 -9.871889719456929113e-02 3.481080754699916041e-02
1.227849887772446275e-01 -9.898682382946881464e-02 2.545366247836578638e-02
1.226486514217345197e-01 -9.828111623847925193e-02 1.861171800418106453e-02
1.219824064324773333e-01 -9.711072630627307078e-02 3.083840795437133714e-02
1.209451602666996445e-01 -9.539627162632063895e-02 4.056316153643100414e-02
1.205594971144488686e-01 -9.496268276120427287e-02 4.857013581189428136e-02
1.211285713777279227e-01 -9.400161193931895476e-02 5.460181373535124422e-02
1.213990606495919944e-01 -9.322544828883817802e-02 5.895720314928133698e-02
1.218017262412281615e-01 -9.139423899106989546e-02 6.160612276698355233e-02
1.233284440743488419e-01 -9.062520877796548247e-02 6.340772564391790322e-02
1.263263139034734861e-01 -9.001511972332987277e-02 6.446664420145040153e-02
1.278808843153086960e-01 -8.940984213421920845e-02 6.444840916510313766e-02
1.276325932415849906e-01 -8.774760755917578037e-02 4.712467678152341272e-02
1.256954117606760013e-01 -8.726553424918637170e-02 3.445756366264991766e-02
1.235065803212414132e-01 -8.815445840875715811e-02 2.519537055012961713e-02
1.207701219751489835e-01 -9.062691277059278794e-02 1.842285494625477832e-02
1.188361668198552185e-01 -9.266214981386763916e-02 1.347079153670149333e-02
1.184260991617423764e-01 -9.453147213376089653e-02 2.680848128393559238e-02
1.196254457164202395e-01 -9.548335753128786574e-02 1.960236151481370426e-02
1.205700014741257903e-01 -9.583318187817216338e-02 1.433324673963178031e-02
1.216692182701257230e-01 -9.483770877865292659e-02 1.048047001601875791e-02
1.229435535586203693e-01 -9.297767813355470312e-02 7.663319675712916210e-03
1.240458042325573718e-01 -9.036687295094068817e-02 5.603419346881284221e-03
1.235591605463099291e-01 -8.755620871459278420e-02 2.090612887286485977e-02
1.225585672150334704e-01 -8.575774147060442887e-02 3.278388145097357181e-02
1.218345747081273217e-01 -8.478972561209432990e-02 4.183824445187130092e-02
1.210845893443533577e-01 -8.573982274804227421e-02 4.874595712019491600e-02
1.206327977209853963e-01 -8.672272397773507502e-02 5.353410826514354293e-02
1.216760119168309867e-01 -8.758432606170774015e-02 3.914413996347296254e-02
1.242161862666002897e-01 -8.789736964292256538e-02 2.862219514129142953e-02
1.268699579496174457e-01 -8.873133798524122928e-02 2.092854908731229396e-02
1.295493458680670174e-01 -8.981394233701170404e-02 1.530295509264274940e-02
1.320560609036867949e-01 -9.155706494382197247e-02 1.118952076374037791e-02
1.336656640178033872e-01 -9.249340954331589093e-02 8.181777582446963376e-03
1.337777268256237495e-01 -9.319342107633338257e-02 5.982515768285219179e-03
1.323165207205943272e-01 -9.200121293751235829e-02 4.374415529770152647e-03
1.298298422926995321e-01 -9.067779447062240816e-02 3.198572635367935568e-03
1.262031469148254537e-01 -8.908341867987074059e-02 2.338796310981034517e-03
1.219936671862490857e-01 -8.911728265435861496e-02 1.710127862589332515e-03
1.184967983790253393e-01 -9.036747860208946270e-02 1.848073057739849784e-02
1.154216351380947386e-01 -9.215946911863838464e-02 3.063409636577853895e-02
1.142889414971300366e-01 -9.445201909874534341e-02 2.239965126265727052e-02
1.144373350814286983e-01 -9.669435583472106577e-02 1.637862500325499779e-02
1.159679107169055839e-01 -1.006385070970715334e-01 1.197605060238005406e-02
1.168185181816886881e-01 -1.037930972461595103e-01 8.756888200460295063e-03
1.165995168834130652e-01 -1.070719042940301569e-01 6.403036652176567062e-03
1.148166399194245624e-01 -1.098138582002704533e-01 4.681900400071506430e-03
1.114532246556834694e-01 -1.140445855065722325e-01 3.423405572532285494e-03
1.073292149408941187e-01 -1.173856340260426845e-01 2.503194154635607089e-03
1.039118453728277436e-01 -1.212262671632706734e-01 1.830335565869555849e-03
1.016399733854810444e-01 -1.246362017288912549e-01 1.338341365763819242e-03
9.825556685487013553e-02 -1.286384988811677399e-01 9.785952066465046680e-04
9.386186324021414396e-02 -1.312060658998348006e-01 7.155488150999242836e-04
9.036171217342109374e-02 -1.342393308042492128e-01 5.232092936010646414e-04
8.760317699548164638e-02 -1.390699157681918041e-01 3.825706354810984528e-04
8.483811929232061566e-02 -1.436653455144781544e-01 2.797356486637791887e-04
8.189831823840811043e-02 -1.470089437879081862e-01 2.045427063029553526e-04
7.984490882988157234e-02 -1.484680052494924130e-01 1.495616268487209475e-04
7.753680954607046483e-02 -1.511667997295215726e-01 1.093594615517847553e-04
5.669491514008671851e-02 -1.533495493345348182e-01 7.996363828666501125e-05
4.145532195043141049e-02 -1.550942148460047187e-01 5.846941231520945295e-05
3.031213141015545037e-02 -1.560509558375040573e-01 4.275283428488115597e-05
2.216423048710566487e-02 -1.577094685274630648e-01 3.126087242910510305e-05
1.620648533217166135e-02 -1.581716051314404070e-01 2.285794992016164942e-05
1.185018207488391928e-02 -1.571999042298615201e-01 1.671373298162219637e-05
8.664853133155122483e-03 -1.551442139430972700e-01 1.222108155616215025e-05
6.335740610963026126e-03 -1.534232295207430263e-01 8.936054833865764060e-06
4.632693534736165297e-03 -1.505748081523528015e-01 6.534043294522646606e-06
3.387425512599084171e-03 -1.478807527430215096e-01 4.777692456954959097e-06
2.476885534812450253e-03 -1.468452495964384374e-01 3.493448724525465797e-06
1.811098703054863594e-03 -1.461176621290675437e-01 2.554409707373020827e-06
1.324275371673716301e-03 -1.433146510345429669e-01 1.867784378031152826e-06
9.683101517678214046e-04 -1.389952067065637897e-01 1.365723937216379030e-06
7.080283829726310161e-04 -1.369451332077236683e-01 9.986173428926163142e-07
5.177103536295878539e-04 -1.356441289188606847e-01 7.301890011230810125e-07
3.785498105739546339e-04 -1.335112524528931088e-01 5.339141976211968365e-07
1.802115592960810975e-02 -1.301899948893758818e-01 3.903980613006191489e-07
3.087729632364721866e-02 -1.264096475334870739e-01 2.854590624230127027e-07
2.257747907185084571e-02 -1.216714238640270035e-01 2.087276664437068745e-07
1.650865269733733931e-02 -1.165282774901311158e-01 1.526216697036384671e-07
2.978911105212910318e-02 -1.122794294185756742e-01 1.115969648873004486e-07
3.954756813648487024e-02 -1.097194662539919124e-01 8.159970072559408485e-08
2.891718182139773469e-02 -1.056185325977068296e-01 5.966570117055439886e-08
2.114424334780602363e-02 -1.024105324742187184e-01 4.362756069590937604e-08
1.546067073591576510e-02 -9.775974527396336100e-02 3.190047238084893527e-08
1.130484244210160777e-02 -9.525186756133170729e-02 2.332562540487674216e-08
8.266100793664694912e-03 -9.340969062559868752e-02 1.705569729604587331e-08
6.044172900327625386e-03 -9.397376326981592143e-02 1.247112586286874249e-08
4.419499224719559277e-03 -9.552350017889572886e-02 9.118887230929624034e-09
3.231537833114941655e-03 -9.598422604009593240e-02 6.667730343255741486e-09
2.362900463573645426e-03 -9.633383640688060467e-02 4.875444426988598889e-09
1.727752818965049572e-03 -9.593674617069401778e-02 3.564924965014063539e-09
1.263332861227244291e-03 -9.490249467584388476e-02 2.606673134418283230e-09
9.237489881293609473e-04 -9.348437328980252481e-02 1.905999395886648827e-09
6.754452601201887301e-04 -9.290797436970826828e-02 1.393666758272317741e-09
4.938855741998819833e-04 -9.421392351437210544e-02 1.019049133648718666e-09
3.611291318549536772e-04 -9.603160371354010905e-02 7.451287265239430673e-10
2.640576212123421423e-04 -9.643064628239425562e-02 5.448381248343072181e-10
1.930789326304645660e-04 -9.559033149513029848e-02 3.983856368788454296e-10
1.411793155393956762e-04 -9.559009223830360058e-02 2.912995776858118008e-10
1.032303155224061211e-04 -9.640013433357670636e-02 2.129982512038655828e-10
7.548200670998335155e-05 -9.616066098124534389e-02 1.557443212802665015e-10
5.519244330633982758e-05 -9.454405644901815731e-02 1.138802477201308711e-10
4.035671454559568432e-05 -9.332517006104486257e-02 8.326923713295969920e-11
2.950882967573956186e-05 -9.463684440748797166e-02 6.088646619162013512e-11
2.157685625890076996e-05 -9.620540836915657257e-02 4.452018407931264402e-11
1.577699729650824373e-05 -9.694523528221656028e-02 3.255315859879340299e-11
1.153614042320682783e-05 -9.617439104778163772e-02 2.380286956743773802e-11
8.435225877448833330e-06 -9.464324894887739259e-02 1.740465822771047302e-11
6.167837161590586169e-06 -9.220105573550672895e-02 1.272628609610189769e-11
4.509922532555036768e-06 -8.973421382614815700e-02 9.305460393469707586e-12
3.297655355804243107e-06 -8.606119175182888603e-02 6.804152639705050407e-12
2.411245596164062349e-06 -8.407318125576102030e-02 4.975196410152332976e-12
1.763102779915162481e-06 -8.146804117187980698e-02 3.637863615103385861e-12
1.289180752673966893e-06 -7.955969114828552458e-02 2.660005875363595694e-12
9.426489663552045849e-07 -7.833855033382472466e-02 1.944996296065860927e-12
6.892649241989256220e-07 -7.768056879688707561e-02 1.422181291683357543e-12
5.039905125742544102e-07 -7.823527875714648971e-02 1.039898960478871060e-12
3.685178627942948170e-07 -7.845205330363311247e-02 7.603741199021505876e-13
2.694602612751883778e-07 -7.910962592607422017e-02 5.559855564724525111e-13
1.970293430444177299e-07 -7.883488979795756635e-02 4.065366388926572939e-13
1.440678556340782435e-07 -7.675431804168514338e-02 2.972595903583109964e-13
1.053424160396380101e-07 -7.532974220648638863e-02 2.173562124699970116e-13
7.702637460818331232e-08 -7.652751042049367458e-02 1.589308625580618321e-13
5.632168511350363439e-08 -7.856242061068621774e-02 1.162102467024547970e-13
4.118241615499385868e-08 -8.067048302451046426e-02 8.497293238883494750e-14
3.011258269253150937e-08 -8.222670764362334517e-02 6.213220816271610751e-14
2.201832046477903692e-08 -8.570992546102543241e-02 4.543107060857801507e-14
1.609979592384643058e-08 -8.748259794163049108e-02 3.321919882899224292e-14
1.177217077951650927e-08 -8.826862556936518334e-02 2.428987818375912703e-14
8.607811273982470930e-09 -8.699210698961171162e-02 1.776075892796467467e-14
6.294031603535982178e-09 -8.446113079558507930e-02 1.298666692812777021e-14
4.602195908505509491e-09 -8.094370989665765348e-02 9.495850857847024757e-15
2.460579874036395961e-09 -6.152273088674813789e-02 5.076989326874862651e-15
1.799176003895412658e-09 -6.180572482591941558e-02 3.712294595810899491e-15
1.315557494048325667e-09 -6.220422991006281654e-02 2.714429808456929937e-15
3.433976388378390494e-12 -1.787187985313209299e-02 7.085427974316387855e-18
2.510923535182279092e-12 -3.316059114172684175e-02 5.180864934820142807e-18
1.835987288925282465e-12 -4.276450880325226300e-02 3.788248440340487957e-18
1.342473905662166670e-12 -4.880029547117110955e-02 2.769967259576964846e-18
1.773802255661277236e-02 -2.481016187219545452e-10 1.408256557204342624e-26
3.043203181079445069e-02 -1.814119036094931615e-10 1.029717194627815299e-26
