2.079157931337191276e-02 7.307630949912810592e-04 8.365955981690427479e-02 5.048855906494842394e-02 0.000000000000000000e+00 2.469370502494016018e-01
2.199616592191270745e-02 8.353733687578107853e-04 8.959072634385174816e-02 5.034857412956061928e-02 0.000000000000000000e+00 2.472731581377218824e-01
2.324752277368425518e-02 9.516991918599157279e-04 9.578221252325011537e-02 5.030881299586675848e-02 0.000000000000000000e+00 2.471586273058799244e-01
2.444859807257429921e-02 1.070701344554031865e-03 1.017270798283229083e-01 5.024219750791314443e-02 0.000000000000000000e+00 2.473142265721536004e-01
2.565079749491554553e-02 1.197140200651144754e-03 1.078842252352605335e-01 5.016953538282686864e-02 0.000000000000000000e+00 2.580047139243457632e-01
2.684900142983379784e-02 1.330680984800914528e-03 1.140916746994411757e-01 5.015513915521130350e-02 0.000000000000000000e+00 2.576945399398383185e-01
2.810142786831305861e-02 1.478285190437248408e-03 1.205468437488753652e-01 5.019793392113391928e-02 0.000000000000000000e+00 2.579569400388245781e-01
2.930053003095467457e-02 1.627312653601394694e-03 1.267598225496542885e-01 5.016814433967120568e-02 0.000000000000000000e+00 2.592043454864193519e-01
3.049945915435428589e-02 1.783928599506023763e-03 1.330307852661926082e-01 5.023312232725063442e-02 0.000000000000000000e+00 2.609675252856242800e-01
3.174794311202603497e-02 1.955143890190036166e-03 1.395536465193476516e-01 5.011461195066346797e-02 0.000000000000000000e+00 2.601235063153632954e-01
3.294367157375528016e-02 2.126930196930975833e-03 1.458290680685025986e-01 5.011800786201003888e-02 0.000000000000000000e+00 2.609273604881927611e-01
3.414218803255098661e-02 2.306789102522754237e-03 1.521043952459527338e-01 5.024544610979231329e-02 0.000000000000000000e+00 2.620829372382400546e-01
3.533295465150473880e-02 2.493223062326826132e-03 1.585314743535086168e-01 4.989480462309348052e-02 0.000000000000000000e+00 2.683875643708143466e-01
3.657864239824170499e-02 2.696631049171219294e-03 1.652229771029073147e-01 5.011984066451147246e-02 0.000000000000000000e+00 2.686597231500035821e-01
3.777132422205657647e-02 2.899451119991813298e-03 1.716502400259964090e-01 5.058796011039867757e-02 0.000000000000000000e+00 2.677766603603030093e-01
3.896454706142045421e-02 3.110235339174022024e-03 1.780713356589236629e-01 5.046704157647685651e-02 0.000000000000000000e+00 2.685254509713553284e-01
4.015600058300218544e-02 3.328672494332172820e-03 1.845451738347842763e-01 5.096887935991389895e-02 0.000000000000000000e+00 2.692386835385834343e-01
4.138957573711264659e-02 3.563250916920902497e-03 1.913011695033733361e-01 5.035046510241392159e-02 0.000000000000000000e+00 2.712989307534499628e-01
4.257843068831692473e-02 3.797489498864994699e-03 1.977656373616304697e-01 5.043249031370933277e-02 0.000000000000000000e+00 2.690048356412792496e-01
4.376506605003739614e-02 4.039256103100338779e-03 2.042243674160724443e-01 5.060473045520597069e-02 0.000000000000000000e+00 2.702746596022921333e-01
4.499796704397367869e-02 4.299056173910489193e-03 2.111568171358626789e-01 5.082565076837408657e-02 0.000000000000000000e+00 2.788655823915140997e-01
4.618270630391103915e-02 4.557158687592235274e-03 2.178512594531549218e-01 5.052332980509111060e-02 0.000000000000000000e+00 2.788447882123245014e-01
4.735980980091442777e-02 4.821883263903994042e-03 2.245720229243327593e-01 5.023284130366012512e-02 0.000000000000000000e+00 2.798855726601126026e-01
4.854328122062296497e-02 5.096376147529660915e-03 2.312634198955207110e-01 5.023305237725206318e-02 0.000000000000000000e+00 2.790599276056399125e-01
4.976992664031428676e-02 5.389773549115527834e-03 2.382853276194822068e-01 5.031011110099570249e-02 0.000000000000000000e+00 2.805985554285566064e-01
5.094273803646264670e-02 5.678849469556323214e-03 2.450354484188519699e-01 5.031627022039908415e-02 0.000000000000000000e+00 2.807288482117617501e-01
5.211754245102177135e-02 5.976812330470227322e-03 2.517731004744944157e-01 5.012312653009942665e-02 0.000000000000000000e+00 2.810794119827876858e-01
5.329397960299870479e-02 6.283651793311482818e-03 2.585050343081477520e-01 5.060136888525579302e-02 0.000000000000000000e+00 2.806992875395228904e-01
5.451674314772337465e-02 6.611556007570999587e-03 2.654968648011701848e-01 5.095013461501318730e-02 0.000000000000000000e+00 2.807787435646132423e-01
5.568770433349719967e-02 6.934192794807567464e-03 2.722339991028095429e-01 5.065670543049627383e-02 0.000000000000000000e+00 2.812998930243845175e-01
5.685757811725446198e-02 7.265051754941749540e-03 2.789755348210154473e-01 5.096292661742607422e-02 0.000000000000000000e+00 2.809701897106741120e-01
5.806865604487792404e-02 7.616583663445753750e-03 2.860095403177126960e-01 5.075605925238813043e-02 0.000000000000000000e+00 2.813778916082688708e-01
5.923088471531443022e-02 7.962686254377468811e-03 2.928941863823424918e-01 5.064691201813742438e-02 0.000000000000000000e+00 2.893243369334439485e-01
6.039065262150423996e-02 8.316834362608251097e-03 2.998354831120634278e-01 5.041813041244402882e-02 0.000000000000000000e+00 2.886791878337056083e-01
6.154811461771444309e-02 8.679095500107680480e-03 3.067879268879856181e-01 5.052348168053666377e-02 0.000000000000000000e+00 2.889472400621929116e-01
6.274928920825172118e-02 9.064392174913765005e-03 3.140273459605130157e-01 5.021105379500179211e-02 0.000000000000000000e+00 2.898361817380533667e-01
6.390008096389851455e-02 9.442506355700772472e-03 3.208823109595881906e-01 5.034788976223114609e-02 0.000000000000000000e+00 2.838093442751263296e-01
6.505186400176478367e-02 9.829690238579618169e-03 3.277070882445377586e-01 5.047283322405782258e-02 0.000000000000000000e+00 2.844305420877625834e-01
6.619597435712888667e-02 1.022302127529621345e-02 3.345593893423836618e-01 5.044983013735016009e-02 0.000000000000000000e+00 2.862035152776870595e-01
6.738625393776648265e-02 1.064157081367603577e-02 3.416874437004846499e-01 5.093588686431171908e-02 0.000000000000000000e+00 2.847693160810374491e-01
6.852868407684949148e-02 1.105228655745592488e-02 3.485685783398232429e-01 5.074737005789642375e-02 0.000000000000000000e+00 2.877282647067851973e-01
6.966623150047518420e-02 1.147014052238140569e-02 3.554765925242140967e-01 5.060371112409756122e-02 0.000000000000000000e+00 2.878854108164096703e-01
7.085021785390881177e-02 1.191456231887367580e-02 3.626709553361011640e-01 5.083456146748321913e-02 0.000000000000000000e+00 2.871236880034305217e-01
7.198068545100765048e-02 1.234800784314761014e-02 3.695810352730727888e-01 5.055478687346348643e-02 0.000000000000000000e+00 2.870876127681374346e-01
7.310554831926181774e-02 1.278825663639112688e-02 3.765300993698791343e-01 5.005360463579688890e-02 0.000000000000000000e+00 2.890509616124782855e-01
7.423270870679807287e-02 1.323846313514119404e-02 3.834929897290677570e-01 5.026447314283588597e-02 0.000000000000000000e+00 2.899203201299223043e-01
7.540557621629995211e-02 1.371662663473595563e-02 3.907440767931219527e-01 5.069846660659127480e-02 0.000000000000000000e+00 2.896313454277690269e-01
7.652571189551372888e-02 1.418262199038908093e-02 3.977176224517756653e-01 5.082895801127307323e-02 0.000000000000000000e+00 2.902861234877999186e-01
7.764204084694671659e-02 1.465614922722200709e-02 4.046404002182536486e-01 5.047835047409798825e-02 0.000000000000000000e+00 2.888129537000772018e-01
7.875570340568854855e-02 1.513765190065592160e-02 4.115457083351384271e-01 5.063818565751998513e-02 0.000000000000000000e+00 2.885890262578680310e-01
7.991432284177227285e-02 1.564832396470552944e-02 4.187352456390873723e-01 5.077699266041180159e-02 0.000000000000000000e+00 2.876847856159869266e-01
8.101797569684140998e-02 1.614409719956668918e-02 4.256426211289436878e-01 5.040367314301241741e-02 0.000000000000000000e+00 2.873104845953484698e-01
8.212409799604020177e-02 1.665014173182711651e-02 4.324807384860501758e-01 5.067715785381232685e-02 0.000000000000000000e+00 2.842251313693046622e-01
8.326806878918278920e-02 1.718317149560017257e-02 4.395986700258528446e-01 5.039160730377356678e-02 0.000000000000000000e+00 2.844923860448353437e-01
8.436352673382736811e-02 1.770292015158176149e-02 4.464370304786292598e-01 5.002985682256988476e-02 0.000000000000000000e+00 2.851599013138247929e-01
8.545757994590540141e-02 1.823120643878067132e-02 4.532733057309872859e-01 5.028733445762711973e-02 0.000000000000000000e+00 2.846822658523596172e-01
8.654658920382206355e-02 1.876623799585909469e-02 4.600433860911374295e-01 5.059787859534314869e-02 0.000000000000000000e+00 2.813246149369568738e-01
8.767809634871040481e-02 1.933187522059193197e-02 4.670778770079149766e-01 5.089584703492633366e-02 0.000000000000000000e+00 2.811836577259286818e-01
8.875601509823954904e-02 1.988004172976374356e-02 4.738446659112681703e-01 5.043886463233782091e-02 0.000000000000000000e+00 2.827587334438749767e-01
8.983287633676267925e-02 2.043686991225902513e-02 4.806076569311092395e-01 5.054230564482675714e-02 0.000000000000000000e+00 2.825681566274194090e-01
9.091145571083923682e-02 2.100385082639993212e-02 4.873263956266359886e-01 5.105561431659189076e-02 0.000000000000000000e+00 2.804983370491757610e-01
9.202521910414086792e-02 2.159913990736058234e-02 4.943483382188261221e-01 5.089100278845293257e-02 0.000000000000000000e+00 2.803032988854667340e-01
9.309040991634566498e-02 2.217792445341499469e-02 5.010999066153639658e-01 5.067952467947833828e-02 0.000000000000000000e+00 2.812214062223267752e-01
9.414879984388602185e-02 2.276230399929978290e-02 5.078651307764810996e-01 5.039327607695154310e-02 0.000000000000000000e+00 2.817368846782844494e-01
9.524822191031288854e-02 2.337919873021310213e-02 5.148089489164222599e-01 4.999917064714698434e-02 0.000000000000000000e+00 2.769682948693119595e-01
9.630202753656287584e-02 2.397995154773688992e-02 5.214542892155794584e-01 5.017300811049341114e-02 0.000000000000000000e+00 2.765331732160233313e-01
9.735188541735269319e-02 2.458773694501138404e-02 5.280976465256145280e-01 5.036955113153773755e-02 0.000000000000000000e+00 2.765539780143602133e-01
9.839689751426944353e-02 2.520203007209540630e-02 5.347410683802715781e-01 5.065656414807440111e-02 0.000000000000000000e+00 2.762411289571904405e-01
9.948180703680789549e-02 2.584961316693250299e-02 5.415448536734209783e-01 5.046755365046839970e-02 0.000000000000000000e+00 2.722518466491180011e-01
1.005164056020378810e-01 2.647655616656556521e-02 5.480773823716131865e-01 5.026306981787964645e-02 0.000000000000000000e+00 2.728317941113344025e-01
1.015512069096674436e-01 2.711291315712029484e-02 5.545992401713125686e-01 5.074473496651243920e-02 0.000000000000000000e+00 2.719706505484504322e-01
1.025807876098498994e-01 2.775535604838641826e-02 5.611188083685709760e-01 5.100010485461492493e-02 0.000000000000000000e+00 2.716740177339141971e-01
1.036460842303307678e-01 2.842983712540982436e-02 5.677215086066673688e-01 5.073229868343409610e-02 0.000000000000000000e+00 2.633251492060859622e-01
1.046642920003262311e-01 2.908374292938275055e-02 5.740303029093839493e-01 5.060884295500223118e-02 0.000000000000000000e+00 2.630479643272192747e-01
1.056780348455810259e-01 2.974384848538600898e-02 5.803486202024086271e-01 5.041772892438733944e-02 0.000000000000000000e+00 2.638876492807317176e-01
1.067326424937534574e-01 3.044029869103064348e-02 5.869098205259322132e-01 5.081860234714130620e-02 0.000000000000000000e+00 2.618243340883943948e-01
1.077386652103614201e-01 3.111395704869319989e-02 5.931709179284226918e-01 5.072560639226286749e-02 0.000000000000000000e+00 2.607436465582130269e-01
1.087404336278570555e-01 3.179387293262715686e-02 5.994237566863158673e-01 5.047989072185510295e-02 0.000000000000000000e+00 2.602325861704414267e-01
1.097373407496095438e-01 3.247962766152336783e-02 6.056696808890121853e-01 5.016503316451759176e-02 0.000000000000000000e+00 2.593733067691413319e-01
1.107717292414711341e-01 3.320093505486522434e-02 6.121670772705566366e-01 5.036729227291814048e-02 0.000000000000000000e+00 2.582688467707485169e-01
1.117613196240175300e-01 3.390031454599977401e-02 6.182878478020995550e-01 5.046133966634669399e-02 0.000000000000000000e+00 2.541908089204922283e-01
1.127450524322504422e-01 3.460460396356073581e-02 6.244004401896688927e-01 5.024077852565089763e-02 0.000000000000000000e+00 2.541620986702301521e-01
1.137255775517787698e-01 3.531570709502790395e-02 6.305154787427218466e-01 5.024306283934742989e-02 0.000000000000000000e+00 2.539542212385791919e-01
1.147417930062143432e-01 3.606242124179538655e-02 6.368683507791517151e-01 5.016053848121149183e-02 0.000000000000000000e+00 2.525511335355346554e-01
1.157125659098677262e-01 3.678498326558472115e-02 6.428390626173350331e-01 5.020022012440505943e-02 0.000000000000000000e+00 2.481213170710339921e-01
1.166800123533489886e-01 3.751406377441689893e-02 6.487995289077990169e-01 5.009172355948943167e-02 0.000000000000000000e+00 2.482192578943800410e-01
1.176841541993251389e-01 3.828043281363595340e-02 6.550156600407938123e-01 5.028959052957304721e-02 0.000000000000000000e+00 2.485129557979997572e-01
1.186425447202199973e-01 3.902117826299748155e-02 6.609660775201955385e-01 5.041060115681950116e-02 0.000000000000000000e+00 2.466321435388704741e-01
1.195942020911700127e-01 3.976564342773487165e-02 6.667133866603358605e-01 5.023528015875022845e-02 0.000000000000000000e+00 2.386731788111940977e-01
1.205415864375815466e-01 4.051554844664306126e-02 6.724453708844515543e-01 4.992255784046495393e-02 0.000000000000000000e+00 2.387322195012383796e-01
1.215253491753736648e-01 4.130365073939654130e-02 6.784075152841837486e-01 5.000860214645908020e-02 0.000000000000000000e+00 2.384608332675693110e-01
1.224654958826277007e-01 4.206588405799711189e-02 6.841235508909493390e-01 5.028259520220568213e-02 0.000000000000000000e+00 2.372238805374204118e-01
1.233989616857150140e-01 4.283147796656874146e-02 6.897130287299408913e-01 5.003334636723699713e-02 0.000000000000000000e+00 2.322989379496418760e-01
1.243321238320072020e-01 4.360556841226480296e-02 6.952812415476845587e-01 5.031236789244941665e-02 0.000000000000000000e+00 2.314201926477935933e-01
1.252968927441729108e-01 4.441519978763808912e-02 7.010877724207178474e-01 5.032711975004322547e-02 0.000000000000000000e+00 2.314049319185308151e-01
1.262175892602875327e-01 4.519681332452118311e-02 7.066572820785951281e-01 5.017548344424527240e-02 0.000000000000000000e+00 2.315101225145241026e-01
1.271328492864645388e-01 4.598249953408026919e-02 7.120841670902799958e-01 4.979449088147458458e-02 0.000000000000000000e+00 2.252648107591394000e-01
1.280825039920115427e-01 4.680688847441607375e-02 7.177273260909338148e-01 4.992611054239759483e-02 0.000000000000000000e+00 2.252132705241751687e-01
1.289912533098686309e-01 4.760462559572262858e-02 7.231439498835593449e-01 5.022875514500979577e-02 0.000000000000000000e+00 2.251575748578411862e-01
1.298958003387479521e-01 4.840736835210601718e-02 7.285443592843621197e-01 5.001477326421477354e-02 0.000000000000000000e+00 2.243025385707122787e-01
1.307961809600384218e-01 4.921504696038681709e-02 7.338065923322034667e-01 5.024325001712071082e-02 0.000000000000000000e+00 2.183566755092928025e-01
1.317286297230162162e-01 5.006057896774561422e-02 7.392822089506460026e-01 5.056314134610773170e-02 0.000000000000000000e+00 2.184585776301508631e-01
1.326195770636902360e-01 5.087721522487884118e-02 7.445309612949880806e-01 5.034527434041036198e-02 0.000000000000000000e+00 2.181646079992788367e-01
1.335076704138268566e-01 5.169986631161138657e-02 7.497731078938943972e-01 5.062400403974265384e-02 0.000000000000000000e+00 2.175031723666136507e-01
1.343876710944229003e-01 5.252352647828396198e-02 7.548819884380355560e-01 5.057646544747440576e-02 0.000000000000000000e+00 2.121251824706581190e-01
1.353006690064639250e-01 5.338701819524818704e-02 7.601892821090169283e-01 5.046515454679156854e-02 0.000000000000000000e+00 2.125530522336344930e-01
1.361751056577814867e-01 5.422270556750135445e-02 7.652801747632644869e-01 5.068242896466290670e-02 0.000000000000000000e+00 2.122123090229546816e-01
1.370419638870518098e-01 5.505963246266473710e-02 7.703685495647747405e-01 5.046254828543761395e-02 0.000000000000000000e+00 2.120945039257788878e-01
1.379048566653593988e-01 5.590107954511773503e-02 7.752563222446665625e-01 5.020706488459147909e-02 0.000000000000000000e+00 2.033268641360232165e-01
1.387995571423273067e-01 5.678227254185429923e-02 7.803254889425120799e-01 5.032628053940890744e-02 0.000000000000000000e+00 2.028854598196813963e-01
1.396539301552312817e-01 5.763212989895424854e-02 7.851879397921620596e-01 4.998844581813322030e-02 0.000000000000000000e+00 2.033785337764273671e-01
1.405062650968742222e-01 5.848823530829540956e-02 7.900271196890509273e-01 5.000021974075341546e-02 0.000000000000000000e+00 2.009758021294001662e-01
1.413880009233635104e-01 5.938255005507365319e-02 7.949395596506941830e-01 4.997090365843614990e-02 0.000000000000000000e+00 1.963000125425587994e-01
1.422317456707386518e-01 6.024658436468705719e-02 7.996241447877588948e-01 5.002206288757249375e-02 0.000000000000000000e+00 1.951498186007485924e-01
1.430696924252100877e-01 6.111277054803164466e-02 8.043192851163827317e-01 4.988979479300936770e-02 0.000000000000000000e+00 1.951689934378579017e-01
1.439026514718996508e-01 6.198193052903410577e-02 8.090007546439361708e-01 4.995562440096301682e-02 0.000000000000000000e+00 1.938848028941164703e-01
1.447683377171299635e-01 6.289380016768129911e-02 8.137469984415857116e-01 5.014340030370934009e-02 0.000000000000000000e+00 1.895709160600014820e-01
1.455930001080398550e-01 6.377059366450543720e-02 8.183056310920664433e-01 5.036853000754126786e-02 0.000000000000000000e+00 1.904644100433599552e-01
1.464140385682578815e-01 6.465152413543363841e-02 8.228561570609863596e-01 5.011742509181127403e-02 0.000000000000000000e+00 1.904779889494254974e-01
1.472313721023184030e-01 6.553652933117720680e-02 8.274023467997507764e-01 5.030721369982393831e-02 0.000000000000000000e+00 1.898713713500827238e-01
1.480745207905717620e-01 6.645785198313544639e-02 8.319464981295437989e-01 4.980093146927655479e-02 0.000000000000000000e+00 1.816266192887055486e-01
1.488830942320215622e-01 6.734930021371747511e-02 8.362841756641438140e-01 4.979263980709192072e-02 0.000000000000000000e+00 1.808353817088264592e-01
1.496852350305255819e-01 6.824140369710270104e-02 8.406210061214175466e-01 4.960072425758410564e-02 0.000000000000000000e+00 1.803083548280666193e-01
1.505196299431977580e-01 6.917767606868570340e-02 8.451191874002821347e-01 4.974182139841354378e-02 0.000000000000000000e+00 1.785872652248033932e-01
1.513166293634560511e-01 7.007986749263979409e-02 8.493197462319687085e-01 5.016955444016313326e-02 0.000000000000000000e+00 1.742665785166778725e-01
1.521076015696286587e-01 7.098282229785610187e-02 8.535051687412426036e-01 4.997280745464849350e-02 0.000000000000000000e+00 1.747687350591931588e-01
1.528965928612115721e-01 7.189115844006603584e-02 8.576816755887733956e-01 5.042105549554198873e-02 0.000000000000000000e+00 1.746184701100574888e-01
1.537121672379202775e-01 7.283821612302844584e-02 8.620317131426631363e-01 4.996991497322467168e-02 0.000000000000000000e+00 1.742139632477376632e-01
1.544924314040671820e-01 7.375201913645669516e-02 8.660825043659448053e-01 5.001853369551167994e-02 0.000000000000000000e+00 1.681278486331071187e-01
1.552681203211206395e-01 7.466793296629821441e-02 8.701221774624706695e-01 4.984811787733522959e-02 0.000000000000000000e+00 1.676168442339838194e-01
1.560419799140644326e-01 7.558921932051726467e-02 8.741631052224954068e-01 5.017481097651099731e-02 0.000000000000000000e+00 1.674108950419601893e-01
1.568417346130011047e-01 7.654934949566805091e-02 8.783694225613498663e-01 5.029035074350096668e-02 0.000000000000000000e+00 1.676431958575139713e-01
1.576071707420861889e-01 7.747584947573500636e-02 8.822274846384144942e-01 5.031311058942555814e-02 0.000000000000000000e+00 1.601287706184543191e-01
1.583667359126858520e-01 7.840243337124712386e-02 8.860396107403843979e-01 4.994344181600829380e-02 0.000000000000000000e+00 1.597156830831880370e-01
1.591551924615957070e-01 7.937195358011188417e-02 8.900303956360923197e-01 4.981412622404313151e-02 0.000000000000000000e+00 1.599678219347223374e-01
1.599070555148833506e-01 8.030389973296352124e-02 8.938675105713760338e-01 4.951613680598543343e-02 0.000000000000000000e+00 1.596213992997800035e-01
1.606573261567837418e-01 8.124110676530879593e-02 8.975814704045094183e-01 4.975828618516142665e-02 0.000000000000000000e+00 1.538224867864011192e-01
1.614032359635581282e-01 8.217998876447736578e-02 9.012915667613990989e-01 5.009596646822767063e-02 0.000000000000000000e+00 1.548019101719512736e-01
1.621769877894440604e-01 8.316150095940691434e-02 9.051375248917233884e-01 5.008982488318991511e-02 0.000000000000000000e+00 1.543341436392158816e-01
1.629152109280514460e-01 8.410523965485280917e-02 9.088297789453130271e-01 4.993370858255019584e-02 0.000000000000000000e+00 1.540748935854974744e-01
1.636518975280803756e-01 8.505410967393160770e-02 9.124049229960383700e-01 4.984694841145276278e-02 0.000000000000000000e+00 1.479834695013431400e-01
1.643829121800067516e-01 8.600263912757577511e-02 9.159635741141789467e-01 5.004571322932416244e-02 0.000000000000000000e+00 1.477768025875323410e-01
1.651425892710754739e-01 8.699579253457985495e-02 9.196691196324960904e-01 5.015095031702665462e-02 0.000000000000000000e+00 1.483453291042515221e-01
1.658652714423609620e-01 8.794771418434713106e-02 9.232263698038276623e-01 4.988788332686011628e-02 0.000000000000000000e+00 1.489292001438204671e-01
1.665874335407726281e-01 8.890587096971591663e-02 9.266259342190789061e-01 4.977203458089440868e-02 0.000000000000000000e+00 1.407022896801836676e-01
1.673350843785466058e-01 8.990498279385082669e-02 9.301194308321834026e-01 4.973006320168615879e-02 0.000000000000000000e+00 1.391784258734571900e-01
1.680508722916746744e-01 9.086838993667072095e-02 9.334825842288806408e-01 5.001748986353804494e-02 0.000000000000000000e+00 1.397007030610408762e-01
1.687623560750342311e-01 9.183276799587122841e-02 9.368502031369866367e-01 5.024902591214963632e-02 0.000000000000000000e+00 1.401860196882857845e-01
1.694687519720322610e-01 9.279690666618706230e-02 9.400972022193478939e-01 5.012814856428793320e-02 0.000000000000000000e+00 1.353200789618971833e-01
1.702009959202655520e-01 9.380326318475497305e-02 9.434619542344470089e-01 4.961134697150371142e-02 0.000000000000000000e+00 1.351716561573872988e-01
1.709028283256492642e-01 9.477454579703038784e-02 9.466919262272308622e-01 4.963764519996527458e-02 0.000000000000000000e+00 1.342053734263360665e-01
1.716021823421971793e-01 9.574901254860532229e-02 9.499066619001260703e-01 4.979135611627993896e-02 0.000000000000000000e+00 1.330821079921543637e-01
1.722981392132348077e-01 9.672523152156434212e-02 9.530075541580226295e-01 5.008766898392524869e-02 0.000000000000000000e+00 1.293282810459267240e-01
1.730189232884496164e-01 9.774307275124435868e-02 9.562377751149354621e-01 4.994460650078469399e-02 0.000000000000000000e+00 1.295250630470760056e-01
1.737068273167070576e-01 9.872104348471578972e-02 9.593459968047398645e-01 4.968591663995491903e-02 0.000000000000000000e+00 1.289007571699477273e-01
1.743949291894900389e-01 9.970578824038796306e-02 9.624397983023056380e-01 5.008769172044069684e-02 0.000000000000000000e+00 1.278391126397991906e-01
1.751060157297519848e-01 1.007300975046013791e-01 9.654891255204762768e-01 5.003277749529855267e-02 0.000000000000000000e+00 1.221808293456181083e-01
1.757858536830819718e-01 1.017156769928022342e-01 9.684267368896155581e-01 4.996424980379110536e-02 0.000000000000000000e+00 1.225022381775330155e-01
1.764621880788757313e-01 1.027023697540967589e-01 9.713679057325282917e-01 4.976182899345815702e-02 0.000000000000000000e+00 1.218331457673345886e-01
1.771359299442835378e-01 1.036915175148444279e-01 9.743044547932709909e-01 5.000906116223169384e-02 0.000000000000000000e+00 1.214353007524420075e-01
1.778350466567890920e-01 1.047243862796599922e-01 9.772326241903787070e-01 4.973101028828419423e-02 0.000000000000000000e+00 1.175812027476475091e-01
1.785019359194368604e-01 1.057157622937200114e-01 9.800418500950456302e-01 4.962819600224654959e-02 0.000000000000000000e+00 1.173783310389215212e-01
1.791681893458330344e-01 1.067122502011928209e-01 9.828595204320799139e-01 4.990850754142406309e-02 0.000000000000000000e+00 1.165519928656297693e-01
1.798301896797955546e-01 1.077084410196740977e-01 9.856589065442624698e-01 5.000830831589642145e-02 0.000000000000000000e+00 1.147649744381522285e-01
1.805155959458634163e-01 1.087461181221303086e-01 9.884698582500135444e-01 4.984623491343098678e-02 0.000000000000000000e+00 1.130333095425949119e-01
1.811733857531420688e-01 1.097479547644137909e-01 9.911485995558350082e-01 4.967620263509886502e-02 0.000000000000000000e+00 1.115630214859393149e-01
1.818281898225759252e-01 1.107511215126534970e-01 9.938427318587438331e-01 4.995818786757422192e-02 0.000000000000000000e+00 1.118681588324557941e-01
1.825073735209615244e-01 1.117978783120187891e-01 9.965833576489633305e-01 5.023288523731961330e-02 0.000000000000000000e+00 1.067883250527205258e-01
1.831530506794400437e-01 1.127987212957345803e-01 9.991237756857634933e-01 4.961077895141996486e-02 0.000000000000000000e+00 1.063719141706334498e-01
1.838002986762136415e-01 1.138076133306060167e-01 1.001655388698710514e+00 4.964144344631882255e-02 0.000000000000000000e+00 1.050660614252413999e-01
1.844451116547787262e-01 1.148183509372624339e-01 1.004203053962639425e+00 5.002189641416243671e-02 0.000000000000000000e+00 1.061519361337586731e-01
1.851107166408363647e-01 1.158676672861553292e-01 1.006820472840198377e+00 4.998095696109317032e-02 0.000000000000000000e+00 1.036172001917109731e-01
1.857491931789472805e-01 1.168798682874033906e-01 1.009283222539746117e+00 4.968697512861275367e-02 0.000000000000000000e+00 1.024784569866201422e-01
1.863853715895512908e-01 1.178939594829539333e-01 1.011750995987524382e+00 4.975084527452378058e-02 0.000000000000000000e+00 1.026083700481298933e-01
1.870185093015043210e-01 1.189087626196260322e-01 1.014219273030572133e+00 5.012277760265970716e-02 0.000000000000000000e+00 1.029529831151013153e-01
1.876753254144984673e-01 1.199674171915671578e-01 1.016735761972988428e+00 4.975874608300623336e-02 0.000000000000000000e+00 9.769310872282960245e-02
1.883032562172854141e-01 1.209849320876716233e-01 1.019024842092856264e+00 4.969376418918480809e-02 0.000000000000000000e+00 9.486350744618607389e-02
1.889298611922244908e-01 1.220055145646732897e-01 1.021314590338608053e+00 4.998521517904086497e-02 0.000000000000000000e+00 9.565657318438908208e-02
1.895780605803080443e-01 1.230668252071586005e-01 1.023697455854869265e+00 4.998411156316440174e-02 0.000000000000000000e+00 9.542526796906566910e-02
1.901984802731228608e-01 1.240879889421417220e-01 1.025961868057476023e+00 4.959032745789626606e-02 0.000000000000000000e+00 9.278986188682901426e-02
1.908185244011344761e-01 1.251136871760924196e-01 1.028172305982457457e+00 4.977359325186725414e-02 0.000000000000000000e+00 9.185245128640340262e-02
1.914352080223956920e-01 1.261389287683054028e-01 1.030377840653751376e+00 4.997660211255861018e-02 0.000000000000000000e+00 9.225832548172538394e-02
1.920747484841130170e-01 1.272076288245447828e-01 1.032684534652775321e+00 4.974818026229066437e-02 0.000000000000000000e+00 9.171899724309633128e-02
1.926872946435450040e-01 1.282364244425746591e-01 1.034822608706665870e+00 4.963065522040621680e-02 0.000000000000000000e+00 8.715584654560148969e-02
1.932977424680013545e-01 1.292665723595574356e-01 1.036881521714926313e+00 4.991173604436127675e-02 0.000000000000000000e+00 8.672887542689075580e-02
1.939060388263682821e-01 1.302979677161443806e-01 1.038964522829229686e+00 4.987265280588792926e-02 0.000000000000000000e+00 8.635772464286303740e-02
1.945363724520884352e-01 1.313719326342102089e-01 1.041137303712038831e+00 4.974131003495918524e-02 0.000000000000000000e+00 8.712363170371476007e-02
1.951395648174232833e-01 1.324046055757533424e-01 1.043141857365634140e+00 4.974161734525861522e-02 0.000000000000000000e+00 8.300644883222585424e-02
1.957401892204213012e-01 1.334376019599239349e-01 1.045130476843811218e+00 4.966202910709760499e-02 0.000000000000000000e+00 8.258843141932065146e-02
1.963639408242975615e-01 1.345154156846804228e-01 1.047214058167746487e+00 4.973823954264600111e-02 0.000000000000000000e+00 8.336843844737053255e-02
1.969613538228331129e-01 1.355525860385204673e-01 1.049197516984920808e+00 4.997845225954422599e-02 0.000000000000000000e+00 8.248747658803906591e-02
1.975551693605757386e-01 1.365882146905784966e-01 1.051126847842012380e+00 4.980318991943677442e-02 0.000000000000000000e+00 7.846355815494783503e-02
1.981479671539153053e-01 1.376266306768740844e-01 1.053024094268919519e+00 4.973907667751298334e-02 0.000000000000000000e+00 7.919165500396795065e-02
1.987646029817773385e-01 1.387116679935345709e-01 1.054981172600201411e+00 5.005485209358950804e-02 0.000000000000000000e+00 7.811348115772168144e-02
1.993524869671710886e-01 1.397507584238657785e-01 1.056866844784946746e+00 4.981240612241810695e-02 0.000000000000000000e+00 7.796071043008480361e-02
1.999392303981668007e-01 1.407923698589832739e-01 1.058707026382780247e+00 4.988899928627388292e-02 0.000000000000000000e+00 7.549379620041442307e-02
2.005251381238246366e-01 1.418369033730810802e-01 1.060496328736604044e+00 4.980947416139691608e-02 0.000000000000000000e+00 7.456300057331805009e-02
2.011320832904665290e-01 1.429235908471237770e-01 1.062360094605377503e+00 4.982655542752345568e-02 0.000000000000000000e+00 7.465666713219451522e-02
2.017130032825961705e-01 1.439681589210745349e-01 1.064153736930495420e+00 4.984532933328400528e-02 0.000000000000000000e+00 7.486257984848615488e-02
2.022931032203203749e-01 1.450156135396042656e-01 1.065874905142275786e+00 4.974753439526968801e-02 0.000000000000000000e+00 7.022581823163862036e-02
2.028938125060206765e-01 1.461047170350767144e-01 1.067630150779734777e+00 4.982552034187293089e-02 0.000000000000000000e+00 7.047307871819612213e-02
2.034704043262983431e-01 1.471543284980250388e-01 1.069294353463683400e+00 4.999414622698372668e-02 0.000000000000000000e+00 6.962073834102185110e-02
2.040440074905714718e-01 1.482026580706273799e-01 1.070975057687869381e+00 4.969143260299124787e-02 0.000000000000000000e+00 6.936238112725433280e-02
2.046148795499658224e-01 1.492501158380711845e-01 1.072603469049600688e+00 4.958499520814896311e-02 0.000000000000000000e+00 6.715503832570406118e-02
2.052102611070578675e-01 1.503468021634587759e-01 1.074252734239431462e+00 4.985292992100986975e-02 0.000000000000000000e+00 6.630474823112036953e-02
2.057788246904862506e-01 1.513981656917740559e-01 1.075847907823428873e+00 4.977230086385397989e-02 0.000000000000000000e+00 6.585621315356929295e-02
2.063448059150238822e-01 1.524487239523489579e-01 1.077430292160658443e+00 4.970174218073553085e-02 0.000000000000000000e+00 6.669321056389879154e-02
2.069116510346794835e-01 1.535048395392444864e-01 1.078953373519147663e+00 4.982927066412845551e-02 0.000000000000000000e+00 6.224333907456323228e-02
2.074981066850225264e-01 1.546015429417366416e-01 1.080528793578661162e+00 4.978320932478019767e-02 0.000000000000000000e+00 6.299859334815331724e-02
2.080594402387278830e-01 1.556551509375739828e-01 1.082029079444571940e+00 4.972149912269574479e-02 0.000000000000000000e+00 6.279374836318528386e-02
2.086214949464421375e-01 1.567139474567981472e-01 1.083527971881695251e+00 4.992000121446793504e-02 0.000000000000000000e+00 6.203934019270238714e-02
2.091798536218847926e-01 1.577695704640910968e-01 1.084990271972020359e+00 4.974602940335248746e-02 0.000000000000000000e+00 5.961220397294418605e-02
2.097606541486728426e-01 1.588715172601555259e-01 1.086463132164205536e+00 4.989803448239293893e-02 0.000000000000000000e+00 5.862674949221800130e-02
2.103170337790672972e-01 1.599308469687334977e-01 1.087892692379318849e+00 4.986720880051087601e-02 0.000000000000000000e+00 5.960165458578755432e-02
2.108708243406141603e-01 1.609888900819957391e-01 1.089306107376609933e+00 4.969494861191137147e-02 0.000000000000000000e+00 5.918969478911901422e-02
2.114468063903494621e-01 1.620931840459609030e-01 1.090722486126915580e+00 4.993947782403751479e-02 0.000000000000000000e+00 5.437940618257072756e-02
2.119981540602668690e-01 1.631537428815691138e-01 1.092043755772170721e+00 4.971756620184286657e-02 0.000000000000000000e+00 5.493805562887145444e-02
2.125478536872359714e-01 1.642145427111556533e-01 1.093354107191050861e+00 4.975269813596583379e-02 0.000000000000000000e+00 5.466246888218143779e-02
2.130972174302755429e-01 1.652781063402946338e-01 1.094666674161105968e+00 5.000022815358773354e-02 0.000000000000000000e+00 5.466909008616383653e-02
2.136666944561581849e-01 1.663842035484018878e-01 1.095997804150879107e+00 4.977300851474464327e-02 0.000000000000000000e+00 5.246087896518831367e-02
2.142122224669679165e-01 1.674471484375311681e-01 1.097250627027751335e+00 4.982272703982770778e-02 0.000000000000000000e+00 5.169709640283073893e-02
2.147576749670214724e-01 1.685132114562956918e-01 1.098496797559303184e+00 4.980164726314517676e-02 0.000000000000000000e+00 5.221422083468287012e-02
2.153009674776202031e-01 1.695783311911900348e-01 1.099739849706017125e+00 4.989551443178585899e-02 0.000000000000000000e+00 5.171280057484442527e-02
2.158653290708361372e-01 1.706881916651159792e-01 1.100986104236838070e+00 4.985129346626870905e-02 0.000000000000000000e+00 4.817879336053283723e-02
2.164065122497041416e-01 1.717555936636057934e-01 1.102133667855212495e+00 4.973571581050328927e-02 0.000000000000000000e+00 4.816303627685654398e-02
2.169454130377899692e-01 1.728215489674345129e-01 1.103289399252609826e+00 4.982994525446482470e-02 0.000000000000000000e+00 4.791251222943503779e-02
2.175063736372699896e-01 1.739343760803579164e-01 1.104480909034719627e+00 4.997888859079036017e-02 0.000000000000000000e+00 4.765279775691041303e-02
2.180433985047281475e-01 1.750027947760366132e-01 1.105584604700523998e+00 4.980897967268582693e-02 0.000000000000000000e+00 4.452899533505946111e-02
2.185780217323717578e-01 1.760693026849501353e-01 1.106664870549666668e+00 4.962033916788011201e-02 0.000000000000000000e+00 4.545099789419428105e-02
2.191143893837997347e-01 1.771421610066520602e-01 1.107724576728905452e+00 4.998354793506742944e-02 0.000000000000000000e+00 4.427016512393516789e-02
2.196694491126705839e-01 1.782554424884166266e-01 1.108846725034457359e+00 4.976825546819108048e-02 0.000000000000000000e+00 4.499567805934925890e-02
2.202012878028582477e-01 1.793250318180255876e-01 1.109861895866668169e+00 4.979978604254808872e-02 0.000000000000000000e+00 4.101929598593843929e-02
2.207335144614095968e-01 1.803980681645120654e-01 1.110845569711830683e+00 4.979016186442142278e-02 0.000000000000000000e+00 4.088511702656871805e-02
2.212633690050522517e-01 1.814689752971367087e-01 1.111842936423332207e+00 4.960374288931757025e-02 0.000000000000000000e+00 4.217173027163195059e-02
2.218154138028081424e-01 1.825875966215350643e-01 1.112863603681369495e+00 5.007964810541110090e-02 0.000000000000000000e+00 4.030349552130476493e-02
2.223433194936253743e-01 1.836599593286900867e-01 1.113812798569356666e+00 4.961184968599874345e-02 0.000000000000000000e+00 3.898382770924209428e-02
2.228703849020880479e-01 1.847331464980304927e-01 1.114735370027955863e+00 4.987331540352579751e-02 0.000000000000000000e+00 3.818818852206956604e-02
2.234197445098871915e-01 1.858543589095308923e-01 1.115675193334714876e+00 5.000678118581292075e-02 0.000000000000000000e+00 3.772519675958376645e-02
2.239446204976732469e-01 1.869280963200472268e-01 1.116581277418315699e+00 4.978937652305726047e-02 0.000000000000000000e+00 3.853117932502186233e-02
2.244682994690880840e-01 1.880018277094897272e-01 1.117440540616024824e+00 4.982506027605138055e-02 0.000000000000000000e+00 3.428919032570636877e-02
2.249933170613996058e-01 1.890805847998789646e-01 1.118274121987496095e+00 4.990121519331536248e-02 0.000000000000000000e+00 3.509228023549958858e-02
2.255359633324427737e-01 1.901980241219991818e-01 1.119160449609998720e+00 4.987180558382042772e-02 0.000000000000000000e+00 3.470432407604802372e-02
2.260590053553462042e-01 1.912774388206660847e-01 1.119988455866643529e+00 5.003870060687476418e-02 0.000000000000000000e+00 3.430723644767805919e-02
2.265787533981001856e-01 1.923522837763126936e-01 1.120778644498963361e+00 4.969024026149626572e-02 0.000000000000000000e+00 3.208938264580109279e-02
2.270989354178812036e-01 1.934301264166957690e-01 1.121525896857321181e+00 4.984141377891160296e-02 0.000000000000000000e+00 3.088555182429838022e-02
2.276412245711394722e-01 1.945559469298287492e-01 1.122293448435500052e+00 5.015498008090757409e-02 0.000000000000000000e+00 3.092652321629577733e-02
2.281579854542664654e-01 1.956308375662683396e-01 1.123038592731747443e+00 4.974391457773785774e-02 0.000000000000000000e+00 3.132135540548690311e-02
2.286760885543948907e-01 1.967105517238880164e-01 1.123737360575654876e+00 5.000171151914589718e-02 0.000000000000000000e+00 2.811225767051412500e-02
2.292133502918646260e-01 1.978321928129852525e-01 1.124453224200758772e+00 4.942306547607022704e-02 0.000000000000000000e+00 2.887295831844987823e-02
2.297307321850325657e-01 1.989142813604105886e-01 1.125135448055012644e+00 5.011329064243952303e-02 0.000000000000000000e+00 2.832595998665847492e-02
2.302463040525777049e-01 1.999944667822710354e-01 1.125812318576025817e+00 4.983816003078234136e-02 0.000000000000000000e+00 2.812602744025094817e-02
2.307608470303242065e-01 2.010743487552793529e-01 1.126444800512006905e+00 5.000163538455559831e-02 0.000000000000000000e+00 2.491239597987881388e-02
2.312963016637470948e-01 2.021998982809506684e-01 1.127062527524290259e+00 4.981921896787810944e-02 0.000000000000000000e+00 2.446201521107443932e-02
2.318102222470821427e-01 2.032818832149779487e-01 1.127665422838593168e+00 4.998655497653048396e-02 0.000000000000000000e+00 2.493806697257886298e-02
2.323220310097863228e-01 2.043610754080816272e-01 1.128252159550245270e+00 4.968889697789247162e-02 0.000000000000000000e+00 2.448122670575762078e-02
2.328353585142219073e-01 2.054450756523928945e-01 1.128797426615077315e+00 4.991114080588332502e-02 0.000000000000000000e+00 2.186469871632817225e-02
2.333679258522836364e-01 2.065712639544042273e-01 1.129340919588521341e+00 4.984499235544670448e-02 0.000000000000000000e+00 2.208681197862278484e-02
2.338797248846477828e-01 2.076550325131407693e-01 1.129866761685069276e+00 4.981946005614412698e-02 0.000000000000000000e+00 2.219737969559364144e-02
2.343897943942633288e-01 2.087366118960307659e-01 1.130393506753909261e+00 4.992053243375316196e-02 0.000000000000000000e+00 2.246306266492277895e-02
2.349220067116166155e-01 2.098666814916090306e-01 1.130897872743865440e+00 4.983316516393443418e-02 0.000000000000000000e+00 1.917854256493192397e-02
2.354297058613807336e-01 2.109460560457338263e-01 1.131370310071327490e+00 4.986684372819960576e-02 0.000000000000000000e+00 1.931638648893757582e-02
2.359401852992220328e-01 2.120326521756535909e-01 1.131831914626280522e+00 4.990605052437036004e-02 0.000000000000000000e+00 1.914808641864090832e-02
2.364470589398856570e-01 2.131128807839499928e-01 1.132304815416014465e+00 4.973454754874928607e-02 0.000000000000000000e+00 1.988897095910182114e-02
2.369779084056948537e-01 2.142455681719053207e-01 1.132733895182790551e+00 5.001648746881248719e-02 0.000000000000000000e+00 1.573225658166041430e-02
2.374836709917435840e-01 2.153258468342785503e-01 1.133127594096158264e+00 4.981242779674155408e-02 0.000000000000000000e+00 1.659302153133123542e-02
2.379920972577105054e-01 2.164129274163442140e-01 1.133505878705748815e+00 5.010957502435964273e-02 0.000000000000000000e+00 1.495822057842128260e-02
2.384983189714771079e-01 2.174963447454174026e-01 1.133888875116055406e+00 4.978349362607659145e-02 0.000000000000000000e+00 1.648129196055872492e-02
2.390260721456856363e-01 2.186269671779241808e-01 1.134236100205659126e+00 4.992839925476999507e-02 0.000000000000000000e+00 1.214392189983581373e-02
2.395327688221914331e-01 2.197133672677631100e-01 1.134544805442259330e+00 5.003283456142537666e-02 0.000000000000000000e+00 1.310033466609248319e-02
2.400374675267220870e-01 2.207963677931224500e-01 1.134854626117557164e+00 4.991032421180485734e-02 0.000000000000000000e+00 1.266891201783209089e-02
2.405648462847241598e-01 2.219289691360223082e-01 1.135180246345921740e+00 5.013899858178072488e-02 0.000000000000000000e+00 1.308610131758319861e-02
2.410689065773327644e-01 2.230123485150513896e-01 1.135444143299950470e+00 4.974967100647986751e-02 0.000000000000000000e+00 1.010562175526497075e-02
2.415739487949847830e-01 2.240985364706833960e-01 1.135685989162487752e+00 4.987250836602230564e-02 0.000000000000000000e+00 1.002030385381223569e-02
2.420787814657804071e-01 2.251849678496601059e-01 1.135936117255047728e+00 4.970167699242800108e-02 0.000000000000000000e+00 1.089809853483893198e-02
2.426039046803400157e-01 2.263158230787874481e-01 1.136194158508374352e+00 4.995747288664698083e-02 0.000000000000000000e+00 1.028808661426804799e-02
2.431083647653773383e-01 2.274028473503860726e-01 1.136394406295771375e+00 4.983004991928607907e-02 0.000000000000000000e+00 7.738697192419242976e-03
2.436117428422652498e-01 2.284880514825779196e-01 1.136565443378401818e+00 4.990273656419186299e-02 0.000000000000000000e+00 7.120355868717456564e-03
2.441158248408723808e-01 2.295752501316686289e-01 1.136725943464946154e+00 4.987330885126151081e-02 0.000000000000000000e+00 6.452698181159535924e-03
2.446405069385800268e-01 2.307073738017155484e-01 1.136899736795155880e+00 5.000729052506147632e-02 0.000000000000000000e+00 6.770564119219162069e-03
2.451441314684297823e-01 2.317944737020949109e-01 1.137007196362500805e+00 4.994778947228495358e-02 0.000000000000000000e+00 3.902590205594470753e-03
2.456473811649659000e-01 2.328810283456104191e-01 1.137098401126661606e+00 5.001305191950078388e-02 0.000000000000000000e+00 3.968897794140997630e-03
2.461714044750776265e-01 2.340127413323170591e-01 1.137215947627437496e+00 4.977437989989175193e-02 0.000000000000000000e+00 5.084730714977586663e-03
2.466750476976843076e-01 2.351007654732149565e-01 1.137322582628756518e+00 5.003344634598172469e-02 0.000000000000000000e+00 4.440424549616921526e-03
2.471777695194518620e-01 2.361870248149461060e-01 1.137365450992835036e+00 4.975411050212596997e-02 0.000000000000000000e+00 1.354711113646956842e-03
2.476806045065602646e-01 2.372736326181345834e-01 1.137402720349292018e+00 4.986724474020931552e-02 0.000000000000000000e+00 1.394582547659104161e-03
2.482046370411000180e-01 2.384061503434406482e-01 1.137439464126242639e+00 4.972106903969875091e-02 0.000000000000000000e+00 1.692778632811005020e-03
2.487073478276744798e-01 2.394926839518048134e-01 1.137461257847280693e+00 4.992372131236155752e-02 0.000000000000000000e+00 4.452110433738459003e-04
2.492110335188359727e-01 2.405812898839084224e-01 1.137422704888027658e+00 4.993174885877804670e-02 0.000000000000000000e+00 -1.350096907952138886e-03
2.497134015138539331e-01 2.416669626743121191e-01 1.137398196744405787e+00 5.001421684346918362e-02 0.000000000000000000e+00 -1.245283797450398274e-03
2.502385509208108760e-01 2.428017691871401929e-01 1.137357774186535275e+00 5.015055023795955691e-02 0.000000000000000000e+00 -1.454251381228013505e-03
2.507408460924667182e-01 2.438870908525306302e-01 1.137320707120780039e+00 5.001529876145216491e-02 0.000000000000000000e+00 -1.895326374667711047e-03
2.512447296213093928e-01 2.449756220703988852e-01 1.137207791932602241e+00 4.999996089447567016e-02 0.000000000000000000e+00 -4.731757133904097509e-03
2.517675981520873241e-01 2.461048515837896133e-01 1.137111839112813882e+00 4.972416167977056212e-02 0.000000000000000000e+00 -3.881972709614557246e-03
2.522721575173463848e-01 2.471942386874886877e-01 1.136994960551430678e+00 4.991254599007177717e-02 0.000000000000000000e+00 -4.842289237021631110e-03
2.527747135081195862e-01 2.482789745836628814e-01 1.136884353785204027e+00 4.959668869639610733e-02 0.000000000000000000e+00 -4.359077597673747563e-03
2.532798707192647214e-01 2.493689096863892229e-01 1.136697908764996878e+00 5.001613400197335579e-02 0.000000000000000000e+00 -8.084743174635745239e-03
2.538042632323611603e-01 2.504997877840819953e-01 1.136515027325065708e+00 4.966755604632333565e-02 0.000000000000000000e+00 -7.187937998374675612e-03
2.543093865575729029e-01 2.515885989140765888e-01 1.136334477945322385e+00 5.013665996971838901e-02 0.000000000000000000e+00 -7.575704899535529342e-03
2.548132261996390868e-01 2.526741308947774711e-01 1.136155481560333191e+00 4.979353607962311301e-02 0.000000000000000000e+00 -7.268812698309513876e-03
2.553184676534690500e-01 2.537620793812759845e-01 1.135905619742955563e+00 5.008261898019061853e-02 0.000000000000000000e+00 -1.090150499792931146e-02
2.558440700002168056e-01 2.548930775759227219e-01 1.135631385302561913e+00 4.967505754029377663e-02 0.000000000000000000e+00 -1.035088504920897434e-02
2.563498806064170021e-01 2.559807483245953308e-01 1.135378260247240201e+00 4.998936712777846125e-02 0.000000000000000000e+00 -1.071324242180292548e-02
2.568554804410767556e-01 2.570672173424220497e-01 1.135100025234716536e+00 4.971339563320520405e-02 0.000000000000000000e+00 -1.182620757922137229e-02
2.573831019338376769e-01 2.582000617686823762e-01 1.134751907460696874e+00 4.997313587251084321e-02 0.000000000000000000e+00 -1.348165046675688615e-02
2.578893396269320015e-01 2.592860313331180055e-01 1.134414245637821894e+00 4.990269127573832009e-02 0.000000000000000000e+00 -1.414294637644989208e-02
2.583964651602207452e-01 2.603729485915383113e-01 1.134082348513656413e+00 4.985572745995203725e-02 0.000000000000000000e+00 -1.349589200571952446e-02
2.589035388390134584e-01 2.614588378960912562e-01 1.133759040668505857e+00 5.011794249639711651e-02 0.000000000000000000e+00 -1.385931093344670156e-02
2.594328655468310929e-01 2.625912745264195047e-01 1.133338175552272675e+00 4.993260021476930710e-02 0.000000000000000000e+00 -1.667964600952506760e-02
2.599392004944428014e-01 2.636733649866711549e-01 1.132939074153058945e+00 4.987459454821596694e-02 0.000000000000000000e+00 -1.654220098652152762e-02
2.604500562414873710e-01 2.647639711707466259e-01 1.132530868130716906e+00 5.008686436772102901e-02 0.000000000000000000e+00 -1.688324310146186585e-02
2.609571246693336288e-01 2.658453954568004152e-01 1.132142678210448228e+00 4.989701748587260788e-02 0.000000000000000000e+00 -1.752691688505151474e-02
2.614896882659168420e-01 2.669798628391149564e-01 1.131644055539046567e+00 5.028402649396301882e-02 0.000000000000000000e+00 -2.015959978485337353e-02
2.619974613550205556e-01 2.680601795796581643e-01 1.131188590930006121e+00 4.983601832396211684e-02 0.000000000000000000e+00 -1.929894248914584831e-02
2.625099736412530582e-01 2.691492575287207645e-01 1.130713639930226000e+00 5.026115302831368759e-02 0.000000000000000000e+00 -1.965081088919366781e-02
2.630192503265433301e-01 2.702301271558368301e-01 1.130224705515099348e+00 4.983867060489033385e-02 0.000000000000000000e+00 -2.135180161130890986e-02
2.635536435262806898e-01 2.713627285383752863e-01 1.129652285747906104e+00 5.021379222984179158e-02 0.000000000000000000e+00 -2.303082708917621180e-02
2.640653263932026262e-01 2.724456184614286181e-01 1.129094187590756970e+00 4.997098720175841002e-02 0.000000000000000000e+00 -2.377818399735644878e-02
2.645781525220293195e-01 2.735293536750978971e-01 1.128543177898453154e+00 4.994876778196544187e-02 0.000000000000000000e+00 -2.251151839617700212e-02
2.651131774757307102e-01 2.746583859349881473e-01 1.127955132320180631e+00 5.002815809585503537e-02 0.000000000000000000e+00 -2.568422064098451613e-02
2.656272009040694382e-01 2.757413446321914652e-01 1.127322206914540326e+00 4.992587735759834722e-02 0.000000000000000000e+00 -2.585488404567803933e-02
2.661419940457092070e-01 2.768241755710864616e-01 1.126693295957535756e+00 5.001589224688518520e-02 0.000000000000000000e+00 -2.650385512643222904e-02
2.666576727392152013e-01 2.779070996835296681e-01 1.126057888574784505e+00 4.980908901364156094e-02 0.000000000000000000e+00 -2.640669206412946113e-02
2.671955547437978029e-01 2.790347460742416130e-01 1.125365723453301880e+00 4.995933970096122501e-02 0.000000000000000000e+00 -2.941063997720725492e-02
2.677124116016516564e-01 2.801163497008165582e-01 1.124667201970671604e+00 5.001094296626096281e-02 0.000000000000000000e+00 -2.903366037995887272e-02
2.682307285232094496e-01 2.811990500856737518e-01 1.123956633613245826e+00 4.988951675181652057e-02 0.000000000000000000e+00 -2.963671989355670666e-02
2.687491782256471451e-01 2.822800636981405153e-01 1.123249666105556432e+00 5.002780113177451859e-02 0.000000000000000000e+00 -2.966038969268411721e-02
2.692913201137281387e-01 2.834083569821764237e-01 1.122480441727949252e+00 5.010614582099393033e-02 0.000000000000000000e+00 -3.204598383737441991e-02
2.698103138776276610e-01 2.844863231973329687e-01 1.121699093364687316e+00 5.001971741601107802e-02 0.000000000000000000e+00 -3.313312666516715632e-02
2.703322255542344177e-01 2.855681748571515799e-01 1.120905692890597827e+00 4.992508881480062222e-02 0.000000000000000000e+00 -3.362326443422565536e-02
2.708759925137662616e-01 2.866930032646152204e-01 1.120085447470671625e+00 5.010380250393131618e-02 0.000000000000000000e+00 -3.335549644959523441e-02
2.713983382315482418e-01 2.877712764069103590e-01 1.119272332359402045e+00 4.978229593814997855e-02 0.000000000000000000e+00 -3.443056383108161062e-02
2.719232636222262411e-01 2.888525487194209540e-01 1.118406353900391004e+00 5.031044483648772214e-02 0.000000000000000000e+00 -3.637715003664494101e-02
2.724470749474191544e-01 2.899291677371109155e-01 1.117558737678125080e+00 4.967979071610617581e-02 0.000000000000000000e+00 -3.470223187470174858e-02
2.729958300375233127e-01 2.910545521467300389e-01 1.116655345485765727e+00 5.018093538735057813e-02 0.000000000000000000e+00 -3.581207740975814180e-02
2.735224497909982677e-01 2.921321173017199513e-01 1.115762259751211127e+00 4.981485672209684523e-02 0.000000000000000000e+00 -3.886411719668925874e-02
2.740514764674220061e-01 2.932120409920376813e-01 1.114806820667841203e+00 5.022526500475521516e-02 0.000000000000000000e+00 -3.954794093319576043e-02
2.745798697221613627e-01 2.942881072053371017e-01 1.113871839150469167e+00 5.022957755818069359e-02 0.000000000000000000e+00 -3.949995512253833690e-02
2.751319379237985863e-01 2.954096388515537464e-01 1.112883380763938224e+00 4.979239910727906171e-02 0.000000000000000000e+00 -3.847806785127987766e-02
2.756623066106940190e-01 2.964844734795168413e-01 1.111917802897716356e+00 5.007864980322018766e-02 0.000000000000000000e+00 -4.177405566942142545e-02
2.761949905668026894e-01 2.975612765721208364e-01 1.110894307368959222e+00 4.980289895621936580e-02 0.000000000000000000e+00 -4.235458733715376234e-02
2.767502560575646475e-01 2.986807713620454607e-01 1.109818662392229704e+00 5.005521054136652381e-02 0.000000000000000000e+00 -4.300087204551297088e-02
2.772851989842458065e-01 2.997564541503247026e-01 1.108799736012175519e+00 5.008323695122052222e-02 0.000000000000000000e+00 -4.225047699786650679e-02
2.778211743078184415e-01 3.008314406041590616e-01 1.107738895325966366e+00 4.999792873610631183e-02 0.000000000000000000e+00 -4.582176654404312294e-02
2.783568066270552532e-01 3.019028026959063027e-01 1.106623239974930950e+00 4.991913512757406579e-02 0.000000000000000000e+00 -4.717393176638289692e-02
2.789187996094455446e-01 3.030236684439356343e-01 1.105442576345455397e+00 5.004282899359058234e-02 0.000000000000000000e+00 -4.767101923148158588e-02
2.794572741391811999e-01 3.040945249269457751e-01 1.104306377449004062e+00 4.996263329189454261e-02 0.000000000000000000e+00 -4.740850096413330717e-02
2.799975104420506233e-01 3.051658558003113586e-01 1.103164541458988568e+00 4.998101212494443502e-02 0.000000000000000000e+00 -4.849659121783404803e-02
2.805409172072231838e-01 3.062403197763499674e-01 1.101954597673193037e+00 5.010631697650036465e-02 0.000000000000000000e+00 -5.062961207150719345e-02
2.811057405324572933e-01 3.073537320771816961e-01 1.100708697753614906e+00 5.027103098224350308e-02 0.000000000000000000e+00 -5.024496931450415926e-02
2.816507733543556213e-01 3.084248787725840657e-01 1.099503134000318072e+00 5.006497774232010478e-02 0.000000000000000000e+00 -5.063865915541605062e-02
2.821970018913290690e-01 3.094951470098848412e-01 1.098262864032684138e+00 5.010257777328941398e-02 0.000000000000000000e+00 -5.302626752078490324e-02
2.827649460947919691e-01 3.106044326948321221e-01 1.096940090910633936e+00 4.970464894140380618e-02 0.000000000000000000e+00 -5.293297336256017060e-02
2.833160095512130550e-01 3.116773154611375829e-01 1.095668796044187321e+00 5.032887349517567444e-02 0.000000000000000000e+00 -5.314212640963915379e-02
2.838642294060043647e-01 3.127413343991992112e-01 1.094396586824428974e+00 4.984973696748051797e-02 0.000000000000000000e+00 -5.348696012756399415e-02
2.844169610301145457e-01 3.138107279323184007e-01 1.093077290505457766e+00 5.002604420772105431e-02 0.000000000000000000e+00 -5.670402640484375340e-02
2.849931176308157510e-01 3.149216550523035174e-01 1.091633946626272778e+00 5.024116152348434561e-02 0.000000000000000000e+00 -5.839740016312335719e-02
2.855464075968637272e-01 3.159848339697363118e-01 1.090277197491415162e+00 4.988053322601548878e-02 0.000000000000000000e+00 -5.614730613607007981e-02
2.861035196655781210e-01 3.170517842514439799e-01 1.088896697042585959e+00 5.026329147488628468e-02 0.000000000000000000e+00 -5.704722868567164290e-02
2.866593041747602100e-01 3.181125837683210777e-01 1.087444035987899849e+00 4.965302539985672059e-02 0.000000000000000000e+00 -6.283965745668723679e-02
2.872419294955499414e-01 3.192204717752776810e-01 1.085870004720363546e+00 4.998135769231915049e-02 0.000000000000000000e+00 -6.180283798380917931e-02
2.878032173905325508e-01 3.202838580716241279e-01 1.084385544232588261e+00 5.026469717496206968e-02 0.000000000000000000e+00 -6.261404264529035757e-02
2.883656063367189271e-01 3.213454916785403181e-01 1.082897590551182843e+00 4.972526650739717002e-02 0.000000000000000000e+00 -6.141918402196795690e-02
2.889535484471056348e-01 3.224512235241400182e-01 1.081280527996743457e+00 5.026056432753944758e-02 0.000000000000000000e+00 -6.566355731444158128e-02
2.895179533122738125e-01 3.235086294950962893e-01 1.079721505088153233e+00 5.011910103469296995e-02 0.000000000000000000e+00 -6.568379347006768343e-02
2.900852667684787334e-01 3.245674817126414369e-01 1.078157471181734328e+00 4.968313854232242477e-02 0.000000000000000000e+00 -6.410367836924557583e-02
2.906545692413164406e-01 3.256260792568900775e-01 1.076589851438149115e+00 5.008342393126585801e-02 0.000000000000000000e+00 -6.558404130549312649e-02
2.912491397926784686e-01 3.267273782979582819e-01 1.074889283658629680e+00 4.993235868134549005e-02 0.000000000000000000e+00 -7.023540900935050513e-02
2.918222368705365999e-01 3.277845628119479549e-01 1.073198480507277619e+00 5.005546251908299382e-02 0.000000000000000000e+00 -6.996846389740149497e-02
2.923956968102902620e-01 3.288381902455678740e-01 1.071515802937814454e+00 5.007222938315514238e-02 0.000000000000000000e+00 -7.067451856405321253e-02
2.929724518953344403e-01 3.298936174661064036e-01 1.069821590328346117e+00 4.999721556039338211e-02 0.000000000000000000e+00 -7.068746208541301645e-02
2.935750067329483959e-01 3.309916973960576603e-01 1.068008693695205125e+00 5.023156190721578263e-02 0.000000000000000000e+00 -7.442207326347370644e-02
2.941537303262946046e-01 3.320418424884679087e-01 1.066219663672363316e+00 5.007263924198535054e-02 0.000000000000000000e+00 -7.520236198066651556e-02
2.947370560485992330e-01 3.330958569636549571e-01 1.064427233011347784e+00 5.000967632270425511e-02 0.000000000000000000e+00 -7.414911969947901582e-02
2.953452262640380299e-01 3.341900273840742730e-01 1.062554291936027129e+00 5.016136503621093645e-02 0.000000000000000000e+00 -7.492230094949062225e-02
2.959309459578612356e-01 3.352392698812919902e-01 1.060729028724356704e+00 5.010727443334472841e-02 0.000000000000000000e+00 -7.861507106270072820e-02
2.965196481190974231e-01 3.362892374537395090e-01 1.058847395267369373e+00 5.002218115590095771e-02 0.000000000000000000e+00 -7.787301887185393845e-02
2.971099132994359238e-01 3.373373573308878770e-01 1.056954605558261262e+00 5.015990635317268964e-02 0.000000000000000000e+00 -7.893575397390895088e-02
2.977256519222359343e-01 3.384257974272483760e-01 1.054985890254754421e+00 5.010051907505252977e-02 0.000000000000000000e+00 -7.954814174741385580e-02
2.983195395956252383e-01 3.394708231167106738e-01 1.053007158173401736e+00 4.978658220654019750e-02 0.000000000000000000e+00 -8.418932137794722659e-02
2.989162332448910830e-01 3.405158728432103321e-01 1.050981110653692374e+00 5.012898274271981869e-02 0.000000000000000000e+00 -8.452746662182508697e-02
2.995146349797166985e-01 3.415590099448643779e-01 1.048967920654711783e+00 5.031332840160773756e-02 0.000000000000000000e+00 -8.394163464469192593e-02
3.001396630758659811e-01 3.426433694001226327e-01 1.046848715701401922e+00 4.978222263054554730e-02 0.000000000000000000e+00 -8.426309456630948214e-02
3.007439781898039177e-01 3.436867410791497046e-01 1.044770295203480304e+00 5.027957166580665493e-02 0.000000000000000000e+00 -8.753810013385560085e-02
3.013479478650519794e-01 3.447245021128606535e-01 1.042677892639395143e+00 5.020388086084126567e-02 0.000000000000000000e+00 -8.726688421511362426e-02
3.019804893576772398e-01 3.458060429235656486e-01 1.040502019699512282e+00 4.976548111656486917e-02 0.000000000000000000e+00 -8.635003601568200238e-02
3.025915889112583135e-01 3.468458392511479804e-01 1.038416078999397252e+00 5.019910798528814944e-02 0.000000000000000000e+00 -8.744780092009293848e-02
3.032025190346497867e-01 3.478803054843422338e-01 1.036235214776432656e+00 5.036960666564005429e-02 0.000000000000000000e+00 -9.251474000736670256e-02
3.038162421036804672e-01 3.489142766361569281e-01 1.034022113663408682e+00 4.973879892329613472e-02 0.000000000000000000e+00 -9.127286017215642533e-02
3.044600439952650506e-01 3.499933464121660065e-01 1.031697102904114649e+00 5.022823453380009795e-02 0.000000000000000000e+00 -9.318421321625974807e-02
3.050771573847328444e-01 3.510223248507372551e-01 1.029450332245503308e+00 5.026124389519159852e-02 0.000000000000000000e+00 -9.381957398262509573e-02
3.056977156630606984e-01 3.520517274686138509e-01 1.027107222657805519e+00 4.955861665454086573e-02 0.000000000000000000e+00 -9.872730712240634920e-02
3.063237146992486837e-01 3.530845772088734846e-01 1.024720667468347779e+00 5.030934615997129100e-02 0.000000000000000000e+00 -9.927862133907588982e-02
3.069758930182528989e-01 3.541547301135349324e-01 1.022240666803159392e+00 5.052028942743591600e-02 0.000000000000000000e+00 -9.890216722485759004e-02
3.076044452499828719e-01 3.551805293714501155e-01 1.019862556193160241e+00 4.966587143067913157e-02 0.000000000000000000e+00 -9.920734565573306740e-02
3.082370151379660861e-01 3.562073139110991105e-01 1.017416093607635075e+00 5.007635183863767825e-02 0.000000000000000000e+00 -1.023410869689574398e-01
3.088986690611775776e-01 3.572753016394980552e-01 1.014862981827120869e+00 5.059691905944518897e-02 0.000000000000000000e+00 -1.021497625518259234e-01
3.095340551811890384e-01 3.582951819359374568e-01 1.012400627502805017e+00 4.996781693278606884e-02 0.000000000000000000e+00 -1.029307583565217538e-01
3.101737393361262973e-01 3.593163403068145856e-01 1.009936372904638890e+00 4.989856902498646107e-02 0.000000000000000000e+00 -1.022668511022293558e-01
3.108172783630246405e-01 3.603379203162171418e-01 1.007345627059825333e+00 5.063333793078883538e-02 0.000000000000000000e+00 -1.094607610110704399e-01
3.114873583785977007e-01 3.613953731936168645e-01 1.004626161357681680e+00 5.033502384052535028e-02 0.000000000000000000e+00 -1.093686530634355170e-01
3.121334287486461911e-01 3.624089539804827842e-01 1.002003254243159391e+00 4.964115642024091724e-02 0.000000000000000000e+00 -1.091759215394787208e-01
3.127867275253153889e-01 3.634279431879217093e-01 9.993756278287061479e-01 5.053140796692778824e-02 0.000000000000000000e+00 -1.093729260169577500e-01
3.134367339037196221e-01 3.644358685176669055e-01 9.966303315782053529e-01 5.031898246913579786e-02 0.000000000000000000e+00 -1.170435659945371631e-01
3.141193222135947316e-01 3.654877759092687306e-01 9.937474472186094143e-01 5.012660730659146413e-02 0.000000000000000000e+00 -1.158107764044625509e-01
3.147794412609124515e-01 3.664987796022824984e-01 9.909676905668666214e-01 5.006566051247440807e-02 0.000000000000000000e+00 -1.156799248388182683e-01
3.154422658075278219e-01 3.675077641981386312e-01 9.881743723875761054e-01 5.050898321642960376e-02 0.000000000000000000e+00 -1.167468192000123001e-01
3.161325495939581454e-01 3.685520103541622960e-01 9.852181302566817012e-01 5.044804627117593920e-02 0.000000000000000000e+00 -1.198544233568887424e-01
3.167983536136695921e-01 3.695528502506776336e-01 9.823331112651491059e-01 5.000081173317794114e-02 0.000000000000000000e+00 -1.202216371869509054e-01
3.174696455592692645e-01 3.705556754007003351e-01 9.794631755817859720e-01 4.985284316445515174e-02 0.000000000000000000e+00 -1.196657007529440403e-01
3.181440106477921859e-01 3.715568120172479394e-01 9.765648689542018035e-01 5.053853132014618499e-02 0.000000000000000000e+00 -1.207586997251895861e-01
3.188472352341780724e-01 3.725940945526452497e-01 9.734523281961084962e-01 5.041292014429932244e-02 0.000000000000000000e+00 -1.272032168805755092e-01
3.195251755416583239e-01 3.735874719793468857e-01 9.704231309807727079e-01 4.998922157813945333e-02 0.000000000000000000e+00 -1.261565790771212725e-01
3.202087114516461996e-01 3.745825514488917984e-01 9.673764608985383484e-01 4.984577221277819437e-02 0.000000000000000000e+00 -1.268140141150131128e-01
3.208963982766571688e-01 3.755771317865297387e-01 9.643075435170562759e-01 5.043683953241950846e-02 0.000000000000000000e+00 -1.282065906183706416e-01
3.216130119570290158e-01 3.766065381488299946e-01 9.610160692730129739e-01 5.068136152386604198e-02 0.000000000000000000e+00 -1.326647199857795834e-01
3.223039133094172115e-01 3.775921841290459380e-01 9.578243584584273940e-01 5.001884732264150202e-02 0.000000000000000000e+00 -1.333364644634970342e-01
3.230001141054765768e-01 3.785786611207909713e-01 9.546326706655826611e-01 4.999254167629973988e-02 0.000000000000000000e+00 -1.316597514025151516e-01
3.237005009990204241e-01 3.795643943796915276e-01 9.514540449387748344e-01 5.044506369397960821e-02 0.000000000000000000e+00 -1.327032338505543807e-01
3.244310014683443044e-01 3.805853036507415577e-01 9.479651919969155349e-01 5.071503340398908488e-02 0.000000000000000000e+00 -1.415385653660490572e-01
3.251342276962621569e-01 3.815609694514618955e-01 9.445724880240151666e-01 5.027493068462673964e-02 0.000000000000000000e+00 -1.418278725850205535e-01
3.258415957637257887e-01 3.825354059329466594e-01 9.411864156568880979e-01 4.989270872328144257e-02 0.000000000000000000e+00 -1.405504710025195225e-01
3.265845248679785651e-01 3.835514157768794008e-01 9.376608978889346968e-01 5.001153351472664710e-02 0.000000000000000000e+00 -1.397972981725164598e-01
3.273008047941982079e-01 3.845238030663846174e-01 9.341577920241100896e-01 5.043830287546624547e-02 0.000000000000000000e+00 -1.466917754362855042e-01
3.280193196963123170e-01 3.854920712701008778e-01 9.306336796044961668e-01 5.057799070907476047e-02 0.000000000000000000e+00 -1.474851350782593329e-01
3.287401174951917193e-01 3.864562793174469713e-01 9.270923445527069484e-01 5.029175057621459999e-02 0.000000000000000000e+00 -1.475024147379728756e-01
3.294954113675941376e-01 3.874590604294891327e-01 9.234081100980918722e-01 5.004144857023717918e-02 0.000000000000000000e+00 -1.471118158677175713e-01
3.302269249773182036e-01 3.884228949826305510e-01 9.197493052275540482e-01 5.024046239960056059e-02 0.000000000000000000e+00 -1.526660926930565321e-01
3.309601574429895110e-01 3.893816619085718189e-01 9.160734842172062464e-01 5.023204334974051832e-02 0.000000000000000000e+00 -1.532010916884984641e-01
3.316974638489846305e-01 3.903384539871779246e-01 9.124117840836426518e-01 5.047147747101743409e-02 0.000000000000000000e+00 -1.528082616710656205e-01
3.324676702714731702e-01 3.913302431364841794e-01 9.085812583302931289e-01 5.025822885369735094e-02 0.000000000000000000e+00 -1.531937152478148878e-01
3.332112208592804548e-01 3.922801893150938968e-01 9.047381662977446171e-01 5.006631305063125037e-02 0.000000000000000000e+00 -1.618009010592564578e-01
3.339600101474844429e-01 3.932292108761086258e-01 9.008453273530280248e-01 5.032075797986590437e-02 0.000000000000000000e+00 -1.619677122952232207e-01
3.347421925727064318e-01 3.942124802416536733e-01 8.967817855102363511e-01 5.037559289254867068e-02 0.000000000000000000e+00 -1.623400682733656675e-01
3.354989657274214943e-01 3.951560857773524504e-01 8.928872251970543239e-01 5.063171214718942270e-02 0.000000000000000000e+00 -1.629938114375633074e-01
3.362559918697661798e-01 3.960924528407180345e-01 8.889006639677521360e-01 5.014903159604455762e-02 0.000000000000000000e+00 -1.686311402257147096e-01
3.370203206392936579e-01 3.970301125317987068e-01 8.848792469157457097e-01 5.039707511590441058e-02 0.000000000000000000e+00 -1.675754470993955081e-01
3.378199665296539589e-01 3.980029242995323235e-01 8.806845885882258473e-01 5.004079845212783262e-02 0.000000000000000000e+00 -1.677497783265502473e-01
3.385915120085047914e-01 3.989337137336854688e-01 8.766597715645235711e-01 5.014648106601848898e-02 0.000000000000000000e+00 -1.671598084721982458e-01
3.393680746702562034e-01 3.998628100583328515e-01 8.725033125374612730e-01 5.057247360187311358e-02 0.000000000000000000e+00 -1.743997315230864376e-01
3.401469945818074714e-01 4.007868290103758224e-01 8.683037632916729143e-01 5.068963983073937474e-02 0.000000000000000000e+00 -1.747884363332436741e-01
3.409628911440982235e-01 4.017463451664458063e-01 8.639290619777250102e-01 5.076652479888976721e-02 0.000000000000000000e+00 -1.759184902917292070e-01
3.417477274547812138e-01 4.026613520876939356e-01 8.597242328543707179e-01 5.045487355808120356e-02 0.000000000000000000e+00 -1.760033668422360531e-01
3.425365363574301991e-01 4.035731008545837550e-01 8.553892647836385255e-01 5.037645705465443324e-02 0.000000000000000000e+00 -1.822701542522750240e-01
3.433630230625592805e-01 4.045198792579473013e-01 8.508706548596141062e-01 5.008789361367893544e-02 0.000000000000000000e+00 -1.799868028663017538e-01
3.441628750100859113e-01 4.054280151978810753e-01 8.465403778100709653e-01 5.007469510556472603e-02 0.000000000000000000e+00 -1.800663718673227442e-01
3.449682979753648793e-01 4.063345314298598687e-01 8.422032521507133440e-01 5.000811277598160576e-02 0.000000000000000000e+00 -1.803546579695100571e-01
3.457742577084166880e-01 4.072335599652565086e-01 8.376396914288010143e-01 5.016670955183266667e-02 0.000000000000000000e+00 -1.908283256991612220e-01
3.466213336219826635e-01 4.081696181134967794e-01 8.328695401869867787e-01 5.031236464194954738e-02 0.000000000000000000e+00 -1.914455918766820031e-01
3.474364860586889314e-01 4.090619660177436945e-01 8.282820606303148425e-01 5.049124450915154494e-02 0.000000000000000000e+00 -1.920782079073491133e-01
3.482553888011283849e-01 4.099501882126400654e-01 8.236697611389989238e-01 5.040947383152805106e-02 0.000000000000000000e+00 -1.935683617347258856e-01
3.490759144683967530e-01 4.108317957937004938e-01 8.188580022426041882e-01 5.032277176273136643e-02 0.000000000000000000e+00 -2.015066473439784400e-01
3.499399832055624660e-01 4.117510904066174482e-01 8.138372565450299190e-01 5.025877560047575798e-02 0.000000000000000000e+00 -2.014121615779236318e-01
3.507699711665127618e-01 4.126254429067244267e-01 8.090080726759474317e-01 5.009049184874214689e-02 0.000000000000000000e+00 -2.010467431494964985e-01
3.516093088080458617e-01 4.135011710236367044e-01 8.041885304939903056e-01 5.004784705265052924e-02 0.000000000000000000e+00 -2.016344408147052458e-01
3.524858471762559731e-01 4.144066614988950459e-01 7.990836588603809076e-01 5.014462603907809957e-02 0.000000000000000000e+00 -2.041057722164941746e-01
3.533327510358323376e-01 4.152728136670740255e-01 7.941730206579110662e-01 4.994363518494304710e-02 0.000000000000000000e+00 -2.040236827068066250e-01
3.541823671142695362e-01 4.161332310849251148e-01 7.892486722765708063e-01 5.006485806942351235e-02 0.000000000000000000e+00 -2.048092223203486495e-01
3.550377828107025291e-01 4.169910340027797035e-01 7.843324988503286299e-01 5.033637574842209084e-02 0.000000000000000000e+00 -2.043863923440557562e-01
3.559307601291404888e-01 4.178773729809605597e-01 7.789875408880534424e-01 5.025956226840933017e-02 0.000000000000000000e+00 -2.148189396884046254e-01
3.567964323718048614e-01 4.187276656672336284e-01 7.738784442935058294e-01 5.064705225726051641e-02 0.000000000000000000e+00 -2.129799013761531357e-01
3.576670270221920522e-01 4.195740804438334304e-01 7.687535407748387062e-01 5.064663468487828890e-02 0.000000000000000000e+00 -2.140356130509309396e-01
3.585414857774854580e-01 4.204155802782909013e-01 7.636268809393216284e-01 5.058434680095813540e-02 0.000000000000000000e+00 -2.144021598524449290e-01
3.594595144740033166e-01 4.212896630985643598e-01 7.581272655765803892e-01 5.084931679208981592e-02 0.000000000000000000e+00 -2.216450180182606700e-01
3.603424407066961321e-01 4.221212757381332392e-01 7.528338852130366243e-01 5.078936704673575608e-02 0.000000000000000000e+00 -2.212144035292739896e-01
3.612296624152552815e-01 4.229481036006577654e-01 7.475160450933718836e-01 5.055670261891742623e-02 0.000000000000000000e+00 -2.222520501207616295e-01
3.621546461629036040e-01 4.238007803659417649e-01 7.419592793498773764e-01 5.039623048809505068e-02 0.000000000000000000e+00 -2.232668513441399272e-01
3.630544265882144628e-01 4.246211211279198872e-01 7.365111310573432268e-01 5.077702609598278016e-02 0.000000000000000000e+00 -2.284899728700685861e-01
3.639550425519099686e-01 4.254332123077129157e-01 7.310248226054442133e-01 5.110176458829052137e-02 0.000000000000000000e+00 -2.286981043435765970e-01
3.648586562811924616e-01 4.262390766873465631e-01 7.255512577936300556e-01 5.081443135935281852e-02 0.000000000000000000e+00 -2.279377743424734204e-01
3.658061432023036463e-01 4.270746046672682095e-01 7.198164248153799960e-01 5.078987916994071039e-02 0.000000000000000000e+00 -2.307333067720845621e-01
3.667140208818938651e-01 4.278660497959029807e-01 7.141528442861064807e-01 5.028370068299314877e-02 0.000000000000000000e+00 -2.369163174099918612e-01
3.676349408514460460e-01 4.286597401031600474e-01 7.085049226022708257e-01 5.049531399189677305e-02 0.000000000000000000e+00 -2.353946110556266180e-01
3.685603786127537029e-01 4.294482468781147810e-01 7.028606504987864323e-01 5.084388149889929043e-02 0.000000000000000000e+00 -2.350734430230554672e-01
3.695258481951432250e-01 4.302613301016997571e-01 6.969723337635915783e-01 5.034727314320586178e-02 0.000000000000000000e+00 -2.365436618312805606e-01
3.704602266184278125e-01 4.310389006088414243e-01 6.911057662610532448e-01 5.037366577672619528e-02 0.000000000000000000e+00 -2.459647434406087296e-01
3.713973246049024346e-01 4.318094269612007818e-01 6.852083991223315573e-01 5.061757522301368883e-02 0.000000000000000000e+00 -2.461739527922900683e-01
3.723801518975880520e-01 4.326077015417816862e-01 6.790722755783027420e-01 5.057198566796039518e-02 0.000000000000000000e+00 -2.461448083863927161e-01
3.733304717765959513e-01 4.333701160347959158e-01 6.731847635706353916e-01 5.105704189953264027e-02 0.000000000000000000e+00 -2.454565780783368178e-01
3.742830617526273773e-01 4.341250834320097285e-01 6.671695359754664656e-01 5.090704013911984127e-02 0.000000000000000000e+00 -2.519393473832968744e-01
3.752391105536183047e-01 4.348734653986685017e-01 6.611231634998837592e-01 5.046451223674475184e-02 0.000000000000000000e+00 -2.526537776936360613e-01
3.762430237951130962e-01 4.356493526770865432e-01 6.548299844166900474e-01 5.083410011158251418e-02 0.000000000000000000e+00 -2.521457114686831424e-01
3.772068845218265465e-01 4.363848351960644689e-01 6.487770950815386906e-01 5.067709073355575189e-02 0.000000000000000000e+00 -2.530590043189880345e-01
3.781716875915844822e-01 4.371117812555378457e-01 6.426382738978548836e-01 5.038225970590559655e-02 0.000000000000000000e+00 -2.566155651907757185e-01
3.791455282925801917e-01 4.378361820070102994e-01 6.365054760201145356e-01 5.102631357074283169e-02 0.000000000000000000e+00 -2.552085623742804676e-01
3.801646629551298506e-01 4.385844209716293074e-01 6.301320146318076798e-01 5.115847738818568580e-02 0.000000000000000000e+00 -2.554959440314159003e-01
3.811433256707418837e-01 4.392936007063454329e-01 6.240148904437835542e-01 5.052252726937822569e-02 0.000000000000000000e+00 -2.557712802062071522e-01
3.821322049033608059e-01 4.400008726977739371e-01 6.177047837183757828e-01 5.060191384731183017e-02 0.000000000000000000e+00 -2.647795891297465287e-01
3.831670639434529568e-01 4.407309371014475619e-01 6.110889009808833094e-01 5.097476506627229842e-02 0.000000000000000000e+00 -2.647719179143489532e-01
3.841619344315112539e-01 4.414231770012038703e-01 6.047394515770093681e-01 5.085808099422051143e-02 0.000000000000000000e+00 -2.646763723084147868e-01
3.851619713716045168e-01 4.421096470851614280e-01 5.983860919404851986e-01 5.040674286722612862e-02 0.000000000000000000e+00 -2.648527202289063798e-01
3.861675534765896534e-01 4.427904689001396776e-01 5.919280210271167242e-01 5.053585486776701607e-02 0.000000000000000000e+00 -2.685771938657382507e-01
3.872190522209602026e-01 4.434923025277555664e-01 5.851785086709910821e-01 5.044681093025749075e-02 0.000000000000000000e+00 -2.696595465601107078e-01
3.882323902426377815e-01 4.441590070634364174e-01 5.786923045628319384e-01 5.047654628118347642e-02 0.000000000000000000e+00 -2.687640036815787115e-01
3.892493069806596817e-01 4.448186718546895402e-01 5.722002706782893799e-01 5.012681056342505048e-02 0.000000000000000000e+00 -2.700058575031374364e-01
3.902704587864717078e-01 4.454716185897845682e-01 5.655942318268635249e-01 5.035679323410202635e-02 0.000000000000000000e+00 -2.754038753426535369e-01
3.913378749999574802e-01 4.461440307014098439e-01 5.586971642763909340e-01 5.059209207259329766e-02 0.000000000000000000e+00 -2.761345233042398761e-01
3.923699480157093467e-01 4.467844797893689157e-01 5.520809683312538629e-01 5.067054565684459000e-02 0.000000000000000000e+00 -2.759379300110926803e-01
3.934045491003811956e-01 4.474170605204082496e-01 5.454668946054882506e-01 5.062776920514711065e-02 0.000000000000000000e+00 -2.760677615742206936e-01
3.944896334325525555e-01 4.480704091570985592e-01 5.384710521283010420e-01 5.068870671833258790e-02 0.000000000000000000e+00 -2.809923651177381743e-01
3.955351720734950893e-01 4.486901928980785437e-01 5.317378595628518001e-01 5.082211137005798740e-02 0.000000000000000000e+00 -2.812692123889745099e-01
3.965823340869567004e-01 4.493014476870673124e-01 5.250027739334269805e-01 5.082405391050870413e-02 0.000000000000000000e+00 -2.812468743150433048e-01
3.976341925700288549e-01 4.499060075257621527e-01 5.182861892583173757e-01 5.068235338001603196e-02 0.000000000000000000e+00 -2.809173375583025045e-01
3.987317603780013431e-01 4.505268522355662664e-01 5.112684888592083920e-01 5.017206006180940925e-02 0.000000000000000000e+00 -2.804629075734536015e-01
3.997925627057781206e-01 4.511173016405737868e-01 5.045282258079170079e-01 5.023781369945523601e-02 0.000000000000000000e+00 -2.802662377384375070e-01
4.008562435206254326e-01 4.516999831839636492e-01 4.977756161639291799e-01 5.048343922118836424e-02 0.000000000000000000e+00 -2.809069816079347581e-01
4.019238342249225604e-01 4.522754704219437150e-01 4.910241744821993715e-01 5.055225758099912703e-02 0.000000000000000000e+00 -2.809468625903167038e-01
4.030374285475128437e-01 4.528658371264345228e-01 4.839094356276494868e-01 5.027613929241558921e-02 0.000000000000000000e+00 -2.847949005059172145e-01
4.041122152451211980e-01 4.534260647142447920e-01 4.770648288517750357e-01 5.019589444020811086e-02 0.000000000000000000e+00 -2.852434503240450780e-01
4.051929038788147364e-01 4.539799902305314827e-01 4.702350770982147155e-01 5.056411237611135867e-02 0.000000000000000000e+00 -2.841366525209636507e-01
4.063244283452313588e-01 4.545500493298814115e-01 4.631207580281237468e-01 5.066238707432391131e-02 0.000000000000000000e+00 -2.853609271762907462e-01
4.074136200303422051e-01 4.550892408567290826e-01 4.562293028528240368e-01 5.084792477392796606e-02 0.000000000000000000e+00 -2.883089938345609338e-01
4.085024649557000842e-01 4.556189291930284324e-01 4.493230531474353695e-01 5.095458014964804327e-02 0.000000000000000000e+00 -2.879206540623291399e-01
4.095924954579037713e-01 4.561399236519869116e-01 4.424093649974508158e-01 5.046185110385570383e-02 0.000000000000000000e+00 -2.879449759230483519e-01
4.107313129584936329e-01 4.566744012852488876e-01 4.351937323453696771e-01 4.993571641789262827e-02 0.000000000000000000e+00 -2.882358752125052659e-01
4.118330848884997897e-01 4.571819798638862564e-01 4.282099487800689608e-01 5.015338005150971057e-02 0.000000000000000000e+00 -2.905599440761852392e-01
4.129377283540593413e-01 4.576815429037326965e-01 4.212209439597570659e-01 5.044863847485370201e-02 0.000000000000000000e+00 -2.904905335982091441e-01
4.140451631652704023e-01 4.581730764167032399e-01 4.142411532859969214e-01 5.048571481851005238e-02 0.000000000000000000e+00 -2.904465151823528712e-01
4.152045030218795563e-01 4.586777990109753289e-01 4.069834813225832737e-01 5.072890522389017498e-02 0.000000000000000000e+00 -2.903258075187377663e-01
4.163186224188602513e-01 4.591534669377895783e-01 4.000540826352059209e-01 5.073492758462805341e-02 0.000000000000000000e+00 -2.893640926693114568e-01
4.174335573951659661e-01 4.596203750014569711e-01 3.931113568083448584e-01 5.042918579868382878e-02 0.000000000000000000e+00 -2.897914174032126255e-01
4.185526796993557785e-01 4.600799280121925516e-01 3.861663298985872350e-01 5.033726918096115277e-02 0.000000000000000000e+00 -2.897864206361502881e-01
4.197227776743246985e-01 4.605507460933120356e-01 3.789316898548636958e-01 5.041329344836475990e-02 0.000000000000000000e+00 -2.898555382927289759e-01
4.208477990430758986e-01 4.609941520154556827e-01 3.719580858199955653e-01 5.058039692938942622e-02 0.000000000000000000e+00 -2.903313439667868368e-01
4.219745383139289485e-01 4.614291820056168336e-01 3.649745525190314366e-01 5.036490031706808423e-02 0.000000000000000000e+00 -2.905717931758997619e-01
4.231565036067992391e-01 4.618758975025769598e-01 3.577324460137074058e-01 5.063111025450095504e-02 0.000000000000000000e+00 -2.897679912414168335e-01
4.242922334163324871e-01 4.622959562528204391e-01 3.507854477781343072e-01 5.041908089538638116e-02 0.000000000000000000e+00 -2.883394376896173950e-01
4.254281542717583964e-01 4.627071878771796265e-01 3.438893403054839593e-01 5.005637845221788673e-02 0.000000000000000000e+00 -2.873475457387795751e-01
4.265691466165050239e-01 4.631113757979515300e-01 3.369939894363030986e-01 5.027936138312649739e-02 0.000000000000000000e+00 -2.877310575351395006e-01
4.277610833634969967e-01 4.635241660313446643e-01 3.298053603937209921e-01 5.081544416174477163e-02 0.000000000000000000e+00 -2.879320223203990503e-01
4.289059294276418299e-01 4.639116349854632837e-01 3.229083818189859012e-01 5.081483678435194662e-02 0.000000000000000000e+00 -2.878433930350000058e-01
4.300528961936380123e-01 4.642910304111467212e-01 3.160058726053594502e-01 5.060936742074528816e-02 0.000000000000000000e+00 -2.880780652391471408e-01
4.312072695143900347e-01 4.646640834076421478e-01 3.091393000643835598e-01 5.061118615308779489e-02 0.000000000000000000e+00 -2.866012175438207854e-01
4.324069052932711932e-01 4.650424918602306112e-01 3.019579211686970743e-01 5.005680126194955726e-02 0.000000000000000000e+00 -2.868305012259505515e-01
4.335616088252073341e-01 4.653978178609564087e-01 2.950902960742882719e-01 4.983763004053343160e-02 0.000000000000000000e+00 -2.835645864966583329e-01
4.347201062651019354e-01 4.657456758729616175e-01 2.882968153633668762e-01 5.001321315826756653e-02 0.000000000000000000e+00 -2.827356920651135086e-01
4.359281949992983574e-01 4.660992966424307715e-01 2.812101767210296588e-01 5.046575529232821822e-02 0.000000000000000000e+00 -2.841037420546451142e-01
4.370903533486779624e-01 4.664307175900468949e-01 2.744080025058375227e-01 5.058887590536631507e-02 0.000000000000000000e+00 -2.836463173289460737e-01
4.382554458311570533e-01 4.667544349327842901e-01 2.676251810224331007e-01 5.050360272912390869e-02 0.000000000000000000e+00 -2.826299921838956175e-01
4.394209018628333907e-01 4.670697688629497635e-01 2.608457717326989611e-01 5.033802476569482209e-02 0.000000000000000000e+00 -2.831534333908378720e-01
4.406390987341911036e-01 4.673903472703631601e-01 2.537963690685180462e-01 5.041364189965480413e-02 0.000000000000000000e+00 -2.820931966286242543e-01
4.418114861060289944e-01 4.676902261016110396e-01 2.470284924709277574e-01 5.031485820102266082e-02 0.000000000000000000e+00 -2.823679074575813353e-01
4.429865031270396325e-01 4.679823488971310286e-01 2.403436690024545186e-01 5.047161675960643024e-02 0.000000000000000000e+00 -2.770260603987353409e-01
4.441594295751543631e-01 4.682656692198504111e-01 2.337024652197425556e-01 5.063439280584280944e-02 0.000000000000000000e+00 -2.762908447863673400e-01
4.453799835931312456e-01 4.685517468216385262e-01 2.267689022883446481e-01 5.019796011296318028e-02 0.000000000000000000e+00 -2.765688452313477819e-01
4.465565618688979166e-01 4.688191082205556137e-01 2.201237775877783187e-01 5.004898052199946434e-02 0.000000000000000000e+00 -2.757660429755577347e-01
4.477373476161007892e-01 4.690792445578665371e-01 2.135824351815755195e-01 5.012878376930984814e-02 0.000000000000000000e+00 -2.701914515272871853e-01
4.489678588149407790e-01 4.693417768659164935e-01 2.067999632499083473e-01 5.003565464200554480e-02 0.000000000000000000e+00 -2.709955130649542299e-01
4.501537769358806007e-01 4.695865525691524378e-01 2.002986082152981573e-01 5.050148881627913866e-02 0.000000000000000000e+00 -2.706413053938866997e-01
4.513374756102351282e-01 4.698228600076561068e-01 1.937974777941859628e-01 5.035476493621127148e-02 0.000000000000000000e+00 -2.708041046385413209e-01
4.525236335175155666e-01 4.700517393178678116e-01 1.874402939184240391e-01 5.033702837564657528e-02 0.000000000000000000e+00 -2.647951179692375479e-01
4.537608970283089072e-01 4.702821776659001918e-01 1.808276186212394721e-01 5.031888601808587325e-02 0.000000000000000000e+00 -2.647346428956733333e-01
4.549509924391854088e-01 4.704958501288516448e-01 1.744742089042329303e-01 5.048464022303078558e-02 0.000000000000000000e+00 -2.649249049345701046e-01
4.561421998635589725e-01 4.707019231423283379e-01 1.681314242845113605e-01 5.051203924509306553e-02 0.000000000000000000e+00 -2.648270302181066627e-01
4.573312839969381205e-01 4.708999052888470094e-01 1.618338483355767077e-01 5.028712483596819993e-02 0.000000000000000000e+00 -2.631804467772179690e-01
4.585704637731496391e-01 4.710980504178930439e-01 1.552698873313810013e-01 5.028309739604219786e-02 0.000000000000000000e+00 -2.630468964914112751e-01
4.597649025438627635e-01 4.712811587613937592e-01 1.489684841459954501e-01 5.047133019244198771e-02 0.000000000000000000e+00 -2.625482319568351874e-01
4.609586342052597319e-01 4.714564651748872626e-01 1.426912779062250447e-01 5.053567381406165460e-02 0.000000000000000000e+00 -2.607211128724747917e-01
4.622008131288330990e-01 4.716308484588552785e-01 1.362791174406587646e-01 5.049808766250940550e-02 0.000000000000000000e+00 -2.564999349671605589e-01
4.633958392093709411e-01 4.717909944124231147e-01 1.301499559124718042e-01 5.025024603033112491e-02 0.000000000000000000e+00 -2.556029933607068538e-01
4.645925381245875063e-01 4.719439002095549007e-01 1.240168015579134753e-01 5.028001931076664377e-02 0.000000000000000000e+00 -2.553739963839576910e-01
4.657909778458053651e-01 4.720895562573044768e-01 1.178888498031836901e-01 5.047578395247498406e-02 0.000000000000000000e+00 -2.546351661309977921e-01
4.670370228458084472e-01 4.722331848875076510e-01 1.116568360966656709e-01 5.027879392157097449e-02 0.000000000000000000e+00 -2.482487384643469464e-01
4.682342041513978814e-01 4.723638015889670694e-01 1.056894882227431692e-01 4.998929651285899389e-02 0.000000000000000000e+00 -2.481470565710714449e-01
4.694382831520293453e-01 4.724879093430673360e-01 9.973838547996714821e-02 5.031684841670380770e-02 0.000000000000000000e+00 -2.466557133093514875e-01
4.706415689712452055e-01 4.726047099963162634e-01 9.379255979668550680e-02 5.029053225151236539e-02 0.000000000000000000e+00 -2.471840445110715656e-01
4.718932500302016053e-01 4.727186268539327885e-01 8.775073108806140387e-02 5.043024669212359257e-02 0.000000000000000000e+00 -2.406981772700403921e-01
4.730915122833315167e-01 4.728205501317965243e-01 8.195872598685206845e-02 5.002830971790328540e-02 0.000000000000000000e+00 -2.408862897067118036e-01
4.742923946551111936e-01 4.729156882712632903e-01 7.616197030457227957e-02 5.002054909783448799e-02 0.000000000000000000e+00 -2.407013159614369846e-01
4.755427712823915298e-01 4.730073064189375676e-01 7.014439573854182319e-02 5.002760127306715709e-02 0.000000000000000000e+00 -2.389054358279545931e-01
4.767420735610446436e-01 4.730881731373990373e-01 6.451350076435033443e-02 5.004552559125241551e-02 0.000000000000000000e+00 -2.338228837299552443e-01
4.779439042855375130e-01 4.731624287738626089e-01 5.889788756591354812e-02 4.994309310640820954e-02 0.000000000000000000e+00 -2.330847853463282604e-01
4.791495850453374450e-01 4.732301194568875879e-01 5.327823298694169679e-02 5.025717569080989655e-02 0.000000000000000000e+00 -2.333847190448506970e-01
4.804026750121305755e-01 4.732932617756890337e-01 4.743105272757439789e-02 5.032875864549590794e-02 0.000000000000000000e+00 -2.329139749557599670e-01
4.816020112565201350e-01 4.733468437934638118e-01 4.188462196656493608e-02 5.017640756069807750e-02 0.000000000000000000e+00 -2.303556115416631189e-01
4.828055168270507513e-01 4.733939479837771525e-01 3.635417019712786774e-02 5.002843621313424194e-02 0.000000000000000000e+00 -2.298646562902808554e-01
4.840066847071128331e-01 4.734342993821467616e-01 3.081342470039967821e-02 5.006732970794791626e-02 0.000000000000000000e+00 -2.305507215181174518e-01
4.852595173751871882e-01 4.734692951048507514e-01 2.506574615276736806e-02 5.024032954970558684e-02 0.000000000000000000e+00 -2.286655578860647131e-01
4.864649165439433598e-01 4.734963238637043270e-01 1.978310237067947008e-02 5.013088660571485278e-02 0.000000000000000000e+00 -2.191144869357345704e-01
4.876690630309423735e-01 4.735169648803201348e-01 1.450522352880716757e-02 5.027581804928349385e-02 0.000000000000000000e+00 -2.197871140838604243e-01
4.889222418411188209e-01 4.735316999257220272e-01 9.019003254113750270e-03 5.040640119411965436e-02 0.000000000000000000e+00 -2.197480537682545976e-01
4.901228861370148793e-01 4.735393601387755114e-01 3.748754522535817108e-03 5.018264284186724211e-02 0.000000000000000000e+00 -2.194773788133295434e-01
4.907284616687785928e-01 4.735406038198099465e-01 -8.029621097111111277e-04 1.141039137864119368e-02 0.000000000000000000e+00 -1.714164669001484453e-01
4.907478630211634663e-01 4.735405682494554513e-01 -3.920989796689508360e-03 2.762121360910807510e-04 0.000000000000000000e+00 -1.130504202518837348e-01
4.907616224582083686e-01 4.735404995787844129e-01 -5.639457317966023800e-03 5.343686396819258277e-04 0.000000000000000000e+00 -5.082908926190293775e-02
4.907667368826124643e-01 4.735404698249322530e-01 -5.959739563373455014e-03 3.527512686396505615e-05 0.000000000000000000e+00 -1.987420789147810191e-03
4.907678597410991550e-01 4.735404631218014804e-01 -5.980958066168259001e-03 7.690773001778339335e-06 0.000000000000000000e+00 -8.376969749990153050e-04
4.907682077214097771e-01 4.735404610316971685e-01 -6.000613482837824537e-03 2.640776580187242928e-05 0.000000000000000000e+00 -8.527810824859748031e-04
