1.972713780100831746e-02 -4.017929767459392748e-05 -2.107679681794203015e-03 5.008874760535630966e-02 0.000000000000000000e+00 -2.411069743980796300e-04
2.092930527890138337e-02 -4.271631971424404774e-05 -2.113419014885909407e-03 5.010942448355204526e-02 0.000000000000000000e+00 -2.736153859971466283e-04
2.213093509010802956e-02 -4.525277352908572124e-05 -2.110612981062931839e-03 5.009335128065006693e-02 0.000000000000000000e+00 -2.104185254077806273e-05
2.333509768145564447e-02 -4.779769045659722080e-05 -2.116519596420605477e-03 5.017507381140651201e-02 0.000000000000000000e+00 -2.690424283228221329e-04
2.458618206063535941e-02 -5.044245249046281254e-05 -2.113112850082905000e-03 5.004570061659385782e-02 0.000000000000000000e+00 8.296796065099856224e-06
2.579058967794337423e-02 -5.299039539870557727e-05 -2.118461715499238718e-03 5.021274597126479389e-02 0.000000000000000000e+00 -2.600357815161261597e-04
2.699235505905506552e-02 -5.553539339292151255e-05 -2.117257602022526441e-03 5.007612259421145851e-02 0.000000000000000000e+00 -1.432042367904915519e-05
2.819546727504485678e-02 -5.808681847411846939e-05 -2.123893939524565747e-03 5.020009672751513108e-02 0.000000000000000000e+00 -2.725181422988156026e-04
2.944755294444698426e-02 -6.074623690010835331e-05 -2.122424550638298772e-03 5.000242788654740700e-02 0.000000000000000000e+00 1.134050609993026711e-04
3.065105904855118871e-02 -6.330511834813254098e-05 -2.129497156316776524e-03 5.023396300274096671e-02 0.000000000000000000e+00 -2.875686537614520195e-04
3.185332330324606998e-02 -6.586555427318948686e-05 -2.128647949759596494e-03 5.012883164441650496e-02 0.000000000000000000e+00 3.068437143785069141e-05
3.310787408866960879e-02 -6.854123618101233550e-05 -2.136714894483840790e-03 5.024278742273846632e-02 0.000000000000000000e+00 -2.990360286145171968e-04
3.430888202738893722e-02 -7.110485252619482346e-05 -2.129610679850657638e-03 4.997808036249773433e-02 0.000000000000000000e+00 4.150959665176309939e-04
3.551360992368701730e-02 -7.367407488351646093e-05 -2.136683658694771802e-03 5.028796644974964369e-02 0.000000000000000000e+00 -3.463871690786421214e-04
3.671465073907757143e-02 -7.624167901294576840e-05 -2.136128110656820237e-03 4.993486941357039299e-02 0.000000000000000000e+00 1.550961732865271296e-04
3.796753925029205945e-02 -7.892157015842142390e-05 -2.142266216267578807e-03 5.007980883493523550e-02 0.000000000000000000e+00 -2.583485181118963091e-04
3.916874535277755504e-02 -8.149702675483850699e-05 -2.141917460290280843e-03 4.997490180791430703e-02 0.000000000000000000e+00 3.812415838619405027e-04
4.037071562389952378e-02 -8.407366543741398579e-05 -2.147025168680947137e-03 5.003414985824683470e-02 0.000000000000000000e+00 -3.265124235177281511e-04
4.157188455474561395e-02 -8.665569087167778123e-05 -2.146805002464689371e-03 4.990193005398324555e-02 0.000000000000000000e+00 5.569255999845134589e-04
4.282597156227632706e-02 -8.934930026105591537e-05 -2.152021892243741619e-03 5.019144140704923096e-02 0.000000000000000000e+00 -3.457591982077887855e-04
4.402875136327210476e-02 -9.194137303759864713e-05 -2.152976853727439459e-03 4.993885773774131565e-02 0.000000000000000000e+00 4.171012218325585242e-04
4.523010849886907603e-02 -9.452739117979498879e-05 -2.156062533326454870e-03 5.006232507780983276e-02 0.000000000000000000e+00 -3.592756659361905688e-04
4.648274438816444448e-02 -9.723284971252333178e-05 -2.158588960546083124e-03 4.994534740823119989e-02 0.000000000000000000e+00 3.114739684689691820e-04
4.768380829841124130e-02 -9.982563952234449185e-05 -2.163009073821870083e-03 5.003323698944406317e-02 0.000000000000000000e+00 -4.712997432608599787e-04
4.888680530152157699e-02 -1.024323524461203549e-04 -2.167566411045037961e-03 5.003327866272833102e-02 0.000000000000000000e+00 5.049396569638355578e-05
5.008703477940363441e-02 -1.050315538563954706e-04 -2.168703439704207630e-03 5.008790484617442473e-02 0.000000000000000000e+00 -5.332991579155420703e-04
5.134052014464389468e-02 -1.077560971598491931e-04 -2.175700148633591142e-03 5.009314128112396514e-02 0.000000000000000000e+00 -7.465246404801524041e-05
5.254000694783182712e-02 -1.103615115027374734e-04 -2.174344980354327595e-03 5.012069091624993256e-02 0.000000000000000000e+00 -4.716634089559828885e-04
5.374411755422792147e-02 -1.129858592872868498e-04 -2.183281527699748072e-03 5.014966154351652161e-02 0.000000000000000000e+00 -2.845628369151365078e-04
5.494361034159912782e-02 -1.155980930717846544e-04 -2.178960697042610882e-03 5.013756837174976333e-02 0.000000000000000000e+00 -3.136984159374802089e-04
5.619771899701715007e-02 -1.183373601747893282e-04 -2.189378307329696918e-03 5.017634249951108405e-02 0.000000000000000000e+00 -4.174285970165581136e-04
5.739683784937300859e-02 -1.209572775005985371e-04 -2.184514881217525413e-03 5.006565701287934989e-02 0.000000000000000000e+00 -1.200730969857476940e-04
5.860309975158861651e-02 -1.235982648870741804e-04 -2.193409787941307150e-03 5.028565497521286787e-02 0.000000000000000000e+00 -2.954658557953794042e-04
5.985352767105751870e-02 -1.263356888610595735e-04 -2.187795830620991883e-03 5.013254177111126086e-02 0.000000000000000000e+00 -1.496349972057511315e-05
6.105958968788318536e-02 -1.289814589007505334e-04 -2.199397913206018254e-03 5.031644035660698400e-02 0.000000000000000000e+00 -4.749976402555733911e-04
6.226023811027491667e-02 -1.316199337871092696e-04 -2.193977839693633369e-03 5.005936030058610875e-02 0.000000000000000000e+00 3.030446706020252252e-04
6.346599721182250020e-02 -1.342725608026830236e-04 -2.205923550585929104e-03 5.030044541735612107e-02 0.000000000000000000e+00 -5.054039880535044372e-04
6.471700288552174885e-02 -1.370303992060387577e-04 -2.199493064358284174e-03 5.000715285304047075e-02 0.000000000000000000e+00 4.452498514181813926e-04
6.592244058401516837e-02 -1.396875746547180904e-04 -2.210489253438139342e-03 5.030559206266049799e-02 0.000000000000000000e+00 -5.401783013732371205e-04
6.712443135500130442e-02 -1.423448980494579363e-04 -2.206320525844179294e-03 4.998612050594319900e-02 0.000000000000000000e+00 4.597041904753622777e-04
6.832896769454840924e-02 -1.450049014997576661e-04 -2.213980903676543693e-03 5.029252758404212376e-02 0.000000000000000000e+00 -5.484814827518722999e-04
6.958010445146130263e-02 -1.477745611364742124e-04 -2.208593068144415038e-03 4.994363157490022687e-02 0.000000000000000000e+00 4.602538463944042565e-04
7.078521880906916974e-02 -1.504393809831770139e-04 -2.217678871250447058e-03 5.028531260422297589e-02 0.000000000000000000e+00 -6.065401952587869258e-04
7.198622022134577858e-02 -1.531035215923089231e-04 -2.212209668807529894e-03 4.983291460999572653e-02 0.000000000000000000e+00 7.382450990455970315e-04
7.323995902388182044e-02 -1.558772706829876736e-04 -2.218198789821908181e-03 5.020474761155413468e-02 0.000000000000000000e+00 -6.152852641190668156e-04
7.444194516462641908e-02 -1.585468743775371404e-04 -2.218803691807507208e-03 4.995422529875670481e-02 0.000000000000000000e+00 3.723813049742981190e-04
7.564367076073694185e-02 -1.612134662890067854e-04 -2.223999903191712767e-03 5.016610167451474034e-02 0.000000000000000000e+00 -5.763642883755291848e-04
7.684625492862745544e-02 -1.638945659494720061e-04 -2.229020105867155280e-03 4.996028614149550240e-02 0.000000000000000000e+00 3.498692021973720122e-04
7.809640313030491443e-02 -1.666789316684657023e-04 -2.231222828357091841e-03 5.015910122187217102e-02 0.000000000000000000e+00 -4.983866034031630152e-04
7.929935385069313003e-02 -1.693705569340585900e-04 -2.238538006593346948e-03 4.997183316539366427e-02 0.000000000000000000e+00 2.087138119652721913e-04
8.050006006249821322e-02 -1.720572886010518119e-04 -2.241373213191850521e-03 5.017053583148411988e-02 0.000000000000000000e+00 -4.321371593985891355e-04
8.170485702567020780e-02 -1.747664153288209230e-04 -2.252041133429968662e-03 5.020170422588010606e-02 0.000000000000000000e+00 -1.350992641412878780e-04
8.295576097177044528e-02 -1.775799241573747602e-04 -2.249052839981357122e-03 4.999447880438823155e-02 0.000000000000000000e+00 -1.327305498354888909e-04
8.416224148658515980e-02 -1.803016940906242843e-04 -2.260114007939355036e-03 5.021319942430102490e-02 0.000000000000000000e+00 -2.168457821123995449e-04
8.536270166682204119e-02 -1.830110639929132226e-04 -2.256188271496240103e-03 4.998412244547056904e-02 0.000000000000000000e+00 -1.246437380088909978e-04
8.661687947717688907e-02 -1.858488583524823667e-04 -2.266258359802482240e-03 5.013485308064113966e-02 0.000000000000000000e+00 -1.488432350104720316e-04
8.781589519914297093e-02 -1.885615102205695016e-04 -2.260732496176475446e-03 4.992008984114060244e-02 0.000000000000000000e+00 -9.971149031985499758e-06
8.902250515901499739e-02 -1.912958714692993836e-04 -2.272631166162024895e-03 5.027895759713296719e-02 0.000000000000000000e+00 -5.628740184222965574e-04
9.022350239592975829e-02 -1.940223567302567099e-04 -2.268665601831591945e-03 4.998203054195349271e-02 0.000000000000000000e+00 6.075413399210937440e-05
9.147943100136884942e-02 -1.968773622828359250e-04 -2.279715748938326587e-03 5.028579591954407402e-02 0.000000000000000000e+00 -5.664166766212812808e-04
9.267811955132727875e-02 -1.996058933821124259e-04 -2.274555853182095005e-03 4.992800780357631307e-02 0.000000000000000000e+00 9.179221549372155889e-05
9.388389768262984936e-02 -2.023528031154833674e-04 -2.284890715251933994e-03 5.034883978473347899e-02 0.000000000000000000e+00 -6.646878340345123122e-04
9.508522262023984262e-02 -2.050932851012394337e-04 -2.278247823213681855e-03 5.007141519016988784e-02 0.000000000000000000e+00 2.170798176835854324e-04
9.634015675588050720e-02 -2.079558648979742410e-04 -2.287765729517198584e-03 5.036582304520920150e-02 0.000000000000000000e+00 -7.024294282338917807e-04
9.754294056636207688e-02 -2.107072371997720315e-04 -2.285249230172361253e-03 5.011053708885715441e-02 0.000000000000000000e+00 2.282299976804404184e-04
9.874586825199896389e-02 -2.134585235122331585e-04 -2.292459342285927196e-03 5.027035334920770815e-02 0.000000000000000000e+00 -6.023974044936450259e-04
9.999705893391462597e-02 -2.163269627541820970e-04 -2.289273183847766527e-03 5.005330429642962375e-02 0.000000000000000000e+00 2.951734152508424204e-04
1.011996221824662812e-01 -2.190826815353473370e-04 -2.295970914330494606e-03 5.034123496996112390e-02 0.000000000000000000e+00 -5.230048613114713458e-04
1.024039761690780093e-01 -2.218518577510041360e-04 -2.297560087775294985e-03 5.013952064857329916e-02 0.000000000000000000e+00 2.476495927481012129e-04
1.036042377218065746e-01 -2.246105571855168067e-04 -2.301790734527225241e-03 5.012187184300354037e-02 0.000000000000000000e+00 -3.516753312818099507e-04
1.048572103705589370e-01 -2.274978105761206633e-04 -2.301008923032741172e-03 5.001669425206134445e-02 0.000000000000000000e+00 3.600526331667875833e-04
1.060578425446742357e-01 -2.302610978332850352e-04 -2.304037348398730971e-03 5.010525824870049050e-02 0.000000000000000000e+00 -2.473014915664319374e-04
1.072609493043141238e-01 -2.330389476070936780e-04 -2.308094727912957025e-03 5.002696324345468071e-02 0.000000000000000000e+00 2.279647396552160780e-04
1.084610385856967507e-01 -2.358076140582620434e-04 -2.307730391686845742e-03 5.001255069361776329e-02 0.000000000000000000e+00 -8.904732730457065658e-05
1.097130998286567627e-01 -2.387022888318573088e-04 -2.310352763694216265e-03 4.985501092031885406e-02 0.000000000000000000e+00 3.640827506387931496e-04
1.109142774983023078e-01 -2.414768864569506398e-04 -2.310801497953084063e-03 5.001226768297506453e-02 0.000000000000000000e+00 -8.143830033616407578e-05
1.121182638852606384e-01 -2.442625812420959851e-04 -2.312182162382988432e-03 4.998715329833092191e-02 0.000000000000000000e+00 2.511950094351507500e-04
1.133683191671617241e-01 -2.471523295619202829e-04 -2.313217628204794832e-03 4.997299108908670462e-02 0.000000000000000000e+00 -1.463581083687751593e-04
1.145732601504409892e-01 -2.499449338506384106e-04 -2.319575124900469243e-03 5.010586056085619688e-02 0.000000000000000000e+00 4.263719428094580824e-05
1.157739591024785075e-01 -2.527298132485807677e-04 -2.319970079084269707e-03 4.992196816204219623e-02 0.000000000000000000e+00 -4.431801303363081343e-05
1.169771810884522728e-01 -2.555265328946681232e-04 -2.328557017584016037e-03 5.008798452435514470e-02 0.000000000000000000e+00 -3.074531064921750081e-04
1.182289953058052318e-01 -2.584398083346816440e-04 -2.327842995053374005e-03 5.003094769216454019e-02 0.000000000000000000e+00 -1.115510764018507643e-04
1.194338525693629943e-01 -2.612491669967056539e-04 -2.336337863416627220e-03 5.021025938328205207e-02 0.000000000000000000e+00 -4.164216529147249336e-04
1.206359592088762367e-01 -2.640557956480080550e-04 -2.334957019634063824e-03 5.003777290997213356e-02 0.000000000000000000e+00 -1.374510289976900413e-04
1.218399113549815532e-01 -2.668701081721408931e-04 -2.340714825844101253e-03 5.020867996340938610e-02 0.000000000000000000e+00 -2.905089409834885343e-04
1.230912034285548129e-01 -2.697977819176622426e-04 -2.339437333031821505e-03 5.005949043139223953e-02 0.000000000000000000e+00 -6.386798410863105591e-05
1.242955688478827730e-01 -2.726182203446800268e-04 -2.345406014326310504e-03 5.027140661701956503e-02 0.000000000000000000e+00 -3.585324345027857498e-04
1.254986784533874689e-01 -2.754395798124238660e-04 -2.346016906748005486e-03 5.014673295595795111e-02 0.000000000000000000e+00 -1.589095464381472462e-04
1.267020148400036239e-01 -2.782650262462207252e-04 -2.351569711234633223e-03 5.021936733744514214e-02 0.000000000000000000e+00 -3.572651868689162308e-04
1.279535731618920702e-01 -2.812063069191131619e-04 -2.350055041441296341e-03 5.012988417372188366e-02 0.000000000000000000e+00 -3.082809065475723714e-05
1.291573806704676697e-01 -2.840377741805877516e-04 -2.355944358208162358e-03 5.021935567581237159e-02 0.000000000000000000e+00 -3.799784010875065774e-04
1.303607269812342428e-01 -2.868732407555319819e-04 -2.356800142452231909e-03 5.018555408844438404e-02 0.000000000000000000e+00 -2.666334725719517922e-05
1.316135666368641322e-01 -2.898290554433972889e-04 -2.362622647137951719e-03 5.014528977030918711e-02 0.000000000000000000e+00 -3.185444247040216032e-04
1.328159649231281381e-01 -2.926683973932025975e-04 -2.360939114843718569e-03 5.011251009702233361e-02 0.000000000000000000e+00 7.193662253182854700e-05
1.340171179547810509e-01 -2.955079670882688157e-04 -2.366905262606663288e-03 5.009235542545731334e-02 0.000000000000000000e+00 -2.590820462158138337e-04
1.352210352835522267e-01 -2.983581666875483995e-04 -2.366344474225537137e-03 5.017032483811689758e-02 0.000000000000000000e+00 1.131789451011527131e-04
1.364743664106009002e-01 -3.013283083336861781e-04 -2.372841512360655738e-03 5.014239089977112762e-02 0.000000000000000000e+00 -2.485781954522471105e-04
1.376771149993513965e-01 -3.041829341844551706e-04 -2.373241296069474818e-03 5.013822425097846924e-02 0.000000000000000000e+00 1.817404465965535393e-05
1.388809508401542270e-01 -3.070435679867357772e-04 -2.379174188983325475e-03 5.015114596245706657e-02 0.000000000000000000e+00 -2.305781160484097873e-04
1.400835710890870889e-01 -3.099062473665995182e-04 -2.380473749859718727e-03 5.012212192456733106e-02 0.000000000000000000e+00 -4.083661277055208676e-05
1.413363258784414156e-01 -3.128900457422815660e-04 -2.384085346111407527e-03 5.016098198270535491e-02 0.000000000000000000e+00 -2.047379866903988206e-04
1.425391491887982032e-01 -3.157598565458469828e-04 -2.385405189445129887e-03 5.012046371946077272e-02 0.000000000000000000e+00 8.544562227426333312e-05
1.437425465416276582e-01 -3.186315096750189243e-04 -2.388997332392860540e-03 5.015624652978112330e-02 0.000000000000000000e+00 -2.679102948594771138e-04
1.449947646864929718e-01 -3.216256486484728497e-04 -2.391266812808500158e-03 5.008771003162104662e-02 0.000000000000000000e+00 1.391302179313619802e-05
1.461967642663343225e-01 -3.245025983499634937e-04 -2.396277173437300588e-03 5.004730628960230021e-02 0.000000000000000000e+00 -2.365793622850694293e-04
1.473988012625034594e-01 -3.273850761721884268e-04 -2.397151621335685302e-03 5.009570132160079403e-02 0.000000000000000000e+00 1.748500795643149021e-04
1.486024623833301916e-01 -3.302728615506358989e-04 -2.402760760138999800e-03 5.014378800766161604e-02 0.000000000000000000e+00 -3.207219584618409758e-04
1.498524726255148209e-01 -3.332790649928316106e-04 -2.403255322663858714e-03 4.991731496888918151e-02 0.000000000000000000e+00 4.079558335809994668e-04
1.510547896073607399e-01 -3.361701349917919435e-04 -2.408106420558903376e-03 5.006288113652557215e-02 0.000000000000000000e+00 -3.486979436515141601e-04
1.522559447567410351e-01 -3.390662158223325625e-04 -2.410535229827976203e-03 4.993322716773662684e-02 0.000000000000000000e+00 2.413151011536224006e-04
1.534588438232009910e-01 -3.419669903204344071e-04 -2.413867409986739532e-03 5.006155172043724733e-02 0.000000000000000000e+00 -1.656521906023462084e-04
1.547107221082173190e-01 -3.449913136429813825e-04 -2.415879352202914519e-03 5.005023749355408391e-02 0.000000000000000000e+00 1.030298101051848171e-04
1.559129687634514538e-01 -3.478969251473924417e-04 -2.419881635818516355e-03 4.999645427635757144e-02 0.000000000000000000e+00 -3.212861580286955438e-04
1.571150700105503339e-01 -3.508101087022415547e-04 -2.422939347061471398e-03 5.002706219507935259e-02 0.000000000000000000e+00 1.682000904500409802e-04
1.583652840741180678e-01 -3.538381462312578793e-04 -2.424407706301342884e-03 4.986506752895913941e-02 0.000000000000000000e+00 -2.510962011619886740e-04
1.595700939396960394e-01 -3.567650270622342796e-04 -2.432077056996450031e-03 5.015194439114134539e-02 0.000000000000000000e+00 -1.578057444370925479e-04
1.607711121125138809e-01 -3.596838864170044865e-04 -2.431080559932234653e-03 5.005281369149794379e-02 0.000000000000000000e+00 -1.393301987464070095e-04
1.619737898365309348e-01 -3.626114024671562696e-04 -2.435500834492822664e-03 5.009623289752296316e-02 0.000000000000000000e+00 -6.681144714237334721e-05
1.632262709208869844e-01 -3.656590361590276528e-04 -2.434849606870004117e-03 5.022675259429010275e-02 0.000000000000000000e+00 -2.926287367501354724e-04
1.644293271452364757e-01 -3.685938443244754742e-04 -2.443448791327363420e-03 5.011196337595946737e-02 0.000000000000000000e+00 -3.149478313957964921e-04
1.656307481124111858e-01 -3.715269256063748649e-04 -2.441583454834145815e-03 5.022073810008742534e-02 0.000000000000000000e+00 -1.710630443597316254e-04
1.668342470396762534e-01 -3.744709571059673544e-04 -2.450279056152831168e-03 5.024950904858882517e-02 0.000000000000000000e+00 -3.546732377192509788e-04
1.680867910445690283e-01 -3.775371035006571557e-04 -2.446667434723323337e-03 5.023486929360276854e-02 0.000000000000000000e+00 -5.414676177594997757e-06
1.692913782005885659e-01 -3.804897373511337863e-04 -2.455938253022536041e-03 5.027931125645146437e-02 0.000000000000000000e+00 -4.325568608981891728e-04
1.704917408751926711e-01 -3.834331300571416782e-04 -2.448624795412023512e-03 5.009603678339247246e-02 0.000000000000000000e+00 2.184083346247131790e-04
1.717448472052517938e-01 -3.865079751003893402e-04 -2.458504630877994188e-03 5.017805194022506576e-02 0.000000000000000000e+00 -3.669218409179233814e-04
1.729453854394386314e-01 -3.894583654465461498e-04 -2.454272707604369594e-03 5.006006363283965754e-02 0.000000000000000000e+00 3.072136372100903309e-04
1.741476896949502307e-01 -3.924140326351654583e-04 -2.462828024262998967e-03 5.010200762697314403e-02 0.000000000000000000e+00 -4.211469164736360857e-04
1.753478914466206628e-01 -3.953700990761627784e-04 -2.459086300629860066e-03 4.995866153194028492e-02 0.000000000000000000e+00 3.934914710259316281e-04
1.766016490026576236e-01 -3.984581985489678204e-04 -2.467975713680556349e-03 5.022504088216250828e-02 0.000000000000000000e+00 -3.822798469745575635e-04
1.778017023398682506e-01 -4.014158451985486457e-04 -2.457857751566264442e-03 4.991828904882256168e-02 0.000000000000000000e+00 5.637454418277609456e-04
1.790062862058854343e-01 -4.043794848021728112e-04 -2.465053763982950289e-03 5.024173597857894968e-02 0.000000000000000000e+00 -4.142643582686839966e-04
1.802079629088803592e-01 -4.073425858157908325e-04 -2.461566334141637637e-03 4.992748493728993431e-02 0.000000000000000000e+00 4.535056703665832508e-04
1.814596092447607889e-01 -4.104242479631948983e-04 -2.466759692576378851e-03 5.003578659030227804e-02 0.000000000000000000e+00 -5.069338482647516193e-04
1.826612710854006449e-01 -4.133910902814439824e-04 -2.466097378087111092e-03 4.991020643129173706e-02 0.000000000000000000e+00 3.988692519534147211e-04
1.838632954633923067e-01 -4.163551462222967836e-04 -2.471188917273466415e-03 5.010754296383423956e-02 0.000000000000000000e+00 -5.702356394533655750e-04
1.851157527536382019e-01 -4.194560971456445732e-04 -2.475177584335634846e-03 4.992636395001470717e-02 0.000000000000000000e+00 2.929656422120852262e-04
1.863175803107437467e-01 -4.224288529726456147e-04 -2.477215269645702093e-03 5.012420659026295411e-02 0.000000000000000000e+00 -4.751320554245861620e-04
1.875195961035033276e-01 -4.254117117866580396e-04 -2.480395912895105685e-03 4.992212283706498610e-02 0.000000000000000000e+00 4.396408956998734685e-04
1.887206821730928741e-01 -4.283871161437925170e-04 -2.479064817342751213e-03 5.012167936740974383e-02 0.000000000000000000e+00 -4.529470442336239644e-04
1.899734321637678858e-01 -4.314995070123631474e-04 -2.484299944349537947e-03 5.002272527385720480e-02 0.000000000000000000e+00 3.016032989373390811e-04
1.911735624780950271e-01 -4.344771716354075544e-04 -2.482799319263239487e-03 5.009243885630287885e-02 0.000000000000000000e+00 -3.860374726203913811e-04
1.923770593992452094e-01 -4.374725995899289240e-04 -2.490210267465538078e-03 5.007203255755210414e-02 0.000000000000000000e+00 1.031808305406931161e-04
1.935772871608090751e-01 -4.404567974199672287e-04 -2.486477327048917420e-03 5.009875720891621143e-02 0.000000000000000000e+00 -2.038275176772000286e-04
1.948310212564568489e-01 -4.435824726770900509e-04 -2.496691573591673392e-03 5.012971326366355562e-02 0.000000000000000000e+00 -1.612762599220995421e-04
1.960310869251159216e-01 -4.465747737046765363e-04 -2.493060731476923371e-03 5.002253616755991672e-02 0.000000000000000000e+00 -1.055213676705105412e-04
1.972351964053633555e-01 -4.495852823697734637e-04 -2.505050929039953894e-03 5.019653550401570463e-02 0.000000000000000000e+00 -3.321157294819132035e-04
1.984843399216404680e-01 -4.527097455369242748e-04 -2.499641301457601432e-03 5.002801757939823180e-02 0.000000000000000000e+00 1.930468747836808717e-05
1.996885406469170177e-01 -4.557281888076296578e-04 -2.512246283797599233e-03 5.020549996021250738e-02 0.000000000000000000e+00 -4.378429877165854146e-04
2.008882019816244369e-01 -4.587378334179764727e-04 -2.505457536054253066e-03 5.000734257030181595e-02 0.000000000000000000e+00 2.552936652765282807e-04
2.020926127611077650e-01 -4.617612481026955461e-04 -2.516416300340445708e-03 5.026420238455064915e-02 0.000000000000000000e+00 -5.524955256828305598e-04
2.033424949090514300e-01 -4.648982862700550716e-04 -2.506482343621435106e-03 5.006460541348289883e-02 0.000000000000000000e+00 2.149040889783134065e-04
2.045477315324521206e-01 -4.679248773100494105e-04 -2.518238993514366163e-03 5.033833287707567550e-02 0.000000000000000000e+00 -6.547381287544652923e-04
2.057480355047192899e-01 -4.709444019945399737e-04 -2.511107988251212470e-03 5.002818987895341074e-02 0.000000000000000000e+00 4.076720793655694373e-04
2.069508547951178223e-01 -4.739702064495182783e-04 -2.523130864295625251e-03 5.019821040684324664e-02 0.000000000000000000e+00 -7.333416205994274092e-04
2.082016478420392613e-01 -4.771242739426628191e-04 -2.517332631104310901e-03 5.001644631482116132e-02 0.000000000000000000e+00 3.650557501444570024e-04
2.094043632787019882e-01 -4.801554743477663744e-04 -2.526833812481292345e-03 5.022577471314459974e-02 0.000000000000000000e+00 -6.768905394630440929e-04
2.106057008938348463e-01 -4.831947343187021401e-04 -2.527692139361470500e-03 5.000521476471453397e-02 0.000000000000000000e+00 2.983626343160164203e-04
2.118579237328042097e-01 -4.863625067095839086e-04 -2.535522200131558584e-03 5.017207645119370341e-02 0.000000000000000000e+00 -5.346420982075431125e-04
2.130593438914763493e-01 -4.894117779885607611e-04 -2.536196215101282816e-03 5.005367933543503067e-02 0.000000000000000000e+00 2.454599115058360968e-04
2.142608311986886338e-01 -4.924598272921475433e-04 -2.541786446729781077e-03 5.016032494443156686e-02 0.000000000000000000e+00 -5.330392926668398902e-04
2.154635799413878450e-01 -4.955231898936611175e-04 -2.546660825384058045e-03 5.003992647852895104e-02 0.000000000000000000e+00 1.706844586025931508e-04
2.167141337264641143e-01 -4.987062731551959640e-04 -2.548309482541175324e-03 5.012907385355813705e-02 0.000000000000000000e+00 -3.644486140846413366e-04
2.179168837209035647e-01 -5.017775562951831128e-04 -2.553051967375798582e-03 5.001679690646576582e-02 0.000000000000000000e+00 1.837428188372872313e-04
2.191179533457122963e-01 -5.048415171857935542e-04 -2.552400195116828318e-03 5.010915571276863822e-02 0.000000000000000000e+00 -1.843842463444517296e-04
2.203227903160234757e-01 -5.079246596297887087e-04 -2.561028830017936676e-03 5.012075201424326387e-02 0.000000000000000000e+00 1.293843352502873224e-04
2.215742791632576980e-01 -5.111273400397678282e-04 -2.559800678552797380e-03 5.002370727238414361e-02 0.000000000000000000e+00 -1.142573822785908632e-04
2.227783653005760700e-01 -5.142157970716761811e-04 -2.563695800123698149e-03 4.996662913285265795e-02 0.000000000000000000e+00 4.942205246322953650e-04
2.239782617094337180e-01 -5.172898175496182683e-04 -2.562859664850767986e-03 4.995634376307456215e-02 0.000000000000000000e+00 -1.637621078965485158e-04
2.252324988642262493e-01 -5.205115590578077286e-04 -2.570394140723487701e-03 5.003788964130784223e-02 0.000000000000000000e+00 2.135322841918843822e-04
2.264333559076018298e-01 -5.235954381371144429e-04 -2.568265180506263280e-03 5.002511586194025028e-02 0.000000000000000000e+00 -1.776366331985657695e-04
2.276388959645721521e-01 -5.266981259059501938e-04 -2.577842409107622239e-03 5.014066119961302359e-02 0.000000000000000000e+00 -2.313740809433540270e-04
2.288395119075721795e-01 -5.297917594024817043e-04 -2.576321637859876369e-03 4.992300886927092396e-02 0.000000000000000000e+00 -4.237168618571986254e-05
2.300923649355464673e-01 -5.330246718448639195e-04 -2.584414341164872116e-03 5.011812283928496203e-02 0.000000000000000000e+00 -2.481225916634767102e-04
2.312931731599456586e-01 -5.361260648639538853e-04 -2.582710854570337018e-03 4.997363424615597349e-02 0.000000000000000000e+00 -8.473586801460200309e-05
2.324964335878430266e-01 -5.392380204939253938e-04 -2.591064528216235636e-03 5.022049266938388712e-02 0.000000000000000000e+00 -4.610895390909384777e-04
2.336973558557320085e-01 -5.423476690388658560e-04 -2.588958437932732757e-03 5.003186691719119228e-02 0.000000000000000000e+00 -6.772241113357499248e-06
2.349505509159764693e-01 -5.455956339235567241e-04 -2.596936243837892361e-03 5.024360737595212623e-02 0.000000000000000000e+00 -5.497785079174597259e-04
2.361518441762855136e-01 -5.487136908439005758e-04 -2.594592683647296057e-03 5.006949796496074079e-02 0.000000000000000000e+00 6.747766883575680272e-05
2.373537830397231818e-01 -5.518345773392929797e-04 -2.602093282006595360e-03 5.024920949353028909e-02 0.000000000000000000e+00 -6.321878089573518267e-04
2.386042541722376842e-01 -5.550859707176559717e-04 -2.600846464937305209e-03 5.002675862540717500e-02 0.000000000000000000e+00 -9.357348797418884104e-05
2.398066492949182393e-01 -5.582167467420746931e-04 -2.609755596825003975e-03 5.024301801966335468e-02 0.000000000000000000e+00 -6.151702863316231866e-04
2.410088194609488477e-01 -5.613529748912999455e-04 -2.606570249317747764e-03 5.015107867289703147e-02 0.000000000000000000e+00 1.865642980712736753e-04
2.422098956753134802e-01 -5.644867642848146920e-04 -2.613130227048555704e-03 5.020011578918681661e-02 0.000000000000000000e+00 -4.043047872183884819e-04
2.434650633497948968e-01 -5.677697176349037365e-04 -2.615107415385630601e-03 5.025214389515197944e-02 0.000000000000000000e+00 7.915383362362410217e-05
2.446668377031725738e-01 -5.709145015805526481e-04 -2.619463745914245561e-03 5.014887188446726096e-02 0.000000000000000000e+00 -2.716773306110113946e-04
2.458697640183059585e-01 -5.740673440905759558e-04 -2.619849237324281370e-03 5.011730501229272328e-02 0.000000000000000000e+00 1.520749905513657117e-04
2.470716704612002101e-01 -5.772175147825272471e-04 -2.623212910998823887e-03 5.008014826079765225e-02 0.000000000000000000e+00 -2.096215568164286086e-04
2.483266497889063673e-01 -5.805147329389768367e-04 -2.627629186097845716e-03 5.014759258344381188e-02 0.000000000000000000e+00 8.963418411622273174e-05
2.495286103282740031e-01 -5.836735730455110474e-04 -2.629688090947085617e-03 5.004349688323417311e-02 0.000000000000000000e+00 -1.587423143195934301e-04
2.507313754210416801e-01 -5.868385120510374300e-04 -2.630873777315054923e-03 5.002701402243014961e-02 0.000000000000000000e+00 7.779274851869331995e-05
2.519324577204217763e-01 -5.900003151656253979e-04 -2.634597478642258014e-03 4.995435090752453622e-02 0.000000000000000000e+00 -1.275287367063352752e-04
2.531854237617053305e-01 -5.933060159620600574e-04 -2.640817673767978206e-03 5.002118410917244518e-02 0.000000000000000000e+00 -2.004152807465287380e-04
2.543879354634372980e-01 -5.964819873792274758e-04 -2.642656976110810841e-03 5.002477049601272707e-02 0.000000000000000000e+00 -1.455100712090418719e-04
2.555920327501393086e-01 -5.996686616250099114e-04 -2.648841176541532998e-03 5.015642556620014680e-02 0.000000000000000000e+00 -9.597276074431007110e-05
2.568453043751055542e-01 -6.029894552216030984e-04 -2.651598683427008364e-03 5.004348717896345278e-02 0.000000000000000000e+00 -1.420804735276614129e-04
2.580482643371195262e-01 -6.061820747449916946e-04 -2.655463651987629084e-03 5.012674427673502464e-02 0.000000000000000000e+00 -1.644870735966575217e-04
2.592502241666355123e-01 -6.093757211111548375e-04 -2.659696952416922260e-03 4.995393538856918170e-02 0.000000000000000000e+00 -2.193629926878152951e-04
2.604527288988077727e-01 -6.125770666959146332e-04 -2.664038053788846290e-03 5.017795764900301325e-02 0.000000000000000000e+00 -5.812753974853271442e-05
2.617055516097739898e-01 -6.159164351371996995e-04 -2.667877474302443597e-03 4.997985904030000093e-02 0.000000000000000000e+00 -2.540886870179531309e-04
2.629072161833186927e-01 -6.191253394868849935e-04 -2.671394016684284708e-03 5.011866274058640602e-02 0.000000000000000000e+00 5.555625697175674792e-06
2.641112437224527043e-01 -6.223420287077623082e-04 -2.673747662290655233e-03 5.017853582338638319e-02 0.000000000000000000e+00 -2.990961989279592803e-04
2.653130789443192139e-01 -6.255585271143957685e-04 -2.677398675629961804e-03 5.005548146443938862e-02 0.000000000000000000e+00 -3.921481826857574181e-05
2.665665360910439152e-01 -6.289161656756292289e-04 -2.681226893811872267e-03 5.009676196615631127e-02 0.000000000000000000e+00 -2.478122468250748426e-04
2.677673916925913944e-01 -6.321391601270007297e-04 -2.685448639906900473e-03 5.007448926093727160e-02 0.000000000000000000e+00 -1.123818792922308982e-04
2.689703743463062180e-01 -6.353690946446601592e-04 -2.685765052987881124e-03 5.015614727831019248e-02 0.000000000000000000e+00 -8.053290460439085951e-05
2.702202230898136937e-01 -6.387294614189562014e-04 -2.688713695847009481e-03 5.004261788493780116e-02 0.000000000000000000e+00 4.331832421612314050e-05
2.714231977066277057e-01 -6.419637150891935404e-04 -2.690325789400626385e-03 5.019782812595574573e-02 0.000000000000000000e+00 -1.708503524301908309e-04
2.726261050475596304e-01 -6.452033821499330180e-04 -2.696088527261398735e-03 5.013290059666386522e-02 0.000000000000000000e+00 -2.627838606039714360e-04
2.738289785985650315e-01 -6.484455530250918557e-04 -2.696759697283499131e-03 5.014507553422475894e-02 0.000000000000000000e+00 -1.285484654249918171e-04
2.750801105885071762e-01 -6.518238005961380461e-04 -2.703914826021213205e-03 5.009120426234248136e-02 0.000000000000000000e+00 -3.376379563080780344e-04
2.762816343389520313e-01 -6.550706836078707242e-04 -2.702035710114353371e-03 5.006394291016957876e-02 0.000000000000000000e+00 -1.194459544530631533e-05
2.774823137920289784e-01 -6.583196868518034978e-04 -2.710517476553671486e-03 5.008807541990456524e-02 0.000000000000000000e+00 -4.398658526552383569e-04
2.786848785780183246e-01 -6.615789796264798846e-04 -2.710610221098632474e-03 5.019274667840967208e-02 0.000000000000000000e+00 -1.137142189777510279e-04
2.799370570021431082e-01 -6.649771147599425154e-04 -2.717173170838458642e-03 5.007013946795590975e-02 0.000000000000000000e+00 -2.826465089163800160e-04
2.811382710160713061e-01 -6.682385993447528989e-04 -2.713982704483197238e-03 5.018583932754894228e-02 0.000000000000000000e+00 -5.156876350494948131e-06
2.823413916191054862e-01 -6.715084547197746603e-04 -2.721682483433410932e-03 5.009034889819907743e-02 0.000000000000000000e+00 -3.019597471778333580e-04
2.835932863365471235e-01 -6.749155724503810416e-04 -2.720993052727669996e-03 5.021691406462136520e-02 0.000000000000000000e+00 -2.927000021368504970e-05
2.847979984135708409e-01 -6.781980534160841380e-04 -2.728517280262191241e-03 5.018666298201301945e-02 0.000000000000000000e+00 -2.977032210576994542e-04
2.859989506130995451e-01 -6.814743376508630539e-04 -2.725928070642601436e-03 5.005535783741688061e-02 0.000000000000000000e+00 1.163902871071908476e-04
2.872029311906136306e-01 -6.847597287807715783e-04 -2.732682183494083809e-03 5.014298144545570324e-02 0.000000000000000000e+00 -3.671754331451927483e-04
2.884528564081181856e-01 -6.881754657916026256e-04 -2.728976529043286754e-03 4.992385350608141703e-02 0.000000000000000000e+00 4.011132061662497418e-04
2.896582899483918783e-01 -6.914687805812579297e-04 -2.736227794079645718e-03 5.021404719506572523e-02 0.000000000000000000e+00 -3.333257295515811318e-04
2.908591185557584113e-01 -6.947560848955383400e-04 -2.734445552611215746e-03 4.989921529824081770e-02 0.000000000000000000e+00 4.501098431076666585e-04
2.920636098414844950e-01 -6.980518941169716390e-04 -2.740378667947220015e-03 5.008031838243942602e-02 0.000000000000000000e+00 -3.936750964449823860e-04
2.933140268719190424e-01 -7.014813558482327176e-04 -2.740243921807642216e-03 4.987990688899712755e-02 0.000000000000000000e+00 3.874312160619546074e-04
2.945164995291628118e-01 -7.047775830768027334e-04 -2.745209908941335149e-03 5.002097061978239001e-02 0.000000000000000000e+00 -4.173053552983638399e-04
2.957189222798259354e-01 -7.080820733015957651e-04 -2.746861068723362252e-03 4.995925026012315584e-02 0.000000000000000000e+00 3.368724654277099862e-04
2.969729428880756861e-01 -7.115263296023146026e-04 -2.750706000486389906e-03 5.013843482157553932e-02 0.000000000000000000e+00 -4.770176359102875794e-04
2.981761839119340118e-01 -7.148406551336688921e-04 -2.754452537213940982e-03 4.996686073736600342e-02 0.000000000000000000e+00 2.105270047666491645e-04
2.993796792143049168e-01 -7.181539091682860327e-04 -2.755655437933941798e-03 5.016413716107948062e-02 0.000000000000000000e+00 -3.836784844989986278e-04
3.005816401729526355e-01 -7.214717712873382552e-04 -2.762054283082935897e-03 4.998334832764239621e-02 0.000000000000000000e+00 -2.881039726247072578e-05
3.018339945131353064e-01 -7.249283505556825815e-04 -2.761958330204077744e-03 5.016951982070583238e-02 0.000000000000000000e+00 -3.470349342693330921e-04
3.030365455806413033e-01 -7.282566130156507616e-04 -2.770163157375999351e-03 5.013659801649805736e-02 0.000000000000000000e+00 -1.283037592611381680e-04
3.042399913765314601e-01 -7.315873520193299324e-04 -2.768663376185930263e-03 5.025517837311255231e-02 0.000000000000000000e+00 -2.386407343256089517e-04
3.054438481074631118e-01 -7.349262190336302127e-04 -2.776170859050904310e-03 5.016078427208803259e-02 0.000000000000000000e+00 -1.747394937995861363e-04
3.066943198944019899e-01 -7.383913929017557522e-04 -2.768170232672917744e-03 5.014799615645770814e-02 0.000000000000000000e+00 1.660100171080898925e-04
3.078996048256773532e-01 -7.417345038387742739e-04 -2.777349573749540636e-03 5.023407365405407887e-02 0.000000000000000000e+00 -2.572360183979132808e-04
3.090990662392590904e-01 -7.450582211067188114e-04 -2.768489756129579368e-03 5.008230804497693089e-02 0.000000000000000000e+00 1.252899912586043598e-04
3.103524416392750007e-01 -7.485370926391599804e-04 -2.781614454657653068e-03 5.020781428274889713e-02 0.000000000000000000e+00 -4.640417244755362007e-04
3.115524360918776603e-01 -7.518723444443565010e-04 -2.776375840997637613e-03 5.009062656664287072e-02 0.000000000000000000e+00 2.450077372395997660e-04
3.127549613526329209e-01 -7.552180657918986136e-04 -2.788276279830568995e-03 5.011447851546446675e-02 0.000000000000000000e+00 -5.168281553340358823e-04
3.139553714329674228e-01 -7.585609614504727587e-04 -2.780822571163094753e-03 5.005244429589772448e-02 0.000000000000000000e+00 3.459696713271584218e-04
3.152093323897497412e-01 -7.620551737398115807e-04 -2.793783194261745349e-03 5.017315246902964709e-02 0.000000000000000000e+00 -5.816604128194917097e-04
3.164097211713775004e-01 -7.654076004689617293e-04 -2.789061056037080589e-03 5.001719404604809682e-02 0.000000000000000000e+00 3.579984739300928667e-04
3.176128039830162786e-01 -7.687676199349376474e-04 -2.799895610196284721e-03 5.015594578634263723e-02 0.000000000000000000e+00 -6.324139633210958166e-04
3.188133570416993856e-01 -7.721285581757221864e-04 -2.795853224711602678e-03 4.996941210919092491e-02 0.000000000000000000e+00 3.482527169573198600e-04
3.200658985480837604e-01 -7.756336693297824275e-04 -2.805481935979744091e-03 5.013646992752529563e-02 0.000000000000000000e+00 -6.457904282947408547e-04
3.212668811402788482e-01 -7.790045333643554190e-04 -2.803577664447112153e-03 4.995188315076726226e-02 0.000000000000000000e+00 3.552898303177895738e-04
3.224694065213422611e-01 -7.823763750670310272e-04 -2.809566997698304501e-03 5.015639198130694698e-02 0.000000000000000000e+00 -5.931081892716409633e-04
3.237201108217622192e-01 -7.858923909999615239e-04 -2.806289120047823684e-03 4.979642956050300828e-02 0.000000000000000000e+00 5.669154043557641251e-04
3.249231245912327926e-01 -7.892686114069529316e-04 -2.812456894735904361e-03 5.012034972658174770e-02 0.000000000000000000e+00 -6.512392356484557896e-04
3.261245344872717444e-01 -7.926515034193054934e-04 -2.813729647761462581e-03 4.989754654300682102e-02 0.000000000000000000e+00 2.786360942572476979e-04
3.273266885623886124e-01 -7.960318762162314028e-04 -2.814624679632696420e-03 5.012141709611062090e-02 0.000000000000000000e+00 -4.016886489207364616e-04
3.285784123929726408e-01 -7.995614693024075473e-04 -2.819950119070895826e-03 4.995681452208411422e-02 0.000000000000000000e+00 1.214631311221307981e-04
3.297796493196264445e-01 -8.029469536938053714e-04 -2.821284733598924087e-03 5.005049193645416672e-02 0.000000000000000000e+00 -3.903421818532210237e-04
3.309824785208416165e-01 -8.063487494232490695e-04 -2.830112310761867707e-03 5.002550600577138074e-02 0.000000000000000000e+00 8.772455116319983315e-06
3.321830587304173132e-01 -8.097437022705416621e-04 -2.829118614814323841e-03 5.000601909837254500e-02 0.000000000000000000e+00 -3.396628433649260875e-04
3.334367466089764864e-01 -8.132987941317727700e-04 -2.836983690323080336e-03 5.003810677421116626e-02 0.000000000000000000e+00 2.791248139548912328e-04
3.346371642267742530e-01 -8.167012811178865368e-04 -2.834857042252634639e-03 5.000236151505299542e-02 0.000000000000000000e+00 -2.053895713213077219e-04
3.358406160213160963e-01 -8.201209608449678548e-04 -2.843807018073811390e-03 5.009579116518891873e-02 0.000000000000000000e+00 7.545885647297227760e-05
3.370904762879600169e-01 -8.236717980256250691e-04 -2.840749871023739298e-03 5.000892842899340440e-02 0.000000000000000000e+00 -1.173257775341544445e-04
3.382941581741435999e-01 -8.270992414718569179e-04 -2.851069556536748022e-03 5.013124910015487323e-02 0.000000000000000000e+00 -1.187895368602972699e-04
3.394936073415835143e-01 -8.305151802108801671e-04 -2.846664779838652473e-03 5.000999615566437129e-02 0.000000000000000000e+00 7.011282852547832273e-05
3.406983377277086888e-01 -8.339516819977145804e-04 -2.858466804872877593e-03 5.024396609605852326e-02 0.000000000000000000e+00 -4.886953979367453325e-04
3.419478633182180261e-01 -8.375189541577422779e-04 -2.852893371381225694e-03 5.006268363462740290e-02 0.000000000000000000e+00 8.872399235454703041e-05
3.431510344876707586e-01 -8.409575605523572769e-04 -2.863106838076394118e-03 5.014671049739516384e-02 0.000000000000000000e+00 -4.393899588828504448e-04
3.443515178677285515e-01 -8.443920093710240464e-04 -2.859162883346455172e-03 4.998003681978835377e-02 0.000000000000000000e+00 1.857468496371260966e-04
3.455549599296010577e-01 -8.478378044291218869e-04 -2.871056478929153583e-03 5.021730716393002503e-02 0.000000000000000000e+00 -7.771970316373113478e-04
3.468054274797390812e-01 -8.514261716190942237e-04 -2.866274963771289156e-03 5.007876199163707742e-02 0.000000000000000000e+00 3.007769209618090336e-04
3.480090856160247825e-01 -8.548815984232210679e-04 -2.878012476816392030e-03 5.030688570482333422e-02 0.000000000000000000e+00 -7.320517410943373207e-04
3.492118672533346402e-01 -8.583423013812755157e-04 -2.875506471115505877e-03 5.014176243355039642e-02 0.000000000000000000e+00 2.072685302262029588e-04
3.504655668164608495e-01 -8.619502322193828281e-04 -2.884091484105171833e-03 5.032080738899824546e-02 0.000000000000000000e+00 -6.680663758903962121e-04
3.516667591248623381e-01 -8.654130247163460384e-04 -2.880552091923761771e-03 5.004243608985603498e-02 0.000000000000000000e+00 2.027772728624846824e-04
3.528686801377353688e-01 -8.688769490657602054e-04 -2.886887558130033817e-03 5.019177557974430215e-02 0.000000000000000000e+00 -5.346240906488313599e-04
3.540709621044380029e-01 -8.723509261273632021e-04 -2.888042472395148559e-03 5.001850205998970011e-02 0.000000000000000000e+00 2.018124049335096818e-04
3.553245138244808254e-01 -8.759721420216574905e-04 -2.893012928883359914e-03 5.024544821355392266e-02 0.000000000000000000e+00 -4.341011437994765545e-04
3.565282909076861184e-01 -8.794594708575900841e-04 -2.897039380668923157e-03 5.010367180773578344e-02 0.000000000000000000e+00 6.619158284869041699e-05
3.577284714251215969e-01 -8.829365969681478386e-04 -2.899996354419482215e-03 5.002450628561749824e-02 0.000000000000000000e+00 -2.847993142722501730e-04
3.589314953502821814e-01 -8.864305059633328715e-04 -2.903894024752558256e-03 5.008425837199625974e-02 0.000000000000000000e+00 1.048670365712567760e-04
3.601837617408895076e-01 -8.900658232456334440e-04 -2.904444979921661559e-03 5.003297057777911228e-02 0.000000000000000000e+00 -1.830383831909872467e-04
3.613867163211121336e-01 -8.935654497697079418e-04 -2.910363684227377894e-03 5.004672721544423108e-02 0.000000000000000000e+00 2.643875618007716628e-05
3.625873560427418374e-01 -8.970593011776689229e-04 -2.910690629198207924e-03 4.991407325851404675e-02 0.000000000000000000e+00 -7.860805209386432786e-05
3.638419649954617863e-01 -9.007175042488240000e-04 -2.917895323264163912e-03 5.012605675767389801e-02 0.000000000000000000e+00 -3.912249565612932218e-06
3.650425695265072101e-01 -9.042201606874624266e-04 -2.917739045313493332e-03 4.989428488614555679e-02 0.000000000000000000e+00 -6.816610886716906138e-05
3.662455121315795203e-01 -9.077347319840790288e-04 -2.924246710993354606e-03 5.005248587328092746e-02 0.000000000000000000e+00 -9.035539068667338618e-05
3.674467081498349330e-01 -9.112485939025945572e-04 -2.927532020941961757e-03 4.997972505055015002e-02 0.000000000000000000e+00 -2.925146598306418511e-04
3.686988089764660081e-01 -9.149186782140837680e-04 -2.933604846763783903e-03 5.008381992789856518e-02 0.000000000000000000e+00 -4.299753083813611802e-05
3.699007153775322188e-01 -9.184439297289548635e-04 -2.932783322038376439e-03 4.992654291479936557e-02 0.000000000000000000e+00 -1.952314958365229783e-05
3.711025756988588498e-01 -9.219718650410946899e-04 -2.937754329568476562e-03 5.011010498084944587e-02 0.000000000000000000e+00 -8.712442722530079208e-05
3.723038528432964789e-01 -9.255015192385081073e-04 -2.939428134224342584e-03 4.996415395506492718e-02 0.000000000000000000e+00 -1.387048163793563882e-04
3.735555012337298808e-01 -9.291836476203653048e-04 -2.945797646957116784e-03 5.017086974268558652e-02 0.000000000000000000e+00 -3.517057526415373722e-04
3.747577527131823460e-01 -9.327256448366755097e-04 -2.947098488263859457e-03 5.005941570555005882e-02 0.000000000000000000e+00 -1.107782897267136106e-04
3.759593352119935949e-01 -9.362697868398585583e-04 -2.952833592145179872e-03 5.019643596526901508e-02 0.000000000000000000e+00 -3.247075432247183884e-04
3.771618184019251974e-01 -9.398218594541264377e-04 -2.954788083057059353e-03 5.003710125338622916e-02 0.000000000000000000e+00 4.940186380685185153e-06
3.784148413289827317e-01 -9.435278489485570633e-04 -2.962252838687015524e-03 5.022845898994821034e-02 0.000000000000000000e+00 -4.477245873994792477e-04
3.796196871147623497e-01 -9.470982228442512488e-04 -2.963938467684916565e-03 5.027356461219933959e-02 0.000000000000000000e+00 -3.287790695756772009e-05
3.808210954174164886e-01 -9.506620787264162412e-04 -2.969682964437606997e-03 5.014317974676163470e-02 0.000000000000000000e+00 -3.360974571619067914e-04
3.820746590167705681e-01 -9.543845194401587078e-04 -2.968749556605104149e-03 5.024327098214487197e-02 0.000000000000000000e+00 1.272218141586874151e-04
3.832761169591899497e-01 -9.579541782889324560e-04 -2.974112724710421124e-03 5.011055024298216587e-02 0.000000000000000000e+00 -3.036204675516918582e-04
3.844804385019002235e-01 -9.615371933922112549e-04 -2.975879451712687071e-03 5.026599844344115109e-02 0.000000000000000000e+00 -3.977452120126148016e-05
3.856824382200835233e-01 -9.651167966043050018e-04 -2.981208469698606346e-03 5.007144835950105843e-02 0.000000000000000000e+00 -2.978072826337596884e-04
3.869357177193596953e-01 -9.688548920268606930e-04 -2.983849403995408531e-03 5.017671356479236344e-02 0.000000000000000000e+00 -7.455594192786497716e-05
3.881360923880706193e-01 -9.724390697714568052e-04 -2.988534716943303058e-03 4.999617716468229833e-02 0.000000000000000000e+00 -2.416273250830449650e-04
3.893399387529818956e-01 -9.760374204019608762e-04 -2.990085718072293865e-03 5.021919912004679798e-02 0.000000000000000000e+00 -1.256238154082756227e-04
3.905429103311147676e-01 -9.796372242249571771e-04 -2.995085743440628698e-03 5.001498686458549781e-02 0.000000000000000000e+00 -2.014256275509604193e-04
3.917968334576842904e-01 -9.833946297149612301e-04 -2.997826377018759404e-03 5.023401998921206424e-02 0.000000000000000000e+00 -1.680024282063404982e-04
3.929998486184285711e-01 -9.870028574623318854e-04 -3.001432603521658488e-03 5.001266402701876057e-02 0.000000000000000000e+00 -1.842639193457295296e-04
3.942022343641209403e-01 -9.906134906516534180e-04 -3.004465022215790405e-03 5.013513596843488518e-02 0.000000000000000000e+00 -2.243253630680378105e-04
3.954534114947558798e-01 -9.943751660805996099e-04 -3.009360829167939157e-03 4.990742234204648131e-02 0.000000000000000000e+00 -1.909566950680674394e-04
3.966560571612988695e-01 -9.979953774600044437e-04 -3.011691295299660526e-03 5.024645930316873343e-02 0.000000000000000000e+00 -2.184902099194812426e-04
3.978562013752141580e-01 -1.001611319256649237e-03 -3.015131023824993081e-03 4.994782621500770681e-02 0.000000000000000000e+00 -2.116369442805181625e-04
3.990601088871939539e-01 -1.005245556037867756e-03 -3.020347884793877537e-03 5.014722610645894196e-02 0.000000000000000000e+00 -5.091365936570989151e-05
4.003139592074864694e-01 -1.009035607013838856e-03 -3.025447914079073836e-03 5.000717737127235996e-02 0.000000000000000000e+00 -2.443865783947648368e-04
4.015133022826613551e-01 -1.012665435241346702e-03 -3.024835116885180811e-03 4.997340829425989117e-02 0.000000000000000000e+00 2.921779539159773684e-04
4.027168255006885467e-01 -1.016309901020128479e-03 -3.033409875030663744e-03 4.999809013610800879e-02 0.000000000000000000e+00 -5.522791581257659827e-04
4.039167133033478296e-01 -1.019952610604315342e-03 -3.034833970738147653e-03 4.995134413776081139e-02 0.000000000000000000e+00 3.227302832314193513e-04
4.051723343933736343e-01 -1.023765531861323911e-03 -3.040346793883175538e-03 5.019375611213516830e-02 0.000000000000000000e+00 -3.886102032246722330e-04
4.063727161942770616e-01 -1.027417884970391109e-03 -3.041238811210922582e-03 4.990448829038096612e-02 0.000000000000000000e+00 3.560271077261183072e-04
4.075780862889785694e-01 -1.031085057008421582e-03 -3.046078870021137839e-03 5.022977774983561350e-02 0.000000000000000000e+00 -3.823786580780877951e-04
4.088288574435304246e-01 -1.034898205857074684e-03 -3.046186188584649405e-03 4.986074436944543109e-02 0.000000000000000000e+00 4.977216874078472381e-04
4.100342422686558130e-01 -1.038570165122466209e-03 -3.050679097514715204e-03 5.026971964846027596e-02 0.000000000000000000e+00 -4.621135138750174067e-04
4.112353792331308600e-01 -1.042237877004499949e-03 -3.054655736169945620e-03 5.000414517793982938e-02 0.000000000000000000e+00 -2.393282035028725357e-05
4.124388994342348402e-01 -1.045914072549534090e-03 -3.057791498703827174e-03 5.021132505353131936e-02 0.000000000000000000e+00 -3.584287553632540331e-04
4.136897061682708876e-01 -1.049743700871271727e-03 -3.062634919913305529e-03 4.997868677892591815e-02 0.000000000000000000e+00 8.304233253657010709e-06
4.148914236393567712e-01 -1.053421676512671969e-03 -3.064118120243142923e-03 5.026094370110534282e-02 0.000000000000000000e+00 -4.254102647692202554e-04
4.160932649746990619e-01 -1.057110890413883678e-03 -3.073226739336428967e-03 5.006152118051387934e-02 0.000000000000000000e+00 -2.784138854659537390e-04
4.172949852132734616e-01 -1.060800079829259937e-03 -3.070490799937667693e-03 5.028535025989044893e-02 0.000000000000000000e+00 -2.123367955387263741e-04
4.185465662947656651e-01 -1.064649971491080267e-03 -3.080619567491035219e-03 5.007090627597576837e-02 0.000000000000000000e+00 -3.721459550892500874e-04
4.197462912433880811e-01 -1.068340680601716133e-03 -3.077072417305796830e-03 5.021490169457576425e-02 0.000000000000000000e+00 -2.176809378117838941e-04
4.209489889998243028e-01 -1.072048063001344084e-03 -3.087704906241067575e-03 5.009144137142207409e-02 0.000000000000000000e+00 -3.958331009402049822e-04
4.222007716267703881e-01 -1.075911726764516331e-03 -3.086505910436822958e-03 5.023219765128705827e-02 0.000000000000000000e+00 -9.536091699453722384e-05
4.234053041816465135e-01 -1.079636010400098671e-03 -3.096610188621422375e-03 5.018891166777006418e-02 0.000000000000000000e+00 -3.740209512399765720e-04
4.246035893520851423e-01 -1.083340248118633406e-03 -3.085554782989446184e-03 5.004632560570709821e-02 0.000000000000000000e+00 3.695506123515254543e-04
4.258082281221156618e-01 -1.087064689937830824e-03 -3.097061701722202392e-03 5.016323901119446038e-02 0.000000000000000000e+00 -3.598707473651307554e-04
4.270603176074049268e-01 -1.090942193703549421e-03 -3.094619211988957914e-03 5.013550883854744900e-02 0.000000000000000000e+00 1.806960527665049166e-04
4.282650447595100496e-01 -1.094675050805601728e-03 -3.103745374160741220e-03 5.013680640857665072e-02 0.000000000000000000e+00 -4.607925069888723951e-04
4.294636281575194281e-01 -1.098395310662055599e-03 -3.100778821304615678e-03 4.990436654066232602e-02 0.000000000000000000e+00 2.702769542422278908e-04
4.306672632397273714e-01 -1.102132190189103640e-03 -3.110478401876325908e-03 5.006008279739293521e-02 0.000000000000000000e+00 -4.167463929249913828e-04
4.319170539066967129e-01 -1.106021547119949390e-03 -3.110112355122285257e-03 4.992314353187143894e-02 0.000000000000000000e+00 1.242890651457047779e-04
4.331197516129517422e-01 -1.109763872706893235e-03 -3.116407402429544841e-03 5.009184306496161643e-02 0.000000000000000000e+00 -4.683541859656695488e-04
4.343200519979034113e-01 -1.113505361154774149e-03 -3.112088552665582836e-03 4.980889938079047230e-02 0.000000000000000000e+00 5.611687852391787114e-04
4.355732179296246120e-01 -1.117405580294963041e-03 -3.117424884472232149e-03 5.008637150288874906e-02 0.000000000000000000e+00 -5.304135710997356229e-04
4.367732765959025376e-01 -1.121150089133346982e-03 -3.118624764119570097e-03 4.984364146670139384e-02 0.000000000000000000e+00 3.198182130100336363e-04
4.379768013237201885e-01 -1.124902544299433756e-03 -3.120641439387682008e-03 5.017849295881893212e-02 0.000000000000000000e+00 -4.025714306363058085e-04
4.391763185994966845e-01 -1.128651578502554717e-03 -3.125344410771205197e-03 4.989188770949115614e-02 0.000000000000000000e+00 3.119654010071800840e-04
4.404293387881264565e-01 -1.132567568412541767e-03 -3.130257684493221223e-03 5.016676436140066198e-02 0.000000000000000000e+00 -6.686625556523176578e-04
4.416307495639636427e-01 -1.136334837305671324e-03 -3.136809066564872923e-03 4.995791121459591810e-02 0.000000000000000000e+00 1.305329453541737299e-04
4.428329895448259168e-01 -1.140103587731809134e-03 -3.137458113520300886e-03 5.016908052143109753e-02 0.000000000000000000e+00 -4.353325328341076453e-04
4.440348674444488108e-01 -1.143881941056494470e-03 -3.145616305341138608e-03 5.002106623771818139e-02 0.000000000000000000e+00 2.753041806562198611e-05
4.452861656936717982e-01 -1.147814834249339571e-03 -3.144319700771197167e-03 5.014860496938833290e-02 0.000000000000000000e+00 -2.584370679166269453e-04
4.464884404619122171e-01 -1.151602176832982336e-03 -3.151704188350517438e-03 5.006184462632845555e-02 0.000000000000000000e+00 5.723345887383958703e-05
4.476895149403141705e-01 -1.155384081818494656e-03 -3.148684930952369565e-03 5.015696994278562304e-02 0.000000000000000000e+00 -6.909052726280723116e-05
4.489421233296269631e-01 -1.159335910241243977e-03 -3.158361349626775602e-03 5.008793445749892825e-02 0.000000000000000000e+00 -1.453605035261251234e-04
4.501434225992009819e-01 -1.163127040462474428e-03 -3.153858582751871767e-03 5.011611750723454772e-02 0.000000000000000000e+00 1.593063085911489000e-04
4.513456506307664817e-01 -1.166926178590319387e-03 -3.164381767145389712e-03 5.011279847504379603e-02 0.000000000000000000e+00 -2.542559959430073157e-04
4.525466811817110413e-01 -1.170722679992106585e-03 -3.157839298755449157e-03 5.010833558796168319e-02 0.000000000000000000e+00 2.758776494960541088e-04
4.537996146892427363e-01 -1.174687895042181426e-03 -3.170774396893289836e-03 5.017047570616273156e-02 0.000000000000000000e+00 -4.485590316911083550e-04
4.550000384059599834e-01 -1.178491799553377977e-03 -3.165524551019866743e-03 5.006831257339527941e-02 0.000000000000000000e+00 2.945829024746331572e-04
4.562031831647211377e-01 -1.182306877098888032e-03 -3.178916395700049496e-03 5.017067609088543545e-02 0.000000000000000000e+00 -7.091449151151995320e-04
4.574035299761271545e-01 -1.186119854220727592e-03 -3.173964537363549963e-03 5.002890805155535414e-02 0.000000000000000000e+00 2.389286931234736689e-04
4.586567619213580693e-01 -1.190101313279729248e-03 -3.183723861949300845e-03 5.012613600391402358e-02 0.000000000000000000e+00 -5.629309696705018856e-04
4.598573117867007509e-01 -1.193919641104971945e-03 -3.177298916636601533e-03 5.006582743931897728e-02 0.000000000000000000e+00 2.518345297346287091e-04
4.610600453413529753e-01 -1.197742701916558634e-03 -3.184944219708680819e-03 5.014237750196604004e-02 0.000000000000000000e+00 -6.599514848909180916e-04
4.623106511737291036e-01 -1.201728235428721437e-03 -3.186289837460506459e-03 4.999483355513090199e-02 0.000000000000000000e+00 8.845629245611350683e-05
4.635131816914825342e-01 -1.205560561241354441e-03 -3.192123990341029505e-03 5.014160784393151271e-02 0.000000000000000000e+00 -5.945428787457135520e-04
4.647147857417499583e-01 -1.209400615889060036e-03 -3.194811102573278955e-03 5.001526651754739650e-02 0.000000000000000000e+00 1.758549389182363458e-04
4.659171108411842566e-01 -1.213240223414955351e-03 -3.196187948099240249e-03 5.013804766509089017e-02 0.000000000000000000e+00 -3.753476568443895310e-04
4.671698193952719125e-01 -1.217249501377161685e-03 -3.200957716226922323e-03 5.003568744483544162e-02 0.000000000000000000e+00 -2.160016252020569081e-06
4.683712981796371855e-01 -1.221095039720576604e-03 -3.204850478848952217e-03 5.004549046945527824e-02 0.000000000000000000e+00 -4.819419943411894095e-04
4.695735020555730221e-01 -1.224954098705256312e-03 -3.209408356864830621e-03 4.995902600890000933e-02 0.000000000000000000e+00 1.402573806300151595e-04
4.707748422935750798e-01 -1.228807186449295185e-03 -3.207750347525834596e-03 5.001357326673561143e-02 0.000000000000000000e+00 -1.119914095119093061e-04
4.720271000029575004e-01 -1.232827086223812737e-03 -3.206523875173272579e-03 4.988566112874848191e-02 0.000000000000000000e+00 5.217631061546240028e-04
4.732284864429552873e-01 -1.236676215346816689e-03 -3.203993774940036218e-03 5.001227070806080199e-02 0.000000000000000000e+00 -1.238681431209603012e-04
4.742419283365630345e-01 -1.239932193451337861e-03 -3.223123328050544675e-03 3.270030675452950675e-02 0.000000000000000000e+00 -4.381249957436726510e-04
4.743855635352143829e-01 -1.240395112925557399e-03 -3.237768746737196193e-03 5.993658982905714083e-04 0.000000000000000000e+00 -1.070349434619583765e-03
4.743807776707484325e-01 -1.240379620366124577e-03 -3.237987814681697000e-03 1.765983213830590870e-05 0.000000000000000000e+00 -2.088371656763208812e-04
4.743842428364312691e-01 -1.240390855406549916e-03 -3.247067808055636908e-03 6.542943037368686987e-05 0.000000000000000000e+00 -3.021417411444878693e-04
4.743854295703574531e-01 -1.240394714925321766e-03 -3.253686065140017503e-03 7.396783890112335058e-05 0.000000000000000000e+00 -2.990669934924621931e-04
4.743868483696419003e-01 -1.240399336324864111e-03 -3.261217764189864015e-03 6.584030719236633189e-05 0.000000000000000000e+00 -2.964512306364635794e-04
