-2.814103256906574230e-02 -4.973493740589305864e-03 1.320129886172362599e-01 1.193805208364121656e-02 0.000000000000000000e+00 1.172503241083370090e-01
-2.814103256906574230e-02 -4.973493740589305864e-03 1.320129886172362599e-01 1.193805208364121656e-02 0.000000000000000000e+00 1.172503241083370090e-01
-2.814103256906574230e-02 -4.973493740589305864e-03 1.320129886172362599e-01 1.193805208364121656e-02 0.000000000000000000e+00 1.172503241083370090e-01
-2.814103256906574230e-02 -4.973493740589305864e-03 1.320129886172362599e-01 1.193805208364121656e-02 0.000000000000000000e+00 1.172503241083370090e-01
-2.814103256906574230e-02 -4.973493740589305864e-03 1.320129886172362599e-01 1.193805208364121656e-02 0.000000000000000000e+00 1.172503241083370090e-01
-2.814103256906574230e-02 -4.973493740589305864e-03 1.320129886172362599e-01 1.193805208364121656e-02 0.000000000000000000e+00 1.172503241083370090e-01
-2.814103256906574230e-02 -4.973493740589305864e-03 1.320129886172362599e-01 1.193805208364121656e-02 0.000000000000000000e+00 1.172503241083370090e-01
-2.814103256906574230e-02 -4.973493740589305864e-03 1.320129886172362599e-01 1.193805208364121656e-02 0.000000000000000000e+00 1.172503241083370090e-01
-2.814103256906574230e-02 -4.973493740589305864e-03 1.320129886172362599e-01 1.193805208364121656e-02 0.000000000000000000e+00 1.172503241083370090e-01
-2.814103256906574230e-02 -4.973493740589305864e-03 1.320129886172362599e-01 1.193805208364121656e-02 0.000000000000000000e+00 1.172503241083370090e-01
-2.814103256906574230e-02 -4.973493740589305864e-03 1.320129886172362599e-01 1.193805208364121656e-02 0.000000000000000000e+00 1.172503241083370090e-01
-2.814103256906574230e-02 -4.973493740589305864e-03 1.320129886172362599e-01 1.193805208364121656e-02 0.000000000000000000e+00 1.172503241083370090e-01
-2.814103256906574230e-02 -4.973493740589305864e-03 1.320129886172362599e-01 1.193805208364121656e-02 0.000000000000000000e+00 1.172503241083370090e-01
-2.814103256906574230e-02 -4.973493740589305864e-03 1.320129886172362599e-01 1.193805208364121656e-02 0.000000000000000000e+00 1.172503241083370090e-01
-2.814103256906574230e-02 -4.973493740589305864e-03 1.320129886172362599e-01 1.193805208364121656e-02 0.000000000000000000e+00 1.172503241083370090e-01
-2.814103256906574230e-02 -4.973493740589305864e-03 1.320129886172362599e-01 1.193805208364121656e-02 0.000000000000000000e+00 1.172503241083370090e-01
-2.588821353443670689e-02 -4.658760382910413084e-03 1.510791444183424148e-01 1.801179788058148226e-02 0.000000000000000000e+00 1.324660150231593558e-01
-2.588821353443670689e-02 -4.658760382910413084e-03 1.510791444183424148e-01 1.801179788058148226e-02 0.000000000000000000e+00 1.324660150231593558e-01
-2.588821353443670689e-02 -4.658760382910413084e-03 1.510791444183424148e-01 1.801179788058148226e-02 0.000000000000000000e+00 1.324660150231593558e-01
-2.494395939337077164e-02 -4.515007894847182165e-03 1.577388720784471676e-01 1.947787445225672084e-02 0.000000000000000000e+00 1.315709743811110111e-01
-2.494395939337077164e-02 -4.515007894847182165e-03 1.577388720784471676e-01 1.947787445225672084e-02 0.000000000000000000e+00 1.315709743811110111e-01
-2.494395939337077164e-02 -4.515007894847182165e-03 1.577388720784471676e-01 1.947787445225672084e-02 0.000000000000000000e+00 1.315709743811110111e-01
-2.494395939337077164e-02 -4.515007894847182165e-03 1.577388720784471676e-01 1.947787445225672084e-02 0.000000000000000000e+00 1.315709743811110111e-01
-2.387656829312375870e-02 -4.345228359219936373e-03 1.646134296630712701e-01 2.115339053417127080e-02 0.000000000000000000e+00 1.333610556652077284e-01
-2.387656829312375870e-02 -4.345228359219936373e-03 1.646134296630712701e-01 2.115339053417127080e-02 0.000000000000000000e+00 1.333610556652077284e-01
-2.387656829312375870e-02 -4.345228359219936373e-03 1.646134296630712701e-01 2.115339053417127080e-02 0.000000000000000000e+00 1.333610556652077284e-01
-2.387656829312375870e-02 -4.345228359219936373e-03 1.646134296630712701e-01 2.115339053417127080e-02 0.000000000000000000e+00 1.333610556652077284e-01
-2.387656829312375870e-02 -4.345228359219936373e-03 1.646134296630712701e-01 2.115339053417127080e-02 0.000000000000000000e+00 1.333610556652077284e-01
-2.272358594757924177e-02 -4.153698852187451621e-03 1.719713545778643882e-01 2.220058808536787623e-02 0.000000000000000000e+00 1.414164214436431366e-01
-2.272358594757924177e-02 -4.153698852187451621e-03 1.719713545778643882e-01 2.220058808536787623e-02 0.000000000000000000e+00 1.414164214436431366e-01
-2.272358594757924177e-02 -4.153698852187451621e-03 1.719713545778643882e-01 2.220058808536787623e-02 0.000000000000000000e+00 1.414164214436431366e-01
-2.272358594757924177e-02 -4.153698852187451621e-03 1.719713545778643882e-01 2.220058808536787623e-02 0.000000000000000000e+00 1.414164214436431366e-01
-2.272358594757924177e-02 -4.153698852187451621e-03 1.719713545778643882e-01 2.220058808536787623e-02 0.000000000000000000e+00 1.414164214436431366e-01
-2.152251537624533251e-02 -3.945088562598433359e-03 1.795441094171770224e-01 2.471386220823970289e-02 0.000000000000000000e+00 1.485767465800300891e-01
-2.152251537624533251e-02 -3.945088562598433359e-03 1.795441094171770224e-01 2.471386220823970289e-02 0.000000000000000000e+00 1.485767465800300891e-01
-2.152251537624533251e-02 -3.945088562598433359e-03 1.795441094171770224e-01 2.471386220823970289e-02 0.000000000000000000e+00 1.485767465800300891e-01
-2.152251537624533251e-02 -3.945088562598433359e-03 1.795441094171770224e-01 2.471386220823970289e-02 0.000000000000000000e+00 1.485767465800300891e-01
-2.152251537624533251e-02 -3.945088562598433359e-03 1.795441094171770224e-01 2.471386220823970289e-02 0.000000000000000000e+00 1.485767465800300891e-01
-2.152251537624533251e-02 -3.945088562598433359e-03 1.795441094171770224e-01 2.471386220823970289e-02 0.000000000000000000e+00 1.485767465800300891e-01
-2.152251537624533251e-02 -3.945088562598433359e-03 1.795441094171770224e-01 2.471386220823970289e-02 0.000000000000000000e+00 1.485767465800300891e-01
-2.152251537624533251e-02 -3.945088562598433359e-03 1.795441094171770224e-01 2.471386220823970289e-02 0.000000000000000000e+00 1.485767465800300891e-01
-2.152251537624533251e-02 -3.945088562598433359e-03 1.795441094171770224e-01 2.471386220823970289e-02 0.000000000000000000e+00 1.485767465800300891e-01
-2.152251537624533251e-02 -3.945088562598433359e-03 1.795441094171770224e-01 2.471386220823970289e-02 0.000000000000000000e+00 1.485767465800300891e-01
-2.152251537624533251e-02 -3.945088562598433359e-03 1.795441094171770224e-01 2.471386220823970289e-02 0.000000000000000000e+00 1.485767465800300891e-01
-2.152251537624533251e-02 -3.945088562598433359e-03 1.795441094171770224e-01 2.471386220823970289e-02 0.000000000000000000e+00 1.485767465800300891e-01
-2.152251537624533251e-02 -3.945088562598433359e-03 1.795441094171770224e-01 2.471386220823970289e-02 0.000000000000000000e+00 1.485767465800300891e-01
-1.880417301606199590e-02 -3.440163241772416745e-03 1.957637687183997055e-01 2.974041045398337357e-02 0.000000000000000000e+00 1.664775594209975673e-01
-1.880417301606199590e-02 -3.440163241772416745e-03 1.957637687183997055e-01 2.974041045398337357e-02 0.000000000000000000e+00 1.664775594209975673e-01
-1.880417301606199590e-02 -3.440163241772416745e-03 1.957637687183997055e-01 2.974041045398337357e-02 0.000000000000000000e+00 1.664775594209975673e-01
-1.880417301606199590e-02 -3.440163241772416745e-03 1.957637687183997055e-01 2.974041045398337357e-02 0.000000000000000000e+00 1.664775594209975673e-01
-1.880417301606199590e-02 -3.440163241772416745e-03 1.957637687183997055e-01 2.974041045398337357e-02 0.000000000000000000e+00 1.664775594209975673e-01
-1.556494253499492338e-02 -2.782917778084939998e-03 2.128964551988303255e-01 3.434807967924840416e-02 0.000000000000000000e+00 1.682676407050943124e-01
-1.556494253499492338e-02 -2.782917778084939998e-03 2.128964551988303255e-01 3.434807967924840416e-02 0.000000000000000000e+00 1.682676407050943124e-01
-1.556494253499492338e-02 -2.782917778084939998e-03 2.128964551988303255e-01 3.434807967924840416e-02 0.000000000000000000e+00 1.682676407050943124e-01
-1.556494253499492338e-02 -2.782917778084939998e-03 2.128964551988303255e-01 3.434807967924840416e-02 0.000000000000000000e+00 1.682676407050943124e-01
-1.556494253499492338e-02 -2.782917778084939998e-03 2.128964551988303255e-01 3.434807967924840416e-02 0.000000000000000000e+00 1.682676407050943124e-01
-1.379607343073010681e-02 -2.400537162751591180e-03 2.214896521796105577e-01 3.853686988403480507e-02 0.000000000000000000e+00 1.790081284096748382e-01
-1.379607343073010681e-02 -2.400537162751591180e-03 2.214896521796105577e-01 3.853686988403480507e-02 0.000000000000000000e+00 1.790081284096748382e-01
-1.379607343073010681e-02 -2.400537162751591180e-03 2.214896521796105577e-01 3.853686988403480507e-02 0.000000000000000000e+00 1.790081284096748382e-01
-1.379607343073010681e-02 -2.400537162751591180e-03 2.214896521796105577e-01 3.853686988403480507e-02 0.000000000000000000e+00 1.790081284096748382e-01
-1.379607343073010681e-02 -2.400537162751591180e-03 2.214896521796105577e-01 3.853686988403480507e-02 0.000000000000000000e+00 1.790081284096748382e-01
-1.206733709115034338e-02 -2.011253248306504871e-03 2.297068967924816851e-01 3.434807967924840416e-02 0.000000000000000000e+00 1.575271530005138143e-01
-1.206733709115034338e-02 -2.011253248306504871e-03 2.297068967924816851e-01 3.434807967924840416e-02 0.000000000000000000e+00 1.575271530005138143e-01
-1.206733709115034338e-02 -2.011253248306504871e-03 2.297068967924816851e-01 3.434807967924840416e-02 0.000000000000000000e+00 1.575271530005138143e-01
-1.206733709115034338e-02 -2.011253248306504871e-03 2.297068967924816851e-01 3.434807967924840416e-02 0.000000000000000000e+00 1.575271530005138143e-01
-1.034185792121802491e-02 -1.607777187109555835e-03 2.378167264430930128e-01 3.392920065876976060e-02 0.000000000000000000e+00 1.521569091482235792e-01
-1.034185792121802491e-02 -1.607777187109555835e-03 2.378167264430930128e-01 3.392920065876976060e-02 0.000000000000000000e+00 1.521569091482235792e-01
-1.034185792121802491e-02 -1.607777187109555835e-03 2.378167264430930128e-01 3.392920065876976060e-02 0.000000000000000000e+00 1.521569091482235792e-01
-1.034185792121802491e-02 -1.607777187109555835e-03 2.378167264430930128e-01 3.392920065876976060e-02 0.000000000000000000e+00 1.521569091482235792e-01
-1.034185792121802491e-02 -1.607777187109555835e-03 2.378167264430930128e-01 3.392920065876976060e-02 0.000000000000000000e+00 1.521569091482235792e-01
-1.034185792121802491e-02 -1.607777187109555835e-03 2.378167264430930128e-01 3.392920065876976060e-02 0.000000000000000000e+00 1.521569091482235792e-01
-1.034185792121802491e-02 -1.607777187109555835e-03 2.378167264430930128e-01 3.392920065876976060e-02 0.000000000000000000e+00 1.521569091482235792e-01
-1.034185792121802491e-02 -1.607777187109555835e-03 2.378167264430930128e-01 3.392920065876976060e-02 0.000000000000000000e+00 1.521569091482235792e-01
-1.034185792121802491e-02 -1.607777187109555835e-03 2.378167264430930128e-01 3.392920065876976060e-02 0.000000000000000000e+00 1.521569091482235792e-01
-1.034185792121802491e-02 -1.607777187109555835e-03 2.378167264430930128e-01 3.392920065876976060e-02 0.000000000000000000e+00 1.521569091482235792e-01
-1.034185792121802491e-02 -1.607777187109555835e-03 2.378167264430930128e-01 3.392920065876976060e-02 0.000000000000000000e+00 1.521569091482235792e-01
-1.034185792121802491e-02 -1.607777187109555835e-03 2.378167264430930128e-01 3.392920065876976060e-02 0.000000000000000000e+00 1.521569091482235792e-01
-7.108109926059955758e-03 -8.113541778015854371e-04 2.522640388670298051e-01 3.183480555637657056e-02 0.000000000000000000e+00 1.360461775913528459e-01
-7.108109926059955758e-03 -8.113541778015854371e-04 2.522640388670298051e-01 3.183480555637657056e-02 0.000000000000000000e+00 1.360461775913528459e-01
-7.108109926059955758e-03 -8.113541778015854371e-04 2.522640388670298051e-01 3.183480555637657056e-02 0.000000000000000000e+00 1.360461775913528459e-01
-7.108109926059955758e-03 -8.113541778015854371e-04 2.522640388670298051e-01 3.183480555637657056e-02 0.000000000000000000e+00 1.360461775913528459e-01
-5.684245060033037665e-03 -4.443459271322274516e-04 2.585478141592253420e-01 2.555162024919698308e-02 0.000000000000000000e+00 1.091949583299016285e-01
-5.684245060033037665e-03 -4.443459271322274516e-04 2.585478141592253420e-01 2.555162024919698308e-02 0.000000000000000000e+00 1.091949583299016285e-01
-5.684245060033037665e-03 -4.443459271322274516e-04 2.585478141592253420e-01 2.555162024919698308e-02 0.000000000000000000e+00 1.091949583299016285e-01
-4.372062992948948235e-03 -9.731682602768837627e-05 2.643482221212520300e-01 2.492330171847902467e-02 0.000000000000000000e+00 1.065098364037565110e-01
-4.372062992948948235e-03 -9.731682602768837627e-05 2.643482221212520300e-01 2.492330171847902467e-02 0.000000000000000000e+00 1.065098364037565110e-01
-4.372062992948948235e-03 -9.731682602768837627e-05 2.643482221212520300e-01 2.492330171847902467e-02 0.000000000000000000e+00 1.065098364037565110e-01
-4.372062992948948235e-03 -9.731682602768837627e-05 2.643482221212520300e-01 2.492330171847902467e-02 0.000000000000000000e+00 1.065098364037565110e-01
-4.372062992948948235e-03 -9.731682602768837627e-05 2.643482221212520300e-01 2.492330171847902467e-02 0.000000000000000000e+00 1.065098364037565110e-01
-3.207487798224657998e-03 2.179137623282788165e-04 2.695041403097201416e-01 2.157226955464991436e-02 0.000000000000000000e+00 9.218918613098253667e-02
-3.207487798224657998e-03 2.179137623282788165e-04 2.695041403097201416e-01 2.157226955464991436e-02 0.000000000000000000e+00 9.218918613098253667e-02
-3.207487798224657998e-03 2.179137623282788165e-04 2.695041403097201416e-01 2.157226955464991436e-02 0.000000000000000000e+00 9.218918613098253667e-02
-3.207487798224657998e-03 2.179137623282788165e-04 2.695041403097201416e-01 2.157226955464991436e-02 0.000000000000000000e+00 9.218918613098253667e-02
-3.207487798224657998e-03 2.179137623282788165e-04 2.695041403097201416e-01 2.157226955464991436e-02 0.000000000000000000e+00 9.218918613098253667e-02
-2.262603582301571294e-03 4.789138086364201673e-04 2.736933238378505551e-01 1.780235837034216048e-02 0.000000000000000000e+00 7.607845457411178958e-02
-2.262603582301571294e-03 4.789138086364201673e-04 2.736933238378505551e-01 1.780235837034216048e-02 0.000000000000000000e+00 7.607845457411178958e-02
-2.262603582301571294e-03 4.789138086364201673e-04 2.736933238378505551e-01 1.780235837034216048e-02 0.000000000000000000e+00 7.607845457411178958e-02
-2.262603582301571294e-03 4.789138086364201673e-04 2.736933238378505551e-01 1.780235837034216048e-02 0.000000000000000000e+00 7.607845457411178958e-02
-2.262603582301571294e-03 4.789138086364201673e-04 2.736933238378505551e-01 1.780235837034216048e-02 0.000000000000000000e+00 7.607845457411178958e-02
-2.262603582301571294e-03 4.789138086364201673e-04 2.736933238378505551e-01 1.780235837034216048e-02 0.000000000000000000e+00 7.607845457411178958e-02
-2.262603582301571294e-03 4.789138086364201673e-04 2.736933238378505551e-01 1.780235837034216048e-02 0.000000000000000000e+00 7.607845457411178958e-02
-2.262603582301571294e-03 4.789138086364201673e-04 2.736933238378505551e-01 1.780235837034216048e-02 0.000000000000000000e+00 7.607845457411178958e-02
-2.262603582301571294e-03 4.789138086364201673e-04 2.736933238378505551e-01 1.780235837034216048e-02 0.000000000000000000e+00 7.607845457411178958e-02
-2.262603582301571294e-03 4.789138086364201673e-04 2.736933238378505551e-01 1.780235837034216048e-02 0.000000000000000000e+00 7.607845457411178958e-02
-2.262603582301571294e-03 4.789138086364201673e-04 2.736933238378505551e-01 1.780235837034216048e-02 0.000000000000000000e+00 7.607845457411178958e-02
-2.262603582301571294e-03 4.789138086364201673e-04 2.736933238378505551e-01 1.780235837034216048e-02 0.000000000000000000e+00 7.607845457411178958e-02
-2.262603582301571294e-03 4.789138086364201673e-04 2.736933238378505551e-01 1.780235837034216048e-02 0.000000000000000000e+00 7.607845457411178958e-02
-4.548408570055078107e-03 4.907197404509399037e-05 1.505420696070436937e-01 -1.089085453244462154e-02 0.000000000000000000e+00 -3.383253626942853698e-01
-4.548408570055078107e-03 4.907197404509399037e-05 1.505420696070436937e-01 -1.089085453244462154e-02 0.000000000000000000e+00 -3.383253626942853698e-01
-4.548408570055078107e-03 4.907197404509399037e-05 1.505420696070436937e-01 -1.089085453244462154e-02 0.000000000000000000e+00 -3.383253626942853698e-01
-4.548408570055078107e-03 4.907197404509399037e-05 1.505420696070436937e-01 -1.089085453244462154e-02 0.000000000000000000e+00 -3.383253626942853698e-01
-4.548408570055078107e-03 4.907197404509399037e-05 1.505420696070436937e-01 -1.089085453244462154e-02 0.000000000000000000e+00 -3.383253626942853698e-01
-5.157253692754764675e-03 -4.328356910985239610e-05 1.335167980888728456e-01 -1.256637061435917496e-02 0.000000000000000000e+00 -3.472757691147691506e-01
-5.157253692754764675e-03 -4.328356910985239610e-05 1.335167980888728456e-01 -1.256637061435917496e-02 0.000000000000000000e+00 -3.472757691147691506e-01
-5.157253692754764675e-03 -4.328356910985239610e-05 1.335167980888728456e-01 -1.256637061435917496e-02 0.000000000000000000e+00 -3.472757691147691506e-01
-5.157253692754764675e-03 -4.328356910985239610e-05 1.335167980888728456e-01 -1.256637061435917496e-02 0.000000000000000000e+00 -3.472757691147691506e-01
-5.157253692754764675e-03 -4.328356910985239610e-05 1.335167980888728456e-01 -1.256637061435917496e-02 0.000000000000000000e+00 -3.472757691147691506e-01
-5.680392996056128456e-03 -1.135494882221175394e-04 1.163304041273123396e-01 -1.068141502220529976e-02 0.000000000000000000e+00 -3.374303220522369973e-01
-5.680392996056128456e-03 -1.135494882221175394e-04 1.163304041273123396e-01 -1.068141502220529976e-02 0.000000000000000000e+00 -3.374303220522369973e-01
-5.680392996056128456e-03 -1.135494882221175394e-04 1.163304041273123396e-01 -1.068141502220529976e-02 0.000000000000000000e+00 -3.374303220522369973e-01
-5.680392996056128456e-03 -1.135494882221175394e-04 1.163304041273123396e-01 -1.068141502220529976e-02 0.000000000000000000e+00 -3.374303220522369973e-01
-6.292040866380696831e-03 -1.850254458166923036e-04 9.887547276010248687e-02 -1.298524963483781852e-02 0.000000000000000000e+00 -3.472757691147691506e-01
-6.292040866380696831e-03 -1.850254458166923036e-04 9.887547276010248687e-02 -1.298524963483781852e-02 0.000000000000000000e+00 -3.472757691147691506e-01
-6.292040866380696831e-03 -1.850254458166923036e-04 9.887547276010248687e-02 -1.298524963483781852e-02 0.000000000000000000e+00 -3.472757691147691506e-01
-6.292040866380696831e-03 -1.850254458166923036e-04 9.887547276010248687e-02 -1.298524963483781852e-02 0.000000000000000000e+00 -3.472757691147691506e-01
-6.292040866380696831e-03 -1.850254458166923036e-04 9.887547276010248687e-02 -1.298524963483781852e-02 0.000000000000000000e+00 -3.472757691147691506e-01
-6.979880115897982122e-03 -2.532583784040152281e-04 8.131312643063287604e-02 -1.570796326794896697e-02 0.000000000000000000e+00 -3.535410536091078137e-01
-6.979880115897982122e-03 -2.532583784040152281e-04 8.131312643063287604e-02 -1.570796326794896697e-02 0.000000000000000000e+00 -3.535410536091078137e-01
-6.979880115897982122e-03 -2.532583784040152281e-04 8.131312643063287604e-02 -1.570796326794896697e-02 0.000000000000000000e+00 -3.535410536091078137e-01
-6.979880115897982122e-03 -2.532583784040152281e-04 8.131312643063287604e-02 -1.570796326794896697e-02 0.000000000000000000e+00 -3.535410536091078137e-01
-6.979880115897982122e-03 -2.532583784040152281e-04 8.131312643063287604e-02 -1.570796326794896697e-02 0.000000000000000000e+00 -3.535410536091078137e-01
-7.743967717247990205e-03 -3.155260249169144528e-04 6.353595017664373512e-02 -1.696460032938488377e-02 0.000000000000000000e+00 -3.607013787454947940e-01
-7.743967717247990205e-03 -3.155260249169144528e-04 6.353595017664373512e-02 -1.696460032938488377e-02 0.000000000000000000e+00 -3.607013787454947940e-01
-7.743967717247990205e-03 -3.155260249169144528e-04 6.353595017664373512e-02 -1.696460032938488377e-02 0.000000000000000000e+00 -3.607013787454947940e-01
-7.743967717247990205e-03 -3.155260249169144528e-04 6.353595017664373512e-02 -1.696460032938488377e-02 0.000000000000000000e+00 -3.607013787454947940e-01
-8.559210240528239075e-03 -3.673930446027997903e-04 4.511428414909610107e-02 -1.570796326794896697e-02 0.000000000000000000e+00 -3.696517851659784082e-01
-8.559210240528239075e-03 -3.673930446027997903e-04 4.511428414909610107e-02 -1.570796326794896697e-02 0.000000000000000000e+00 -3.696517851659784082e-01
-8.559210240528239075e-03 -3.673930446027997903e-04 4.511428414909610107e-02 -1.570796326794896697e-02 0.000000000000000000e+00 -3.696517851659784082e-01
-8.559210240528239075e-03 -3.673930446027997903e-04 4.511428414909610107e-02 -1.570796326794896697e-02 0.000000000000000000e+00 -3.696517851659784082e-01
-8.559210240528239075e-03 -3.673930446027997903e-04 4.511428414909610107e-02 -1.570796326794896697e-02 0.000000000000000000e+00 -3.696517851659784082e-01
-9.299941280783327949e-03 -4.008332852685549965e-04 2.658520315928870545e-02 -1.361356816555577692e-02 0.000000000000000000e+00 -3.607013787454947940e-01
-9.299941280783327949e-03 -4.008332852685549965e-04 2.658520315928870545e-02 -1.361356816555577692e-02 0.000000000000000000e+00 -3.607013787454947940e-01
-9.299941280783327949e-03 -4.008332852685549965e-04 2.658520315928870545e-02 -1.361356816555577692e-02 0.000000000000000000e+00 -3.607013787454947940e-01
-9.299941280783327949e-03 -4.008332852685549965e-04 2.658520315928870545e-02 -1.361356816555577692e-02 0.000000000000000000e+00 -3.607013787454947940e-01
-9.299941280783327949e-03 -4.008332852685549965e-04 2.658520315928870545e-02 -1.361356816555577692e-02 0.000000000000000000e+00 -3.607013787454947940e-01
-1.012910651722643759e-02 -4.228820062572108082e-04 8.432074537390445851e-03 -1.633628179866693231e-02 0.000000000000000000e+00 -3.615964193875431110e-01
-1.012910651722643759e-02 -4.228820062572108082e-04 8.432074537390445851e-03 -1.633628179866693231e-02 0.000000000000000000e+00 -3.615964193875431110e-01
-1.012910651722643759e-02 -4.228820062572108082e-04 8.432074537390445851e-03 -1.633628179866693231e-02 0.000000000000000000e+00 -3.615964193875431110e-01
-1.012910651722643759e-02 -4.228820062572108082e-04 8.432074537390445851e-03 -1.633628179866693231e-02 0.000000000000000000e+00 -3.615964193875431110e-01
-1.097110247258773798e-02 -4.299819471821144951e-04 -9.022856829819415544e-03 -1.738347934986352039e-02 0.000000000000000000e+00 -3.481708097568175231e-01
-1.097110247258773798e-02 -4.299819471821144951e-04 -9.022856829819415544e-03 -1.738347934986352039e-02 0.000000000000000000e+00 -3.481708097568175231e-01
-1.097110247258773798e-02 -4.299819471821144951e-04 -9.022856829819415544e-03 -1.738347934986352039e-02 0.000000000000000000e+00 -3.481708097568175231e-01
-1.097110247258773798e-02 -4.299819471821144951e-04 -9.022856829819415544e-03 -1.738347934986352039e-02 0.000000000000000000e+00 -3.481708097568175231e-01
-1.097110247258773798e-02 -4.299819471821144951e-04 -9.022856829819415544e-03 -1.738347934986352039e-02 0.000000000000000000e+00 -3.481708097568175231e-01
-1.181309408649163298e-02 -4.223845712244465823e-04 -2.561846849895126066e-02 -1.466076571675236501e-02 0.000000000000000000e+00 -3.257947937056082099e-01
-1.181309408649163298e-02 -4.223845712244465823e-04 -2.561846849895126066e-02 -1.466076571675236501e-02 0.000000000000000000e+00 -3.257947937056082099e-01
-1.181309408649163298e-02 -4.223845712244465823e-04 -2.561846849895126066e-02 -1.466076571675236501e-02 0.000000000000000000e+00 -3.257947937056082099e-01
-1.181309408649163298e-02 -4.223845712244465823e-04 -2.561846849895126066e-02 -1.466076571675236501e-02 0.000000000000000000e+00 -3.257947937056082099e-01
-1.181309408649163298e-02 -4.223845712244465823e-04 -2.561846849895126066e-02 -1.466076571675236501e-02 0.000000000000000000e+00 -3.257947937056082099e-01
-1.255433626361856896e-02 -4.033909264639236433e-04 -4.124734550774532271e-02 -1.424188669627372492e-02 0.000000000000000000e+00 -3.007336557282536127e-01
-1.255433626361856896e-02 -4.033909264639236433e-04 -4.124734550774532271e-02 -1.424188669627372492e-02 0.000000000000000000e+00 -3.007336557282536127e-01
-1.255433626361856896e-02 -4.033909264639236433e-04 -4.124734550774532271e-02 -1.424188669627372492e-02 0.000000000000000000e+00 -3.007336557282536127e-01
-1.255433626361856896e-02 -4.033909264639236433e-04 -4.124734550774532271e-02 -1.424188669627372492e-02 0.000000000000000000e+00 -3.007336557282536127e-01
-1.325752049304288610e-02 -3.743699835325714595e-04 -5.553353548829247088e-02 -1.298524963483781505e-02 0.000000000000000000e+00 -2.738824364668024924e-01
-1.325752049304288610e-02 -3.743699835325714595e-04 -5.553353548829247088e-02 -1.298524963483781505e-02 0.000000000000000000e+00 -2.738824364668024924e-01
-1.325752049304288610e-02 -3.743699835325714595e-04 -5.553353548829247088e-02 -1.298524963483781505e-02 0.000000000000000000e+00 -2.738824364668024924e-01
-1.325752049304288610e-02 -3.743699835325714595e-04 -5.553353548829247088e-02 -1.298524963483781505e-02 0.000000000000000000e+00 -2.738824364668024924e-01
-1.325752049304288610e-02 -3.743699835325714595e-04 -5.553353548829247088e-02 -1.298524963483781505e-02 0.000000000000000000e+00 -2.738824364668024924e-01
-1.391002567454542246e-02 -3.380967676643228666e-04 -6.906782073302136782e-02 -1.340412865531646208e-02 0.000000000000000000e+00 -2.595617861940284765e-01
-1.391002567454542246e-02 -3.380967676643228666e-04 -6.906782073302136782e-02 -1.340412865531646208e-02 0.000000000000000000e+00 -2.595617861940284765e-01
-1.391002567454542246e-02 -3.380967676643228666e-04 -6.906782073302136782e-02 -1.340412865531646208e-02 0.000000000000000000e+00 -2.595617861940284765e-01
-1.391002567454542246e-02 -3.380967676643228666e-04 -6.906782073302136782e-02 -1.340412865531646208e-02 0.000000000000000000e+00 -2.595617861940284765e-01
-1.391002567454542246e-02 -3.380967676643228666e-04 -6.906782073302136782e-02 -1.340412865531646208e-02 0.000000000000000000e+00 -2.595617861940284765e-01
-1.452436741815416738e-02 -2.955979224281488201e-04 -8.158166383628256968e-02 -1.256637061435916802e-02 0.000000000000000000e+00 -2.416609733530610260e-01
-1.452436741815416738e-02 -2.955979224281488201e-04 -8.158166383628256968e-02 -1.256637061435916802e-02 0.000000000000000000e+00 -2.416609733530610260e-01
-1.452436741815416738e-02 -2.955979224281488201e-04 -8.158166383628256968e-02 -1.256637061435916802e-02 0.000000000000000000e+00 -2.416609733530610260e-01
-1.452436741815416738e-02 -2.955979224281488201e-04 -8.158166383628256968e-02 -1.256637061435916802e-02 0.000000000000000000e+00 -2.416609733530610260e-01
-1.607602148308973425e-02 -1.517427489070081700e-04 -1.154173769481047773e-01 -1.089085453244461113e-02 0.000000000000000000e+00 -2.201799979439000021e-01
-1.607602148308973425e-02 -1.517427489070081700e-04 -1.154173769481047773e-01 -1.089085453244461113e-02 0.000000000000000000e+00 -2.201799979439000021e-01
-1.607602148308973425e-02 -1.517427489070081700e-04 -1.154173769481047773e-01 -1.089085453244461113e-02 0.000000000000000000e+00 -2.201799979439000021e-01
-1.607602148308973425e-02 -1.517427489070081700e-04 -1.154173769481047773e-01 -1.089085453244461113e-02 0.000000000000000000e+00 -2.201799979439000021e-01
-1.607602148308973425e-02 -1.517427489070081700e-04 -1.154173769481047773e-01 -1.089085453244461113e-02 0.000000000000000000e+00 -2.201799979439000021e-01
-1.656289499573892696e-02 -9.529822659529787196e-05 -1.259977507306904165e-01 -1.151917306316257647e-02 0.000000000000000000e+00 -2.139147134495613944e-01
-1.656289499573892696e-02 -9.529822659529787196e-05 -1.259977507306904165e-01 -1.151917306316257647e-02 0.000000000000000000e+00 -2.139147134495613944e-01
-1.656289499573892696e-02 -9.529822659529787196e-05 -1.259977507306904165e-01 -1.151917306316257647e-02 0.000000000000000000e+00 -2.139147134495613944e-01
-1.656289499573892696e-02 -9.529822659529787196e-05 -1.259977507306904165e-01 -1.151917306316257647e-02 0.000000000000000000e+00 -2.139147134495613944e-01
-1.697433651527447546e-02 -4.318143603768386370e-05 -1.356113898529383299e-01 -1.026253600172665620e-02 0.000000000000000000e+00 -1.942238193244971711e-01
-1.697433651527447546e-02 -4.318143603768386370e-05 -1.356113898529383299e-01 -1.026253600172665620e-02 0.000000000000000000e+00 -1.942238193244971711e-01
-1.697433651527447546e-02 -4.318143603768386370e-05 -1.356113898529383299e-01 -1.026253600172665620e-02 0.000000000000000000e+00 -1.942238193244971711e-01
-1.697433651527447546e-02 -4.318143603768386370e-05 -1.356113898529383299e-01 -1.026253600172665620e-02 0.000000000000000000e+00 -1.942238193244971711e-01
-1.697433651527447546e-02 -4.318143603768386370e-05 -1.356113898529383299e-01 -1.026253600172665620e-02 0.000000000000000000e+00 -1.942238193244971711e-01
